2.114500000000000000e+03 0.000000000000000000e+00
2.120500000000000000e+03 1.613830000000000098e-06
2.126500000000000000e+03 8.518780000000000793e-06
2.132500000000000000e+03 1.398020000000000042e-05
2.138500000000000000e+03 1.457590000000000049e-05
2.144500000000000000e+03 1.505229999999999986e-05
2.150500000000000000e+03 1.575650000000000068e-05
2.156500000000000000e+03 1.647700000000000165e-05
2.162500000000000000e+03 2.117789999999999929e-05
2.168500000000000000e+03 2.892089999999999952e-05
2.174500000000000000e+03 3.266099999999999781e-05
2.180500000000000000e+03 3.341289999999999988e-05
2.186500000000000000e+03 3.411329999999999744e-05
2.192500000000000000e+03 3.467569999999999735e-05
2.198500000000000000e+03 3.506219999999999780e-05
2.204500000000000000e+03 3.535500000000000285e-05
2.210500000000000000e+03 3.554799999999999914e-05
2.216500000000000000e+03 3.576689999999999801e-05
2.222500000000000000e+03 3.569219999999999685e-05
2.228500000000000000e+03 3.586720000000000110e-05
2.234500000000000000e+03 3.591769999999999663e-05
2.240500000000000000e+03 3.624520000000000324e-05
2.246500000000000000e+03 3.658559999999999747e-05
2.252500000000000000e+03 3.698179999999999886e-05
2.258500000000000000e+03 3.738820000000000229e-05
2.264500000000000000e+03 3.742760000000000059e-05
2.270500000000000000e+03 3.766560000000000069e-05
2.276500000000000000e+03 3.738939999999999815e-05
2.282500000000000000e+03 3.723469999999999775e-05
2.288500000000000000e+03 3.649860000000000322e-05
2.294500000000000000e+03 3.570410000000000261e-05
2.300500000000000000e+03 3.463259999999999771e-05
2.306500000000000000e+03 3.320660000000000153e-05
2.312500000000000000e+03 3.174689999999999923e-05
2.318500000000000000e+03 2.988410000000000073e-05
2.324500000000000000e+03 2.819769999999999940e-05
2.330500000000000000e+03 2.617039999999999934e-05
2.336500000000000000e+03 2.445320000000000162e-05
2.342500000000000000e+03 2.282359999999999947e-05
2.348500000000000000e+03 2.154829999999999831e-05
2.354500000000000000e+03 2.064720000000000113e-05
2.360500000000000000e+03 2.005879999999999843e-05
2.366500000000000000e+03 1.991409999999999963e-05
2.372500000000000000e+03 1.996199999999999963e-05
2.378500000000000000e+03 2.033510000000000119e-05
2.384500000000000000e+03 2.077479999999999971e-05
2.390500000000000000e+03 2.115139999999999878e-05
2.396500000000000000e+03 2.141389999999999838e-05
2.402500000000000000e+03 2.140600000000000139e-05
2.408500000000000000e+03 2.123189999999999911e-05
2.414500000000000000e+03 2.096129999999999868e-05
2.420500000000000000e+03 2.058279999999999883e-05
2.426500000000000000e+03 2.009080000000000083e-05
2.432500000000000000e+03 1.939690000000000058e-05
2.438500000000000000e+03 1.843320000000000166e-05
2.444500000000000000e+03 1.729560000000000090e-05
2.450500000000000000e+03 1.602129999999999855e-05
2.456500000000000000e+03 1.474750000000000068e-05
2.462500000000000000e+03 1.346550000000000008e-05
2.468500000000000000e+03 1.226469999999999965e-05
2.474500000000000000e+03 1.118849999999999969e-05
2.480500000000000000e+03 1.025110000000000084e-05
2.486500000000000000e+03 9.484820000000000780e-06
2.492500000000000000e+03 8.896310000000000548e-06
2.498500000000000000e+03 8.473350000000000790e-06
2.504500000000000000e+03 8.105559999999999691e-06
2.510500000000000000e+03 7.791369999999999232e-06
2.516500000000000000e+03 7.491929999999999774e-06
2.522500000000000000e+03 7.200930000000000358e-06
2.528500000000000000e+03 6.971260000000000235e-06
2.534500000000000000e+03 6.781680000000000095e-06
2.540500000000000000e+03 6.534559999999999825e-06
2.546500000000000000e+03 6.257259999999999956e-06
2.552500000000000000e+03 6.052119999999999748e-06
2.558500000000000000e+03 5.882979999999999704e-06
2.564500000000000000e+03 5.741459999999999744e-06
2.570500000000000000e+03 5.606700000000000038e-06
2.576500000000000000e+03 5.508629999999999637e-06
2.582500000000000000e+03 5.420629999999999802e-06
2.588500000000000000e+03 5.283060000000000033e-06
2.594500000000000000e+03 5.116900000000000086e-06
2.600500000000000000e+03 4.907550000000000134e-06
2.606500000000000000e+03 4.724519999999999957e-06
2.612500000000000000e+03 4.684760000000000188e-06
2.618500000000000000e+03 4.676799999999999844e-06
2.624500000000000000e+03 4.692500000000000389e-06
2.630500000000000000e+03 4.709270000000000399e-06
2.636500000000000000e+03 4.707610000000000317e-06
2.642500000000000000e+03 4.687089999999999707e-06
2.648500000000000000e+03 4.597539999999999861e-06
2.654500000000000000e+03 7.291929999999999995e-06
2.660500000000000000e+03 1.145630000000000075e-05
2.666500000000000000e+03 1.216940000000000075e-05
2.672500000000000000e+03 1.406339999999999989e-05
2.678500000000000000e+03 1.853660000000000138e-05
2.684500000000000000e+03 1.996990000000000001e-05
2.690500000000000000e+03 2.073030000000000039e-05
2.696500000000000000e+03 2.503019999999999966e-05
2.702500000000000000e+03 3.062159999999999833e-05
2.708500000000000000e+03 3.501510000000000294e-05
2.714500000000000000e+03 3.624239999999999710e-05
2.720500000000000000e+03 3.670230000000000264e-05
2.726500000000000000e+03 3.696609999999999832e-05
2.732500000000000000e+03 3.726440000000000188e-05
2.738500000000000000e+03 3.803720000000000235e-05
2.744500000000000000e+03 3.876060000000000291e-05
2.750500000000000000e+03 3.928639999999999709e-05
2.756500000000000000e+03 4.004940000000000317e-05
2.762500000000000000e+03 4.079799999999999800e-05
2.768500000000000000e+03 4.112100000000000152e-05
2.774500000000000000e+03 4.122580000000000092e-05
2.780500000000000000e+03 4.130489999999999818e-05
2.786500000000000000e+03 4.155140000000000336e-05
2.792500000000000000e+03 4.179039999999999887e-05
2.798500000000000000e+03 4.211590000000000109e-05
2.804500000000000000e+03 4.262509999999999953e-05
2.810500000000000000e+03 4.332329999999999905e-05
2.816500000000000000e+03 4.401970000000000139e-05
2.822500000000000000e+03 4.468229999999999739e-05
2.828500000000000000e+03 4.534349999999999709e-05
2.834500000000000000e+03 4.606950000000000335e-05
2.840500000000000000e+03 4.705939999999999874e-05
2.846500000000000000e+03 4.811319999999999871e-05
2.852500000000000000e+03 4.923930000000000136e-05
2.858500000000000000e+03 5.043429999999999924e-05
2.864500000000000000e+03 5.161169999999999918e-05
2.870500000000000000e+03 5.245080000000000272e-05
2.876500000000000000e+03 5.325289999999999966e-05
2.882500000000000000e+03 5.426450000000000197e-05
2.888500000000000000e+03 5.532110000000000131e-05
2.894500000000000000e+03 5.638820000000000334e-05
2.900500000000000000e+03 5.759640000000000305e-05
2.906500000000000000e+03 5.879740000000000053e-05
2.912500000000000000e+03 5.998369999999999966e-05
2.918500000000000000e+03 6.118790000000000416e-05
2.924500000000000000e+03 6.258990000000000191e-05
2.930500000000000000e+03 6.398830000000000533e-05
2.936500000000000000e+03 6.552800000000000009e-05
2.942500000000000000e+03 6.724169999999999692e-05
2.948500000000000000e+03 6.896020000000000426e-05
2.954500000000000000e+03 7.059399999999999530e-05
2.960500000000000000e+03 7.225739999999999702e-05
2.966500000000000000e+03 7.384329999999999822e-05
2.972500000000000000e+03 7.542079999999999455e-05
2.978500000000000000e+03 7.690189999999999635e-05
2.984500000000000000e+03 7.884200000000000171e-05
2.990500000000000000e+03 8.101309999999999859e-05
2.996500000000000000e+03 8.363229999999999547e-05
3.002500000000000000e+03 8.639649999999999858e-05
3.008500000000000000e+03 8.940150000000000115e-05
3.014500000000000000e+03 9.290960000000000234e-05
3.020500000000000000e+03 9.643209999999999445e-05
3.026500000000000000e+03 1.001230000000000034e-04
3.032500000000000000e+03 1.043359999999999985e-04
3.038500000000000000e+03 1.093260000000000033e-04
3.044500000000000000e+03 1.140900000000000003e-04
3.050500000000000000e+03 1.191170000000000049e-04
3.056500000000000000e+03 1.246399999999999993e-04
3.062500000000000000e+03 1.312379999999999927e-04
3.068500000000000000e+03 1.384029999999999961e-04
3.074500000000000000e+03 1.467240000000000135e-04
3.080500000000000000e+03 1.553310000000000075e-04
3.086500000000000000e+03 1.655349999999999931e-04
3.092500000000000000e+03 1.742219999999999999e-04
3.098500000000000000e+03 1.827710000000000023e-04
3.104500000000000000e+03 1.949590000000000014e-04
3.110500000000000000e+03 2.115610000000000027e-04
3.116500000000000000e+03 2.324860000000000099e-04
3.122500000000000000e+03 3.818359999999999810e-04
3.128500000000000000e+03 5.971249999999999995e-04
3.134500000000000000e+03 8.313110000000000508e-04
3.140500000000000000e+03 1.144880000000000030e-03
3.146500000000000000e+03 1.757220000000000093e-03
3.152500000000000000e+03 2.451379999999999965e-03
3.158500000000000000e+03 3.299480000000000034e-03
3.164500000000000000e+03 4.302199999999999948e-03
3.170500000000000000e+03 5.526689999999999901e-03
3.176500000000000000e+03 6.873940000000000258e-03
3.182500000000000000e+03 8.336490000000000219e-03
3.188500000000000000e+03 9.906999999999999140e-03
3.194500000000000000e+03 1.162179999999999984e-02
3.200500000000000000e+03 1.338270000000000085e-02
3.206500000000000000e+03 1.515069999999999958e-02
3.212500000000000000e+03 1.707859999999999934e-02
3.218500000000000000e+03 1.906479999999999980e-02
3.224500000000000000e+03 2.115770000000000151e-02
3.230500000000000000e+03 2.331729999999999914e-02
3.236500000000000000e+03 2.557680000000000023e-02
3.242500000000000000e+03 2.790010000000000059e-02
3.248500000000000000e+03 3.028609999999999983e-02
3.254500000000000000e+03 3.274359999999999771e-02
3.260500000000000000e+03 3.524839999999999918e-02
3.266500000000000000e+03 3.777319999999999983e-02
3.272500000000000000e+03 4.034859999999999836e-02
3.278500000000000000e+03 4.295270000000000338e-02
3.284500000000000000e+03 4.559649999999999814e-02
3.290500000000000000e+03 4.825499999999999928e-02
3.296500000000000000e+03 5.098359999999999698e-02
3.302500000000000000e+03 5.371839999999999948e-02
3.308500000000000000e+03 5.649799999999999961e-02
3.314500000000000000e+03 5.930549999999999711e-02
3.320500000000000000e+03 6.221229999999999816e-02
3.326500000000000000e+03 6.522350000000000370e-02
3.332500000000000000e+03 6.838940000000000297e-02
3.338500000000000000e+03 7.183609999999999995e-02
3.344500000000000000e+03 7.557669999999999666e-02
3.350500000000000000e+03 7.981920000000000681e-02
3.356500000000000000e+03 8.452969999999999928e-02
3.362500000000000000e+03 8.995899999999999730e-02
3.368500000000000000e+03 9.609750000000000236e-02
3.374500000000000000e+03 1.031439999999999996e-01
3.380500000000000000e+03 1.112729999999999969e-01
3.386500000000000000e+03 1.205790000000000056e-01
3.392500000000000000e+03 1.310070000000000123e-01
3.398500000000000000e+03 1.424989999999999868e-01
3.404500000000000000e+03 1.544770000000000032e-01
3.410500000000000000e+03 1.668179999999999941e-01
3.416500000000000000e+03 1.788009999999999877e-01
3.422500000000000000e+03 1.907040000000000124e-01
3.428500000000000000e+03 2.019410000000000094e-01
3.434500000000000000e+03 2.129540000000000044e-01
3.440500000000000000e+03 2.234569999999999890e-01
3.446500000000000000e+03 2.336149999999999893e-01
3.452500000000000000e+03 2.428740000000000065e-01
3.458500000000000000e+03 2.511660000000000004e-01
3.464500000000000000e+03 2.584060000000000246e-01
3.470500000000000000e+03 2.644719999999999849e-01
3.476500000000000000e+03 2.694509999999999961e-01
3.482500000000000000e+03 2.731770000000000032e-01
3.488500000000000000e+03 2.766719999999999735e-01
3.494500000000000000e+03 2.792870000000000075e-01
3.500500000000000000e+03 2.816350000000000242e-01
3.506500000000000000e+03 2.836259999999999892e-01
3.512500000000000000e+03 2.861859999999999959e-01
3.518500000000000000e+03 2.896730000000000138e-01
3.524500000000000000e+03 2.949330000000000007e-01
3.530500000000000000e+03 3.030249999999999888e-01
3.536500000000000000e+03 3.156849999999999934e-01
3.542500000000000000e+03 3.338579999999999881e-01
3.548500000000000000e+03 3.572370000000000267e-01
3.554500000000000000e+03 3.856029999999999736e-01
3.560500000000000000e+03 4.174240000000000173e-01
3.566500000000000000e+03 4.513449999999999962e-01
3.572500000000000000e+03 4.898850000000000149e-01
3.578500000000000000e+03 5.338279999999999692e-01
3.584500000000000000e+03 5.852260000000000240e-01
3.590500000000000000e+03 6.429869999999999752e-01
3.596500000000000000e+03 7.068940000000000223e-01
3.602500000000000000e+03 7.720080000000000275e-01
3.608500000000000000e+03 8.341410000000000213e-01
3.614500000000000000e+03 8.892409999999999481e-01
3.620500000000000000e+03 9.316699999999999982e-01
3.626500000000000000e+03 9.645089999999999497e-01
3.632500000000000000e+03 9.845340000000000202e-01
3.638500000000000000e+03 9.956479999999999775e-01
3.644500000000000000e+03 9.999700000000000255e-01
3.650500000000000000e+03 1.000000000000000000e+00
3.656500000000000000e+03 9.989999999999999991e-01
3.662500000000000000e+03 9.973379999999999468e-01
3.668500000000000000e+03 9.966699999999999449e-01
3.674500000000000000e+03 9.976500000000000368e-01
3.680500000000000000e+03 9.964629999999999876e-01
3.686500000000000000e+03 9.907240000000000490e-01
3.692500000000000000e+03 9.816479999999999650e-01
3.698500000000000000e+03 9.677099999999999591e-01
3.704500000000000000e+03 9.471899999999999764e-01
3.710500000000000000e+03 9.215489999999999515e-01
3.716500000000000000e+03 8.893940000000000179e-01
3.722500000000000000e+03 8.519480000000000386e-01
3.728500000000000000e+03 8.112350000000000394e-01
3.734500000000000000e+03 7.665650000000000519e-01
3.740500000000000000e+03 7.197409999999999641e-01
3.746500000000000000e+03 6.698380000000000445e-01
3.752500000000000000e+03 6.163750000000000062e-01
3.758500000000000000e+03 5.601329999999999920e-01
3.764500000000000000e+03 5.089660000000000295e-01
3.770500000000000000e+03 4.579280000000000017e-01
3.776500000000000000e+03 4.133129999999999860e-01
3.782500000000000000e+03 3.701550000000000118e-01
3.788500000000000000e+03 3.320699999999999763e-01
3.794500000000000000e+03 2.985059999999999936e-01
3.800500000000000000e+03 2.691769999999999996e-01
3.806500000000000000e+03 2.452360000000000095e-01
3.812500000000000000e+03 2.259839999999999904e-01
3.818500000000000000e+03 2.121790000000000065e-01
3.824500000000000000e+03 2.024529999999999941e-01
3.830500000000000000e+03 1.961469999999999880e-01
3.836500000000000000e+03 1.916019999999999945e-01
3.842500000000000000e+03 1.872570000000000068e-01
3.848500000000000000e+03 1.832060000000000077e-01
3.854500000000000000e+03 1.794099999999999862e-01
3.860500000000000000e+03 1.768039999999999889e-01
3.866500000000000000e+03 1.736949999999999883e-01
3.872500000000000000e+03 1.703220000000000012e-01
3.878500000000000000e+03 1.667289999999999883e-01
3.884500000000000000e+03 1.640900000000000136e-01
3.890500000000000000e+03 1.624349999999999961e-01
3.896500000000000000e+03 1.609049999999999925e-01
3.902500000000000000e+03 1.598019999999999996e-01
3.908500000000000000e+03 1.575930000000000109e-01
3.914500000000000000e+03 1.550350000000000061e-01
3.920500000000000000e+03 1.519810000000000050e-01
3.926500000000000000e+03 1.487729999999999886e-01
3.932500000000000000e+03 1.445230000000000126e-01
3.938500000000000000e+03 1.399509999999999921e-01
3.944500000000000000e+03 1.348439999999999916e-01
3.950500000000000000e+03 1.298209999999999920e-01
3.956500000000000000e+03 1.246420000000000028e-01
3.962500000000000000e+03 1.191460000000000019e-01
3.968500000000000000e+03 1.135680000000000023e-01
3.974500000000000000e+03 1.082990000000000064e-01
3.980500000000000000e+03 1.033629999999999965e-01
3.986500000000000000e+03 9.867399999999999782e-02
3.992500000000000000e+03 9.392549999999999510e-02
3.998500000000000000e+03 8.908879999999999577e-02
4.004500000000000000e+03 8.402260000000000284e-02
4.010500000000000000e+03 7.917420000000000013e-02
4.016500000000000000e+03 7.431260000000000643e-02
4.022500000000000000e+03 6.955830000000000346e-02
4.028500000000000000e+03 6.475680000000000325e-02
4.034500000000000000e+03 6.002380000000000215e-02
4.040500000000000000e+03 5.529619999999999674e-02
4.046500000000000000e+03 5.081510000000000193e-02
4.052500000000000000e+03 4.649520000000000042e-02
4.058500000000000000e+03 4.264260000000000272e-02
4.064500000000000000e+03 3.904620000000000313e-02
4.070500000000000000e+03 3.576569999999999749e-02
4.076500000000000000e+03 3.270929999999999671e-02
4.082500000000000000e+03 2.992699999999999874e-02
4.088500000000000000e+03 2.739839999999999984e-02
4.094500000000000000e+03 2.509259999999999963e-02
4.100500000000000000e+03 2.308999999999999941e-02
4.106500000000000000e+03 2.123399999999999940e-02
4.112500000000000000e+03 1.961800000000000002e-02
4.118500000000000000e+03 1.810099999999999903e-02
4.124500000000000000e+03 1.676160000000000150e-02
4.130500000000000000e+03 1.548440000000000059e-02
4.136500000000000000e+03 1.423119999999999941e-02
4.142500000000000000e+03 1.301129999999999995e-02
4.148500000000000000e+03 1.192110000000000045e-02
4.154500000000000000e+03 1.092349999999999918e-02
4.160500000000000000e+03 9.917640000000000136e-03
4.166500000000000000e+03 8.628590000000000218e-03
4.172500000000000000e+03 7.488779999999999569e-03
4.178500000000000000e+03 6.745300000000000080e-03
4.184500000000000000e+03 6.066799999999999797e-03
4.190500000000000000e+03 5.388859999999999657e-03
4.196500000000000000e+03 4.464830000000000361e-03
4.202500000000000000e+03 3.617330000000000198e-03
4.208500000000000000e+03 3.132530000000000123e-03
4.214500000000000000e+03 2.682959999999999859e-03
4.220500000000000000e+03 2.266189999999999958e-03
4.226500000000000000e+03 1.664560000000000041e-03
4.232500000000000000e+03 1.053319999999999951e-03
4.238500000000000000e+03 7.097619999999999580e-04
4.244500000000000000e+03 2.333559999999999931e-04
4.250500000000000000e+03 2.860389999999999900e-05
4.256500000000000000e+03 2.764119999999999888e-05
4.262500000000000000e+03 2.676320000000000153e-05
4.268500000000000000e+03 2.609660000000000015e-05
4.274500000000000000e+03 2.563069999999999840e-05
4.280500000000000000e+03 2.517770000000000121e-05
4.286500000000000000e+03 2.495360000000000110e-05
4.292500000000000000e+03 2.541220000000000040e-05
4.298500000000000000e+03 2.564240000000000033e-05
4.304500000000000000e+03 2.534039999999999882e-05
4.310500000000000000e+03 2.136540000000000046e-05
4.316500000000000000e+03 1.581489999999999998e-05
4.322500000000000000e+03 1.471839999999999955e-05
4.328500000000000000e+03 1.465049999999999975e-05
4.334500000000000000e+03 1.451640000000000047e-05
4.340500000000000000e+03 1.435049999999999923e-05
4.346500000000000000e+03 1.421919999999999932e-05
4.352500000000000000e+03 1.410409999999999935e-05
4.358500000000000000e+03 1.403660000000000042e-05
4.364500000000000000e+03 1.398630000000000024e-05
4.370500000000000000e+03 1.394879999999999933e-05
4.376500000000000000e+03 1.391559999999999938e-05
4.382500000000000000e+03 1.383170000000000006e-05
4.388500000000000000e+03 1.369220000000000081e-05
4.394500000000000000e+03 1.313030000000000031e-05
4.400500000000000000e+03 1.248239999999999928e-05
4.406500000000000000e+03 1.240740000000000084e-05
4.412500000000000000e+03 1.248159999999999922e-05
4.418500000000000000e+03 1.256500000000000082e-05
4.424500000000000000e+03 1.272109999999999921e-05
4.430500000000000000e+03 1.326180000000000066e-05
4.436500000000000000e+03 1.385720000000000007e-05
4.442500000000000000e+03 1.444189999999999974e-05
4.448500000000000000e+03 1.490660000000000056e-05
4.454500000000000000e+03 1.498300000000000037e-05
4.460500000000000000e+03 1.498380000000000043e-05
4.466500000000000000e+03 1.483000000000000031e-05
4.472500000000000000e+03 1.456750000000000071e-05
4.478500000000000000e+03 1.392090000000000084e-05
4.484500000000000000e+03 1.342109999999999928e-05
4.490500000000000000e+03 1.351200000000000040e-05
4.496500000000000000e+03 1.368060000000000078e-05
4.502500000000000000e+03 1.390339999999999973e-05
4.508500000000000000e+03 1.431139999999999989e-05
4.514500000000000000e+03 1.510900000000000052e-05
4.520500000000000000e+03 1.585949999999999952e-05
4.526500000000000000e+03 1.655899999999999850e-05
4.532500000000000000e+03 1.705399999999999969e-05
4.538500000000000000e+03 1.719439999999999922e-05
4.544500000000000000e+03 1.735689999999999979e-05
4.550500000000000000e+03 1.749689999999999845e-05
4.556500000000000000e+03 1.764050000000000161e-05
4.562500000000000000e+03 1.782669999999999993e-05
4.568500000000000000e+03 1.796869999999999959e-05
4.574500000000000000e+03 1.809049999999999900e-05
4.580500000000000000e+03 1.827929999999999963e-05
4.586500000000000000e+03 1.849150000000000075e-05
4.592500000000000000e+03 1.864359999999999883e-05
4.598500000000000000e+03 1.882550000000000128e-05
4.604500000000000000e+03 1.895779999999999999e-05
4.610500000000000000e+03 1.907359999999999980e-05
4.616500000000000000e+03 1.926750000000000145e-05
4.622500000000000000e+03 1.945450000000000152e-05
4.628500000000000000e+03 1.970900000000000053e-05
4.634500000000000000e+03 2.000929999999999831e-05
4.640500000000000000e+03 2.030769999999999871e-05
4.646500000000000000e+03 2.056790000000000004e-05
4.652500000000000000e+03 2.076280000000000050e-05
4.658500000000000000e+03 2.090089999999999838e-05
4.664500000000000000e+03 2.101670000000000157e-05
4.670500000000000000e+03 2.116869999999999944e-05
4.676500000000000000e+03 2.125379999999999969e-05
4.682500000000000000e+03 2.132670000000000030e-05
4.688500000000000000e+03 2.141950000000000050e-05
4.694500000000000000e+03 2.137160000000000050e-05
4.700500000000000000e+03 2.133450000000000046e-05
4.706500000000000000e+03 2.140929999999999846e-05
4.712500000000000000e+03 2.154579999999999961e-05
4.718500000000000000e+03 2.180590000000000073e-05
4.724500000000000000e+03 2.212659999999999920e-05
4.730500000000000000e+03 2.234820000000000060e-05
4.736500000000000000e+03 2.201010000000000125e-05
4.742500000000000000e+03 1.712169999999999906e-05
4.748500000000000000e+03 1.179729999999999969e-05
4.754500000000000000e+03 1.099880000000000047e-05
4.760500000000000000e+03 1.105929999999999930e-05
4.766500000000000000e+03 1.113189999999999925e-05
4.772500000000000000e+03 1.124159999999999923e-05
4.778500000000000000e+03 1.132720000000000058e-05
4.784500000000000000e+03 1.124079999999999917e-05
4.790500000000000000e+03 1.114420000000000081e-05
4.796500000000000000e+03 1.112930000000000032e-05
4.802500000000000000e+03 1.115180000000000053e-05
4.808500000000000000e+03 1.129279999999999969e-05
4.814500000000000000e+03 1.142099999999999958e-05
4.820500000000000000e+03 1.144879999999999955e-05
4.826500000000000000e+03 1.022489999999999929e-05
4.832500000000000000e+03 4.748709999999999805e-06
4.838500000000000000e+03 2.873550000000000211e-07
