2.077000000000000000e+03 0.000000000000000000e+00
2.082000000000000000e+03 4.116960000000000226e-08
2.087000000000000000e+03 3.075520000000000159e-06
2.092000000000000000e+03 1.621289999999999854e-05
2.097000000000000000e+03 4.540440000000000188e-05
2.102000000000000000e+03 8.127599999999999907e-05
2.107000000000000000e+03 1.038380000000000043e-04
2.112000000000000000e+03 1.114319999999999997e-04
2.117000000000000000e+03 1.147410000000000048e-04
2.122000000000000000e+03 1.188750000000000028e-04
2.127000000000000000e+03 1.234639999999999956e-04
2.132000000000000000e+03 1.281110000000000072e-04
2.137000000000000000e+03 1.327169999999999966e-04
2.142000000000000000e+03 1.370780000000000045e-04
2.147000000000000000e+03 1.408410000000000022e-04
2.152000000000000000e+03 1.434290000000000120e-04
2.157000000000000000e+03 1.445499999999999899e-04
2.162000000000000000e+03 1.443530000000000052e-04
2.167000000000000000e+03 1.430020000000000108e-04
2.172000000000000000e+03 1.407670000000000026e-04
2.177000000000000000e+03 1.381210000000000012e-04
2.182000000000000000e+03 1.352620000000000070e-04
2.187000000000000000e+03 1.326119999999999968e-04
2.192000000000000000e+03 1.305859999999999996e-04
2.197000000000000000e+03 1.297749999999999967e-04
2.202000000000000000e+03 1.305959999999999944e-04
2.207000000000000000e+03 1.329910000000000011e-04
2.212000000000000000e+03 1.367549999999999875e-04
2.217000000000000000e+03 1.415929999999999977e-04
2.222000000000000000e+03 1.467220000000000091e-04
2.227000000000000000e+03 1.515970000000000056e-04
2.232000000000000000e+03 1.553050000000000047e-04
2.237000000000000000e+03 1.572049999999999967e-04
2.242000000000000000e+03 1.569499999999999932e-04
2.247000000000000000e+03 1.542009999999999963e-04
2.252000000000000000e+03 1.488489999999999974e-04
2.257000000000000000e+03 1.411349999999999964e-04
2.262000000000000000e+03 1.313010000000000089e-04
2.267000000000000000e+03 1.203919999999999952e-04
2.272000000000000000e+03 1.089509999999999941e-04
2.277000000000000000e+03 9.768370000000000124e-05
2.282000000000000000e+03 8.727559999999999496e-05
2.287000000000000000e+03 7.815919999999999530e-05
2.292000000000000000e+03 7.085499999999999839e-05
2.297000000000000000e+03 6.560699999999999713e-05
2.302000000000000000e+03 6.241759999999999680e-05
2.307000000000000000e+03 6.140270000000000081e-05
2.312000000000000000e+03 6.230159999999999995e-05
2.317000000000000000e+03 6.489400000000000582e-05
2.322000000000000000e+03 6.888709999999999983e-05
2.327000000000000000e+03 7.374710000000000412e-05
2.332000000000000000e+03 7.915800000000000343e-05
2.337000000000000000e+03 8.446140000000000418e-05
2.342000000000000000e+03 8.935959999999999737e-05
2.347000000000000000e+03 9.340179999999999739e-05
2.352000000000000000e+03 9.617799999999999971e-05
2.357000000000000000e+03 9.719519999999999397e-05
2.362000000000000000e+03 9.616490000000000487e-05
2.367000000000000000e+03 9.302319999999999393e-05
2.372000000000000000e+03 8.814349999999999388e-05
2.377000000000000000e+03 8.188130000000000495e-05
2.382000000000000000e+03 7.519210000000000130e-05
2.387000000000000000e+03 6.842519999999999668e-05
2.392000000000000000e+03 6.188800000000000106e-05
2.397000000000000000e+03 5.580739999999999697e-05
2.402000000000000000e+03 5.033219999999999898e-05
2.407000000000000000e+03 4.561879999999999765e-05
2.412000000000000000e+03 4.183919999999999745e-05
2.417000000000000000e+03 3.900599999999999890e-05
2.422000000000000000e+03 3.698419999999999735e-05
2.427000000000000000e+03 3.533860000000000077e-05
2.432000000000000000e+03 3.388660000000000180e-05
2.437000000000000000e+03 3.263969999999999854e-05
2.442000000000000000e+03 3.158150000000000247e-05
2.447000000000000000e+03 3.071459999999999897e-05
2.452000000000000000e+03 2.997080000000000111e-05
2.457000000000000000e+03 2.928199999999999849e-05
2.462000000000000000e+03 2.853510000000000061e-05
2.467000000000000000e+03 2.773689999999999866e-05
2.472000000000000000e+03 2.697640000000000145e-05
2.477000000000000000e+03 2.626919999999999914e-05
2.482000000000000000e+03 2.553829999999999908e-05
2.487000000000000000e+03 2.473680000000000006e-05
2.492000000000000000e+03 2.391749999999999928e-05
2.497000000000000000e+03 2.315640000000000076e-05
2.502000000000000000e+03 2.242560000000000091e-05
2.507000000000000000e+03 2.164259999999999841e-05
2.512000000000000000e+03 2.081880000000000132e-05
2.517000000000000000e+03 2.007619999999999931e-05
2.522000000000000000e+03 1.951539999999999953e-05
2.527000000000000000e+03 1.916820000000000055e-05
2.532000000000000000e+03 1.900349999999999856e-05
2.537000000000000000e+03 1.899070000000000098e-05
2.542000000000000000e+03 1.902869999999999960e-05
2.547000000000000000e+03 1.906790000000000085e-05
2.552000000000000000e+03 1.905129999999999834e-05
2.557000000000000000e+03 1.890769999999999856e-05
2.562000000000000000e+03 1.854840000000000015e-05
2.567000000000000000e+03 1.800960000000000118e-05
2.572000000000000000e+03 1.743379999999999900e-05
2.577000000000000000e+03 1.706570000000000163e-05
2.582000000000000000e+03 1.692869999999999938e-05
2.587000000000000000e+03 1.691060000000000035e-05
2.592000000000000000e+03 1.693220000000000028e-05
2.597000000000000000e+03 1.697159999999999858e-05
2.602000000000000000e+03 1.700080000000000162e-05
2.607000000000000000e+03 1.700619999999999991e-05
2.612000000000000000e+03 1.695659999999999957e-05
2.617000000000000000e+03 1.681549999999999850e-05
2.622000000000000000e+03 1.656970000000000163e-05
2.627000000000000000e+03 1.626330000000000063e-05
2.632000000000000000e+03 1.601509999999999850e-05
2.637000000000000000e+03 1.588989999999999842e-05
2.642000000000000000e+03 1.586160000000000074e-05
2.647000000000000000e+03 1.586510000000000163e-05
2.652000000000000000e+03 1.588729999999999949e-05
2.657000000000000000e+03 1.590300000000000004e-05
2.662000000000000000e+03 1.589380000000000019e-05
2.667000000000000000e+03 1.580039999999999868e-05
2.672000000000000000e+03 1.556729999999999917e-05
2.677000000000000000e+03 1.510699999999999952e-05
2.682000000000000000e+03 1.447489999999999926e-05
2.687000000000000000e+03 1.381780000000000008e-05
2.692000000000000000e+03 1.333430000000000039e-05
2.697000000000000000e+03 1.300970000000000014e-05
2.702000000000000000e+03 1.274720000000000054e-05
2.707000000000000000e+03 1.254710000000000054e-05
2.712000000000000000e+03 1.253419999999999936e-05
2.717000000000000000e+03 1.271310000000000030e-05
2.722000000000000000e+03 1.294989999999999946e-05
2.727000000000000000e+03 1.305329999999999918e-05
2.732000000000000000e+03 1.297919999999999933e-05
2.737000000000000000e+03 1.281389999999999941e-05
2.742000000000000000e+03 1.266549999999999927e-05
2.747000000000000000e+03 1.269300000000000028e-05
2.752000000000000000e+03 1.293079999999999993e-05
2.757000000000000000e+03 1.329699999999999991e-05
2.762000000000000000e+03 1.370730000000000003e-05
2.767000000000000000e+03 1.425949999999999959e-05
2.772000000000000000e+03 1.501620000000000033e-05
2.777000000000000000e+03 1.591219999999999988e-05
2.782000000000000000e+03 1.673460000000000068e-05
2.787000000000000000e+03 1.736850000000000150e-05
2.792000000000000000e+03 1.777730000000000003e-05
2.797000000000000000e+03 1.801090000000000064e-05
2.802000000000000000e+03 1.810289999999999908e-05
2.807000000000000000e+03 1.815249999999999942e-05
2.812000000000000000e+03 1.818090000000000071e-05
2.817000000000000000e+03 1.820299999999999834e-05
2.822000000000000000e+03 1.822499999999999915e-05
2.827000000000000000e+03 1.824699999999999995e-05
2.832000000000000000e+03 1.826900000000000076e-05
2.837000000000000000e+03 1.829109999999999840e-05
2.842000000000000000e+03 1.831309999999999920e-05
2.847000000000000000e+03 1.833730000000000144e-05
2.852000000000000000e+03 1.837449999999999831e-05
2.857000000000000000e+03 1.844350000000000053e-05
2.862000000000000000e+03 1.862039999999999879e-05
2.867000000000000000e+03 1.896450000000000113e-05
2.872000000000000000e+03 1.957269999999999981e-05
2.877000000000000000e+03 2.041250000000000150e-05
2.882000000000000000e+03 2.139719999999999903e-05
2.887000000000000000e+03 2.237580000000000013e-05
2.892000000000000000e+03 2.335700000000000016e-05
2.897000000000000000e+03 2.439070000000000010e-05
2.902000000000000000e+03 2.546119999999999943e-05
2.907000000000000000e+03 2.652350000000000110e-05
2.912000000000000000e+03 2.756579999999999957e-05
2.917000000000000000e+03 2.874090000000000124e-05
2.922000000000000000e+03 3.018420000000000147e-05
2.927000000000000000e+03 3.203780000000000012e-05
2.932000000000000000e+03 3.432039999999999755e-05
2.937000000000000000e+03 3.702449999999999763e-05
2.942000000000000000e+03 4.006899999999999872e-05
2.947000000000000000e+03 4.332160000000000210e-05
2.952000000000000000e+03 4.678029999999999661e-05
2.957000000000000000e+03 5.037539999999999884e-05
2.962000000000000000e+03 5.425019999999999772e-05
2.967000000000000000e+03 5.850309999999999896e-05
2.972000000000000000e+03 6.331939999999999552e-05
2.977000000000000000e+03 6.884389999999999997e-05
2.982000000000000000e+03 7.510289999999999544e-05
2.987000000000000000e+03 8.230500000000000565e-05
2.992000000000000000e+03 9.036440000000000509e-05
2.997000000000000000e+03 9.981280000000000089e-05
3.002000000000000000e+03 1.106490000000000040e-04
3.007000000000000000e+03 1.234239999999999892e-04
3.012000000000000000e+03 1.382420000000000090e-04
3.017000000000000000e+03 1.553640000000000121e-04
3.022000000000000000e+03 1.752740000000000027e-04
3.027000000000000000e+03 1.978039999999999920e-04
3.032000000000000000e+03 2.240130000000000116e-04
3.037000000000000000e+03 2.534260000000000093e-04
3.042000000000000000e+03 2.875889999999999870e-04
3.047000000000000000e+03 3.263060000000000027e-04
3.052000000000000000e+03 3.708690000000000164e-04
3.057000000000000000e+03 4.223070000000000209e-04
3.062000000000000000e+03 4.811300000000000234e-04
3.067000000000000000e+03 5.506159999999999744e-04
3.072000000000000000e+03 6.302620000000000314e-04
3.077000000000000000e+03 7.972059999999999563e-04
3.082000000000000000e+03 1.177689999999999900e-03
3.087000000000000000e+03 1.753760000000000041e-03
3.092000000000000000e+03 2.459799999999999834e-03
3.097000000000000000e+03 3.238410000000000160e-03
3.102000000000000000e+03 4.234680000000000215e-03
3.107000000000000000e+03 5.531069999999999910e-03
3.112000000000000000e+03 7.154579999999999794e-03
3.117000000000000000e+03 9.067880000000000384e-03
3.122000000000000000e+03 1.124089999999999985e-02
3.127000000000000000e+03 1.365770000000000005e-02
3.132000000000000000e+03 1.626999999999999974e-02
3.137000000000000000e+03 1.906100000000000155e-02
3.142000000000000000e+03 2.200349999999999875e-02
3.147000000000000000e+03 2.509460000000000163e-02
3.152000000000000000e+03 2.832859999999999892e-02
3.157000000000000000e+03 3.171050000000000257e-02
3.162000000000000000e+03 3.519599999999999812e-02
3.167000000000000000e+03 3.886909999999999671e-02
3.172000000000000000e+03 4.275280000000000052e-02
3.177000000000000000e+03 4.682490000000000263e-02
3.182000000000000000e+03 5.115719999999999990e-02
3.187000000000000000e+03 5.569079999999999864e-02
3.192000000000000000e+03 6.050980000000000247e-02
3.197000000000000000e+03 6.547799999999999454e-02
3.202000000000000000e+03 7.070680000000000021e-02
3.207000000000000000e+03 7.610880000000000423e-02
3.212000000000000000e+03 8.176419999999999522e-02
3.217000000000000000e+03 8.764260000000000106e-02
3.222000000000000000e+03 9.371930000000000538e-02
3.227000000000000000e+03 9.998029999999999418e-02
3.232000000000000000e+03 1.063280000000000058e-01
3.237000000000000000e+03 1.127419999999999950e-01
3.242000000000000000e+03 1.191399999999999959e-01
3.247000000000000000e+03 1.254989999999999994e-01
3.252000000000000000e+03 1.317780000000000062e-01
3.257000000000000000e+03 1.378860000000000086e-01
3.262000000000000000e+03 1.437070000000000014e-01
3.267000000000000000e+03 1.491649999999999920e-01
3.272000000000000000e+03 1.541200000000000070e-01
3.277000000000000000e+03 1.585860000000000047e-01
3.282000000000000000e+03 1.624410000000000021e-01
3.287000000000000000e+03 1.658000000000000029e-01
3.292000000000000000e+03 1.685790000000000066e-01
3.297000000000000000e+03 1.708510000000000029e-01
3.302000000000000000e+03 1.726360000000000117e-01
3.307000000000000000e+03 1.739759999999999918e-01
3.312000000000000000e+03 1.749850000000000017e-01
3.317000000000000000e+03 1.756729999999999958e-01
3.322000000000000000e+03 1.762559999999999960e-01
3.327000000000000000e+03 1.766880000000000117e-01
3.332000000000000000e+03 1.771850000000000092e-01
3.337000000000000000e+03 1.777680000000000093e-01
3.342000000000000000e+03 1.785130000000000050e-01
3.347000000000000000e+03 1.794040000000000079e-01
3.352000000000000000e+03 1.804429999999999923e-01
3.357000000000000000e+03 1.815879999999999994e-01
3.362000000000000000e+03 1.828780000000000128e-01
3.367000000000000000e+03 1.842550000000000021e-01
3.372000000000000000e+03 1.857300000000000062e-01
3.377000000000000000e+03 1.871400000000000008e-01
3.382000000000000000e+03 1.884709999999999996e-01
3.387000000000000000e+03 1.897810000000000052e-01
3.392000000000000000e+03 1.909550000000000136e-01
3.397000000000000000e+03 1.921440000000000092e-01
3.402000000000000000e+03 1.931269999999999931e-01
3.407000000000000000e+03 1.940340000000000120e-01
3.412000000000000000e+03 1.948779999999999957e-01
3.417000000000000000e+03 1.957710000000000006e-01
3.422000000000000000e+03 1.968739999999999934e-01
3.427000000000000000e+03 1.979799999999999893e-01
3.432000000000000000e+03 1.994299999999999962e-01
3.437000000000000000e+03 2.011940000000000117e-01
3.442000000000000000e+03 2.035559999999999869e-01
3.447000000000000000e+03 2.066040000000000099e-01
3.452000000000000000e+03 2.107999999999999874e-01
3.457000000000000000e+03 2.173829999999999929e-01
3.462000000000000000e+03 2.264909999999999979e-01
3.467000000000000000e+03 2.419540000000000024e-01
3.472000000000000000e+03 2.624520000000000186e-01
3.477000000000000000e+03 2.938939999999999886e-01
3.482000000000000000e+03 3.341419999999999946e-01
3.487000000000000000e+03 3.872599999999999931e-01
3.492000000000000000e+03 4.506399999999999850e-01
3.497000000000000000e+03 5.230519999999999614e-01
3.502000000000000000e+03 6.007670000000000510e-01
3.507000000000000000e+03 6.786900000000000155e-01
3.512000000000000000e+03 7.522360000000000158e-01
3.517000000000000000e+03 8.175010000000000332e-01
3.522000000000000000e+03 8.712189999999999657e-01
3.527000000000000000e+03 9.104780000000000095e-01
3.532000000000000000e+03 9.386900000000000244e-01
3.537000000000000000e+03 9.556310000000000082e-01
3.542000000000000000e+03 9.668330000000000535e-01
3.547000000000000000e+03 9.746059999999999723e-01
3.552000000000000000e+03 9.799090000000000300e-01
3.557000000000000000e+03 9.837719999999999798e-01
3.562000000000000000e+03 9.875399999999999734e-01
3.567000000000000000e+03 9.908209999999999518e-01
3.572000000000000000e+03 9.930280000000000218e-01
3.577000000000000000e+03 9.954359999999999875e-01
3.582000000000000000e+03 9.975519999999999943e-01
3.587000000000000000e+03 9.994929999999999648e-01
3.592000000000000000e+03 1.000000000000000000e+00
3.597000000000000000e+03 9.987479999999999691e-01
3.602000000000000000e+03 9.975039999999999463e-01
3.607000000000000000e+03 9.965610000000000301e-01
3.612000000000000000e+03 9.951940000000000230e-01
3.617000000000000000e+03 9.926209999999999756e-01
3.622000000000000000e+03 9.888879999999999892e-01
3.627000000000000000e+03 9.806460000000000177e-01
3.632000000000000000e+03 9.697000000000000064e-01
3.637000000000000000e+03 9.508750000000000258e-01
3.642000000000000000e+03 9.247980000000000089e-01
3.647000000000000000e+03 8.870470000000000299e-01
3.652000000000000000e+03 8.388999999999999790e-01
3.657000000000000000e+03 7.799760000000000026e-01
3.662000000000000000e+03 7.143289999999999917e-01
3.667000000000000000e+03 6.424769999999999648e-01
3.672000000000000000e+03 5.694439999999999502e-01
3.677000000000000000e+03 4.984279999999999822e-01
3.682000000000000000e+03 4.322849999999999748e-01
3.687000000000000000e+03 3.757409999999999917e-01
3.692000000000000000e+03 3.281609999999999805e-01
3.697000000000000000e+03 2.905730000000000257e-01
3.702000000000000000e+03 2.642909999999999981e-01
3.707000000000000000e+03 2.447360000000000091e-01
3.712000000000000000e+03 2.330750000000000044e-01
3.717000000000000000e+03 2.245010000000000061e-01
3.722000000000000000e+03 2.180640000000000078e-01
3.727000000000000000e+03 2.127489999999999937e-01
3.732000000000000000e+03 2.084219999999999962e-01
3.737000000000000000e+03 2.052059999999999995e-01
3.742000000000000000e+03 2.026479999999999948e-01
3.747000000000000000e+03 2.003030000000000088e-01
3.752000000000000000e+03 1.979769999999999863e-01
3.757000000000000000e+03 1.955369999999999886e-01
3.762000000000000000e+03 1.932119999999999949e-01
3.767000000000000000e+03 1.910870000000000068e-01
3.772000000000000000e+03 1.891670000000000018e-01
3.777000000000000000e+03 1.871690000000000020e-01
3.782000000000000000e+03 1.851160000000000028e-01
3.787000000000000000e+03 1.830009999999999970e-01
3.792000000000000000e+03 1.808619999999999950e-01
3.797000000000000000e+03 1.787279999999999980e-01
3.802000000000000000e+03 1.766000000000000070e-01
3.807000000000000000e+03 1.745089999999999975e-01
3.812000000000000000e+03 1.724849999999999994e-01
3.817000000000000000e+03 1.705109999999999959e-01
3.822000000000000000e+03 1.686850000000000016e-01
3.827000000000000000e+03 1.668530000000000013e-01
3.832000000000000000e+03 1.651640000000000053e-01
3.837000000000000000e+03 1.635820000000000052e-01
3.842000000000000000e+03 1.622250000000000081e-01
3.847000000000000000e+03 1.610060000000000102e-01
3.852000000000000000e+03 1.599939999999999973e-01
3.857000000000000000e+03 1.591450000000000087e-01
3.862000000000000000e+03 1.583960000000000090e-01
3.867000000000000000e+03 1.577389999999999903e-01
3.872000000000000000e+03 1.570930000000000104e-01
3.877000000000000000e+03 1.562649999999999872e-01
3.882000000000000000e+03 1.552779999999999994e-01
3.887000000000000000e+03 1.538289999999999935e-01
3.892000000000000000e+03 1.519659999999999900e-01
3.897000000000000000e+03 1.493819999999999870e-01
3.902000000000000000e+03 1.459489999999999954e-01
3.907000000000000000e+03 1.416159999999999919e-01
3.912000000000000000e+03 1.362599999999999922e-01
3.917000000000000000e+03 1.299609999999999932e-01
3.922000000000000000e+03 1.227349999999999969e-01
3.927000000000000000e+03 1.146469999999999989e-01
3.932000000000000000e+03 1.059299999999999964e-01
3.937000000000000000e+03 9.670489999999999642e-02
3.942000000000000000e+03 8.726359999999999673e-02
3.947000000000000000e+03 7.777689999999999604e-02
3.952000000000000000e+03 6.844269999999999521e-02
3.957000000000000000e+03 5.950470000000000065e-02
3.962000000000000000e+03 5.106200000000000322e-02
3.967000000000000000e+03 4.336419999999999858e-02
3.972000000000000000e+03 3.644920000000000104e-02
3.977000000000000000e+03 3.038789999999999894e-02
3.982000000000000000e+03 2.522929999999999964e-02
3.987000000000000000e+03 2.085489999999999913e-02
3.992000000000000000e+03 1.726209999999999897e-02
3.997000000000000000e+03 1.429880000000000040e-02
4.002000000000000000e+03 1.188819999999999981e-02
4.007000000000000000e+03 9.931239999999999166e-03
4.012000000000000000e+03 8.331039999999999626e-03
4.017000000000000000e+03 7.031489999999999616e-03
4.022000000000000000e+03 5.958070000000000206e-03
4.027000000000000000e+03 5.079570000000000266e-03
4.032000000000000000e+03 4.344640000000000307e-03
4.037000000000000000e+03 3.738469999999999814e-03
4.042000000000000000e+03 3.225609999999999849e-03
4.047000000000000000e+03 2.796400000000000101e-03
4.052000000000000000e+03 2.423370000000000211e-03
4.057000000000000000e+03 2.098529999999999927e-03
4.062000000000000000e+03 1.820030000000000042e-03
4.067000000000000000e+03 1.585150000000000014e-03
4.072000000000000000e+03 1.381489999999999975e-03
4.077000000000000000e+03 1.155760000000000034e-03
4.082000000000000000e+03 8.704109999999999712e-04
4.087000000000000000e+03 5.814190000000000113e-04
4.092000000000000000e+03 3.540309999999999855e-04
4.097000000000000000e+03 2.243970000000000133e-04
4.102000000000000000e+03 1.744109999999999942e-04
4.107000000000000000e+03 1.595970000000000103e-04
4.112000000000000000e+03 1.473269999999999940e-04
4.117000000000000000e+03 1.369529999999999879e-04
4.122000000000000000e+03 1.281889999999999885e-04
4.127000000000000000e+03 1.202739999999999940e-04
4.132000000000000000e+03 1.131640000000000028e-04
4.137000000000000000e+03 1.065909999999999964e-04
4.142000000000000000e+03 1.005870000000000044e-04
4.147000000000000000e+03 9.516950000000000420e-05
4.152000000000000000e+03 9.043769999999999641e-05
4.157000000000000000e+03 8.295559999999999566e-05
4.162000000000000000e+03 7.092839999999999670e-05
4.167000000000000000e+03 6.326310000000000082e-05
4.172000000000000000e+03 6.130869999999999799e-05
4.177000000000000000e+03 5.986579999999999864e-05
4.182000000000000000e+03 5.876340000000000052e-05
4.187000000000000000e+03 5.794629999999999779e-05
4.192000000000000000e+03 5.726429999999999991e-05
4.197000000000000000e+03 5.657600000000000178e-05
4.202000000000000000e+03 5.587420000000000114e-05
4.207000000000000000e+03 5.516579999999999959e-05
4.212000000000000000e+03 5.446600000000000334e-05
4.217000000000000000e+03 5.388750000000000202e-05
4.222000000000000000e+03 5.346239999999999825e-05
4.227000000000000000e+03 5.318260000000000137e-05
4.232000000000000000e+03 5.302760000000000031e-05
4.237000000000000000e+03 5.300660000000000170e-05
4.242000000000000000e+03 5.310959999999999715e-05
4.247000000000000000e+03 5.333559999999999804e-05
4.252000000000000000e+03 5.364809999999999886e-05
4.257000000000000000e+03 5.405919999999999904e-05
4.262000000000000000e+03 5.443639999999999943e-05
4.267000000000000000e+03 5.472510000000000227e-05
4.272000000000000000e+03 5.490219999999999758e-05
4.277000000000000000e+03 5.493699999999999934e-05
4.282000000000000000e+03 5.485649999999999901e-05
4.287000000000000000e+03 5.474370000000000240e-05
4.292000000000000000e+03 5.461179999999999778e-05
4.297000000000000000e+03 5.447430000000000121e-05
4.302000000000000000e+03 5.433639999999999700e-05
4.307000000000000000e+03 5.414980000000000119e-05
4.312000000000000000e+03 5.391959999999999787e-05
4.317000000000000000e+03 5.346050000000000086e-05
4.322000000000000000e+03 5.258789999999999840e-05
4.327000000000000000e+03 5.125639999999999938e-05
4.332000000000000000e+03 4.948199999999999821e-05
4.337000000000000000e+03 4.701929999999999890e-05
4.342000000000000000e+03 4.466540000000000099e-05
4.347000000000000000e+03 4.272929999999999762e-05
4.352000000000000000e+03 4.154740000000000137e-05
4.357000000000000000e+03 4.153250000000000258e-05
4.362000000000000000e+03 4.267429999999999900e-05
4.367000000000000000e+03 4.451329999999999951e-05
4.372000000000000000e+03 4.700150000000000053e-05
4.377000000000000000e+03 4.983300000000000213e-05
4.382000000000000000e+03 5.304239999999999888e-05
4.387000000000000000e+03 5.598900000000000215e-05
4.392000000000000000e+03 5.825660000000000056e-05
4.397000000000000000e+03 5.984540000000000134e-05
4.402000000000000000e+03 6.078490000000000141e-05
4.407000000000000000e+03 6.116469999999999394e-05
4.412000000000000000e+03 6.142750000000000098e-05
4.417000000000000000e+03 6.172869999999999735e-05
4.422000000000000000e+03 6.210060000000000645e-05
4.427000000000000000e+03 6.255689999999999732e-05
4.432000000000000000e+03 6.313200000000000474e-05
4.437000000000000000e+03 6.377889999999999341e-05
4.442000000000000000e+03 6.452039999999999978e-05
4.447000000000000000e+03 6.538519999999999868e-05
4.452000000000000000e+03 6.638200000000000242e-05
4.457000000000000000e+03 6.738210000000000662e-05
4.462000000000000000e+03 6.834200000000000398e-05
4.467000000000000000e+03 6.923169999999999650e-05
4.472000000000000000e+03 6.997449999999999894e-05
4.477000000000000000e+03 7.062940000000000515e-05
4.482000000000000000e+03 7.129299999999999657e-05
4.487000000000000000e+03 7.197529999999999510e-05
4.492000000000000000e+03 7.267139999999999678e-05
4.497000000000000000e+03 7.338380000000000033e-05
4.502000000000000000e+03 7.406779999999999582e-05
4.507000000000000000e+03 7.466210000000000468e-05
4.512000000000000000e+03 7.517339999999999418e-05
4.517000000000000000e+03 7.565739999999999835e-05
4.522000000000000000e+03 7.606510000000000463e-05
4.527000000000000000e+03 7.637970000000000328e-05
4.532000000000000000e+03 7.658890000000000121e-05
4.537000000000000000e+03 7.673290000000000525e-05
4.542000000000000000e+03 7.677220000000000333e-05
4.547000000000000000e+03 7.686899999999999874e-05
4.552000000000000000e+03 7.713930000000000190e-05
4.557000000000000000e+03 7.760629999999999590e-05
4.562000000000000000e+03 7.827289999999999389e-05
4.567000000000000000e+03 7.912919999999999449e-05
4.572000000000000000e+03 8.007039999999999828e-05
4.577000000000000000e+03 8.105950000000000546e-05
4.582000000000000000e+03 8.200220000000000577e-05
4.587000000000000000e+03 8.288679999999999388e-05
4.592000000000000000e+03 8.366249999999999392e-05
4.597000000000000000e+03 8.427919999999999769e-05
4.602000000000000000e+03 8.477009999999999667e-05
4.607000000000000000e+03 8.520650000000000489e-05
4.612000000000000000e+03 8.560170000000000409e-05
4.617000000000000000e+03 8.594580000000000644e-05
4.622000000000000000e+03 8.633480000000000559e-05
4.627000000000000000e+03 8.663290000000000194e-05
4.632000000000000000e+03 8.673379999999999957e-05
4.637000000000000000e+03 8.675969999999999537e-05
4.642000000000000000e+03 8.670810000000000420e-05
4.647000000000000000e+03 8.663390000000000413e-05
4.652000000000000000e+03 8.670400000000000199e-05
4.657000000000000000e+03 8.665330000000000601e-05
4.662000000000000000e+03 8.401999999999999855e-05
4.667000000000000000e+03 8.007909999999999703e-05
4.672000000000000000e+03 7.299109999999999984e-05
4.677000000000000000e+03 6.046680000000000186e-05
4.682000000000000000e+03 4.538330000000000304e-05
4.687000000000000000e+03 2.991230000000000158e-05
4.692000000000000000e+03 1.576649999999999889e-05
4.697000000000000000e+03 5.012499999999999866e-06
4.702000000000000000e+03 3.211539999999999918e-07
