1.525500000000000000e+03 0.000000000000000000e+00
1.529500000000000000e+03 3.063030000000000126e-12
1.533500000000000000e+03 2.416149999999999975e-10
1.537500000000000000e+03 6.428329999999999659e-10
1.541500000000000000e+03 1.192130000000000101e-09
1.545500000000000000e+03 1.303570000000000080e-09
1.549500000000000000e+03 1.435849999999999958e-09
1.553500000000000000e+03 1.597789999999999918e-09
1.557500000000000000e+03 1.629829999999999944e-09
1.561500000000000000e+03 1.140760000000000101e-09
1.565500000000000000e+03 4.447290000000000159e-10
1.569500000000000000e+03 5.449859999999999883e-11
1.573500000000000000e+03 6.622519999999999735e-13
1.577500000000000000e+03 7.628190000000000033e-13
1.581500000000000000e+03 8.604990000000000475e-13
1.585500000000000000e+03 9.557160000000000042e-13
1.589500000000000000e+03 1.049730000000000011e-12
1.593500000000000000e+03 1.141650000000000088e-12
1.597500000000000000e+03 1.232500000000000049e-12
1.601500000000000000e+03 1.322179999999999926e-12
1.605500000000000000e+03 1.410430000000000080e-12
1.609500000000000000e+03 1.498070000000000098e-12
1.613500000000000000e+03 1.585489999999999942e-12
1.617500000000000000e+03 1.676200000000000067e-12
1.621500000000000000e+03 1.768359999999999949e-12
1.625500000000000000e+03 8.139730000000000056e-08
1.629500000000000000e+03 2.352160000000000067e-07
1.633500000000000000e+03 4.951399999999999722e-07
1.637500000000000000e+03 8.453299999999999601e-07
1.641500000000000000e+03 1.318290000000000087e-06
1.645500000000000000e+03 1.959799999999999854e-06
1.649500000000000000e+03 2.629799999999999792e-06
1.653500000000000000e+03 3.328980000000000101e-06
1.657500000000000000e+03 4.074249999999999997e-06
1.661500000000000000e+03 4.809769999999999691e-06
1.665500000000000000e+03 5.530770000000000072e-06
1.669500000000000000e+03 6.252859999999999625e-06
1.673500000000000000e+03 7.009110000000000219e-06
1.677500000000000000e+03 7.820320000000000030e-06
1.681500000000000000e+03 8.651659999999999426e-06
1.685500000000000000e+03 9.559300000000000108e-06
1.689500000000000000e+03 1.064260000000000039e-05
1.693500000000000000e+03 1.181359999999999985e-05
1.697500000000000000e+03 1.316689999999999925e-05
1.701500000000000000e+03 1.459050000000000032e-05
1.705500000000000000e+03 1.618859999999999947e-05
1.709500000000000000e+03 1.773410000000000017e-05
1.713500000000000000e+03 1.921800000000000133e-05
1.717500000000000000e+03 2.051260000000000076e-05
1.721500000000000000e+03 2.176819999999999938e-05
1.725500000000000000e+03 2.278329999999999920e-05
1.729500000000000000e+03 2.354839999999999971e-05
1.733500000000000000e+03 2.427810000000000054e-05
1.737500000000000000e+03 2.501899999999999881e-05
1.741500000000000000e+03 2.576490000000000128e-05
1.745500000000000000e+03 2.650559999999999912e-05
1.749500000000000000e+03 2.727009999999999832e-05
1.753500000000000000e+03 2.804820000000000024e-05
1.757500000000000000e+03 2.885070000000000145e-05
1.761500000000000000e+03 2.965289999999999861e-05
1.765500000000000000e+03 3.048149999999999945e-05
1.769500000000000000e+03 3.134890000000000067e-05
1.773500000000000000e+03 3.223529999999999950e-05
1.777500000000000000e+03 3.312050000000000248e-05
1.781500000000000000e+03 3.404090000000000132e-05
1.785500000000000000e+03 3.497460000000000223e-05
1.789500000000000000e+03 3.598830000000000236e-05
1.793500000000000000e+03 3.705700000000000113e-05
1.797500000000000000e+03 3.820370000000000151e-05
1.801500000000000000e+03 3.943589999999999964e-05
1.805500000000000000e+03 4.070100000000000215e-05
1.809500000000000000e+03 4.207469999999999884e-05
1.813500000000000000e+03 4.360250000000000139e-05
1.817500000000000000e+03 4.518560000000000323e-05
1.821500000000000000e+03 4.720930000000000216e-05
1.825500000000000000e+03 4.941290000000000255e-05
1.829500000000000000e+03 5.176130000000000195e-05
1.833500000000000000e+03 5.333800000000000330e-05
1.837500000000000000e+03 5.483389999999999689e-05
1.841500000000000000e+03 5.565319999999999767e-05
1.845500000000000000e+03 5.656390000000000235e-05
1.849500000000000000e+03 5.626000000000000006e-05
1.853500000000000000e+03 5.445260000000000107e-05
1.857500000000000000e+03 5.219529999999999813e-05
1.861500000000000000e+03 4.933689999999999853e-05
1.865500000000000000e+03 4.598480000000000059e-05
1.869500000000000000e+03 4.231070000000000132e-05
1.873500000000000000e+03 3.906030000000000277e-05
1.877500000000000000e+03 3.590639999999999896e-05
1.881500000000000000e+03 3.316090000000000297e-05
1.885500000000000000e+03 3.018899999999999844e-05
1.889500000000000000e+03 2.783409999999999834e-05
1.893500000000000000e+03 2.675480000000000005e-05
1.897500000000000000e+03 2.655489999999999880e-05
1.901500000000000000e+03 2.636529999999999980e-05
1.905500000000000000e+03 2.615209999999999987e-05
1.909500000000000000e+03 2.594199999999999997e-05
1.913500000000000000e+03 2.576480000000000106e-05
1.917500000000000000e+03 2.563079999999999861e-05
1.921500000000000000e+03 2.550070000000000133e-05
1.925500000000000000e+03 2.540440000000000024e-05
1.929500000000000000e+03 2.530959999999999905e-05
1.933500000000000000e+03 2.528400000000000051e-05
1.937500000000000000e+03 2.528639999999999900e-05
1.941500000000000000e+03 2.532229999999999979e-05
1.945500000000000000e+03 2.544279999999999974e-05
1.949500000000000000e+03 2.561239999999999893e-05
1.953500000000000000e+03 2.583039999999999921e-05
1.957500000000000000e+03 2.608900000000000043e-05
1.961500000000000000e+03 2.638280000000000090e-05
1.965500000000000000e+03 2.681959999999999984e-05
1.969500000000000000e+03 2.732319999999999955e-05
1.973500000000000000e+03 2.794449999999999986e-05
1.977500000000000000e+03 2.876909999999999870e-05
1.981500000000000000e+03 2.966079999999999899e-05
1.985500000000000000e+03 3.076540000000000194e-05
1.989500000000000000e+03 3.194809999999999995e-05
1.993500000000000000e+03 3.330220000000000109e-05
1.997500000000000000e+03 3.499650000000000281e-05
2.001500000000000000e+03 3.683069999999999958e-05
2.005500000000000000e+03 3.909070000000000166e-05
2.009500000000000000e+03 4.168080000000000249e-05
2.013500000000000000e+03 4.453600000000000186e-05
2.017500000000000000e+03 4.824760000000000203e-05
2.021500000000000000e+03 5.221620000000000330e-05
2.025500000000000000e+03 5.717449999999999952e-05
2.029500000000000000e+03 6.323740000000000546e-05
2.033500000000000000e+03 6.981900000000000356e-05
2.037500000000000000e+03 7.862120000000000545e-05
2.041500000000000000e+03 8.829570000000000235e-05
2.045500000000000000e+03 1.001329999999999983e-04
2.049500000000000000e+03 1.154400000000000060e-04
2.053500000000000000e+03 1.319149999999999999e-04
2.057500000000000000e+03 1.563769999999999971e-04
2.061500000000000000e+03 1.888770000000000011e-04
2.065500000000000000e+03 2.680940000000000254e-04
2.069500000000000000e+03 4.034679999999999799e-04
2.073500000000000000e+03 5.403330000000000459e-04
2.077500000000000000e+03 6.879260000000000539e-04
2.081500000000000000e+03 8.685379999999999706e-04
2.085500000000000000e+03 1.080620000000000018e-03
2.089500000000000000e+03 1.378469999999999912e-03
2.093500000000000000e+03 1.709959999999999952e-03
2.097500000000000000e+03 2.142450000000000170e-03
2.101500000000000000e+03 2.688349999999999941e-03
2.105500000000000000e+03 3.297239999999999893e-03
2.109500000000000000e+03 4.112779999999999908e-03
2.113500000000000000e+03 5.035709999999999666e-03
2.117500000000000000e+03 6.115169999999999634e-03
2.121500000000000000e+03 7.408920000000000262e-03
2.125500000000000000e+03 8.799180000000000196e-03
2.129500000000000000e+03 1.037150000000000051e-02
2.133500000000000000e+03 1.206489999999999993e-02
2.137500000000000000e+03 1.383279999999999926e-02
2.141500000000000000e+03 1.565899999999999931e-02
2.145500000000000000e+03 1.754980000000000082e-02
2.149500000000000000e+03 1.937840000000000049e-02
2.153500000000000000e+03 2.116240000000000135e-02
2.157500000000000000e+03 2.291100000000000081e-02
2.161500000000000000e+03 2.444139999999999854e-02
2.165500000000000000e+03 2.592030000000000028e-02
2.169500000000000000e+03 2.726299999999999904e-02
2.173500000000000000e+03 2.844700000000000006e-02
2.177500000000000000e+03 2.957419999999999841e-02
2.181500000000000000e+03 3.059219999999999995e-02
2.185500000000000000e+03 3.155109999999999859e-02
2.189500000000000000e+03 3.246129999999999849e-02
2.193500000000000000e+03 3.337720000000000270e-02
2.197500000000000000e+03 3.431089999999999834e-02
2.201500000000000000e+03 3.523670000000000274e-02
2.205500000000000000e+03 3.617379999999999901e-02
2.209500000000000000e+03 3.713129999999999903e-02
2.213500000000000000e+03 3.808489999999999792e-02
2.217500000000000000e+03 3.905549999999999994e-02
2.221500000000000000e+03 4.007600000000000051e-02
2.225500000000000000e+03 4.113900000000000196e-02
2.229500000000000000e+03 4.228160000000000251e-02
2.233500000000000000e+03 4.342170000000000057e-02
2.237500000000000000e+03 4.457969999999999988e-02
2.241500000000000000e+03 4.593950000000000117e-02
2.245500000000000000e+03 4.739709999999999757e-02
2.249500000000000000e+03 4.900800000000000295e-02
2.253500000000000000e+03 5.083410000000000012e-02
2.257500000000000000e+03 5.282499999999999696e-02
2.261500000000000000e+03 5.500959999999999878e-02
2.265500000000000000e+03 5.740250000000000213e-02
2.269500000000000000e+03 6.000579999999999803e-02
2.273500000000000000e+03 6.274019999999999597e-02
2.277500000000000000e+03 6.563049999999999440e-02
2.281500000000000000e+03 6.868449999999999556e-02
2.285500000000000000e+03 7.185120000000000395e-02
2.289500000000000000e+03 7.506219999999999559e-02
2.293500000000000000e+03 7.825980000000000436e-02
2.297500000000000000e+03 8.143219999999999625e-02
2.301500000000000000e+03 8.458309999999999440e-02
2.305500000000000000e+03 8.763990000000000669e-02
2.309500000000000000e+03 9.060469999999999635e-02
2.313500000000000000e+03 9.345870000000000566e-02
2.317500000000000000e+03 9.614430000000000198e-02
2.321500000000000000e+03 9.869500000000000495e-02
2.325500000000000000e+03 1.010619999999999991e-01
2.329500000000000000e+03 1.032860000000000028e-01
2.333500000000000000e+03 1.053680000000000033e-01
2.337500000000000000e+03 1.073049999999999976e-01
2.341500000000000000e+03 1.091209999999999958e-01
2.345500000000000000e+03 1.108579999999999982e-01
2.349500000000000000e+03 1.125390000000000001e-01
2.353500000000000000e+03 1.141009999999999941e-01
2.357500000000000000e+03 1.155889999999999973e-01
2.361500000000000000e+03 1.170569999999999944e-01
2.365500000000000000e+03 1.183950000000000002e-01
2.369500000000000000e+03 1.196419999999999983e-01
2.373500000000000000e+03 1.208990000000000065e-01
2.377500000000000000e+03 1.221010000000000012e-01
2.381500000000000000e+03 1.232619999999999966e-01
2.385500000000000000e+03 1.243459999999999982e-01
2.389500000000000000e+03 1.252719999999999945e-01
2.393500000000000000e+03 1.260650000000000104e-01
2.397500000000000000e+03 1.267379999999999896e-01
2.401500000000000000e+03 1.273320000000000007e-01
2.405500000000000000e+03 1.278660000000000074e-01
2.409500000000000000e+03 1.283569999999999989e-01
2.413500000000000000e+03 1.288670000000000093e-01
2.417500000000000000e+03 1.294379999999999975e-01
2.421500000000000000e+03 1.300759999999999972e-01
2.425500000000000000e+03 1.308729999999999893e-01
2.429500000000000000e+03 1.318640000000000090e-01
2.433500000000000000e+03 1.330759999999999998e-01
2.437500000000000000e+03 1.347059999999999924e-01
2.441500000000000000e+03 1.370909999999999906e-01
2.445500000000000000e+03 1.408590000000000120e-01
2.449500000000000000e+03 1.470970000000000055e-01
2.453500000000000000e+03 1.584359999999999935e-01
2.457500000000000000e+03 1.760980000000000045e-01
2.461500000000000000e+03 2.037360000000000004e-01
2.465500000000000000e+03 2.425650000000000028e-01
2.469500000000000000e+03 2.929300000000000237e-01
2.473500000000000000e+03 3.555240000000000067e-01
2.477500000000000000e+03 4.259189999999999920e-01
2.481500000000000000e+03 5.031630000000000269e-01
2.485500000000000000e+03 5.825960000000000027e-01
2.489500000000000000e+03 6.608730000000000437e-01
2.493500000000000000e+03 7.318400000000000460e-01
2.497500000000000000e+03 7.944080000000000030e-01
2.501500000000000000e+03 8.451790000000000136e-01
2.505500000000000000e+03 8.850440000000000529e-01
2.509500000000000000e+03 9.117669999999999941e-01
2.513500000000000000e+03 9.297020000000000284e-01
2.517500000000000000e+03 9.408109999999999529e-01
2.521500000000000000e+03 9.486109999999999820e-01
2.525500000000000000e+03 9.559370000000000367e-01
2.529500000000000000e+03 9.630739999999999856e-01
2.533500000000000000e+03 9.702150000000000496e-01
2.537500000000000000e+03 9.764960000000000306e-01
2.541500000000000000e+03 9.822140000000000315e-01
2.545500000000000000e+03 9.873650000000000482e-01
2.549500000000000000e+03 9.920630000000000281e-01
2.553500000000000000e+03 9.955500000000000460e-01
2.557500000000000000e+03 9.979170000000000540e-01
2.561500000000000000e+03 9.995779999999999665e-01
2.565500000000000000e+03 1.000000000000000000e+00
2.569500000000000000e+03 9.975600000000000023e-01
2.573500000000000000e+03 9.916779999999999484e-01
2.577500000000000000e+03 9.783899999999999819e-01
2.581500000000000000e+03 9.585090000000000554e-01
2.585500000000000000e+03 9.288239999999999830e-01
2.589500000000000000e+03 8.886880000000000335e-01
2.593500000000000000e+03 8.371539999999999537e-01
2.597500000000000000e+03 7.731649999999999912e-01
2.601500000000000000e+03 7.002680000000000016e-01
2.605500000000000000e+03 6.191980000000000262e-01
2.609500000000000000e+03 5.360260000000000025e-01
2.613500000000000000e+03 4.558320000000000149e-01
2.617500000000000000e+03 3.806180000000000119e-01
2.621500000000000000e+03 3.178940000000000099e-01
2.625500000000000000e+03 2.650540000000000118e-01
2.629500000000000000e+03 2.273330000000000073e-01
2.633500000000000000e+03 1.999950000000000061e-01
2.637500000000000000e+03 1.830809999999999937e-01
2.641500000000000000e+03 1.725929999999999964e-01
2.645500000000000000e+03 1.664509999999999879e-01
2.649500000000000000e+03 1.626430000000000098e-01
2.653500000000000000e+03 1.606180000000000108e-01
2.657500000000000000e+03 1.591960000000000042e-01
2.661500000000000000e+03 1.580779999999999963e-01
2.665500000000000000e+03 1.572189999999999976e-01
2.669500000000000000e+03 1.567129999999999912e-01
2.673500000000000000e+03 1.562189999999999968e-01
2.677500000000000000e+03 1.557240000000000013e-01
2.681500000000000000e+03 1.553219999999999879e-01
2.685500000000000000e+03 1.549439999999999984e-01
2.689500000000000000e+03 1.544879999999999864e-01
2.693500000000000000e+03 1.540569999999999995e-01
2.697500000000000000e+03 1.535169999999999868e-01
2.701500000000000000e+03 1.527600000000000069e-01
2.705500000000000000e+03 1.517350000000000088e-01
2.709500000000000000e+03 1.503879999999999939e-01
2.713500000000000000e+03 1.485329999999999984e-01
2.717500000000000000e+03 1.463089999999999946e-01
2.721500000000000000e+03 1.435720000000000052e-01
2.725500000000000000e+03 1.403619999999999868e-01
2.729500000000000000e+03 1.365439999999999987e-01
2.733500000000000000e+03 1.323400000000000132e-01
2.737500000000000000e+03 1.277089999999999892e-01
2.741500000000000000e+03 1.226679999999999993e-01
2.745500000000000000e+03 1.173639999999999961e-01
2.749500000000000000e+03 1.118240000000000067e-01
2.753500000000000000e+03 1.061620000000000064e-01
2.757500000000000000e+03 1.003689999999999999e-01
2.761500000000000000e+03 9.455909999999999316e-02
2.765500000000000000e+03 8.880029999999999868e-02
2.769500000000000000e+03 8.320199999999999818e-02
2.773500000000000000e+03 7.765429999999999555e-02
2.777500000000000000e+03 7.238749999999999352e-02
2.781500000000000000e+03 6.740640000000000520e-02
2.785500000000000000e+03 6.269349999999999923e-02
2.789500000000000000e+03 5.828869999999999885e-02
2.793500000000000000e+03 5.426870000000000305e-02
2.797500000000000000e+03 5.058800000000000102e-02
2.801500000000000000e+03 4.717009999999999953e-02
2.805500000000000000e+03 4.414830000000000143e-02
2.809500000000000000e+03 4.140289999999999943e-02
2.813500000000000000e+03 3.889139999999999958e-02
2.817500000000000000e+03 3.667990000000000139e-02
2.821500000000000000e+03 3.468079999999999774e-02
2.825500000000000000e+03 3.287620000000000126e-02
2.829500000000000000e+03 3.127370000000000150e-02
2.833500000000000000e+03 2.984349999999999850e-02
2.837500000000000000e+03 2.855040000000000008e-02
2.841500000000000000e+03 2.740129999999999996e-02
2.845500000000000000e+03 2.637710000000000055e-02
2.849500000000000000e+03 2.543439999999999937e-02
2.853500000000000000e+03 2.458969999999999906e-02
2.857500000000000000e+03 2.380849999999999980e-02
2.861500000000000000e+03 2.306120000000000045e-02
2.865500000000000000e+03 2.235950000000000090e-02
2.869500000000000000e+03 2.165390000000000023e-02
2.873500000000000000e+03 2.093489999999999934e-02
2.877500000000000000e+03 2.021169999999999911e-02
2.881500000000000000e+03 1.943819999999999923e-02
2.885500000000000000e+03 1.861710000000000101e-02
2.889500000000000000e+03 1.777240000000000070e-02
2.893500000000000000e+03 1.685599999999999946e-02
2.897500000000000000e+03 1.589540000000000050e-02
2.901500000000000000e+03 1.491849999999999947e-02
2.905500000000000000e+03 1.388099999999999924e-02
2.909500000000000000e+03 1.283920000000000027e-02
2.913500000000000000e+03 1.179720000000000074e-02
2.917500000000000000e+03 1.073660000000000066e-02
2.921500000000000000e+03 9.717770000000000574e-03
2.925500000000000000e+03 8.723420000000000826e-03
2.929500000000000000e+03 7.755609999999999588e-03
2.933500000000000000e+03 6.859780000000000218e-03
2.937500000000000000e+03 6.012449999999999913e-03
2.941500000000000000e+03 5.214769999999999649e-03
2.945500000000000000e+03 4.506139999999999625e-03
2.949500000000000000e+03 3.863259999999999871e-03
2.953500000000000000e+03 3.278549999999999867e-03
2.957500000000000000e+03 2.757729999999999904e-03
2.961500000000000000e+03 2.283850000000000029e-03
2.965500000000000000e+03 1.891789999999999965e-03
2.969500000000000000e+03 1.567119999999999971e-03
2.973500000000000000e+03 1.280939999999999943e-03
2.977500000000000000e+03 1.060170000000000036e-03
2.981500000000000000e+03 8.732969999999999839e-04
2.985500000000000000e+03 7.169799999999999828e-04
2.989500000000000000e+03 5.941730000000000319e-04
2.993500000000000000e+03 4.851270000000000191e-04
2.997500000000000000e+03 4.007009999999999977e-04
3.001500000000000000e+03 3.314750000000000205e-04
3.005500000000000000e+03 2.720579999999999895e-04
3.009500000000000000e+03 2.277009999999999939e-04
3.013500000000000000e+03 1.894979999999999939e-04
3.017500000000000000e+03 1.595730000000000119e-04
3.021500000000000000e+03 1.363530000000000005e-04
3.025500000000000000e+03 1.161500000000000043e-04
3.029500000000000000e+03 1.012949999999999983e-04
3.033500000000000000e+03 8.883049999999999594e-05
3.037500000000000000e+03 7.860530000000000446e-05
3.041500000000000000e+03 7.121330000000000477e-05
3.045500000000000000e+03 6.506890000000000308e-05
3.049500000000000000e+03 6.081640000000000272e-05
3.053500000000000000e+03 5.751260000000000226e-05
3.057500000000000000e+03 5.466920000000000167e-05
3.061500000000000000e+03 5.272830000000000133e-05
3.065500000000000000e+03 5.096310000000000000e-05
3.069500000000000000e+03 4.956299999999999963e-05
3.073500000000000000e+03 4.855259999999999996e-05
3.077500000000000000e+03 4.749640000000000150e-05
3.081500000000000000e+03 4.658569999999999682e-05
3.085500000000000000e+03 4.563350000000000278e-05
3.089500000000000000e+03 4.447539999999999773e-05
3.093500000000000000e+03 4.316769999999999668e-05
3.097500000000000000e+03 4.180489999999999678e-05
3.101500000000000000e+03 4.033040000000000268e-05
3.105500000000000000e+03 3.874440000000000127e-05
3.109500000000000000e+03 3.708460000000000066e-05
3.113500000000000000e+03 3.528479999999999800e-05
3.117500000000000000e+03 3.361579999999999755e-05
3.121500000000000000e+03 3.206409999999999680e-05
3.125500000000000000e+03 3.060210000000000301e-05
3.129500000000000000e+03 2.930709999999999931e-05
3.133500000000000000e+03 2.814250000000000033e-05
3.137500000000000000e+03 2.721120000000000130e-05
3.141500000000000000e+03 2.648389999999999897e-05
3.145500000000000000e+03 2.594060000000000029e-05
3.149500000000000000e+03 2.552869999999999836e-05
3.153500000000000000e+03 2.532999999999999973e-05
3.157500000000000000e+03 2.523229999999999896e-05
3.161500000000000000e+03 2.525660000000000142e-05
3.165500000000000000e+03 2.549169999999999854e-05
3.169500000000000000e+03 2.581560000000000064e-05
3.173500000000000000e+03 2.622939999999999996e-05
3.177500000000000000e+03 2.670529999999999993e-05
3.181500000000000000e+03 2.719179999999999942e-05
3.185500000000000000e+03 2.771970000000000160e-05
3.189500000000000000e+03 2.832149999999999981e-05
3.193500000000000000e+03 2.892969999999999849e-05
3.197500000000000000e+03 2.955599999999999959e-05
3.201500000000000000e+03 3.042249999999999883e-05
3.205500000000000000e+03 3.154209999999999740e-05
3.209500000000000000e+03 3.280120000000000030e-05
3.213500000000000000e+03 3.421559999999999814e-05
3.217500000000000000e+03 3.585160000000000077e-05
3.221500000000000000e+03 3.767790000000000055e-05
3.225500000000000000e+03 3.975359999999999831e-05
3.229500000000000000e+03 4.221450000000000045e-05
3.233500000000000000e+03 4.501250000000000314e-05
3.237500000000000000e+03 4.797709999999999844e-05
3.241500000000000000e+03 5.175709999999999952e-05
3.245500000000000000e+03 5.639779999999999728e-05
3.249500000000000000e+03 6.131739999999999673e-05
3.253500000000000000e+03 6.699420000000000310e-05
3.257500000000000000e+03 7.358220000000000168e-05
3.261500000000000000e+03 8.102039999999999427e-05
3.265500000000000000e+03 8.922049999999999729e-05
3.269500000000000000e+03 9.944780000000000015e-05
3.273500000000000000e+03 1.117230000000000008e-04
3.277500000000000000e+03 1.246280000000000001e-04
3.281500000000000000e+03 1.396559999999999924e-04
3.285500000000000000e+03 1.569220000000000131e-04
3.289500000000000000e+03 1.750929999999999989e-04
3.293500000000000000e+03 1.956720000000000063e-04
3.297500000000000000e+03 2.189100000000000030e-04
3.301500000000000000e+03 2.444729999999999885e-04
3.305500000000000000e+03 2.709060000000000114e-04
3.309500000000000000e+03 2.992490000000000211e-04
3.313500000000000000e+03 3.294290000000000065e-04
3.317500000000000000e+03 3.599230000000000029e-04
3.321500000000000000e+03 3.907490000000000225e-04
3.325500000000000000e+03 4.218690000000000092e-04
3.329500000000000000e+03 4.530460000000000259e-04
3.333500000000000000e+03 4.826869999999999815e-04
3.337500000000000000e+03 5.107179999999999576e-04
3.341500000000000000e+03 5.373939999999999577e-04
3.345500000000000000e+03 5.618259999999999704e-04
3.349500000000000000e+03 5.820400000000000313e-04
3.353500000000000000e+03 5.981499999999999838e-04
3.357500000000000000e+03 6.125129999999999681e-04
3.361500000000000000e+03 6.208939999999999815e-04
3.365500000000000000e+03 6.234069999999999759e-04
3.369500000000000000e+03 6.236069999999999808e-04
3.373500000000000000e+03 6.187480000000000193e-04
3.377500000000000000e+03 6.088130000000000408e-04
3.381500000000000000e+03 5.948280000000000451e-04
3.385500000000000000e+03 5.785220000000000423e-04
3.389500000000000000e+03 5.584229999999999489e-04
3.393500000000000000e+03 5.344580000000000251e-04
3.397500000000000000e+03 5.096820000000000170e-04
3.401500000000000000e+03 4.830330000000000084e-04
3.405500000000000000e+03 4.545239999999999871e-04
3.409500000000000000e+03 4.254139999999999896e-04
3.413500000000000000e+03 3.965369999999999746e-04
3.417500000000000000e+03 3.678830000000000012e-04
3.421500000000000000e+03 3.394010000000000256e-04
3.425500000000000000e+03 3.119169999999999885e-04
3.429500000000000000e+03 2.857599999999999745e-04
3.433500000000000000e+03 2.609910000000000225e-04
3.437500000000000000e+03 2.368919999999999945e-04
3.441500000000000000e+03 2.147999999999999899e-04
3.445500000000000000e+03 1.946150000000000061e-04
3.449500000000000000e+03 1.751529999999999949e-04
3.453500000000000000e+03 1.577890000000000033e-04
3.457500000000000000e+03 1.424200000000000086e-04
3.461500000000000000e+03 1.284790000000000010e-04
3.465500000000000000e+03 1.160080000000000047e-04
3.469500000000000000e+03 1.053100000000000065e-04
3.473500000000000000e+03 9.648590000000000400e-05
3.477500000000000000e+03 8.832309999999999467e-05
3.481500000000000000e+03 8.166970000000000176e-05
3.485500000000000000e+03 7.656490000000000279e-05
3.489500000000000000e+03 7.199690000000000180e-05
3.493500000000000000e+03 6.867520000000000276e-05
3.497500000000000000e+03 6.655190000000000227e-05
3.501500000000000000e+03 6.520100000000000136e-05
3.505500000000000000e+03 6.434229999999999550e-05
3.509500000000000000e+03 6.403739999999999780e-05
3.513500000000000000e+03 6.438979999999999801e-05
3.517500000000000000e+03 6.501080000000000443e-05
3.521500000000000000e+03 6.612180000000000108e-05
3.525500000000000000e+03 6.772810000000000635e-05
3.529500000000000000e+03 6.947789999999999424e-05
3.533500000000000000e+03 7.132709999999999680e-05
3.537500000000000000e+03 7.331220000000000596e-05
3.541500000000000000e+03 7.530780000000000427e-05
3.545500000000000000e+03 7.709719999999999768e-05
3.549500000000000000e+03 7.872009999999999869e-05
3.553500000000000000e+03 8.021650000000000015e-05
3.557500000000000000e+03 8.156030000000000582e-05
3.561500000000000000e+03 8.255080000000000252e-05
3.565500000000000000e+03 8.322170000000000316e-05
3.569500000000000000e+03 8.376610000000000425e-05
3.573500000000000000e+03 8.393040000000000537e-05
3.577500000000000000e+03 8.370870000000000036e-05
3.581500000000000000e+03 8.331109999999999590e-05
3.585500000000000000e+03 8.271019999999999967e-05
3.589500000000000000e+03 8.191190000000000428e-05
3.593500000000000000e+03 8.084179999999999567e-05
3.597500000000000000e+03 7.981730000000000574e-05
3.601500000000000000e+03 7.896600000000000255e-05
3.605500000000000000e+03 7.833069999999999866e-05
3.609500000000000000e+03 7.782889999999999611e-05
3.613500000000000000e+03 7.743940000000000263e-05
3.617500000000000000e+03 7.714019999999999710e-05
3.621500000000000000e+03 7.687390000000000271e-05
3.625500000000000000e+03 7.713470000000000536e-05
3.629500000000000000e+03 7.782630000000000396e-05
3.633500000000000000e+03 7.894309999999999977e-05
3.637500000000000000e+03 8.053459999999999970e-05
3.641500000000000000e+03 8.297430000000000278e-05
3.645500000000000000e+03 8.628830000000000527e-05
3.649500000000000000e+03 8.986440000000000649e-05
3.653500000000000000e+03 9.399860000000000496e-05
3.657500000000000000e+03 9.867040000000000316e-05
3.661500000000000000e+03 1.035270000000000000e-04
3.665500000000000000e+03 1.087479999999999963e-04
3.669500000000000000e+03 1.143140000000000036e-04
3.673500000000000000e+03 1.202929999999999950e-04
3.677500000000000000e+03 1.170059999999999975e-04
3.681500000000000000e+03 1.007220000000000023e-04
3.685500000000000000e+03 6.979619999999999423e-05
3.689500000000000000e+03 4.010670000000000007e-05
3.693500000000000000e+03 2.298510000000000123e-05
3.697500000000000000e+03 1.772510000000000077e-05
3.701500000000000000e+03 1.783820000000000143e-05
3.705500000000000000e+03 1.792000000000000122e-05
3.709500000000000000e+03 1.803130000000000133e-05
3.713500000000000000e+03 1.815620000000000076e-05
3.717500000000000000e+03 1.829860000000000129e-05
3.721500000000000000e+03 1.842330000000000028e-05
3.725500000000000000e+03 1.854260000000000099e-05
3.729500000000000000e+03 1.868290000000000030e-05
3.733500000000000000e+03 1.887889999999999978e-05
3.737500000000000000e+03 1.910419999999999913e-05
3.741500000000000000e+03 1.929079999999999833e-05
3.745500000000000000e+03 1.948269999999999898e-05
3.749500000000000000e+03 1.971720000000000157e-05
3.753500000000000000e+03 1.996550000000000053e-05
3.757500000000000000e+03 2.017260000000000063e-05
3.761500000000000000e+03 2.036519999999999943e-05
3.765500000000000000e+03 2.057460000000000118e-05
3.769500000000000000e+03 2.080130000000000022e-05
3.773500000000000000e+03 2.099810000000000145e-05
3.777500000000000000e+03 2.120539999999999860e-05
3.781500000000000000e+03 2.144760000000000113e-05
3.785500000000000000e+03 2.168400000000000110e-05
3.789500000000000000e+03 2.188059999999999850e-05
3.793500000000000000e+03 2.207579999999999962e-05
3.797500000000000000e+03 2.231809999999999897e-05
3.801500000000000000e+03 2.258500000000000145e-05
3.805500000000000000e+03 2.284059999999999948e-05
3.809500000000000000e+03 2.310270000000000159e-05
3.813500000000000000e+03 2.337620000000000160e-05
3.817500000000000000e+03 2.359990000000000083e-05
3.821500000000000000e+03 2.378419999999999837e-05
3.825500000000000000e+03 2.399779999999999917e-05
3.829500000000000000e+03 2.424590000000000108e-05
3.833500000000000000e+03 2.448360000000000052e-05
3.837500000000000000e+03 2.471860000000000081e-05
3.841500000000000000e+03 2.499230000000000125e-05
3.845500000000000000e+03 2.531660000000000084e-05
3.849500000000000000e+03 2.562169999999999899e-05
3.853500000000000000e+03 2.589320000000000139e-05
3.857500000000000000e+03 2.617529999999999992e-05
3.861500000000000000e+03 2.649690000000000037e-05
3.865500000000000000e+03 2.685370000000000007e-05
3.869500000000000000e+03 2.723230000000000014e-05
3.873500000000000000e+03 2.762650000000000053e-05
3.877500000000000000e+03 2.800340000000000026e-05
3.881500000000000000e+03 2.839000000000000093e-05
3.885500000000000000e+03 2.876499999999999988e-05
3.889500000000000000e+03 2.913590000000000000e-05
3.893500000000000000e+03 2.946319999999999939e-05
3.897500000000000000e+03 2.899799999999999917e-05
3.901500000000000000e+03 2.834970000000000065e-05
3.905500000000000000e+03 2.810140000000000169e-05
3.909500000000000000e+03 2.869470000000000159e-05
3.913500000000000000e+03 2.874329999999999973e-05
3.917500000000000000e+03 2.806339999999999968e-05
3.921500000000000000e+03 2.737989999999999852e-05
3.925500000000000000e+03 2.777680000000000145e-05
3.929500000000000000e+03 2.883389999999999849e-05
3.933500000000000000e+03 2.907480000000000155e-05
3.937500000000000000e+03 2.873849999999999937e-05
3.941500000000000000e+03 2.821459999999999919e-05
3.945500000000000000e+03 2.842349999999999985e-05
3.949500000000000000e+03 2.853500000000000039e-05
3.953500000000000000e+03 2.930440000000000017e-05
3.957500000000000000e+03 3.012350000000000051e-05
3.961500000000000000e+03 3.090110000000000133e-05
3.965500000000000000e+03 3.134930000000000155e-05
3.969500000000000000e+03 2.899760000000000168e-05
3.973500000000000000e+03 2.639550000000000164e-05
3.977500000000000000e+03 2.519630000000000133e-05
3.981500000000000000e+03 2.627879999999999986e-05
3.985500000000000000e+03 2.533749999999999924e-05
3.989500000000000000e+03 2.230239999999999843e-05
3.993500000000000000e+03 1.925360000000000146e-05
3.997500000000000000e+03 1.853650000000000116e-05
4.001500000000000000e+03 1.849509999999999848e-05
4.005500000000000000e+03 1.636269999999999836e-05
4.009500000000000000e+03 1.277239999999999989e-05
4.013500000000000000e+03 8.713450000000000405e-06
4.017500000000000000e+03 4.866010000000000359e-06
4.021500000000000000e+03 1.337119999999999998e-06
