2.420500000000000000e+03 0.000000000000000000e+00
2.426500000000000000e+03 8.529029999999999446e-08
2.432500000000000000e+03 3.729589999999999980e-06
2.438500000000000000e+03 1.202299999999999991e-05
2.444500000000000000e+03 1.845549999999999974e-05
2.450500000000000000e+03 1.977349999999999965e-05
2.456500000000000000e+03 2.027119999999999999e-05
2.462500000000000000e+03 2.103439999999999973e-05
2.468500000000000000e+03 2.188229999999999884e-05
2.474500000000000000e+03 2.274789999999999950e-05
2.480500000000000000e+03 2.362120000000000010e-05
2.486500000000000000e+03 2.445399999999999999e-05
2.492500000000000000e+03 2.524570000000000123e-05
2.498500000000000000e+03 2.580399999999999892e-05
2.504500000000000000e+03 2.601360000000000112e-05
2.510500000000000000e+03 2.605599999999999922e-05
2.516500000000000000e+03 2.575540000000000078e-05
2.522500000000000000e+03 2.535879999999999851e-05
2.528500000000000000e+03 2.484210000000000056e-05
2.534500000000000000e+03 2.428610000000000114e-05
2.540500000000000000e+03 2.378850000000000102e-05
2.546500000000000000e+03 2.334589999999999954e-05
2.552500000000000000e+03 2.321779999999999986e-05
2.558500000000000000e+03 2.343020000000000142e-05
2.564500000000000000e+03 2.388420000000000080e-05
2.570500000000000000e+03 2.471759999999999862e-05
2.576500000000000000e+03 2.563500000000000105e-05
2.582500000000000000e+03 2.664230000000000070e-05
2.588500000000000000e+03 2.759929999999999849e-05
2.594500000000000000e+03 2.815210000000000105e-05
2.600500000000000000e+03 2.845820000000000139e-05
2.606500000000000000e+03 2.821279999999999863e-05
2.612500000000000000e+03 2.751129999999999865e-05
2.618500000000000000e+03 2.632870000000000086e-05
2.624500000000000000e+03 2.456750000000000153e-05
2.630500000000000000e+03 2.263440000000000135e-05
2.636500000000000000e+03 2.046359999999999835e-05
2.642500000000000000e+03 1.829380000000000093e-05
2.648500000000000000e+03 1.629100000000000039e-05
2.654500000000000000e+03 1.441200000000000025e-05
2.660500000000000000e+03 1.298110000000000011e-05
2.666500000000000000e+03 1.184550000000000034e-05
2.672500000000000000e+03 1.117090000000000006e-05
2.678500000000000000e+03 1.092380000000000034e-05
2.684500000000000000e+03 1.100490000000000029e-05
2.690500000000000000e+03 1.152139999999999950e-05
2.696500000000000000e+03 1.220780000000000025e-05
2.702500000000000000e+03 1.317469999999999941e-05
2.708500000000000000e+03 1.419829999999999923e-05
2.714500000000000000e+03 1.519860000000000048e-05
2.720500000000000000e+03 1.615990000000000091e-05
2.726500000000000000e+03 1.689939999999999951e-05
2.732500000000000000e+03 1.746349999999999975e-05
2.738500000000000000e+03 1.761779999999999927e-05
2.744500000000000000e+03 1.734030000000000066e-05
2.750500000000000000e+03 1.673030000000000141e-05
2.756500000000000000e+03 1.562950000000000003e-05
2.762500000000000000e+03 1.442520000000000039e-05
2.768500000000000000e+03 1.314629999999999982e-05
2.774500000000000000e+03 1.186739999999999924e-05
2.780500000000000000e+03 1.068510000000000041e-05
2.786500000000000000e+03 9.568000000000000550e-06
2.792500000000000000e+03 8.607899999999999357e-06
2.798500000000000000e+03 7.781580000000000465e-06
2.804500000000000000e+03 7.162609999999999682e-06
2.810500000000000000e+03 6.785240000000000108e-06
2.816500000000000000e+03 6.458689999999999821e-06
2.822500000000000000e+03 6.179849999999999794e-06
2.828500000000000000e+03 5.926229999999999671e-06
2.834500000000000000e+03 5.725000000000000244e-06
2.840500000000000000e+03 5.548769999999999731e-06
2.846500000000000000e+03 5.414489999999999722e-06
2.852500000000000000e+03 5.302340000000000296e-06
2.858500000000000000e+03 5.163619999999999700e-06
2.864500000000000000e+03 5.001570000000000125e-06
2.870500000000000000e+03 4.857619999999999580e-06
2.876500000000000000e+03 4.739919999999999843e-06
2.882500000000000000e+03 4.610989999999999707e-06
2.888500000000000000e+03 4.449340000000000162e-06
2.894500000000000000e+03 4.288019999999999985e-06
2.900500000000000000e+03 4.157039999999999589e-06
2.906500000000000000e+03 4.033680000000000316e-06
2.912500000000000000e+03 3.879959999999999864e-06
2.918500000000000000e+03 3.708549999999999840e-06
2.924500000000000000e+03 3.573270000000000179e-06
2.930500000000000000e+03 3.476079999999999929e-06
2.936500000000000000e+03 3.415820000000000103e-06
2.942500000000000000e+03 3.407630000000000186e-06
2.948500000000000000e+03 3.411460000000000029e-06
2.954500000000000000e+03 4.454809999999999959e-06
2.960500000000000000e+03 7.895320000000000159e-06
2.966500000000000000e+03 1.091550000000000078e-05
2.972500000000000000e+03 1.106629999999999940e-05
2.978500000000000000e+03 1.066350000000000048e-05
2.984500000000000000e+03 1.017520000000000043e-05
2.990500000000000000e+03 9.732820000000000777e-06
2.996500000000000000e+03 9.532529999999999346e-06
3.002500000000000000e+03 9.513290000000000187e-06
3.008500000000000000e+03 9.509030000000000333e-06
3.014500000000000000e+03 9.508149999999999759e-06
3.020500000000000000e+03 9.526359999999999708e-06
3.026500000000000000e+03 1.000709999999999945e-05
3.032500000000000000e+03 1.259570000000000038e-05
3.038500000000000000e+03 1.520080000000000022e-05
3.044500000000000000e+03 1.572049999999999967e-05
3.050500000000000000e+03 1.586510000000000163e-05
3.056500000000000000e+03 1.595610000000000127e-05
3.062500000000000000e+03 1.605729999999999956e-05
3.068500000000000000e+03 1.611360000000000103e-05
3.074500000000000000e+03 1.619360000000000027e-05
3.080500000000000000e+03 1.626869999999999892e-05
3.086500000000000000e+03 1.631549999999999990e-05
3.092500000000000000e+03 1.613129999999999919e-05
3.098500000000000000e+03 1.589100000000000083e-05
3.104500000000000000e+03 1.579190000000000037e-05
3.110500000000000000e+03 1.559450000000000121e-05
3.116500000000000000e+03 1.525640000000000016e-05
3.122500000000000000e+03 1.518160000000000047e-05
3.128500000000000000e+03 1.525590000000000076e-05
3.134500000000000000e+03 1.527219999999999923e-05
3.140500000000000000e+03 1.521400000000000036e-05
3.146500000000000000e+03 1.515550000000000084e-05
3.152500000000000000e+03 1.516869999999999929e-05
3.158500000000000000e+03 1.521889999999999925e-05
3.164500000000000000e+03 1.523090000000000015e-05
3.170500000000000000e+03 1.520369999999999980e-05
3.176500000000000000e+03 1.514080000000000079e-05
3.182500000000000000e+03 1.507430000000000067e-05
3.188500000000000000e+03 1.507720000000000025e-05
3.194500000000000000e+03 1.531509999999999843e-05
3.200500000000000000e+03 1.561989999999999931e-05
3.206500000000000000e+03 1.597049999999999897e-05
3.212500000000000000e+03 1.633570000000000014e-05
3.218500000000000000e+03 1.666540000000000141e-05
3.224500000000000000e+03 1.700919999999999971e-05
3.230500000000000000e+03 1.727840000000000045e-05
3.236500000000000000e+03 1.751800000000000067e-05
3.242500000000000000e+03 1.776589999999999875e-05
3.248500000000000000e+03 1.793690000000000101e-05
3.254500000000000000e+03 1.797510000000000007e-05
3.260500000000000000e+03 1.798640000000000113e-05
3.266500000000000000e+03 1.797410000000000126e-05
3.272500000000000000e+03 1.798979999999999842e-05
3.278500000000000000e+03 1.808309999999999971e-05
3.284500000000000000e+03 1.825240000000000163e-05
3.290500000000000000e+03 1.857569999999999903e-05
3.296500000000000000e+03 1.890919999999999846e-05
3.302500000000000000e+03 1.925370000000000168e-05
3.308500000000000000e+03 1.962339999999999918e-05
3.314500000000000000e+03 2.002949999999999856e-05
3.320500000000000000e+03 2.053489999999999884e-05
3.326500000000000000e+03 2.109170000000000001e-05
3.332500000000000000e+03 2.155319999999999889e-05
3.338500000000000000e+03 2.198800000000000022e-05
3.344500000000000000e+03 2.241920000000000043e-05
3.350500000000000000e+03 2.270540000000000118e-05
3.356500000000000000e+03 2.317190000000000086e-05
3.362500000000000000e+03 2.395739999999999868e-05
3.368500000000000000e+03 2.488289999999999854e-05
3.374500000000000000e+03 2.582050000000000122e-05
3.380500000000000000e+03 2.669129999999999973e-05
3.386500000000000000e+03 2.754569999999999954e-05
3.392500000000000000e+03 2.842949999999999945e-05
3.398500000000000000e+03 2.941399999999999993e-05
3.404500000000000000e+03 3.075960000000000277e-05
3.410500000000000000e+03 3.222410000000000205e-05
3.416500000000000000e+03 3.371700000000000261e-05
3.422500000000000000e+03 3.525310000000000303e-05
3.428500000000000000e+03 3.693920000000000032e-05
3.434500000000000000e+03 3.880910000000000083e-05
3.440500000000000000e+03 4.101449999999999839e-05
3.446500000000000000e+03 4.335929999999999667e-05
3.452500000000000000e+03 4.570480000000000327e-05
3.458500000000000000e+03 4.847119999999999765e-05
3.464500000000000000e+03 5.146520000000000321e-05
3.470500000000000000e+03 5.501460000000000009e-05
3.476500000000000000e+03 5.877340000000000212e-05
3.482500000000000000e+03 6.307580000000000348e-05
3.488500000000000000e+03 6.779209999999999761e-05
3.494500000000000000e+03 7.313579999999999864e-05
3.500500000000000000e+03 7.934539999999999421e-05
3.506500000000000000e+03 8.626379999999999899e-05
3.512500000000000000e+03 9.464189999999999929e-05
3.518500000000000000e+03 1.036189999999999984e-04
3.524500000000000000e+03 1.139829999999999961e-04
3.530500000000000000e+03 1.237289999999999939e-04
3.536500000000000000e+03 1.341880000000000102e-04
3.542500000000000000e+03 1.475380000000000094e-04
3.548500000000000000e+03 1.639859999999999983e-04
3.554500000000000000e+03 1.839370000000000111e-04
3.560500000000000000e+03 2.067449999999999865e-04
3.566500000000000000e+03 2.354090000000000089e-04
3.572500000000000000e+03 2.676019999999999766e-04
3.578500000000000000e+03 3.051929999999999899e-04
3.584500000000000000e+03 3.461989999999999968e-04
3.590500000000000000e+03 3.954300000000000002e-04
3.596500000000000000e+03 4.692429999999999930e-04
3.602500000000000000e+03 6.564570000000000474e-04
3.608500000000000000e+03 9.445929999999999735e-04
3.614500000000000000e+03 1.262359999999999914e-03
3.620500000000000000e+03 1.612740000000000094e-03
3.626500000000000000e+03 2.069089999999999992e-03
3.632500000000000000e+03 2.692529999999999837e-03
3.638500000000000000e+03 3.464560000000000209e-03
3.644500000000000000e+03 4.544259999999999619e-03
3.650500000000000000e+03 5.744850000000000130e-03
3.656500000000000000e+03 7.082250000000000004e-03
3.662500000000000000e+03 8.542900000000000840e-03
3.668500000000000000e+03 1.027929999999999990e-02
3.674500000000000000e+03 1.225520000000000082e-02
3.680500000000000000e+03 1.439960000000000025e-02
3.686500000000000000e+03 1.686910000000000145e-02
3.692500000000000000e+03 1.946720000000000048e-02
3.698500000000000000e+03 2.242339999999999958e-02
3.704500000000000000e+03 2.548459999999999961e-02
3.710500000000000000e+03 2.891859999999999917e-02
3.716500000000000000e+03 3.260939999999999672e-02
3.722500000000000000e+03 3.656439999999999690e-02
3.728500000000000000e+03 4.090769999999999823e-02
3.734500000000000000e+03 4.532339999999999980e-02
3.740500000000000000e+03 5.007969999999999783e-02
3.746500000000000000e+03 5.491850000000000204e-02
3.752500000000000000e+03 6.003359999999999946e-02
3.758500000000000000e+03 6.531570000000000431e-02
3.764500000000000000e+03 7.059509999999999397e-02
3.770500000000000000e+03 7.602829999999999311e-02
3.776500000000000000e+03 8.132680000000000464e-02
3.782500000000000000e+03 8.664109999999999867e-02
3.788500000000000000e+03 9.189540000000000208e-02
3.794500000000000000e+03 9.700060000000000626e-02
3.800500000000000000e+03 1.021620000000000028e-01
3.806500000000000000e+03 1.070369999999999933e-01
3.812500000000000000e+03 1.119089999999999946e-01
3.818500000000000000e+03 1.164489999999999970e-01
3.824500000000000000e+03 1.208410000000000040e-01
3.830500000000000000e+03 1.250809999999999977e-01
3.836500000000000000e+03 1.290530000000000010e-01
3.842500000000000000e+03 1.329849999999999921e-01
3.848500000000000000e+03 1.364249999999999907e-01
3.854500000000000000e+03 1.397430000000000061e-01
3.860500000000000000e+03 1.423780000000000046e-01
3.866500000000000000e+03 1.448510000000000075e-01
3.872500000000000000e+03 1.480039999999999967e-01
3.878500000000000000e+03 1.516510000000000080e-01
3.884500000000000000e+03 1.556049999999999933e-01
3.890500000000000000e+03 1.598410000000000108e-01
3.896500000000000000e+03 1.639160000000000061e-01
3.902500000000000000e+03 1.677990000000000037e-01
3.908500000000000000e+03 1.716370000000000118e-01
3.914500000000000000e+03 1.755879999999999941e-01
3.920500000000000000e+03 1.796470000000000011e-01
3.926500000000000000e+03 1.837330000000000074e-01
3.932500000000000000e+03 1.880179999999999907e-01
3.938500000000000000e+03 1.923060000000000047e-01
3.944500000000000000e+03 1.966749999999999887e-01
3.950500000000000000e+03 2.008429999999999938e-01
3.956500000000000000e+03 2.047499999999999876e-01
3.962500000000000000e+03 2.083689999999999987e-01
3.968500000000000000e+03 2.112590000000000023e-01
3.974500000000000000e+03 2.135930000000000051e-01
3.980500000000000000e+03 2.156250000000000111e-01
3.986500000000000000e+03 2.174699999999999966e-01
3.992500000000000000e+03 2.192810000000000037e-01
3.998500000000000000e+03 2.207909999999999873e-01
4.004500000000000000e+03 2.223259999999999958e-01
4.010500000000000000e+03 2.242840000000000111e-01
4.016500000000000000e+03 2.275260000000000060e-01
4.022500000000000000e+03 2.320520000000000083e-01
4.028500000000000000e+03 2.398770000000000069e-01
4.034500000000000000e+03 2.510939999999999839e-01
4.040500000000000000e+03 2.695429999999999771e-01
4.046500000000000000e+03 2.943009999999999793e-01
4.052500000000000000e+03 3.312950000000000061e-01
4.058500000000000000e+03 3.771180000000000088e-01
4.064500000000000000e+03 4.364430000000000254e-01
4.070500000000000000e+03 5.048200000000000465e-01
4.076500000000000000e+03 5.791150000000000464e-01
4.082500000000000000e+03 6.577180000000000248e-01
4.088500000000000000e+03 7.274209999999999843e-01
4.094500000000000000e+03 7.880989999999999940e-01
4.100500000000000000e+03 8.396200000000000330e-01
4.106500000000000000e+03 8.788169999999999593e-01
4.112500000000000000e+03 9.113949999999999552e-01
4.118500000000000000e+03 9.358549999999999924e-01
4.124500000000000000e+03 9.546229999999999993e-01
4.130500000000000000e+03 9.691180000000000350e-01
4.136500000000000000e+03 9.788099999999999579e-01
4.142500000000000000e+03 9.843180000000000263e-01
4.148500000000000000e+03 9.874009999999999732e-01
4.154500000000000000e+03 9.890839999999999632e-01
4.160500000000000000e+03 9.908010000000000428e-01
4.166500000000000000e+03 9.936570000000000125e-01
4.172500000000000000e+03 9.963830000000000187e-01
4.178500000000000000e+03 9.986319999999999641e-01
4.184500000000000000e+03 1.000000000000000000e+00
4.190500000000000000e+03 9.996509999999999563e-01
4.196500000000000000e+03 9.983149999999999524e-01
4.202500000000000000e+03 9.943370000000000264e-01
4.208500000000000000e+03 9.881499999999999728e-01
4.214500000000000000e+03 9.775279999999999525e-01
4.220500000000000000e+03 9.631480000000000041e-01
4.226500000000000000e+03 9.428640000000000354e-01
4.232500000000000000e+03 9.156969999999999832e-01
4.238500000000000000e+03 8.799660000000000259e-01
4.244500000000000000e+03 8.343920000000000226e-01
4.250500000000000000e+03 7.814680000000000515e-01
4.256500000000000000e+03 7.207099999999999618e-01
4.262500000000000000e+03 6.569789999999999797e-01
4.268500000000000000e+03 5.895029999999999992e-01
4.274500000000000000e+03 5.238180000000000058e-01
4.280500000000000000e+03 4.588559999999999861e-01
4.286500000000000000e+03 3.971600000000000130e-01
4.292500000000000000e+03 3.423579999999999957e-01
4.298500000000000000e+03 2.967319999999999958e-01
4.304500000000000000e+03 2.580529999999999768e-01
4.310500000000000000e+03 2.306870000000000032e-01
4.316500000000000000e+03 2.094169999999999920e-01
4.322500000000000000e+03 1.943290000000000017e-01
4.328500000000000000e+03 1.843879999999999963e-01
4.334500000000000000e+03 1.763349999999999917e-01
4.340500000000000000e+03 1.702909999999999979e-01
4.346500000000000000e+03 1.658449999999999924e-01
4.352500000000000000e+03 1.632450000000000012e-01
4.358500000000000000e+03 1.613420000000000132e-01
4.364500000000000000e+03 1.599129999999999996e-01
4.370500000000000000e+03 1.586599999999999955e-01
4.376500000000000000e+03 1.569589999999999874e-01
4.382500000000000000e+03 1.549800000000000066e-01
4.388500000000000000e+03 1.532940000000000136e-01
4.394500000000000000e+03 1.515390000000000070e-01
4.400500000000000000e+03 1.499860000000000082e-01
4.406500000000000000e+03 1.488609999999999933e-01
4.412500000000000000e+03 1.478200000000000069e-01
4.418500000000000000e+03 1.467160000000000131e-01
4.424500000000000000e+03 1.455670000000000019e-01
4.430500000000000000e+03 1.445410000000000028e-01
4.436500000000000000e+03 1.435919999999999974e-01
4.442500000000000000e+03 1.425269999999999870e-01
4.448500000000000000e+03 1.415470000000000061e-01
4.454500000000000000e+03 1.405909999999999938e-01
4.460500000000000000e+03 1.395720000000000016e-01
4.466500000000000000e+03 1.383939999999999892e-01
4.472500000000000000e+03 1.372379999999999989e-01
4.478500000000000000e+03 1.362690000000000012e-01
4.484500000000000000e+03 1.353800000000000003e-01
4.490500000000000000e+03 1.343179999999999930e-01
4.496500000000000000e+03 1.332059999999999911e-01
4.502500000000000000e+03 1.316559999999999953e-01
4.508500000000000000e+03 1.297349999999999892e-01
4.514500000000000000e+03 1.276380000000000015e-01
4.520500000000000000e+03 1.248930000000000040e-01
4.526500000000000000e+03 1.218120000000000036e-01
4.532500000000000000e+03 1.179869999999999947e-01
4.538500000000000000e+03 1.136029999999999957e-01
4.544500000000000000e+03 1.086130000000000012e-01
4.550500000000000000e+03 1.031389999999999946e-01
4.556500000000000000e+03 9.719590000000000174e-02
4.562500000000000000e+03 9.087159999999999682e-02
4.568500000000000000e+03 8.434579999999999855e-02
4.574500000000000000e+03 7.779049999999999854e-02
4.580500000000000000e+03 7.110370000000000579e-02
4.586500000000000000e+03 6.458999999999999464e-02
4.592500000000000000e+03 5.808030000000000137e-02
4.598500000000000000e+03 5.193380000000000218e-02
4.604500000000000000e+03 4.607580000000000009e-02
4.610500000000000000e+03 4.054699999999999971e-02
4.616500000000000000e+03 3.559289999999999676e-02
4.622500000000000000e+03 3.093840000000000132e-02
4.628500000000000000e+03 2.690210000000000171e-02
4.634500000000000000e+03 2.317469999999999947e-02
4.640500000000000000e+03 1.996140000000000067e-02
4.646500000000000000e+03 1.714219999999999980e-02
4.652500000000000000e+03 1.467790000000000067e-02
4.658500000000000000e+03 1.265160000000000069e-02
4.664500000000000000e+03 1.085559999999999997e-02
4.670500000000000000e+03 9.403109999999999247e-03
4.676500000000000000e+03 8.114140000000000588e-03
4.682500000000000000e+03 7.065929999999999780e-03
4.688500000000000000e+03 6.163090000000000408e-03
4.694500000000000000e+03 5.376279999999999774e-03
4.700500000000000000e+03 4.683640000000000199e-03
4.706500000000000000e+03 4.068269999999999699e-03
4.712500000000000000e+03 3.564819999999999794e-03
4.718500000000000000e+03 3.108660000000000069e-03
4.724500000000000000e+03 2.729969999999999966e-03
4.730500000000000000e+03 2.382969999999999880e-03
4.736500000000000000e+03 2.071089999999999823e-03
4.742500000000000000e+03 1.806639999999999982e-03
4.748500000000000000e+03 1.568200000000000063e-03
4.754500000000000000e+03 1.227009999999999950e-03
4.760500000000000000e+03 8.350919999999999524e-04
4.766500000000000000e+03 6.275249999999999795e-04
4.772500000000000000e+03 4.717379999999999751e-04
4.778500000000000000e+03 3.009530000000000169e-04
4.784500000000000000e+03 1.934759999999999887e-04
4.790500000000000000e+03 1.663690000000000058e-04
4.796500000000000000e+03 1.630419999999999884e-04
4.802500000000000000e+03 1.588620000000000114e-04
4.808500000000000000e+03 1.544849999999999956e-04
4.814500000000000000e+03 1.498389999999999998e-04
4.820500000000000000e+03 1.449549999999999970e-04
4.826500000000000000e+03 1.396969999999999874e-04
4.832500000000000000e+03 1.338780000000000081e-04
4.838500000000000000e+03 1.282929999999999997e-04
4.844500000000000000e+03 1.236420000000000065e-04
4.850500000000000000e+03 1.171570000000000033e-04
4.856500000000000000e+03 9.026850000000000488e-05
4.862500000000000000e+03 5.704570000000000170e-05
4.868500000000000000e+03 4.218770000000000267e-05
4.874500000000000000e+03 4.108340000000000039e-05
4.880500000000000000e+03 3.988889999999999683e-05
4.886500000000000000e+03 3.837090000000000222e-05
4.892500000000000000e+03 3.686469999999999960e-05
4.898500000000000000e+03 3.551979999999999829e-05
4.904500000000000000e+03 3.417199999999999741e-05
4.910500000000000000e+03 2.708339999999999890e-05
4.916500000000000000e+03 1.640349999999999973e-05
4.922500000000000000e+03 9.606430000000000451e-06
4.928500000000000000e+03 9.512860000000000600e-06
4.934500000000000000e+03 9.564959999999999644e-06
4.940500000000000000e+03 9.651289999999999544e-06
4.946500000000000000e+03 9.758030000000000829e-06
4.952500000000000000e+03 9.849429999999999649e-06
4.958500000000000000e+03 9.894089999999999997e-06
4.964500000000000000e+03 9.890379999999999655e-06
4.970500000000000000e+03 9.875029999999999878e-06
4.976500000000000000e+03 9.851049999999999474e-06
4.982500000000000000e+03 9.825599999999999574e-06
4.988500000000000000e+03 9.800190000000000778e-06
4.994500000000000000e+03 9.774780000000000288e-06
5.000500000000000000e+03 9.749360000000000792e-06
5.006500000000000000e+03 9.723459999999999905e-06
5.012500000000000000e+03 9.697039999999999910e-06
5.018500000000000000e+03 9.632240000000000124e-06
5.024500000000000000e+03 9.503959999999999719e-06
5.030500000000000000e+03 9.211800000000000470e-06
5.036500000000000000e+03 8.617670000000000113e-06
5.042500000000000000e+03 7.799650000000000785e-06
5.048500000000000000e+03 7.318409999999999952e-06
5.054500000000000000e+03 7.239899999999999919e-06
5.060500000000000000e+03 7.343620000000000003e-06
5.066500000000000000e+03 7.461149999999999706e-06
5.072500000000000000e+03 7.769579999999999564e-06
5.078500000000000000e+03 8.289049999999999861e-06
5.084500000000000000e+03 9.013749999999999885e-06
5.090500000000000000e+03 9.739729999999999666e-06
5.096500000000000000e+03 1.038610000000000039e-05
5.102500000000000000e+03 1.078449999999999983e-05
5.108500000000000000e+03 1.093140000000000007e-05
5.114500000000000000e+03 1.097369999999999964e-05
5.120500000000000000e+03 1.098410000000000043e-05
5.126500000000000000e+03 1.101740000000000060e-05
5.132500000000000000e+03 1.108980000000000011e-05
5.138500000000000000e+03 1.118730000000000044e-05
5.144500000000000000e+03 1.127339999999999950e-05
5.150500000000000000e+03 1.135989999999999944e-05
5.156500000000000000e+03 1.147259999999999922e-05
5.162500000000000000e+03 1.162329999999999932e-05
5.168500000000000000e+03 1.182199999999999964e-05
5.174500000000000000e+03 1.205909999999999945e-05
5.180500000000000000e+03 1.226759999999999923e-05
5.186500000000000000e+03 1.243360000000000069e-05
5.192500000000000000e+03 1.255180000000000068e-05
5.198500000000000000e+03 1.264869999999999970e-05
5.204500000000000000e+03 1.274940000000000028e-05
5.210500000000000000e+03 1.288489999999999923e-05
5.216500000000000000e+03 1.304940000000000079e-05
5.222500000000000000e+03 1.319750000000000027e-05
5.228500000000000000e+03 1.332100000000000002e-05
5.234500000000000000e+03 1.341870000000000080e-05
5.240500000000000000e+03 1.349800000000000019e-05
5.246500000000000000e+03 1.359199999999999963e-05
5.252500000000000000e+03 1.370740000000000025e-05
5.258500000000000000e+03 1.378909999999999983e-05
5.264500000000000000e+03 1.381720000000000046e-05
5.270500000000000000e+03 1.378809999999999933e-05
5.276500000000000000e+03 1.375620000000000053e-05
5.282500000000000000e+03 1.374579999999999975e-05
5.288500000000000000e+03 1.380119999999999925e-05
5.294500000000000000e+03 1.392419999999999960e-05
5.300500000000000000e+03 1.407990000000000050e-05
5.306500000000000000e+03 1.424900000000000029e-05
5.312500000000000000e+03 1.443980000000000022e-05
5.318500000000000000e+03 1.464439999999999992e-05
5.324500000000000000e+03 1.484100000000000072e-05
5.330500000000000000e+03 1.501449999999999999e-05
5.336500000000000000e+03 1.514060000000000036e-05
5.342500000000000000e+03 1.522299999999999977e-05
5.348500000000000000e+03 1.526710000000000160e-05
5.354500000000000000e+03 1.532260000000000132e-05
5.360500000000000000e+03 1.540080000000000000e-05
5.366500000000000000e+03 1.550920000000000052e-05
5.372500000000000000e+03 1.563489999999999832e-05
5.378500000000000000e+03 1.567800000000000134e-05
5.384500000000000000e+03 1.563260000000000005e-05
5.390500000000000000e+03 1.553060000000000001e-05
5.396500000000000000e+03 1.547040000000000015e-05
5.402500000000000000e+03 1.549240000000000095e-05
5.408500000000000000e+03 1.559059999999999943e-05
5.414500000000000000e+03 1.574779999999999854e-05
5.420500000000000000e+03 1.585919999999999886e-05
5.426500000000000000e+03 1.564380000000000089e-05
5.432500000000000000e+03 1.272339999999999917e-05
5.438500000000000000e+03 7.539069999999999970e-06
5.444500000000000000e+03 2.723400000000000048e-06
5.450500000000000000e+03 1.094429999999999961e-07
