1.709500000000000000e+03 0.000000000000000000e+00
1.713500000000000000e+03 2.065989999999999933e-06
1.717500000000000000e+03 8.443900000000000589e-06
1.721500000000000000e+03 1.835110000000000121e-05
1.725500000000000000e+03 2.470780000000000084e-05
1.729500000000000000e+03 2.669839999999999835e-05
1.733500000000000000e+03 2.741729999999999921e-05
1.737500000000000000e+03 2.833999999999999971e-05
1.741500000000000000e+03 2.942200000000000053e-05
1.745500000000000000e+03 3.051889999999999676e-05
1.749500000000000000e+03 3.162359999999999992e-05
1.753500000000000000e+03 3.269100000000000261e-05
1.757500000000000000e+03 3.370380000000000077e-05
1.761500000000000000e+03 3.446480000000000246e-05
1.765500000000000000e+03 3.492500000000000189e-05
1.769500000000000000e+03 3.502020000000000057e-05
1.773500000000000000e+03 3.485420000000000250e-05
1.777500000000000000e+03 3.440349999999999680e-05
1.781500000000000000e+03 3.382750000000000096e-05
1.785500000000000000e+03 3.315380000000000096e-05
1.789500000000000000e+03 3.247909999999999876e-05
1.793500000000000000e+03 3.185340000000000236e-05
1.797500000000000000e+03 3.141829999999999699e-05
1.801500000000000000e+03 3.131460000000000000e-05
1.805500000000000000e+03 3.160989999999999698e-05
1.809500000000000000e+03 3.225929999999999792e-05
1.813500000000000000e+03 3.324450000000000332e-05
1.817500000000000000e+03 3.442839999999999719e-05
1.821500000000000000e+03 3.567799999999999959e-05
1.825500000000000000e+03 3.684919999999999949e-05
1.829500000000000000e+03 3.770680000000000293e-05
1.833500000000000000e+03 3.814830000000000201e-05
1.837500000000000000e+03 3.804930000000000177e-05
1.841500000000000000e+03 3.740270000000000020e-05
1.845500000000000000e+03 3.610240000000000183e-05
1.849500000000000000e+03 3.429190000000000282e-05
1.853500000000000000e+03 3.192209999999999715e-05
1.857500000000000000e+03 2.934940000000000059e-05
1.861500000000000000e+03 2.659290000000000080e-05
1.865500000000000000e+03 2.391439999999999926e-05
1.869500000000000000e+03 2.137470000000000052e-05
1.873500000000000000e+03 1.917470000000000125e-05
1.877500000000000000e+03 1.739010000000000143e-05
1.881500000000000000e+03 1.631019999999999844e-05
1.885500000000000000e+03 1.576160000000000169e-05
1.889500000000000000e+03 1.597969999999999881e-05
1.893500000000000000e+03 1.679640000000000066e-05
1.897500000000000000e+03 1.802660000000000118e-05
1.901500000000000000e+03 1.969909999999999915e-05
1.905500000000000000e+03 2.154470000000000059e-05
1.909500000000000000e+03 2.356679999999999940e-05
1.913500000000000000e+03 2.554350000000000031e-05
1.917500000000000000e+03 2.749390000000000116e-05
1.921500000000000000e+03 2.927759999999999900e-05
1.925500000000000000e+03 3.092220000000000016e-05
1.929500000000000000e+03 3.217589999999999800e-05
1.933500000000000000e+03 3.306100000000000076e-05
1.937500000000000000e+03 3.341529999999999837e-05
1.941500000000000000e+03 3.338000000000000228e-05
1.945500000000000000e+03 3.292139999999999959e-05
1.949500000000000000e+03 3.245930000000000278e-05
1.953500000000000000e+03 3.217100000000000081e-05
1.957500000000000000e+03 3.203149999999999986e-05
1.961500000000000000e+03 3.225840000000000272e-05
1.965500000000000000e+03 3.271449999999999993e-05
1.969500000000000000e+03 3.332750000000000236e-05
1.973500000000000000e+03 3.391790000000000267e-05
1.977500000000000000e+03 3.449560000000000224e-05
1.981500000000000000e+03 3.507149999999999786e-05
1.985500000000000000e+03 3.547540000000000258e-05
1.989500000000000000e+03 3.583050000000000194e-05
1.993500000000000000e+03 3.625189999999999760e-05
1.997500000000000000e+03 3.673499999999999980e-05
2.001500000000000000e+03 3.726460000000000232e-05
2.005500000000000000e+03 3.783860000000000055e-05
2.009500000000000000e+03 3.842900000000000086e-05
2.013500000000000000e+03 3.902330000000000295e-05
2.017500000000000000e+03 3.959090000000000070e-05
2.021500000000000000e+03 4.017610000000000316e-05
2.025500000000000000e+03 4.081669999999999835e-05
2.029500000000000000e+03 4.151690000000000225e-05
2.033500000000000000e+03 4.225309999999999700e-05
2.037500000000000000e+03 4.297510000000000127e-05
2.041500000000000000e+03 4.368129999999999799e-05
2.045500000000000000e+03 4.439509999999999783e-05
2.049500000000000000e+03 4.512260000000000061e-05
2.053500000000000000e+03 4.583219999999999802e-05
2.057500000000000000e+03 4.658200000000000226e-05
2.061500000000000000e+03 4.739140000000000166e-05
2.065500000000000000e+03 4.828820000000000296e-05
2.069500000000000000e+03 4.940070000000000290e-05
2.073500000000000000e+03 5.061720000000000048e-05
2.077500000000000000e+03 5.195499999999999977e-05
2.081500000000000000e+03 5.337879999999999790e-05
2.085500000000000000e+03 5.482080000000000205e-05
2.089500000000000000e+03 5.625100000000000065e-05
2.093500000000000000e+03 5.782130000000000153e-05
2.097500000000000000e+03 5.941270000000000123e-05
2.101500000000000000e+03 6.114399999999999599e-05
2.105500000000000000e+03 6.359070000000000087e-05
2.109500000000000000e+03 6.637879999999999540e-05
2.113500000000000000e+03 6.959850000000000118e-05
2.117500000000000000e+03 7.167099999999999871e-05
2.121500000000000000e+03 7.323279999999999449e-05
2.125500000000000000e+03 7.326999999999999475e-05
2.129500000000000000e+03 7.170540000000000637e-05
2.133500000000000000e+03 6.973140000000000122e-05
2.137500000000000000e+03 6.760850000000000160e-05
2.141500000000000000e+03 6.507610000000000532e-05
2.145500000000000000e+03 6.239250000000000275e-05
2.149500000000000000e+03 5.929709999999999848e-05
2.153500000000000000e+03 5.506889999999999718e-05
2.157500000000000000e+03 5.055280000000000158e-05
2.161500000000000000e+03 4.555399999999999787e-05
2.165500000000000000e+03 4.169000000000000234e-05
2.169500000000000000e+03 3.815370000000000030e-05
2.173500000000000000e+03 3.624740000000000129e-05
2.177500000000000000e+03 3.568820000000000163e-05
2.181500000000000000e+03 3.543949999999999840e-05
2.185500000000000000e+03 3.518130000000000145e-05
2.189500000000000000e+03 3.493829999999999717e-05
2.193500000000000000e+03 3.463720000000000102e-05
2.197500000000000000e+03 3.432170000000000040e-05
2.201500000000000000e+03 3.398989999999999791e-05
2.205500000000000000e+03 3.369889999999999680e-05
2.209500000000000000e+03 3.342280000000000126e-05
2.213500000000000000e+03 3.315859999999999793e-05
2.217500000000000000e+03 3.290010000000000032e-05
2.221500000000000000e+03 3.277939999999999993e-05
2.225500000000000000e+03 3.283300000000000227e-05
2.229500000000000000e+03 3.293649999999999882e-05
2.233500000000000000e+03 3.308020000000000220e-05
2.237500000000000000e+03 3.317419999999999825e-05
2.241500000000000000e+03 3.323919999999999848e-05
2.245500000000000000e+03 3.326530000000000150e-05
2.249500000000000000e+03 3.340150000000000199e-05
2.253500000000000000e+03 3.359799999999999918e-05
2.257500000000000000e+03 3.396960000000000084e-05
2.261500000000000000e+03 3.449069999999999827e-05
2.265500000000000000e+03 3.506640000000000023e-05
2.269500000000000000e+03 3.581490000000000162e-05
2.273500000000000000e+03 3.671929999999999926e-05
2.277500000000000000e+03 3.764090000000000074e-05
2.281500000000000000e+03 3.865450000000000065e-05
2.285500000000000000e+03 3.981579999999999917e-05
2.289500000000000000e+03 4.098069999999999881e-05
2.293500000000000000e+03 4.236930000000000107e-05
2.297500000000000000e+03 4.398310000000000246e-05
2.301500000000000000e+03 4.563799999999999910e-05
2.305500000000000000e+03 4.753300000000000044e-05
2.309500000000000000e+03 4.970970000000000282e-05
2.313500000000000000e+03 5.194000000000000076e-05
2.317500000000000000e+03 5.468369999999999958e-05
2.321500000000000000e+03 5.800549999999999885e-05
2.325500000000000000e+03 6.144039999999999539e-05
2.329500000000000000e+03 6.578880000000000275e-05
2.333500000000000000e+03 7.099630000000000329e-05
2.337500000000000000e+03 7.638459999999999369e-05
2.341500000000000000e+03 8.315189999999999919e-05
2.345500000000000000e+03 9.122499999999999479e-05
2.349500000000000000e+03 9.963960000000000059e-05
2.353500000000000000e+03 1.104570000000000031e-04
2.357500000000000000e+03 1.234440000000000060e-04
2.361500000000000000e+03 1.369599999999999897e-04
2.365500000000000000e+03 1.547219999999999867e-04
2.369500000000000000e+03 1.762180000000000126e-04
2.373500000000000000e+03 2.018869999999999866e-04
2.377500000000000000e+03 2.561700000000000088e-04
2.381500000000000000e+03 3.281839999999999736e-04
2.385500000000000000e+03 4.040000000000000080e-04
2.389500000000000000e+03 4.932650000000000012e-04
2.393500000000000000e+03 5.999619999999999996e-04
2.397500000000000000e+03 7.327800000000000416e-04
2.401500000000000000e+03 9.226590000000000442e-04
2.405500000000000000e+03 1.136510000000000081e-03
2.409500000000000000e+03 1.366079999999999985e-03
2.413500000000000000e+03 1.694580000000000001e-03
2.417500000000000000e+03 2.093139999999999844e-03
2.421500000000000000e+03 2.522679999999999801e-03
2.425500000000000000e+03 3.119180000000000043e-03
2.429500000000000000e+03 3.826459999999999844e-03
2.433500000000000000e+03 4.580589999999999835e-03
2.437500000000000000e+03 5.565869999999999672e-03
2.441500000000000000e+03 6.685779999999999675e-03
2.445500000000000000e+03 7.861740000000000742e-03
2.449500000000000000e+03 9.280639999999999723e-03
2.453500000000000000e+03 1.082729999999999977e-02
2.457500000000000000e+03 1.242590000000000014e-02
2.461500000000000000e+03 1.418160000000000080e-02
2.465500000000000000e+03 1.600880000000000011e-02
2.469500000000000000e+03 1.785199999999999981e-02
2.473500000000000000e+03 1.968189999999999870e-02
2.477500000000000000e+03 2.150070000000000106e-02
2.481500000000000000e+03 2.329200000000000020e-02
2.485500000000000000e+03 2.489989999999999912e-02
2.489500000000000000e+03 2.642430000000000126e-02
2.493500000000000000e+03 2.789619999999999947e-02
2.497500000000000000e+03 2.909250000000000030e-02
2.501500000000000000e+03 3.018130000000000118e-02
2.505500000000000000e+03 3.123480000000000006e-02
2.509500000000000000e+03 3.208579999999999766e-02
2.513500000000000000e+03 3.285409999999999719e-02
2.517500000000000000e+03 3.359419999999999767e-02
2.521500000000000000e+03 3.425380000000000091e-02
2.525500000000000000e+03 3.495750000000000246e-02
2.529500000000000000e+03 3.568369999999999875e-02
2.533500000000000000e+03 3.642009999999999692e-02
2.537500000000000000e+03 3.720140000000000252e-02
2.541500000000000000e+03 3.805830000000000324e-02
2.545500000000000000e+03 3.897230000000000139e-02
2.549500000000000000e+03 3.994930000000000009e-02
2.553500000000000000e+03 4.096129999999999910e-02
2.557500000000000000e+03 4.200620000000000048e-02
2.561500000000000000e+03 4.306940000000000074e-02
2.565500000000000000e+03 4.414389999999999981e-02
2.569500000000000000e+03 4.520470000000000044e-02
2.573500000000000000e+03 4.631310000000000288e-02
2.577500000000000000e+03 4.744120000000000281e-02
2.581500000000000000e+03 4.852689999999999781e-02
2.585500000000000000e+03 4.965989999999999988e-02
2.589500000000000000e+03 5.083189999999999931e-02
2.593500000000000000e+03 5.206949999999999773e-02
2.597500000000000000e+03 5.334269999999999984e-02
2.601500000000000000e+03 5.466320000000000207e-02
2.605500000000000000e+03 5.609039999999999859e-02
2.609500000000000000e+03 5.753280000000000199e-02
2.613500000000000000e+03 5.907409999999999745e-02
2.617500000000000000e+03 6.064640000000000308e-02
2.621500000000000000e+03 6.232870000000000077e-02
2.625500000000000000e+03 6.405600000000000183e-02
2.629500000000000000e+03 6.585259999999999725e-02
2.633500000000000000e+03 6.772010000000000529e-02
2.637500000000000000e+03 6.958789999999999420e-02
2.641500000000000000e+03 7.152459999999999374e-02
2.645500000000000000e+03 7.345870000000000177e-02
2.649500000000000000e+03 7.543529999999999680e-02
2.653500000000000000e+03 7.737950000000000383e-02
2.657500000000000000e+03 7.931639999999999524e-02
2.661500000000000000e+03 8.120969999999999578e-02
2.665500000000000000e+03 8.304670000000000107e-02
2.669500000000000000e+03 8.478270000000000250e-02
2.673500000000000000e+03 8.647009999999999419e-02
2.677500000000000000e+03 8.801190000000000402e-02
2.681500000000000000e+03 8.944209999999999661e-02
2.685500000000000000e+03 9.074830000000000396e-02
2.689500000000000000e+03 9.188369999999999871e-02
2.693500000000000000e+03 9.293899999999999384e-02
2.697500000000000000e+03 9.380470000000000474e-02
2.701500000000000000e+03 9.461999999999999578e-02
2.705500000000000000e+03 9.528340000000000420e-02
2.709500000000000000e+03 9.583819999999999839e-02
2.713500000000000000e+03 9.632899999999999796e-02
2.717500000000000000e+03 9.668450000000000655e-02
2.721500000000000000e+03 9.702829999999999788e-02
2.725500000000000000e+03 9.733759999999999635e-02
2.729500000000000000e+03 9.765069999999999306e-02
2.733500000000000000e+03 9.793549999999999478e-02
2.737500000000000000e+03 9.820909999999999362e-02
2.741500000000000000e+03 9.846710000000000185e-02
2.745500000000000000e+03 9.871739999999999682e-02
2.749500000000000000e+03 9.891759999999999442e-02
2.753500000000000000e+03 9.915499999999999314e-02
2.757500000000000000e+03 9.935190000000000687e-02
2.761500000000000000e+03 9.953950000000000298e-02
2.765500000000000000e+03 9.971900000000000208e-02
2.769500000000000000e+03 9.988080000000000569e-02
2.773500000000000000e+03 1.000729999999999953e-01
2.777500000000000000e+03 1.003000000000000003e-01
2.781500000000000000e+03 1.006470000000000004e-01
2.785500000000000000e+03 1.010950000000000043e-01
2.789500000000000000e+03 1.016429999999999972e-01
2.793500000000000000e+03 1.022949999999999970e-01
2.797500000000000000e+03 1.030819999999999931e-01
2.801500000000000000e+03 1.042239999999999972e-01
2.805500000000000000e+03 1.057649999999999979e-01
2.809500000000000000e+03 1.079220000000000040e-01
2.813500000000000000e+03 1.108220000000000038e-01
2.817500000000000000e+03 1.150850000000000067e-01
2.821500000000000000e+03 1.212189999999999934e-01
2.825500000000000000e+03 1.300759999999999972e-01
2.829500000000000000e+03 1.433230000000000059e-01
2.833500000000000000e+03 1.620779999999999998e-01
2.837500000000000000e+03 1.894129999999999980e-01
2.841500000000000000e+03 2.259140000000000037e-01
2.845500000000000000e+03 2.749010000000000065e-01
2.849500000000000000e+03 3.347410000000000108e-01
2.853500000000000000e+03 4.057919999999999860e-01
2.857500000000000000e+03 4.841889999999999805e-01
2.861500000000000000e+03 5.678029999999999466e-01
2.865500000000000000e+03 6.498660000000000547e-01
2.869500000000000000e+03 7.264680000000000026e-01
2.873500000000000000e+03 7.944930000000000048e-01
2.877500000000000000e+03 8.486320000000000530e-01
2.881500000000000000e+03 8.921320000000000361e-01
2.885500000000000000e+03 9.215550000000000130e-01
2.889500000000000000e+03 9.423059999999999770e-01
2.893500000000000000e+03 9.550729999999999498e-01
2.897500000000000000e+03 9.639649999999999608e-01
2.901500000000000000e+03 9.707529999999999770e-01
2.905500000000000000e+03 9.775439999999999685e-01
2.909500000000000000e+03 9.831940000000000124e-01
2.913500000000000000e+03 9.879799999999999693e-01
2.917500000000000000e+03 9.927629999999999511e-01
2.921500000000000000e+03 9.955319999999999725e-01
2.925500000000000000e+03 9.972969999999999891e-01
2.929500000000000000e+03 9.982830000000000314e-01
2.933500000000000000e+03 9.982410000000000450e-01
2.937500000000000000e+03 9.982710000000000194e-01
2.941500000000000000e+03 9.982619999999999827e-01
2.945500000000000000e+03 9.987909999999999844e-01
2.949500000000000000e+03 9.997639999999999860e-01
2.953500000000000000e+03 1.000000000000000000e+00
2.957500000000000000e+03 9.987939999999999596e-01
2.961500000000000000e+03 9.943429999999999769e-01
2.965500000000000000e+03 9.847369999999999735e-01
2.969500000000000000e+03 9.678689999999999793e-01
2.973500000000000000e+03 9.426250000000000462e-01
2.977500000000000000e+03 9.069970000000000532e-01
2.981500000000000000e+03 8.592640000000000278e-01
2.985500000000000000e+03 8.005740000000000078e-01
2.989500000000000000e+03 7.318130000000000468e-01
2.993500000000000000e+03 6.560460000000000180e-01
2.997500000000000000e+03 5.775770000000000071e-01
3.001500000000000000e+03 4.980640000000000067e-01
3.005500000000000000e+03 4.228239999999999776e-01
3.009500000000000000e+03 3.541460000000000163e-01
3.013500000000000000e+03 2.937210000000000099e-01
3.017500000000000000e+03 2.456299999999999872e-01
3.021500000000000000e+03 2.070269999999999888e-01
3.025500000000000000e+03 1.782600000000000018e-01
3.029500000000000000e+03 1.581410000000000038e-01
3.033500000000000000e+03 1.433399999999999952e-01
3.037500000000000000e+03 1.338260000000000005e-01
3.041500000000000000e+03 1.267540000000000056e-01
3.045500000000000000e+03 1.213840000000000058e-01
3.049500000000000000e+03 1.171610000000000013e-01
3.053500000000000000e+03 1.144270000000000009e-01
3.057500000000000000e+03 1.124850000000000017e-01
3.061500000000000000e+03 1.108809999999999935e-01
3.065500000000000000e+03 1.095730000000000037e-01
3.069500000000000000e+03 1.086820000000000008e-01
3.073500000000000000e+03 1.081369999999999970e-01
3.077500000000000000e+03 1.076259999999999994e-01
3.081500000000000000e+03 1.071489999999999942e-01
3.085500000000000000e+03 1.067899999999999960e-01
3.089500000000000000e+03 1.064470000000000000e-01
3.093500000000000000e+03 1.061489999999999934e-01
3.097500000000000000e+03 1.058609999999999968e-01
3.101500000000000000e+03 1.055920000000000053e-01
3.105500000000000000e+03 1.053530000000000022e-01
3.109500000000000000e+03 1.050979999999999970e-01
3.113500000000000000e+03 1.048100000000000004e-01
3.117500000000000000e+03 1.044709999999999944e-01
3.121500000000000000e+03 1.041190000000000032e-01
3.125500000000000000e+03 1.036860000000000004e-01
3.129500000000000000e+03 1.032470000000000054e-01
3.133500000000000000e+03 1.027099999999999957e-01
3.137500000000000000e+03 1.021340000000000026e-01
3.141500000000000000e+03 1.014290000000000053e-01
3.145500000000000000e+03 1.007139999999999980e-01
3.149500000000000000e+03 9.996750000000000080e-02
3.153500000000000000e+03 9.910009999999999653e-02
3.157500000000000000e+03 9.825430000000000275e-02
3.161500000000000000e+03 9.734859999999999347e-02
3.165500000000000000e+03 9.644379999999999620e-02
3.169500000000000000e+03 9.550019999999999343e-02
3.173500000000000000e+03 9.449340000000000517e-02
3.177500000000000000e+03 9.347990000000000466e-02
3.181500000000000000e+03 9.236239999999999728e-02
3.185500000000000000e+03 9.112629999999999342e-02
3.189500000000000000e+03 8.981699999999999406e-02
3.193500000000000000e+03 8.815040000000000375e-02
3.197500000000000000e+03 8.633209999999999495e-02
3.201500000000000000e+03 8.415330000000000032e-02
3.205500000000000000e+03 8.167449999999999710e-02
3.209500000000000000e+03 7.894980000000000053e-02
3.213500000000000000e+03 7.580789999999999751e-02
3.217500000000000000e+03 7.259240000000000137e-02
3.221500000000000000e+03 6.909079999999999389e-02
3.225500000000000000e+03 6.548829999999999929e-02
3.229500000000000000e+03 6.188939999999999719e-02
3.233500000000000000e+03 5.826169999999999960e-02
3.237500000000000000e+03 5.469090000000000062e-02
3.241500000000000000e+03 5.128590000000000232e-02
3.245500000000000000e+03 4.801140000000000269e-02
3.249500000000000000e+03 4.500269999999999965e-02
3.253500000000000000e+03 4.221509999999999846e-02
3.257500000000000000e+03 3.973000000000000143e-02
3.261500000000000000e+03 3.754960000000000242e-02
3.265500000000000000e+03 3.556800000000000239e-02
3.269500000000000000e+03 3.392810000000000270e-02
3.273500000000000000e+03 3.246129999999999849e-02
3.277500000000000000e+03 3.120989999999999875e-02
3.281500000000000000e+03 3.011360000000000078e-02
3.285500000000000000e+03 2.917219999999999883e-02
3.289500000000000000e+03 2.833360000000000045e-02
3.293500000000000000e+03 2.755530000000000132e-02
3.297500000000000000e+03 2.684550000000000131e-02
3.301500000000000000e+03 2.617260000000000073e-02
3.305500000000000000e+03 2.548189999999999830e-02
3.309500000000000000e+03 2.477810000000000082e-02
3.313500000000000000e+03 2.408479999999999996e-02
3.317500000000000000e+03 2.330489999999999992e-02
3.321500000000000000e+03 2.244710000000000108e-02
3.325500000000000000e+03 2.157529999999999865e-02
3.329500000000000000e+03 2.064919999999999950e-02
3.333500000000000000e+03 1.967299999999999952e-02
3.337500000000000000e+03 1.866699999999999957e-02
3.341500000000000000e+03 1.757560000000000025e-02
3.345500000000000000e+03 1.643870000000000053e-02
3.349500000000000000e+03 1.532279999999999927e-02
3.353500000000000000e+03 1.420820000000000069e-02
3.357500000000000000e+03 1.307829999999999930e-02
3.361500000000000000e+03 1.195249999999999958e-02
3.365500000000000000e+03 1.087549999999999975e-02
3.369500000000000000e+03 9.818189999999999210e-03
3.373500000000000000e+03 8.782899999999999735e-03
3.377500000000000000e+03 7.839360000000000078e-03
3.381500000000000000e+03 6.942219999999999815e-03
3.385500000000000000e+03 6.080529999999999789e-03
3.389500000000000000e+03 5.330729999999999670e-03
3.393500000000000000e+03 4.637210000000000117e-03
3.397500000000000000e+03 3.978950000000000195e-03
3.401500000000000000e+03 3.424079999999999919e-03
3.405500000000000000e+03 2.930959999999999815e-03
3.409500000000000000e+03 2.474360000000000101e-03
3.413500000000000000e+03 2.105529999999999988e-03
3.417500000000000000e+03 1.786049999999999964e-03
3.421500000000000000e+03 1.496600000000000057e-03
3.425500000000000000e+03 1.267930000000000012e-03
3.429500000000000000e+03 1.065579999999999999e-03
3.433500000000000000e+03 8.792990000000000528e-04
3.437500000000000000e+03 7.387529999999999791e-04
3.441500000000000000e+03 6.189039999999999819e-04
3.445500000000000000e+03 5.125239999999999874e-04
3.449500000000000000e+03 4.320199999999999735e-04
3.453500000000000000e+03 3.627459999999999994e-04
3.457500000000000000e+03 3.021200000000000144e-04
3.461500000000000000e+03 2.568080000000000254e-04
3.465500000000000000e+03 2.179650000000000044e-04
3.469500000000000000e+03 1.842869999999999925e-04
3.473500000000000000e+03 1.591379999999999932e-04
3.477500000000000000e+03 1.374570000000000089e-04
3.481500000000000000e+03 1.188789999999999980e-04
3.485500000000000000e+03 1.053080000000000021e-04
3.489500000000000000e+03 9.358509999999999952e-05
3.493500000000000000e+03 8.361790000000000455e-05
3.497500000000000000e+03 7.673409999999999433e-05
3.501500000000000000e+03 7.097170000000000355e-05
3.505500000000000000e+03 6.618179999999999712e-05
3.509500000000000000e+03 6.303650000000000540e-05
3.513500000000000000e+03 6.052240000000000180e-05
3.517500000000000000e+03 5.861079999999999795e-05
3.521500000000000000e+03 5.744839999999999702e-05
3.525500000000000000e+03 5.652940000000000124e-05
3.529500000000000000e+03 5.569540000000000211e-05
3.533500000000000000e+03 5.503919999999999982e-05
3.537500000000000000e+03 5.446810000000000117e-05
3.541500000000000000e+03 5.387949999999999803e-05
3.545500000000000000e+03 5.300070000000000231e-05
3.549500000000000000e+03 5.168509999999999749e-05
3.553500000000000000e+03 5.000759999999999873e-05
3.557500000000000000e+03 4.820019999999999974e-05
3.561500000000000000e+03 4.633180000000000252e-05
3.565500000000000000e+03 4.449910000000000226e-05
3.569500000000000000e+03 4.286939999999999989e-05
3.573500000000000000e+03 4.126799999999999859e-05
3.577500000000000000e+03 3.977710000000000241e-05
3.581500000000000000e+03 3.832400000000000102e-05
3.585500000000000000e+03 3.698360000000000281e-05
3.589500000000000000e+03 3.596419999999999695e-05
3.593500000000000000e+03 3.484780000000000202e-05
3.597500000000000000e+03 3.350249999999999984e-05
3.601500000000000000e+03 3.224190000000000042e-05
3.605500000000000000e+03 3.094150000000000183e-05
3.609500000000000000e+03 2.952939999999999886e-05
3.613500000000000000e+03 2.828620000000000033e-05
3.617500000000000000e+03 2.731880000000000007e-05
3.621500000000000000e+03 2.643710000000000138e-05
3.625500000000000000e+03 2.580579999999999948e-05
3.629500000000000000e+03 2.540800000000000136e-05
3.633500000000000000e+03 2.506889999999999981e-05
3.637500000000000000e+03 2.482889999999999872e-05
3.641500000000000000e+03 2.482540000000000121e-05
3.645500000000000000e+03 2.493840000000000165e-05
3.649500000000000000e+03 2.509750000000000154e-05
3.653500000000000000e+03 2.531530000000000138e-05
3.657500000000000000e+03 2.554279999999999878e-05
3.661500000000000000e+03 2.572110000000000010e-05
3.665500000000000000e+03 2.585659999999999906e-05
3.669500000000000000e+03 2.601149999999999990e-05
3.673500000000000000e+03 2.616569999999999920e-05
3.677500000000000000e+03 2.631330000000000097e-05
3.681500000000000000e+03 2.650729999999999946e-05
3.685500000000000000e+03 2.680600000000000051e-05
3.689500000000000000e+03 2.711360000000000075e-05
3.693500000000000000e+03 2.739460000000000026e-05
3.697500000000000000e+03 2.770619999999999911e-05
3.701500000000000000e+03 2.813449999999999973e-05
3.705500000000000000e+03 2.858209999999999863e-05
3.709500000000000000e+03 2.910949999999999971e-05
3.713500000000000000e+03 2.965809999999999985e-05
3.717500000000000000e+03 3.014149999999999932e-05
3.721500000000000000e+03 3.051600000000000056e-05
3.725500000000000000e+03 3.099660000000000067e-05
3.729500000000000000e+03 3.153170000000000170e-05
3.733500000000000000e+03 3.202010000000000197e-05
3.737500000000000000e+03 3.249340000000000301e-05
3.741500000000000000e+03 3.296290000000000250e-05
3.745500000000000000e+03 3.334200000000000027e-05
3.749500000000000000e+03 3.363700000000000338e-05
3.753500000000000000e+03 3.385580000000000203e-05
3.757500000000000000e+03 3.389069999999999724e-05
3.761500000000000000e+03 3.378349999999999935e-05
3.765500000000000000e+03 3.360810000000000099e-05
3.769500000000000000e+03 3.341909999999999992e-05
3.773500000000000000e+03 3.307420000000000260e-05
3.777500000000000000e+03 3.267299999999999702e-05
3.781500000000000000e+03 3.230029999999999973e-05
3.785500000000000000e+03 3.205980000000000093e-05
3.789500000000000000e+03 3.182200000000000127e-05
3.793500000000000000e+03 3.161230000000000225e-05
3.797500000000000000e+03 3.144969999999999808e-05
3.801500000000000000e+03 3.127639999999999755e-05
3.805500000000000000e+03 3.105759999999999890e-05
3.809500000000000000e+03 3.098220000000000298e-05
3.813500000000000000e+03 3.104749999999999708e-05
3.817500000000000000e+03 3.112869999999999895e-05
3.821500000000000000e+03 3.123019999999999789e-05
3.825500000000000000e+03 3.083990000000000266e-05
3.829500000000000000e+03 2.800810000000000040e-05
3.833500000000000000e+03 2.358869999999999999e-05
3.837500000000000000e+03 2.053410000000000047e-05
3.841500000000000000e+03 1.626530000000000163e-05
3.845500000000000000e+03 1.170069999999999963e-05
3.849500000000000000e+03 9.980539999999999822e-06
3.853500000000000000e+03 9.970670000000000541e-06
3.857500000000000000e+03 9.960769999999999162e-06
3.861500000000000000e+03 9.950620000000000623e-06
3.865500000000000000e+03 9.940010000000000398e-06
3.869500000000000000e+03 9.930830000000000259e-06
3.873500000000000000e+03 9.959170000000000736e-06
3.877500000000000000e+03 1.004739999999999972e-05
3.881500000000000000e+03 1.014249999999999988e-05
3.885500000000000000e+03 1.025690000000000000e-05
3.889500000000000000e+03 1.043230000000000005e-05
3.893500000000000000e+03 1.068060000000000071e-05
3.897500000000000000e+03 1.094429999999999955e-05
3.901500000000000000e+03 1.124530000000000057e-05
3.905500000000000000e+03 1.158029999999999990e-05
3.909500000000000000e+03 1.192249999999999978e-05
3.913500000000000000e+03 1.227399999999999971e-05
3.917500000000000000e+03 1.262329999999999991e-05
3.921500000000000000e+03 1.295020000000000012e-05
3.925500000000000000e+03 1.324870000000000073e-05
3.929500000000000000e+03 1.354130000000000027e-05
3.933500000000000000e+03 1.378870000000000064e-05
3.937500000000000000e+03 1.396339999999999916e-05
3.941500000000000000e+03 1.409799999999999953e-05
3.945500000000000000e+03 1.417860000000000008e-05
3.949500000000000000e+03 1.415909999999999967e-05
3.953500000000000000e+03 1.407750000000000032e-05
3.957500000000000000e+03 1.402859999999999982e-05
3.961500000000000000e+03 1.396950000000000067e-05
3.965500000000000000e+03 1.384999999999999953e-05
3.969500000000000000e+03 1.371489999999999976e-05
3.973500000000000000e+03 1.360390000000000031e-05
3.977500000000000000e+03 1.355329999999999948e-05
3.981500000000000000e+03 1.351900000000000050e-05
3.985500000000000000e+03 1.350270000000000033e-05
3.989500000000000000e+03 1.348640000000000017e-05
3.993500000000000000e+03 1.346989999999999956e-05
3.997500000000000000e+03 1.345330000000000043e-05
4.001500000000000000e+03 1.343679999999999983e-05
4.005500000000000000e+03 1.342029999999999922e-05
4.009500000000000000e+03 1.340370000000000010e-05
4.013500000000000000e+03 1.338690000000000053e-05
4.017500000000000000e+03 1.337000000000000074e-05
4.021500000000000000e+03 1.335309999999999926e-05
4.025500000000000000e+03 1.333629999999999969e-05
4.029500000000000000e+03 1.331939999999999990e-05
4.033500000000000000e+03 1.330260000000000033e-05
4.037500000000000000e+03 1.329500000000000061e-05
4.041500000000000000e+03 1.334399999999999963e-05
4.045500000000000000e+03 1.342759999999999998e-05
4.049500000000000000e+03 1.350169999999999983e-05
4.053500000000000000e+03 1.352259999999999992e-05
4.057500000000000000e+03 1.356709999999999924e-05
4.061500000000000000e+03 1.366280000000000071e-05
4.065500000000000000e+03 1.380349999999999921e-05
4.069500000000000000e+03 1.392140000000000024e-05
4.073500000000000000e+03 1.398659999999999921e-05
4.077500000000000000e+03 1.397710000000000040e-05
4.081500000000000000e+03 1.395310000000000029e-05
4.085500000000000000e+03 1.396410000000000069e-05
4.089500000000000000e+03 1.405539999999999929e-05
4.093500000000000000e+03 1.412739999999999962e-05
4.097500000000000000e+03 1.416739999999999924e-05
4.101500000000000000e+03 1.421789999999999986e-05
4.105500000000000000e+03 1.433930000000000008e-05
4.109500000000000000e+03 1.449909999999999981e-05
4.113500000000000000e+03 1.465419999999999939e-05
4.117500000000000000e+03 1.484419999999999926e-05
4.121500000000000000e+03 1.506049999999999921e-05
4.125500000000000000e+03 1.531669999999999855e-05
4.129500000000000000e+03 1.556000000000000010e-05
4.133500000000000000e+03 1.576890000000000076e-05
4.137500000000000000e+03 1.590889999999999942e-05
4.141500000000000000e+03 1.605620000000000053e-05
4.145500000000000000e+03 1.622440000000000004e-05
4.149500000000000000e+03 1.641399999999999904e-05
4.153500000000000000e+03 1.655050000000000019e-05
4.157500000000000000e+03 1.664419999999999897e-05
4.161500000000000000e+03 1.668719999999999839e-05
4.165500000000000000e+03 1.672410000000000137e-05
4.169500000000000000e+03 1.680219999999999983e-05
4.173500000000000000e+03 1.697179999999999902e-05
4.177500000000000000e+03 1.713300000000000012e-05
4.181500000000000000e+03 1.726610000000000059e-05
4.185500000000000000e+03 1.736299999999999961e-05
4.189500000000000000e+03 1.754570000000000042e-05
4.193500000000000000e+03 1.775799999999999837e-05
4.197500000000000000e+03 1.797120000000000168e-05
4.201500000000000000e+03 1.816039999999999980e-05
4.205500000000000000e+03 1.837669999999999975e-05
4.209500000000000000e+03 1.866590000000000030e-05
4.213500000000000000e+03 1.893269999999999917e-05
4.217500000000000000e+03 1.917170000000000145e-05
4.221500000000000000e+03 1.937639999999999968e-05
4.225500000000000000e+03 1.967060000000000103e-05
4.229500000000000000e+03 1.995529999999999849e-05
4.233500000000000000e+03 2.018129999999999938e-05
4.237500000000000000e+03 2.037220000000000122e-05
4.241500000000000000e+03 2.056230000000000132e-05
4.245500000000000000e+03 2.075429999999999880e-05
4.249500000000000000e+03 2.083560000000000089e-05
4.253500000000000000e+03 2.087839999999999987e-05
4.257500000000000000e+03 2.088289999999999957e-05
4.261500000000000000e+03 2.089999999999999980e-05
4.265500000000000000e+03 2.094850000000000111e-05
4.269500000000000000e+03 2.104149999999999836e-05
4.273500000000000000e+03 2.113500000000000009e-05
4.277500000000000000e+03 2.124330000000000039e-05
4.281500000000000000e+03 2.137810000000000120e-05
4.285500000000000000e+03 2.156399999999999886e-05
4.289500000000000000e+03 2.176349999999999924e-05
4.293500000000000000e+03 2.198279999999999898e-05
4.297500000000000000e+03 2.223819999999999996e-05
4.301500000000000000e+03 2.246600000000000140e-05
4.305500000000000000e+03 2.265740000000000096e-05
4.309500000000000000e+03 2.285279999999999912e-05
4.313500000000000000e+03 2.308500000000000005e-05
4.317500000000000000e+03 2.335440000000000123e-05
4.321500000000000000e+03 2.355810000000000065e-05
4.325500000000000000e+03 2.372719999999999875e-05
4.329500000000000000e+03 2.386090000000000053e-05
4.333500000000000000e+03 2.405280000000000119e-05
4.337500000000000000e+03 2.426280000000000087e-05
4.341500000000000000e+03 2.449320000000000124e-05
4.345500000000000000e+03 2.470099999999999949e-05
4.349500000000000000e+03 2.494290000000000136e-05
4.353500000000000000e+03 2.521740000000000017e-05
4.357500000000000000e+03 2.549079999999999995e-05
4.361500000000000000e+03 2.571660000000000040e-05
4.365500000000000000e+03 2.590939999999999964e-05
4.369500000000000000e+03 2.616790000000000064e-05
4.373500000000000000e+03 2.643729999999999843e-05
4.377500000000000000e+03 2.671320000000000031e-05
4.381500000000000000e+03 2.692399999999999836e-05
4.385500000000000000e+03 2.716500000000000165e-05
4.389500000000000000e+03 2.741620000000000019e-05
4.393500000000000000e+03 2.765620000000000128e-05
4.397500000000000000e+03 2.787200000000000013e-05
4.401500000000000000e+03 2.808230000000000047e-05
4.405500000000000000e+03 2.835320000000000155e-05
4.409500000000000000e+03 2.861070000000000036e-05
4.413500000000000000e+03 2.886489999999999870e-05
4.417500000000000000e+03 2.909770000000000095e-05
4.421500000000000000e+03 2.937140000000000139e-05
4.425500000000000000e+03 2.965710000000000104e-05
4.429500000000000000e+03 2.990219999999999977e-05
4.433500000000000000e+03 3.011809999999999883e-05
4.437500000000000000e+03 3.032330000000000154e-05
4.441500000000000000e+03 3.059999999999999840e-05
4.445500000000000000e+03 3.093260000000000264e-05
4.449500000000000000e+03 3.130590000000000125e-05
4.453500000000000000e+03 3.165580000000000276e-05
4.457500000000000000e+03 3.202419999999999741e-05
4.461500000000000000e+03 3.241200000000000071e-05
4.465500000000000000e+03 3.285959999999999961e-05
4.469500000000000000e+03 3.331329999999999833e-05
4.473500000000000000e+03 3.379630000000000031e-05
4.477500000000000000e+03 3.430529999999999832e-05
4.481500000000000000e+03 3.479180000000000120e-05
4.485500000000000000e+03 3.527509999999999706e-05
4.489500000000000000e+03 3.574370000000000135e-05
4.493500000000000000e+03 3.616160000000000289e-05
4.497500000000000000e+03 3.654500000000000332e-05
4.501500000000000000e+03 3.657109999999999956e-05
4.505500000000000000e+03 3.552529999999999680e-05
4.509500000000000000e+03 3.400619999999999977e-05
4.513500000000000000e+03 3.285760000000000200e-05
4.517500000000000000e+03 3.303430000000000320e-05
4.521500000000000000e+03 3.318790000000000119e-05
4.525500000000000000e+03 3.197279999999999990e-05
4.529500000000000000e+03 3.028549999999999997e-05
4.533500000000000000e+03 2.868960000000000057e-05
4.537500000000000000e+03 2.882179999999999906e-05
4.541500000000000000e+03 2.983170000000000103e-05
4.545500000000000000e+03 3.146040000000000121e-05
4.549500000000000000e+03 3.274779999999999841e-05
4.553500000000000000e+03 3.387410000000000150e-05
4.557500000000000000e+03 3.520310000000000182e-05
4.561500000000000000e+03 3.705750000000000222e-05
4.565500000000000000e+03 3.843969999999999722e-05
4.569500000000000000e+03 3.989219999999999729e-05
4.573500000000000000e+03 4.122310000000000178e-05
4.577500000000000000e+03 4.248730000000000231e-05
4.581500000000000000e+03 4.331590000000000315e-05
4.585500000000000000e+03 4.180909999999999922e-05
4.589500000000000000e+03 3.663299999999999976e-05
4.593500000000000000e+03 3.038620000000000055e-05
4.597500000000000000e+03 2.588220000000000098e-05
4.601500000000000000e+03 2.500410000000000002e-05
4.605500000000000000e+03 2.259139999999999854e-05
4.609500000000000000e+03 1.630690000000000137e-05
4.613500000000000000e+03 9.635569999999999294e-06
4.617500000000000000e+03 3.874360000000000290e-06
4.621500000000000000e+03 1.795449999999999894e-06
4.625500000000000000e+03 1.240320000000000084e-07
