1.438000000000000000e+03 0.000000000000000000e+00
1.441000000000000000e+03 4.665930000000000011e-11
1.444000000000000000e+03 4.191659999999999771e-10
1.447000000000000000e+03 8.381789999999999859e-10
1.450000000000000000e+03 1.227250000000000079e-09
1.453000000000000000e+03 1.303230000000000058e-09
1.456000000000000000e+03 1.297520000000000085e-09
1.459000000000000000e+03 1.291809999999999906e-09
1.462000000000000000e+03 1.165479999999999991e-09
1.465000000000000000e+03 7.522820000000000291e-10
1.468000000000000000e+03 3.390850000000000238e-10
1.471000000000000000e+03 2.145549999999999961e-11
1.474000000000000000e+03 4.220719999999999811e-13
1.477000000000000000e+03 4.809049999999999587e-13
1.480000000000000000e+03 5.392699999999999832e-13
1.483000000000000000e+03 5.948120000000000104e-13
1.486000000000000000e+03 6.498859999999999836e-13
1.489000000000000000e+03 7.048779999999999779e-13
1.492000000000000000e+03 7.581650000000000314e-13
1.495000000000000000e+03 8.108070000000000408e-13
1.498000000000000000e+03 8.634490000000000501e-13
1.501000000000000000e+03 9.151330000000000750e-13
1.504000000000000000e+03 9.659919999999999495e-13
1.507000000000000000e+03 1.016850000000000055e-12
1.510000000000000000e+03 1.067249999999999921e-12
1.513000000000000000e+03 1.116739999999999945e-12
1.516000000000000000e+03 1.166200000000000019e-12
1.519000000000000000e+03 1.217019999999999998e-12
1.522000000000000000e+03 1.271409999999999931e-12
1.525000000000000000e+03 1.325929999999999986e-12
1.528000000000000000e+03 1.833189999999999953e-08
1.531000000000000000e+03 1.694620000000000122e-07
1.534000000000000000e+03 3.411640000000000234e-07
1.537000000000000000e+03 5.148749999999999832e-07
1.540000000000000000e+03 8.097190000000000523e-07
1.543000000000000000e+03 1.213139999999999916e-06
1.546000000000000000e+03 1.616560000000000071e-06
1.549000000000000000e+03 2.008970000000000181e-06
1.552000000000000000e+03 2.422240000000000122e-06
1.555000000000000000e+03 2.838010000000000040e-06
1.558000000000000000e+03 3.260320000000000067e-06
1.561000000000000000e+03 3.669250000000000063e-06
1.564000000000000000e+03 4.071909999999999779e-06
1.567000000000000000e+03 4.478790000000000363e-06
1.570000000000000000e+03 4.925159999999999614e-06
1.573000000000000000e+03 5.383610000000000282e-06
1.576000000000000000e+03 5.844000000000000290e-06
1.579000000000000000e+03 6.335329999999999701e-06
1.582000000000000000e+03 6.843250000000000083e-06
1.585000000000000000e+03 7.351169999999999618e-06
1.588000000000000000e+03 8.021769999999999601e-06
1.591000000000000000e+03 8.797879999999999527e-06
1.594000000000000000e+03 9.574979999999999253e-06
1.597000000000000000e+03 1.038850000000000057e-05
1.600000000000000000e+03 1.140099999999999977e-05
1.603000000000000000e+03 1.244280000000000054e-05
1.606000000000000000e+03 1.340320000000000069e-05
1.609000000000000000e+03 1.414150000000000004e-05
1.612000000000000000e+03 1.487219999999999967e-05
1.615000000000000000e+03 1.560500000000000052e-05
1.618000000000000000e+03 1.619050000000000025e-05
1.621000000000000000e+03 1.660839999999999840e-05
1.624000000000000000e+03 1.702619999999999972e-05
1.627000000000000000e+03 1.744580000000000159e-05
1.630000000000000000e+03 1.787800000000000061e-05
1.633000000000000000e+03 1.831080000000000094e-05
1.636000000000000000e+03 1.873840000000000003e-05
1.639000000000000000e+03 1.915750000000000081e-05
1.642000000000000000e+03 1.957610000000000049e-05
1.645000000000000000e+03 2.001200000000000084e-05
1.648000000000000000e+03 2.048010000000000065e-05
1.651000000000000000e+03 2.094639999999999989e-05
1.654000000000000000e+03 2.141060000000000131e-05
1.657000000000000000e+03 2.189370000000000012e-05
1.660000000000000000e+03 2.240319999999999923e-05
1.663000000000000000e+03 2.291279999999999855e-05
1.666000000000000000e+03 2.341940000000000146e-05
1.669000000000000000e+03 2.391759999999999950e-05
1.672000000000000000e+03 2.441550000000000027e-05
1.675000000000000000e+03 2.495579999999999915e-05
1.678000000000000000e+03 2.552129999999999907e-05
1.681000000000000000e+03 2.608689999999999921e-05
1.684000000000000000e+03 2.669219999999999831e-05
1.687000000000000000e+03 2.739839999999999843e-05
1.690000000000000000e+03 2.812209999999999965e-05
1.693000000000000000e+03 2.884150000000000160e-05
1.696000000000000000e+03 2.959479999999999996e-05
1.699000000000000000e+03 3.039070000000000025e-05
1.702000000000000000e+03 3.120309999999999946e-05
1.705000000000000000e+03 3.213980000000000016e-05
1.708000000000000000e+03 3.308719999999999722e-05
1.711000000000000000e+03 3.404809999999999678e-05
1.714000000000000000e+03 3.544249999999999820e-05
1.717000000000000000e+03 3.713629999999999882e-05
1.720000000000000000e+03 3.884720000000000306e-05
1.723000000000000000e+03 3.972670000000000032e-05
1.726000000000000000e+03 4.020940000000000164e-05
1.729000000000000000e+03 4.084260000000000093e-05
1.732000000000000000e+03 4.144119999999999889e-05
1.735000000000000000e+03 4.107989999999999949e-05
1.738000000000000000e+03 3.995610000000000188e-05
1.741000000000000000e+03 3.878889999999999720e-05
1.744000000000000000e+03 3.737570000000000199e-05
1.747000000000000000e+03 3.586110000000000128e-05
1.750000000000000000e+03 3.429740000000000132e-05
1.753000000000000000e+03 3.210529999999999905e-05
1.756000000000000000e+03 2.952629999999999884e-05
1.759000000000000000e+03 2.692070000000000129e-05
1.762000000000000000e+03 2.529899999999999952e-05
1.765000000000000000e+03 2.373789999999999849e-05
1.768000000000000000e+03 2.198009999999999984e-05
1.771000000000000000e+03 2.021890000000000051e-05
1.774000000000000000e+03 1.935190000000000017e-05
1.777000000000000000e+03 1.921269999999999987e-05
1.780000000000000000e+03 1.908449999999999998e-05
1.783000000000000000e+03 1.898910000000000086e-05
1.786000000000000000e+03 1.889069999999999855e-05
1.789000000000000000e+03 1.878729999999999883e-05
1.792000000000000000e+03 1.865159999999999944e-05
1.795000000000000000e+03 1.854499999999999947e-05
1.798000000000000000e+03 1.844380000000000119e-05
1.801000000000000000e+03 1.837700000000000040e-05
1.804000000000000000e+03 1.828930000000000123e-05
1.807000000000000000e+03 1.818939999999999902e-05
1.810000000000000000e+03 1.812690000000000088e-05
1.813000000000000000e+03 1.813199999999999851e-05
1.816000000000000000e+03 1.816009999999999914e-05
1.819000000000000000e+03 1.817440000000000001e-05
1.822000000000000000e+03 1.818100000000000093e-05
1.825000000000000000e+03 1.823619999999999999e-05
1.828000000000000000e+03 1.830409999999999980e-05
1.831000000000000000e+03 1.842980000000000098e-05
1.834000000000000000e+03 1.852909999999999849e-05
1.837000000000000000e+03 1.862949999999999841e-05
1.840000000000000000e+03 1.880289999999999916e-05
1.843000000000000000e+03 1.905860000000000079e-05
1.846000000000000000e+03 1.933330000000000004e-05
1.849000000000000000e+03 1.962570000000000083e-05
1.852000000000000000e+03 1.998440000000000131e-05
1.855000000000000000e+03 2.038179999999999856e-05
1.858000000000000000e+03 2.085430000000000123e-05
1.861000000000000000e+03 2.145869999999999836e-05
1.864000000000000000e+03 2.208230000000000032e-05
1.867000000000000000e+03 2.273049999999999862e-05
1.870000000000000000e+03 2.349439999999999989e-05
1.873000000000000000e+03 2.440930000000000023e-05
1.876000000000000000e+03 2.535919999999999939e-05
1.879000000000000000e+03 2.648190000000000136e-05
1.882000000000000000e+03 2.772019999999999931e-05
1.885000000000000000e+03 2.898940000000000064e-05
1.888000000000000000e+03 3.058139999999999828e-05
1.891000000000000000e+03 3.244779999999999789e-05
1.894000000000000000e+03 3.440089999999999788e-05
1.897000000000000000e+03 3.665959999999999710e-05
1.900000000000000000e+03 3.940689999999999704e-05
1.903000000000000000e+03 4.245610000000000166e-05
1.906000000000000000e+03 4.580409999999999739e-05
1.909000000000000000e+03 4.998740000000000187e-05
1.912000000000000000e+03 5.465549999999999873e-05
1.915000000000000000e+03 5.960889999999999776e-05
1.918000000000000000e+03 6.596470000000000220e-05
1.921000000000000000e+03 7.324639999999999721e-05
1.924000000000000000e+03 8.090089999999999651e-05
1.927000000000000000e+03 9.092379999999999842e-05
1.930000000000000000e+03 1.027829999999999949e-04
1.933000000000000000e+03 1.153040000000000060e-04
1.936000000000000000e+03 1.326950000000000026e-04
1.939000000000000000e+03 1.624119999999999893e-04
1.942000000000000000e+03 2.312190000000000100e-04
1.945000000000000000e+03 3.005129999999999737e-04
1.948000000000000000e+03 3.599319999999999820e-04
1.951000000000000000e+03 4.303600000000000199e-04
1.954000000000000000e+03 5.202510000000000034e-04
1.957000000000000000e+03 6.758579999999999926e-04
1.960000000000000000e+03 8.433979999999999776e-04
1.963000000000000000e+03 1.002129999999999948e-03
1.966000000000000000e+03 1.216400000000000077e-03
1.969000000000000000e+03 1.472779999999999923e-03
1.972000000000000000e+03 1.750210000000000090e-03
1.975000000000000000e+03 2.101449999999999933e-03
1.978000000000000000e+03 2.520689999999999910e-03
1.981000000000000000e+03 2.987539999999999901e-03
1.984000000000000000e+03 3.527399999999999980e-03
1.987000000000000000e+03 4.158689999999999609e-03
1.990000000000000000e+03 4.880889999999999708e-03
1.993000000000000000e+03 5.649999999999999641e-03
1.996000000000000000e+03 6.514340000000000408e-03
1.999000000000000000e+03 7.483339999999999784e-03
2.002000000000000000e+03 8.487959999999999255e-03
2.005000000000000000e+03 9.534759999999999763e-03
2.008000000000000000e+03 1.065830000000000076e-02
2.011000000000000000e+03 1.182369999999999949e-02
2.014000000000000000e+03 1.295430000000000019e-02
2.017000000000000000e+03 1.408880000000000028e-02
2.020000000000000000e+03 1.524490000000000046e-02
2.023000000000000000e+03 1.633679999999999854e-02
2.026000000000000000e+03 1.735890000000000002e-02
2.029000000000000000e+03 1.833829999999999835e-02
2.032000000000000000e+03 1.926539999999999850e-02
2.035000000000000000e+03 2.010359999999999925e-02
2.038000000000000000e+03 2.086369999999999891e-02
2.041000000000000000e+03 2.159279999999999880e-02
2.044000000000000000e+03 2.235459999999999878e-02
2.047000000000000000e+03 2.310140000000000110e-02
2.050000000000000000e+03 2.392980000000000107e-02
2.053000000000000000e+03 2.477849999999999844e-02
2.056000000000000000e+03 2.560720000000000010e-02
2.059000000000000000e+03 2.657239999999999949e-02
2.062000000000000000e+03 2.763849999999999987e-02
2.065000000000000000e+03 2.889119999999999883e-02
2.068000000000000000e+03 3.023769999999999930e-02
2.071000000000000000e+03 3.167559999999999820e-02
2.074000000000000000e+03 3.327279999999999821e-02
2.077000000000000000e+03 3.489500000000000240e-02
2.080000000000000000e+03 3.657640000000000197e-02
2.083000000000000000e+03 3.828730000000000327e-02
2.086000000000000000e+03 4.004400000000000320e-02
2.089000000000000000e+03 4.177229999999999832e-02
2.092000000000000000e+03 4.348370000000000013e-02
2.095000000000000000e+03 4.523689999999999656e-02
2.098000000000000000e+03 4.704069999999999779e-02
2.101000000000000000e+03 4.888119999999999965e-02
2.104000000000000000e+03 5.081730000000000275e-02
2.107000000000000000e+03 5.284760000000000152e-02
2.110000000000000000e+03 5.488559999999999967e-02
2.113000000000000000e+03 5.702920000000000211e-02
2.116000000000000000e+03 5.935610000000000192e-02
2.119000000000000000e+03 6.182379999999999820e-02
2.122000000000000000e+03 6.441070000000000129e-02
2.125000000000000000e+03 6.714670000000000361e-02
2.128000000000000000e+03 6.993389999999999329e-02
2.131000000000000000e+03 7.290560000000000096e-02
2.134000000000000000e+03 7.585699999999999388e-02
2.137000000000000000e+03 7.893010000000000304e-02
2.140000000000000000e+03 8.203330000000000344e-02
2.143000000000000000e+03 8.517239999999999533e-02
2.146000000000000000e+03 8.832990000000000286e-02
2.149000000000000000e+03 9.142820000000000114e-02
2.152000000000000000e+03 9.448220000000000229e-02
2.155000000000000000e+03 9.749789999999999845e-02
2.158000000000000000e+03 1.004779999999999979e-01
2.161000000000000000e+03 1.033970000000000028e-01
2.164000000000000000e+03 1.061959999999999987e-01
2.167000000000000000e+03 1.088969999999999938e-01
2.170000000000000000e+03 1.114320000000000033e-01
2.173000000000000000e+03 1.138429999999999997e-01
2.176000000000000000e+03 1.160960000000000047e-01
2.179000000000000000e+03 1.182119999999999976e-01
2.182000000000000000e+03 1.202050000000000063e-01
2.185000000000000000e+03 1.220569999999999988e-01
2.188000000000000000e+03 1.237850000000000061e-01
2.191000000000000000e+03 1.253980000000000095e-01
2.194000000000000000e+03 1.269010000000000138e-01
2.197000000000000000e+03 1.282939999999999914e-01
2.200000000000000000e+03 1.296569999999999945e-01
2.203000000000000000e+03 1.309980000000000033e-01
2.206000000000000000e+03 1.323300000000000032e-01
2.209000000000000000e+03 1.336070000000000035e-01
2.212000000000000000e+03 1.348149999999999904e-01
2.215000000000000000e+03 1.359730000000000105e-01
2.218000000000000000e+03 1.371429999999999871e-01
2.221000000000000000e+03 1.382559999999999900e-01
2.224000000000000000e+03 1.393520000000000036e-01
2.227000000000000000e+03 1.404769999999999908e-01
2.230000000000000000e+03 1.416040000000000076e-01
2.233000000000000000e+03 1.426739999999999953e-01
2.236000000000000000e+03 1.436489999999999989e-01
2.239000000000000000e+03 1.445619999999999961e-01
2.242000000000000000e+03 1.453810000000000102e-01
2.245000000000000000e+03 1.461280000000000079e-01
2.248000000000000000e+03 1.468029999999999891e-01
2.251000000000000000e+03 1.474139999999999895e-01
2.254000000000000000e+03 1.479290000000000049e-01
2.257000000000000000e+03 1.483919999999999961e-01
2.260000000000000000e+03 1.488019999999999898e-01
2.263000000000000000e+03 1.492130000000000123e-01
2.266000000000000000e+03 1.496909999999999907e-01
2.269000000000000000e+03 1.502759999999999929e-01
2.272000000000000000e+03 1.509139999999999926e-01
2.275000000000000000e+03 1.516669999999999963e-01
2.278000000000000000e+03 1.524429999999999952e-01
2.281000000000000000e+03 1.533720000000000083e-01
2.284000000000000000e+03 1.544389999999999930e-01
2.287000000000000000e+03 1.556839999999999891e-01
2.290000000000000000e+03 1.572199999999999986e-01
2.293000000000000000e+03 1.592339999999999867e-01
2.296000000000000000e+03 1.619289999999999896e-01
2.299000000000000000e+03 1.657240000000000102e-01
2.302000000000000000e+03 1.712069999999999981e-01
2.305000000000000000e+03 1.793659999999999977e-01
2.308000000000000000e+03 1.910149999999999904e-01
2.311000000000000000e+03 2.083669999999999967e-01
2.314000000000000000e+03 2.321050000000000058e-01
2.317000000000000000e+03 2.650980000000000003e-01
2.320000000000000000e+03 3.077280000000000015e-01
2.323000000000000000e+03 3.604010000000000269e-01
2.326000000000000000e+03 4.239769999999999928e-01
2.329000000000000000e+03 4.939040000000000097e-01
2.332000000000000000e+03 5.683249999999999691e-01
2.335000000000000000e+03 6.442890000000000006e-01
2.338000000000000000e+03 7.148440000000000349e-01
2.341000000000000000e+03 7.788549999999999640e-01
2.344000000000000000e+03 8.331460000000000532e-01
2.347000000000000000e+03 8.774009999999999865e-01
2.350000000000000000e+03 9.087749999999999995e-01
2.353000000000000000e+03 9.330230000000000468e-01
2.356000000000000000e+03 9.488539999999999752e-01
2.359000000000000000e+03 9.587539999999999951e-01
2.362000000000000000e+03 9.674310000000000409e-01
2.365000000000000000e+03 9.726190000000000113e-01
2.368000000000000000e+03 9.771260000000000501e-01
2.371000000000000000e+03 9.799240000000000173e-01
2.374000000000000000e+03 9.817630000000000523e-01
2.377000000000000000e+03 9.839660000000000073e-01
2.380000000000000000e+03 9.862530000000000463e-01
2.383000000000000000e+03 9.883960000000000523e-01
2.386000000000000000e+03 9.912389999999999812e-01
2.389000000000000000e+03 9.943579999999999641e-01
2.392000000000000000e+03 9.972020000000000328e-01
2.395000000000000000e+03 9.984969999999999679e-01
2.398000000000000000e+03 9.992520000000000291e-01
2.401000000000000000e+03 1.000000000000000000e+00
2.404000000000000000e+03 9.998559999999999670e-01
2.407000000000000000e+03 9.989099999999999646e-01
2.410000000000000000e+03 9.970560000000000533e-01
2.413000000000000000e+03 9.926469999999999461e-01
2.416000000000000000e+03 9.850999999999999757e-01
2.419000000000000000e+03 9.762309999999999599e-01
2.422000000000000000e+03 9.624850000000000350e-01
2.425000000000000000e+03 9.440619999999999568e-01
2.428000000000000000e+03 9.187049999999999939e-01
2.431000000000000000e+03 8.852830000000000421e-01
2.434000000000000000e+03 8.441889999999999672e-01
2.437000000000000000e+03 7.919279999999999653e-01
2.440000000000000000e+03 7.357529999999999903e-01
2.443000000000000000e+03 6.722280000000000477e-01
2.446000000000000000e+03 6.066439999999999610e-01
2.449000000000000000e+03 5.419410000000000061e-01
2.452000000000000000e+03 4.788769999999999971e-01
2.455000000000000000e+03 4.230670000000000264e-01
2.458000000000000000e+03 3.732949999999999879e-01
2.461000000000000000e+03 3.318510000000000071e-01
2.464000000000000000e+03 2.975189999999999779e-01
2.467000000000000000e+03 2.703630000000000200e-01
2.470000000000000000e+03 2.482550000000000034e-01
2.473000000000000000e+03 2.320280000000000120e-01
2.476000000000000000e+03 2.189290000000000125e-01
2.479000000000000000e+03 2.093250000000000111e-01
2.482000000000000000e+03 2.016199999999999937e-01
2.485000000000000000e+03 1.956390000000000073e-01
2.488000000000000000e+03 1.913960000000000106e-01
2.491000000000000000e+03 1.880370000000000097e-01
2.494000000000000000e+03 1.856869999999999910e-01
2.497000000000000000e+03 1.835340000000000027e-01
2.500000000000000000e+03 1.819359999999999866e-01
2.503000000000000000e+03 1.804219999999999990e-01
2.506000000000000000e+03 1.791240000000000054e-01
2.509000000000000000e+03 1.779769999999999963e-01
2.512000000000000000e+03 1.773440000000000016e-01
2.515000000000000000e+03 1.769129999999999869e-01
2.518000000000000000e+03 1.765299999999999925e-01
2.521000000000000000e+03 1.761399999999999910e-01
2.524000000000000000e+03 1.757640000000000036e-01
2.527000000000000000e+03 1.754269999999999996e-01
2.530000000000000000e+03 1.750629999999999964e-01
2.533000000000000000e+03 1.746109999999999884e-01
2.536000000000000000e+03 1.739860000000000018e-01
2.539000000000000000e+03 1.732249999999999901e-01
2.542000000000000000e+03 1.721830000000000027e-01
2.545000000000000000e+03 1.708719999999999961e-01
2.548000000000000000e+03 1.690699999999999981e-01
2.551000000000000000e+03 1.670439999999999980e-01
2.554000000000000000e+03 1.646320000000000006e-01
2.557000000000000000e+03 1.616849999999999954e-01
2.560000000000000000e+03 1.583269999999999955e-01
2.563000000000000000e+03 1.544649999999999912e-01
2.566000000000000000e+03 1.503780000000000117e-01
2.569000000000000000e+03 1.459370000000000112e-01
2.572000000000000000e+03 1.412440000000000084e-01
2.575000000000000000e+03 1.363530000000000020e-01
2.578000000000000000e+03 1.313189999999999913e-01
2.581000000000000000e+03 1.262350000000000139e-01
2.584000000000000000e+03 1.212239999999999984e-01
2.587000000000000000e+03 1.162709999999999994e-01
2.590000000000000000e+03 1.113660000000000067e-01
2.593000000000000000e+03 1.066030000000000033e-01
2.596000000000000000e+03 1.020709999999999951e-01
2.599000000000000000e+03 9.762659999999999394e-02
2.602000000000000000e+03 9.329510000000000580e-02
2.605000000000000000e+03 8.895970000000000266e-02
2.608000000000000000e+03 8.482320000000000138e-02
2.611000000000000000e+03 8.063610000000000222e-02
2.614000000000000000e+03 7.658679999999999655e-02
2.617000000000000000e+03 7.238799999999999402e-02
2.620000000000000000e+03 6.840930000000000621e-02
2.623000000000000000e+03 6.443640000000000478e-02
2.626000000000000000e+03 6.053610000000000241e-02
2.629000000000000000e+03 5.674300000000000177e-02
2.632000000000000000e+03 5.305390000000000106e-02
2.635000000000000000e+03 4.955060000000000020e-02
2.638000000000000000e+03 4.621990000000000126e-02
2.641000000000000000e+03 4.306059999999999749e-02
2.644000000000000000e+03 4.004719999999999808e-02
2.647000000000000000e+03 3.737059999999999688e-02
2.650000000000000000e+03 3.484679999999999722e-02
2.653000000000000000e+03 3.254449999999999704e-02
2.656000000000000000e+03 3.047679999999999834e-02
2.659000000000000000e+03 2.858609999999999970e-02
2.662000000000000000e+03 2.693330000000000030e-02
2.665000000000000000e+03 2.543389999999999887e-02
2.668000000000000000e+03 2.407269999999999896e-02
2.671000000000000000e+03 2.291719999999999868e-02
2.674000000000000000e+03 2.184370000000000062e-02
2.677000000000000000e+03 2.091509999999999897e-02
2.680000000000000000e+03 2.007060000000000094e-02
2.683000000000000000e+03 1.930290000000000131e-02
2.686000000000000000e+03 1.862530000000000088e-02
2.689000000000000000e+03 1.797299999999999939e-02
2.692000000000000000e+03 1.736499999999999849e-02
2.695000000000000000e+03 1.678030000000000146e-02
2.698000000000000000e+03 1.623039999999999899e-02
2.701000000000000000e+03 1.565039999999999834e-02
2.704000000000000000e+03 1.507569999999999917e-02
2.707000000000000000e+03 1.447649999999999978e-02
2.710000000000000000e+03 1.380890000000000069e-02
2.713000000000000000e+03 1.314049999999999940e-02
2.716000000000000000e+03 1.249989999999999955e-02
2.719000000000000000e+03 1.182440000000000054e-02
2.722000000000000000e+03 1.119090000000000015e-02
2.725000000000000000e+03 1.058360000000000030e-02
2.728000000000000000e+03 9.959910000000000638e-03
2.731000000000000000e+03 9.320929999999999840e-03
2.734000000000000000e+03 8.685429999999999193e-03
2.737000000000000000e+03 8.052230000000000498e-03
2.740000000000000000e+03 7.436800000000000355e-03
2.743000000000000000e+03 6.826099999999999876e-03
2.746000000000000000e+03 6.221700000000000147e-03
2.749000000000000000e+03 5.667260000000000353e-03
2.752000000000000000e+03 5.129700000000000058e-03
2.755000000000000000e+03 4.593250000000000111e-03
2.758000000000000000e+03 4.121370000000000068e-03
2.761000000000000000e+03 3.688569999999999956e-03
2.764000000000000000e+03 3.249539999999999981e-03
2.767000000000000000e+03 2.852429999999999983e-03
2.770000000000000000e+03 2.521269999999999935e-03
2.773000000000000000e+03 2.193329999999999846e-03
2.776000000000000000e+03 1.877500000000000046e-03
2.779000000000000000e+03 1.617900000000000024e-03
2.782000000000000000e+03 1.383190000000000070e-03
2.785000000000000000e+03 1.175599999999999952e-03
2.788000000000000000e+03 1.025899999999999946e-03
2.791000000000000000e+03 8.875820000000000411e-04
2.794000000000000000e+03 7.506929999999999766e-04
2.797000000000000000e+03 6.465410000000000428e-04
2.800000000000000000e+03 5.477389999999999950e-04
2.803000000000000000e+03 4.536160000000000019e-04
2.806000000000000000e+03 3.857320000000000128e-04
2.809000000000000000e+03 3.355729999999999802e-04
2.812000000000000000e+03 2.854140000000000019e-04
2.815000000000000000e+03 2.407599999999999920e-04
2.818000000000000000e+03 2.108180000000000134e-04
2.821000000000000000e+03 1.816569999999999990e-04
2.824000000000000000e+03 1.538239999999999963e-04
2.827000000000000000e+03 1.354960000000000051e-04
2.830000000000000000e+03 1.186760000000000001e-04
2.833000000000000000e+03 1.022360000000000017e-04
2.836000000000000000e+03 9.078219999999999964e-05
2.839000000000000000e+03 8.131969999999999325e-05
2.842000000000000000e+03 7.186259999999999870e-05
2.845000000000000000e+03 6.455499999999999433e-05
2.848000000000000000e+03 5.925329999999999730e-05
2.851000000000000000e+03 5.395160000000000027e-05
2.854000000000000000e+03 4.931630000000000079e-05
2.857000000000000000e+03 4.656950000000000195e-05
2.860000000000000000e+03 4.405879999999999904e-05
2.863000000000000000e+03 4.171859999999999729e-05
2.866000000000000000e+03 4.043220000000000229e-05
2.869000000000000000e+03 3.928949999999999712e-05
2.872000000000000000e+03 3.814550000000000265e-05
2.875000000000000000e+03 3.719920000000000122e-05
2.878000000000000000e+03 3.634900000000000045e-05
2.881000000000000000e+03 3.558290000000000113e-05
2.884000000000000000e+03 3.508429999999999882e-05
2.887000000000000000e+03 3.469280000000000096e-05
2.890000000000000000e+03 3.430130000000000310e-05
2.893000000000000000e+03 3.377299999999999665e-05
2.896000000000000000e+03 3.306770000000000190e-05
2.899000000000000000e+03 3.236479999999999885e-05
2.902000000000000000e+03 3.164469999999999875e-05
2.905000000000000000e+03 3.084530000000000095e-05
2.908000000000000000e+03 3.003690000000000036e-05
2.911000000000000000e+03 2.921630000000000012e-05
2.914000000000000000e+03 2.818979999999999902e-05
2.917000000000000000e+03 2.709119999999999907e-05
2.920000000000000000e+03 2.599680000000000155e-05
2.923000000000000000e+03 2.496369999999999953e-05
2.926000000000000000e+03 2.394399999999999979e-05
2.929000000000000000e+03 2.292450000000000049e-05
2.932000000000000000e+03 2.205790000000000103e-05
2.935000000000000000e+03 2.128109999999999857e-05
2.938000000000000000e+03 2.050360000000000135e-05
2.941000000000000000e+03 1.977659999999999968e-05
2.944000000000000000e+03 1.925719999999999919e-05
2.947000000000000000e+03 1.879549999999999987e-05
2.950000000000000000e+03 1.836699999999999881e-05
2.953000000000000000e+03 1.817640000000000100e-05
2.956000000000000000e+03 1.804449999999999978e-05
2.959000000000000000e+03 1.791609999999999945e-05
2.962000000000000000e+03 1.787320000000000025e-05
2.965000000000000000e+03 1.788829999999999948e-05
2.968000000000000000e+03 1.792699999999999963e-05
2.971000000000000000e+03 1.807809999999999891e-05
2.974000000000000000e+03 1.833210000000000021e-05
2.977000000000000000e+03 1.858839999999999977e-05
2.980000000000000000e+03 1.884980000000000035e-05
2.983000000000000000e+03 1.914040000000000058e-05
2.986000000000000000e+03 1.943469999999999876e-05
2.989000000000000000e+03 1.972879999999999990e-05
2.992000000000000000e+03 2.002229999999999971e-05
2.995000000000000000e+03 2.031670000000000150e-05
2.998000000000000000e+03 2.062279999999999845e-05
3.001000000000000000e+03 2.101239999999999892e-05
3.004000000000000000e+03 2.142159999999999833e-05
3.007000000000000000e+03 2.203030000000000149e-05
3.010000000000000000e+03 2.272169999999999965e-05
3.013000000000000000e+03 2.341229999999999944e-05
3.016000000000000000e+03 2.410289999999999923e-05
3.019000000000000000e+03 2.501650000000000011e-05
3.022000000000000000e+03 2.616790000000000064e-05
3.025000000000000000e+03 2.732899999999999872e-05
3.028000000000000000e+03 2.846679999999999992e-05
3.031000000000000000e+03 2.980080000000000104e-05
3.034000000000000000e+03 3.147240000000000042e-05
3.037000000000000000e+03 3.313159999999999971e-05
3.040000000000000000e+03 3.477650000000000153e-05
3.043000000000000000e+03 3.681099999999999704e-05
3.046000000000000000e+03 3.971470000000000111e-05
3.049000000000000000e+03 4.257129999999999676e-05
3.052000000000000000e+03 4.536490000000000336e-05
3.055000000000000000e+03 4.844600000000000338e-05
3.058000000000000000e+03 5.258469999999999816e-05
3.061000000000000000e+03 5.673549999999999915e-05
3.064000000000000000e+03 6.088010000000000009e-05
3.067000000000000000e+03 6.534159999999999795e-05
3.070000000000000000e+03 7.211180000000000302e-05
3.073000000000000000e+03 7.929869999999999346e-05
3.076000000000000000e+03 8.649420000000000274e-05
3.079000000000000000e+03 9.377580000000000431e-05
3.082000000000000000e+03 1.033170000000000003e-04
3.085000000000000000e+03 1.136679999999999966e-04
3.088000000000000000e+03 1.240980000000000034e-04
3.091000000000000000e+03 1.345849999999999998e-04
3.094000000000000000e+03 1.477440000000000003e-04
3.097000000000000000e+03 1.624060000000000033e-04
3.100000000000000000e+03 1.770940000000000090e-04
3.103000000000000000e+03 1.917839999999999920e-04
3.106000000000000000e+03 2.078030000000000025e-04
3.109000000000000000e+03 2.252789999999999957e-04
3.112000000000000000e+03 2.427700000000000084e-04
3.115000000000000000e+03 2.602600000000000052e-04
3.118000000000000000e+03 2.778939999999999926e-04
3.121000000000000000e+03 2.958160000000000151e-04
3.124000000000000000e+03 3.137379999999999835e-04
3.127000000000000000e+03 3.316600000000000060e-04
3.130000000000000000e+03 3.489909999999999931e-04
3.133000000000000000e+03 3.644389999999999847e-04
3.136000000000000000e+03 3.797469999999999947e-04
3.139000000000000000e+03 3.950550000000000047e-04
3.142000000000000000e+03 4.095850000000000163e-04
3.145000000000000000e+03 4.192019999999999753e-04
3.148000000000000000e+03 4.281500000000000258e-04
3.151000000000000000e+03 4.370970000000000064e-04
3.154000000000000000e+03 4.455039999999999955e-04
3.157000000000000000e+03 4.475389999999999989e-04
3.160000000000000000e+03 4.477889999999999779e-04
3.163000000000000000e+03 4.480469999999999744e-04
3.166000000000000000e+03 4.482220000000000193e-04
3.169000000000000000e+03 4.427480000000000239e-04
3.172000000000000000e+03 4.347159999999999761e-04
3.175000000000000000e+03 4.266960000000000089e-04
3.178000000000000000e+03 4.187260000000000157e-04
3.181000000000000000e+03 4.074759999999999862e-04
3.184000000000000000e+03 3.935289999999999925e-04
3.187000000000000000e+03 3.796059999999999972e-04
3.190000000000000000e+03 3.656889999999999880e-04
3.193000000000000000e+03 3.506809999999999853e-04
3.196000000000000000e+03 3.339980000000000097e-04
3.199000000000000000e+03 3.173140000000000184e-04
3.202000000000000000e+03 3.006090000000000216e-04
3.205000000000000000e+03 2.839750000000000043e-04
3.208000000000000000e+03 2.676469999999999804e-04
3.211000000000000000e+03 2.513220000000000037e-04
3.214000000000000000e+03 2.349390000000000083e-04
3.217000000000000000e+03 2.188939999999999950e-04
3.220000000000000000e+03 2.045290000000000064e-04
3.223000000000000000e+03 1.903960000000000114e-04
3.226000000000000000e+03 1.762280000000000075e-04
3.229000000000000000e+03 1.623019999999999921e-04
3.232000000000000000e+03 1.505939999999999883e-04
3.235000000000000000e+03 1.393180000000000102e-04
3.238000000000000000e+03 1.280180000000000066e-04
3.241000000000000000e+03 1.168300000000000046e-04
3.244000000000000000e+03 1.079550000000000057e-04
3.247000000000000000e+03 9.998470000000000513e-05
3.250000000000000000e+03 9.201480000000000542e-05
3.253000000000000000e+03 8.404470000000000527e-05
3.256000000000000000e+03 7.790099999999999835e-05
3.259000000000000000e+03 7.291040000000000585e-05
3.262000000000000000e+03 6.791979999999999979e-05
3.265000000000000000e+03 6.292930000000000073e-05
3.268000000000000000e+03 5.898590000000000051e-05
3.271000000000000000e+03 5.628709999999999849e-05
3.274000000000000000e+03 5.358830000000000326e-05
3.277000000000000000e+03 5.088930000000000081e-05
3.280000000000000000e+03 4.877970000000000325e-05
3.283000000000000000e+03 4.795100000000000219e-05
3.286000000000000000e+03 4.714289999999999887e-05
3.289000000000000000e+03 4.635380000000000332e-05
3.292000000000000000e+03 4.581679999999999813e-05
3.295000000000000000e+03 4.600779999999999681e-05
3.298000000000000000e+03 4.625279999999999870e-05
3.301000000000000000e+03 4.645160000000000093e-05
3.304000000000000000e+03 4.673000000000000152e-05
3.307000000000000000e+03 4.762549999999999997e-05
3.310000000000000000e+03 4.863690000000000184e-05
3.313000000000000000e+03 4.969839999999999837e-05
3.316000000000000000e+03 5.078649999999999902e-05
3.319000000000000000e+03 5.190720000000000338e-05
3.322000000000000000e+03 5.299849999999999749e-05
3.325000000000000000e+03 5.405589999999999858e-05
3.328000000000000000e+03 5.514150000000000052e-05
3.331000000000000000e+03 5.607939999999999708e-05
3.334000000000000000e+03 5.693949999999999923e-05
3.337000000000000000e+03 5.780789999999999925e-05
3.340000000000000000e+03 5.869350000000000310e-05
3.343000000000000000e+03 5.927239999999999853e-05
3.346000000000000000e+03 5.959890000000000294e-05
3.349000000000000000e+03 5.990319999999999933e-05
3.352000000000000000e+03 6.025429999999999670e-05
3.355000000000000000e+03 6.041120000000000192e-05
3.358000000000000000e+03 6.020879999999999857e-05
3.361000000000000000e+03 6.003030000000000020e-05
3.364000000000000000e+03 5.986899999999999888e-05
3.367000000000000000e+03 5.957670000000000169e-05
3.370000000000000000e+03 5.895940000000000339e-05
3.373000000000000000e+03 5.830410000000000307e-05
3.376000000000000000e+03 5.765120000000000124e-05
3.379000000000000000e+03 5.705460000000000089e-05
3.382000000000000000e+03 5.671099999999999964e-05
3.385000000000000000e+03 5.639559999999999923e-05
3.388000000000000000e+03 5.605430000000000303e-05
3.391000000000000000e+03 5.568280000000000159e-05
3.394000000000000000e+03 5.544579999999999691e-05
3.397000000000000000e+03 5.531279999999999666e-05
3.400000000000000000e+03 5.520849999999999835e-05
3.403000000000000000e+03 5.513079999999999739e-05
3.406000000000000000e+03 5.558330000000000025e-05
3.409000000000000000e+03 5.623970000000000298e-05
3.412000000000000000e+03 5.687330000000000315e-05
3.415000000000000000e+03 5.749410000000000235e-05
3.418000000000000000e+03 5.885600000000000028e-05
3.421000000000000000e+03 6.082409999999999927e-05
3.424000000000000000e+03 6.282369999999999957e-05
3.427000000000000000e+03 6.489160000000000056e-05
3.430000000000000000e+03 6.728050000000000068e-05
3.433000000000000000e+03 7.010610000000000290e-05
3.436000000000000000e+03 7.290710000000000539e-05
3.439000000000000000e+03 7.568770000000000380e-05
3.442000000000000000e+03 7.865100000000000303e-05
3.445000000000000000e+03 8.201699999999999757e-05
3.448000000000000000e+03 8.539039999999999478e-05
3.451000000000000000e+03 8.882879999999999899e-05
3.454000000000000000e+03 8.803360000000000362e-05
3.457000000000000000e+03 7.062840000000000296e-05
3.460000000000000000e+03 5.157359999999999695e-05
3.463000000000000000e+03 3.251299999999999855e-05
3.466000000000000000e+03 1.532220000000000045e-05
3.469000000000000000e+03 1.271359999999999971e-05
3.472000000000000000e+03 1.271460000000000020e-05
3.475000000000000000e+03 1.274909999999999962e-05
3.478000000000000000e+03 1.279939999999999980e-05
3.481000000000000000e+03 1.286249999999999925e-05
3.484000000000000000e+03 1.294650000000000047e-05
3.487000000000000000e+03 1.303589999999999999e-05
3.490000000000000000e+03 1.312050000000000084e-05
3.493000000000000000e+03 1.320540000000000066e-05
3.496000000000000000e+03 1.329570000000000045e-05
3.499000000000000000e+03 1.341920000000000020e-05
3.502000000000000000e+03 1.352670000000000044e-05
3.505000000000000000e+03 1.359679999999999999e-05
3.508000000000000000e+03 1.368720000000000001e-05
3.511000000000000000e+03 1.379669999999999955e-05
3.514000000000000000e+03 1.394879999999999933e-05
3.517000000000000000e+03 1.410540000000000051e-05
3.520000000000000000e+03 1.426019999999999943e-05
3.523000000000000000e+03 1.439290000000000072e-05
3.526000000000000000e+03 1.450359999999999951e-05
3.529000000000000000e+03 1.457430000000000037e-05
3.532000000000000000e+03 1.464719999999999929e-05
3.535000000000000000e+03 1.472900000000000077e-05
3.538000000000000000e+03 1.485480000000000048e-05
3.541000000000000000e+03 1.501330000000000074e-05
3.544000000000000000e+03 1.520310000000000018e-05
3.547000000000000000e+03 1.537229999999999849e-05
3.550000000000000000e+03 1.551590000000000166e-05
3.553000000000000000e+03 1.561209999999999914e-05
3.556000000000000000e+03 1.570890000000000133e-05
3.559000000000000000e+03 1.580790000000000157e-05
3.562000000000000000e+03 1.590520000000000147e-05
3.565000000000000000e+03 1.601950000000000138e-05
3.568000000000000000e+03 1.617599999999999895e-05
3.571000000000000000e+03 1.637399999999999942e-05
3.574000000000000000e+03 1.657769999999999884e-05
3.577000000000000000e+03 1.673020000000000120e-05
3.580000000000000000e+03 1.685919999999999945e-05
3.583000000000000000e+03 1.697489999999999904e-05
3.586000000000000000e+03 1.708890000000000167e-05
3.589000000000000000e+03 1.719240000000000162e-05
3.592000000000000000e+03 1.727609999999999880e-05
3.595000000000000000e+03 1.739049999999999892e-05
3.598000000000000000e+03 1.754130000000000093e-05
3.601000000000000000e+03 1.773379999999999951e-05
3.604000000000000000e+03 1.792120000000000047e-05
3.607000000000000000e+03 1.808629999999999995e-05
3.610000000000000000e+03 1.822949999999999885e-05
3.613000000000000000e+03 1.836300000000000020e-05
3.616000000000000000e+03 1.847420000000000008e-05
3.619000000000000000e+03 1.861980000000000086e-05
3.622000000000000000e+03 1.878660000000000068e-05
3.625000000000000000e+03 1.899299999999999925e-05
3.628000000000000000e+03 1.922449999999999864e-05
3.631000000000000000e+03 1.947069999999999978e-05
3.634000000000000000e+03 1.970099999999999992e-05
3.637000000000000000e+03 1.991800000000000140e-05
3.640000000000000000e+03 2.013370000000000003e-05
3.643000000000000000e+03 2.036689999999999977e-05
3.646000000000000000e+03 2.063399999999999929e-05
3.649000000000000000e+03 2.087839999999999987e-05
3.652000000000000000e+03 2.112349999999999859e-05
3.655000000000000000e+03 2.138619999999999863e-05
3.658000000000000000e+03 2.161130000000000093e-05
3.661000000000000000e+03 2.182120000000000039e-05
3.664000000000000000e+03 2.202980000000000040e-05
3.667000000000000000e+03 2.158320000000000030e-05
3.670000000000000000e+03 2.059409999999999990e-05
3.673000000000000000e+03 1.958809999999999970e-05
3.676000000000000000e+03 1.905380000000000043e-05
3.679000000000000000e+03 1.951320000000000149e-05
3.682000000000000000e+03 1.995910000000000005e-05
3.685000000000000000e+03 2.030329999999999922e-05
3.688000000000000000e+03 2.037859999999999832e-05
3.691000000000000000e+03 2.023029999999999840e-05
3.694000000000000000e+03 1.924979999999999991e-05
3.697000000000000000e+03 1.874249999999999885e-05
3.700000000000000000e+03 1.846830000000000070e-05
3.703000000000000000e+03 1.925140000000000003e-05
3.706000000000000000e+03 2.027069999999999889e-05
3.709000000000000000e+03 2.124370000000000127e-05
3.712000000000000000e+03 2.200670000000000057e-05
3.715000000000000000e+03 2.235649999999999847e-05
3.718000000000000000e+03 2.234990000000000094e-05
3.721000000000000000e+03 2.260650000000000116e-05
3.724000000000000000e+03 2.335179999999999892e-05
3.727000000000000000e+03 2.405519999999999967e-05
3.730000000000000000e+03 2.473290000000000167e-05
3.733000000000000000e+03 2.488639999999999944e-05
3.736000000000000000e+03 2.188800000000000118e-05
3.739000000000000000e+03 1.834709999999999922e-05
3.742000000000000000e+03 1.448279999999999964e-05
3.745000000000000000e+03 1.336329999999999960e-05
3.748000000000000000e+03 1.337019999999999948e-05
3.751000000000000000e+03 1.334169999999999967e-05
3.754000000000000000e+03 1.329020000000000025e-05
3.757000000000000000e+03 1.323870000000000083e-05
3.760000000000000000e+03 1.174440000000000058e-05
3.763000000000000000e+03 7.676199999999999452e-06
3.766000000000000000e+03 3.608000000000000015e-06
3.769000000000000000e+03 2.986260000000000166e-07
