1.615300000000000000e+04 0.000000000000000000e+00
1.618600000000000000e+04 8.499899999999999502e-07
1.621900000000000000e+04 2.204050000000000014e-05
1.625200000000000000e+04 5.200780000000000035e-05
1.628500000000000000e+04 6.703299999999999331e-05
1.631800000000000000e+04 8.469139999999999351e-05
1.635100000000000000e+04 9.237909999999999785e-05
1.638400000000000000e+04 9.277269999999999354e-05
1.641700000000000000e+04 1.002160000000000041e-04
1.645000000000000000e+04 1.167449999999999944e-04
1.648300000000000000e+04 1.455130000000000009e-04
1.651600000000000000e+04 1.797029999999999971e-04
1.654900000000000000e+04 2.249239999999999898e-04
1.658200000000000000e+04 2.501860000000000065e-04
1.661500000000000000e+04 2.410249999999999903e-04
1.664800000000000000e+04 2.346009999999999990e-04
1.668100000000000000e+04 2.284630000000000113e-04
1.671400000000000000e+04 2.455539999999999871e-04
1.674700000000000000e+04 2.917180000000000012e-04
1.678000000000000000e+04 3.946719999999999916e-04
1.681300000000000000e+04 5.593450000000000462e-04
1.684600000000000000e+04 7.877859999999999550e-04
1.687900000000000000e+04 1.094310000000000031e-03
1.691200000000000000e+04 1.620200000000000026e-03
1.694500000000000000e+04 2.432070000000000152e-03
1.697800000000000000e+04 3.949480000000000005e-03
1.701100000000000000e+04 6.324620000000000415e-03
1.704400000000000000e+04 1.042610000000000064e-02
1.707700000000000000e+04 1.667160000000000170e-02
1.711000000000000000e+04 2.631949999999999915e-02
1.714300000000000000e+04 3.801790000000000030e-02
1.717600000000000000e+04 5.273680000000000034e-02
1.720900000000000000e+04 6.778670000000000528e-02
1.724200000000000000e+04 8.362440000000000151e-02
1.727500000000000000e+04 1.003519999999999968e-01
1.730800000000000000e+04 1.175599999999999978e-01
1.734100000000000000e+04 1.371149999999999869e-01
1.737400000000000000e+04 1.581140000000000045e-01
1.740700000000000000e+04 1.792759999999999909e-01
1.744000000000000000e+04 2.013949999999999907e-01
1.747300000000000000e+04 2.203140000000000098e-01
1.750600000000000000e+04 2.374999999999999889e-01
1.753900000000000000e+04 2.510780000000000234e-01
1.757200000000000000e+04 2.617209999999999814e-01
1.760500000000000000e+04 2.714980000000000171e-01
1.763800000000000000e+04 2.810799999999999965e-01
1.767100000000000000e+04 2.922290000000000165e-01
1.770400000000000000e+04 3.071309999999999873e-01
1.773700000000000000e+04 3.228570000000000051e-01
1.777000000000000000e+04 3.411640000000000228e-01
1.780300000000000000e+04 3.589729999999999865e-01
1.783600000000000000e+04 3.742440000000000211e-01
1.786900000000000000e+04 3.880790000000000073e-01
1.790200000000000000e+04 3.982530000000000237e-01
1.793500000000000000e+04 4.068050000000000277e-01
1.796800000000000000e+04 4.145320000000000116e-01
1.800100000000000000e+04 4.221650000000000125e-01
1.803400000000000000e+04 4.312819999999999987e-01
1.806700000000000000e+04 4.425959999999999894e-01
1.810000000000000000e+04 4.566209999999999991e-01
1.813300000000000000e+04 4.756020000000000247e-01
1.816600000000000000e+04 4.980359999999999787e-01
1.819900000000000000e+04 5.262559999999999460e-01
1.823200000000000000e+04 5.569399999999999906e-01
1.826500000000000000e+04 5.893890000000000517e-01
1.829800000000000000e+04 6.214760000000000284e-01
1.833100000000000000e+04 6.508890000000000509e-01
1.836400000000000000e+04 6.789009999999999767e-01
1.839700000000000000e+04 7.030640000000000223e-01
1.843000000000000000e+04 7.261729999999999574e-01
1.846300000000000000e+04 7.455869999999999997e-01
1.849600000000000000e+04 7.643199999999999994e-01
1.852900000000000000e+04 7.808850000000000513e-01
1.856200000000000000e+04 7.964630000000000321e-01
1.859500000000000000e+04 8.123960000000000070e-01
1.862800000000000000e+04 8.267999999999999794e-01
1.866100000000000000e+04 8.406130000000000546e-01
1.869400000000000000e+04 8.527979999999999450e-01
1.872700000000000000e+04 8.622530000000000472e-01
1.876000000000000000e+04 8.707009999999999472e-01
1.879300000000000000e+04 8.764359999999999928e-01
1.882600000000000000e+04 8.815290000000000070e-01
1.885900000000000000e+04 8.856070000000000331e-01
1.889200000000000000e+04 8.894220000000000459e-01
1.892500000000000000e+04 8.939589999999999481e-01
1.895800000000000000e+04 8.988730000000000331e-01
1.899100000000000000e+04 9.051059999999999661e-01
1.902400000000000000e+04 9.117450000000000276e-01
1.905700000000000000e+04 9.189420000000000366e-01
1.909000000000000000e+04 9.259570000000000300e-01
1.912300000000000000e+04 9.322979999999999601e-01
1.915600000000000000e+04 9.379729999999999457e-01
1.918900000000000000e+04 9.417419999999999680e-01
1.922200000000000000e+04 9.444869999999999655e-01
1.925500000000000000e+04 9.459419999999999495e-01
1.928800000000000000e+04 9.471070000000000322e-01
1.932100000000000000e+04 9.478250000000000286e-01
1.935400000000000000e+04 9.486820000000000253e-01
1.938700000000000000e+04 9.499210000000000154e-01
1.942000000000000000e+04 9.513509999999999467e-01
1.945300000000000000e+04 9.537560000000000482e-01
1.948600000000000000e+04 9.561859999999999804e-01
1.951900000000000000e+04 9.592640000000000056e-01
1.955200000000000000e+04 9.623140000000000027e-01
1.958500000000000000e+04 9.648700000000000054e-01
1.961800000000000000e+04 9.673129999999999784e-01
1.965100000000000000e+04 9.687550000000000328e-01
1.968400000000000000e+04 9.696110000000000007e-01
1.971700000000000000e+04 9.697440000000000504e-01
1.975000000000000000e+04 9.692920000000000424e-01
1.978300000000000000e+04 9.689269999999999827e-01
1.981600000000000000e+04 9.684850000000000403e-01
1.984900000000000000e+04 9.686050000000000493e-01
1.988200000000000000e+04 9.689630000000000187e-01
1.991500000000000000e+04 9.698390000000000066e-01
1.994800000000000000e+04 9.705719999999999903e-01
1.998100000000000000e+04 9.715059999999999807e-01
2.001400000000000000e+04 9.728310000000000013e-01
2.004700000000000000e+04 9.741360000000000019e-01
2.008000000000000000e+04 9.756150000000000100e-01
2.011300000000000000e+04 9.777139999999999720e-01
2.014600000000000000e+04 9.803560000000000052e-01
2.017900000000000000e+04 9.834549999999999681e-01
2.021200000000000000e+04 9.869160000000000155e-01
2.024500000000000000e+04 9.902630000000000043e-01
2.027800000000000000e+04 9.933079999999999687e-01
2.031100000000000000e+04 9.957930000000000392e-01
2.034400000000000000e+04 9.977510000000000545e-01
2.037700000000000000e+04 9.990379999999999816e-01
2.041000000000000000e+04 9.997040000000000370e-01
2.044300000000000000e+04 1.000000000000000000e+00
2.047600000000000000e+04 9.998040000000000260e-01
2.050900000000000000e+04 9.996850000000000458e-01
2.054200000000000000e+04 9.995789999999999953e-01
2.057500000000000000e+04 9.995249999999999968e-01
2.060800000000000000e+04 9.991339999999999666e-01
2.064100000000000000e+04 9.982659999999999867e-01
2.067400000000000000e+04 9.968839999999999923e-01
2.070700000000000000e+04 9.951689999999999703e-01
2.074000000000000000e+04 9.933189999999999520e-01
2.077300000000000000e+04 9.913359999999999950e-01
2.080600000000000000e+04 9.896230000000000304e-01
2.083900000000000000e+04 9.879010000000000291e-01
2.087200000000000000e+04 9.862840000000000495e-01
2.090500000000000000e+04 9.845359999999999667e-01
2.093800000000000000e+04 9.828109999999999902e-01
2.097100000000000000e+04 9.808550000000000324e-01
2.100400000000000000e+04 9.778689999999999882e-01
2.103700000000000000e+04 9.743330000000000046e-01
2.107000000000000000e+04 9.685700000000000420e-01
2.110300000000000000e+04 9.615369999999999751e-01
2.113600000000000000e+04 9.508609999999999562e-01
2.116900000000000000e+04 9.392629999999999590e-01
2.120200000000000000e+04 9.269490000000000229e-01
2.123500000000000000e+04 9.147750000000000048e-01
2.126800000000000000e+04 9.046290000000000164e-01
2.130100000000000000e+04 8.950770000000000115e-01
2.133400000000000000e+04 8.874300000000000521e-01
2.136700000000000000e+04 8.782780000000000031e-01
2.140000000000000000e+04 8.682109999999999550e-01
2.143300000000000000e+04 8.548360000000000403e-01
2.146600000000000000e+04 8.388999999999999790e-01
2.149900000000000000e+04 8.206890000000000018e-01
2.153200000000000000e+04 8.004210000000000491e-01
2.156500000000000000e+04 7.812189999999999968e-01
2.159800000000000000e+04 7.638700000000000490e-01
2.163100000000000000e+04 7.498110000000000053e-01
2.166400000000000000e+04 7.387740000000000418e-01
2.169700000000000000e+04 7.279849999999999932e-01
2.173000000000000000e+04 7.181899999999999951e-01
2.176300000000000000e+04 7.068010000000000126e-01
2.179600000000000000e+04 6.936999999999999833e-01
2.182900000000000000e+04 6.811629999999999630e-01
2.186200000000000000e+04 6.657629999999999937e-01
2.189500000000000000e+04 6.505239999999999911e-01
2.192800000000000000e+04 6.357469999999999510e-01
2.196100000000000000e+04 6.217960000000000154e-01
2.199400000000000000e+04 6.105049999999999644e-01
2.202700000000000000e+04 6.005810000000000315e-01
2.206000000000000000e+04 5.931939999999999991e-01
2.209300000000000000e+04 5.855320000000000524e-01
2.212600000000000000e+04 5.772159999999999513e-01
2.215900000000000000e+04 5.695280000000000342e-01
2.219200000000000000e+04 5.604080000000000172e-01
2.222500000000000000e+04 5.524599999999999511e-01
2.225800000000000000e+04 5.451690000000000147e-01
2.229100000000000000e+04 5.377760000000000318e-01
2.232400000000000000e+04 5.289300000000000113e-01
2.235700000000000000e+04 5.184189999999999632e-01
2.239000000000000000e+04 5.053410000000000402e-01
2.242300000000000000e+04 4.880390000000000006e-01
2.245600000000000000e+04 4.706440000000000068e-01
2.248900000000000000e+04 4.494279999999999942e-01
2.252200000000000000e+04 4.268839999999999857e-01
2.255500000000000000e+04 4.027180000000000204e-01
2.258800000000000000e+04 3.776930000000000009e-01
2.262100000000000000e+04 3.542060000000000208e-01
2.265400000000000000e+04 3.279420000000000113e-01
2.268700000000000000e+04 3.027960000000000096e-01
2.272000000000000000e+04 2.781870000000000176e-01
2.275300000000000000e+04 2.545879999999999810e-01
2.278600000000000000e+04 2.332789999999999864e-01
2.281900000000000000e+04 2.104969999999999897e-01
2.285200000000000000e+04 1.890429999999999888e-01
2.288500000000000000e+04 1.654789999999999872e-01
2.291800000000000000e+04 1.442640000000000033e-01
2.295100000000000000e+04 1.253019999999999967e-01
2.298400000000000000e+04 1.075460000000000027e-01
2.301700000000000000e+04 9.292939999999999534e-02
2.305000000000000000e+04 7.920480000000000576e-02
2.308300000000000000e+04 6.714879999999999460e-02
2.311600000000000000e+04 5.542749999999999760e-02
2.314900000000000000e+04 4.524369999999999781e-02
2.318200000000000000e+04 3.596789999999999710e-02
2.321500000000000000e+04 2.915229999999999905e-02
2.324800000000000000e+04 2.419659999999999866e-02
2.328100000000000000e+04 2.033870000000000122e-02
2.331400000000000000e+04 1.717919999999999864e-02
2.334700000000000000e+04 1.457110000000000002e-02
2.338000000000000000e+04 1.248550000000000007e-02
2.341300000000000000e+04 1.020450000000000003e-02
2.344600000000000000e+04 7.912429999999999811e-03
2.347900000000000000e+04 5.844760000000000059e-03
2.351200000000000000e+04 3.872909999999999808e-03
2.354500000000000000e+04 2.503839999999999798e-03
2.357800000000000000e+04 1.478050000000000067e-03
2.361100000000000000e+04 8.357100000000000336e-04
2.364400000000000000e+04 4.842129999999999937e-04
2.367700000000000000e+04 2.634059999999999917e-04
2.371000000000000000e+04 1.595690000000000032e-04
2.374300000000000000e+04 8.440330000000000553e-05
2.377600000000000000e+04 5.719110000000000204e-05
2.380900000000000000e+04 3.660550000000000045e-05
2.384200000000000000e+04 2.654800000000000061e-05
2.387500000000000000e+04 2.020190000000000050e-05
2.390800000000000000e+04 2.329980000000000010e-05
2.394100000000000000e+04 2.533309999999999975e-05
2.397400000000000000e+04 2.123379999999999989e-05
2.400700000000000000e+04 1.607610000000000012e-05
2.404000000000000000e+04 8.453819999999999979e-06
2.407300000000000000e+04 1.246530000000000032e-06
