7.852000000000000000e+03 0.000000000000000000e+00
7.867000000000000000e+03 2.469889999999999891e-07
7.882000000000000000e+03 3.437719999999999842e-06
7.897000000000000000e+03 9.414830000000000456e-06
7.912000000000000000e+03 1.608910000000000152e-05
7.927000000000000000e+03 2.339399999999999997e-05
7.942000000000000000e+03 3.159060000000000210e-05
7.957000000000000000e+03 3.726130000000000186e-05
7.972000000000000000e+03 3.872610000000000180e-05
7.987000000000000000e+03 3.925989999999999997e-05
8.002000000000000000e+03 3.950929999999999796e-05
8.017000000000000000e+03 4.357550000000000317e-05
8.032000000000000000e+03 5.276769999999999963e-05
8.047000000000000000e+03 5.904669999999999830e-05
8.062000000000000000e+03 6.330219999999999847e-05
8.077000000000000000e+03 6.644730000000000330e-05
8.092000000000000000e+03 6.901009999999999848e-05
8.107000000000000000e+03 7.592719999999999363e-05
8.122000000000000000e+03 8.256790000000000613e-05
8.137000000000000000e+03 8.532179999999999344e-05
8.152000000000000000e+03 9.278129999999999884e-05
8.167000000000000000e+03 1.543390000000000007e-04
8.182000000000000000e+03 2.392709999999999932e-04
8.197000000000000000e+03 3.328939999999999742e-04
8.212000000000000000e+03 4.458570000000000241e-04
8.227000000000000000e+03 7.047279999999999517e-04
8.242000000000000000e+03 1.089549999999999894e-03
8.257000000000000000e+03 1.904370000000000064e-03
8.272000000000000000e+03 3.053129999999999820e-03
8.287000000000000000e+03 5.178910000000000111e-03
8.302000000000000000e+03 8.007890000000000147e-03
8.317000000000000000e+03 1.279959999999999952e-02
8.332000000000000000e+03 1.863019999999999954e-02
8.347000000000000000e+03 2.649340000000000028e-02
8.362000000000000000e+03 3.317719999999999697e-02
8.377000000000000000e+03 3.529390000000000305e-02
8.392000000000000000e+03 3.904939999999999800e-02
8.407000000000000000e+03 4.731380000000000308e-02
8.422000000000000000e+03 5.692760000000000181e-02
8.437000000000000000e+03 6.632180000000000020e-02
8.452000000000000000e+03 8.156230000000000424e-02
8.467000000000000000e+03 1.048869999999999941e-01
8.482000000000000000e+03 1.277500000000000024e-01
8.497000000000000000e+03 1.536919999999999953e-01
8.512000000000000000e+03 1.835849999999999982e-01
8.527000000000000000e+03 2.117840000000000000e-01
8.542000000000000000e+03 2.369350000000000067e-01
8.557000000000000000e+03 2.625930000000000208e-01
8.572000000000000000e+03 2.907890000000000197e-01
8.587000000000000000e+03 3.196490000000000165e-01
8.602000000000000000e+03 3.490500000000000269e-01
8.617000000000000000e+03 3.846939999999999804e-01
8.632000000000000000e+03 4.242409999999999792e-01
8.647000000000000000e+03 4.625440000000000107e-01
8.662000000000000000e+03 4.999839999999999840e-01
8.677000000000000000e+03 5.333550000000000235e-01
8.692000000000000000e+03 5.688929999999999820e-01
8.707000000000000000e+03 6.058580000000000076e-01
8.722000000000000000e+03 6.382799999999999585e-01
8.737000000000000000e+03 6.711580000000000323e-01
8.752000000000000000e+03 7.040119999999999711e-01
8.767000000000000000e+03 7.346570000000000045e-01
8.782000000000000000e+03 7.689570000000000016e-01
8.797000000000000000e+03 8.064869999999999539e-01
8.812000000000000000e+03 8.371070000000000455e-01
8.827000000000000000e+03 8.606350000000000389e-01
8.842000000000000000e+03 8.832940000000000236e-01
8.857000000000000000e+03 9.051679999999999726e-01
8.872000000000000000e+03 9.223550000000000360e-01
8.887000000000000000e+03 9.358579999999999677e-01
8.902000000000000000e+03 9.488229999999999720e-01
8.917000000000000000e+03 9.602549999999999697e-01
8.932000000000000000e+03 9.682659999999999600e-01
8.947000000000000000e+03 9.744089999999999696e-01
8.962000000000000000e+03 9.778569999999999762e-01
8.977000000000000000e+03 9.796280000000000543e-01
8.992000000000000000e+03 9.833910000000000151e-01
9.007000000000000000e+03 9.887679999999999803e-01
9.022000000000000000e+03 9.929620000000000113e-01
9.037000000000000000e+03 9.962400000000000144e-01
9.052000000000000000e+03 9.983710000000000084e-01
9.067000000000000000e+03 9.986260000000000137e-01
9.082000000000000000e+03 9.986920000000000242e-01
9.097000000000000000e+03 9.999019999999999575e-01
9.112000000000000000e+03 1.000000000000000000e+00
9.127000000000000000e+03 9.981090000000000240e-01
9.142000000000000000e+03 9.963100000000000289e-01
9.157000000000000000e+03 9.957449999999999912e-01
9.172000000000000000e+03 9.947420000000000151e-01
9.187000000000000000e+03 9.933279999999999887e-01
9.202000000000000000e+03 9.925620000000000553e-01
9.217000000000000000e+03 9.921429999999999971e-01
9.232000000000000000e+03 9.912680000000000380e-01
9.247000000000000000e+03 9.892699999999999827e-01
9.262000000000000000e+03 9.881560000000000343e-01
9.277000000000000000e+03 9.881520000000000303e-01
9.292000000000000000e+03 9.870130000000000292e-01
9.307000000000000000e+03 9.853809999999999514e-01
9.322000000000000000e+03 9.855850000000000444e-01
9.337000000000000000e+03 9.863140000000000240e-01
9.352000000000000000e+03 9.841529999999999445e-01
9.367000000000000000e+03 9.822640000000000260e-01
9.382000000000000000e+03 9.832640000000000269e-01
9.397000000000000000e+03 9.830959999999999699e-01
9.412000000000000000e+03 9.799989999999999535e-01
9.427000000000000000e+03 9.748710000000000431e-01
9.442000000000000000e+03 9.685439999999999605e-01
9.457000000000000000e+03 9.584099999999999842e-01
9.472000000000000000e+03 9.409100000000000241e-01
9.487000000000000000e+03 9.191869999999999763e-01
9.502000000000000000e+03 8.935629999999999962e-01
9.517000000000000000e+03 8.637770000000000170e-01
9.532000000000000000e+03 8.311720000000000219e-01
9.547000000000000000e+03 7.982430000000000359e-01
9.562000000000000000e+03 7.682350000000000012e-01
9.577000000000000000e+03 7.397230000000000194e-01
9.592000000000000000e+03 7.154669999999999641e-01
9.607000000000000000e+03 6.943359999999999532e-01
9.622000000000000000e+03 6.768070000000000475e-01
9.637000000000000000e+03 6.596170000000000089e-01
9.652000000000000000e+03 6.391769999999999952e-01
9.667000000000000000e+03 6.136470000000000535e-01
9.682000000000000000e+03 5.837599999999999456e-01
9.697000000000000000e+03 5.477950000000000319e-01
9.712000000000000000e+03 5.073280000000000012e-01
9.727000000000000000e+03 4.669679999999999942e-01
9.742000000000000000e+03 4.219640000000000057e-01
9.757000000000000000e+03 3.754669999999999952e-01
9.772000000000000000e+03 3.251319999999999766e-01
9.787000000000000000e+03 2.783070000000000266e-01
9.802000000000000000e+03 2.368399999999999950e-01
9.817000000000000000e+03 1.994140000000000079e-01
9.832000000000000000e+03 1.711189999999999933e-01
9.847000000000000000e+03 1.482880000000000031e-01
9.862000000000000000e+03 1.299460000000000059e-01
9.877000000000000000e+03 1.127409999999999940e-01
9.892000000000000000e+03 9.775449999999999418e-02
9.907000000000000000e+03 8.376669999999999949e-02
9.922000000000000000e+03 6.959170000000000633e-02
9.937000000000000000e+03 5.707530000000000242e-02
9.952000000000000000e+03 4.576020000000000088e-02
9.967000000000000000e+03 3.595059999999999922e-02
9.982000000000000000e+03 2.740079999999999946e-02
9.997000000000000000e+03 2.056710000000000135e-02
1.001200000000000000e+04 1.508469999999999950e-02
1.002700000000000000e+04 1.071180000000000049e-02
1.004200000000000000e+04 7.595110000000000403e-03
1.005700000000000000e+04 5.382200000000000178e-03
1.007200000000000000e+04 3.799299999999999813e-03
1.008700000000000000e+04 2.626299999999999815e-03
1.010200000000000000e+04 1.969369999999999801e-03
1.011700000000000000e+04 1.439160000000000092e-03
1.013200000000000000e+04 1.091479999999999924e-03
1.014700000000000000e+04 8.738349999999999980e-04
1.016200000000000000e+04 6.892670000000000264e-04
1.017700000000000000e+04 4.962620000000000269e-04
1.019200000000000000e+04 3.926700000000000199e-04
1.020700000000000000e+04 3.418949999999999919e-04
1.022200000000000000e+04 2.735020000000000116e-04
1.023700000000000000e+04 2.136460000000000073e-04
1.025200000000000000e+04 1.984760000000000018e-04
1.026700000000000000e+04 1.922209999999999880e-04
1.028200000000000000e+04 1.826259999999999960e-04
1.029700000000000000e+04 1.700249999999999993e-04
1.031200000000000000e+04 1.632749999999999978e-04
1.032700000000000000e+04 1.588899999999999915e-04
1.034200000000000000e+04 1.488480000000000087e-04
1.035700000000000000e+04 1.407690000000000070e-04
1.037200000000000000e+04 1.388720000000000080e-04
1.038700000000000000e+04 1.389309999999999883e-04
1.040200000000000000e+04 1.400360000000000125e-04
1.041700000000000000e+04 1.377039999999999948e-04
1.043200000000000000e+04 1.237800000000000109e-04
1.044700000000000000e+04 1.105949999999999940e-04
1.046200000000000000e+04 1.063710000000000019e-04
1.047700000000000000e+04 9.700599999999999924e-05
1.049200000000000000e+04 8.530220000000000467e-05
1.050700000000000000e+04 7.710350000000000471e-05
1.052200000000000000e+04 6.832460000000000649e-05
1.053700000000000000e+04 4.972510000000000271e-05
1.055200000000000000e+04 1.958430000000000153e-05
1.056700000000000000e+04 1.489460000000000051e-06
