2.234500000000000000e+03 0.000000000000000000e+00
2.240500000000000000e+03 5.651619999999999887e-08
2.246500000000000000e+03 3.878440000000000258e-06
2.252500000000000000e+03 1.361209999999999966e-05
2.258500000000000000e+03 2.432249999999999964e-05
2.264500000000000000e+03 3.052319999999999941e-05
2.270500000000000000e+03 3.489489999999999687e-05
2.276500000000000000e+03 3.869450000000000027e-05
2.282500000000000000e+03 4.038510000000000065e-05
2.288500000000000000e+03 4.199920000000000270e-05
2.294500000000000000e+03 4.372469999999999829e-05
2.300500000000000000e+03 4.540800000000000299e-05
2.306500000000000000e+03 4.687059999999999810e-05
2.312500000000000000e+03 4.791100000000000258e-05
2.318500000000000000e+03 4.840160000000000089e-05
2.324500000000000000e+03 4.846829999999999807e-05
2.330500000000000000e+03 4.796109999999999723e-05
2.336500000000000000e+03 4.723630000000000038e-05
2.342500000000000000e+03 4.624969999999999868e-05
2.348500000000000000e+03 4.527239999999999704e-05
2.354500000000000000e+03 4.443650000000000052e-05
2.360500000000000000e+03 4.404609999999999830e-05
2.366500000000000000e+03 4.425049999999999925e-05
2.372500000000000000e+03 4.498370000000000097e-05
2.378500000000000000e+03 4.635729999999999745e-05
2.384500000000000000e+03 4.801119999999999867e-05
2.390500000000000000e+03 4.984289999999999673e-05
2.396500000000000000e+03 5.137329999999999821e-05
2.402500000000000000e+03 5.237809999999999916e-05
2.408500000000000000e+03 5.261269999999999857e-05
2.414500000000000000e+03 5.189960000000000027e-05
2.420500000000000000e+03 5.012819999999999890e-05
2.426500000000000000e+03 4.739219999999999663e-05
2.432500000000000000e+03 4.389119999999999746e-05
2.438500000000000000e+03 3.996139999999999995e-05
2.444500000000000000e+03 3.580180000000000000e-05
2.450500000000000000e+03 3.179299999999999867e-05
2.456500000000000000e+03 2.821700000000000106e-05
2.462500000000000000e+03 2.519790000000000145e-05
2.468500000000000000e+03 2.306779999999999961e-05
2.474500000000000000e+03 2.162099999999999848e-05
2.480500000000000000e+03 2.122020000000000056e-05
2.486500000000000000e+03 2.140580000000000095e-05
2.492500000000000000e+03 2.246789999999999879e-05
2.498500000000000000e+03 2.388019999999999881e-05
2.504500000000000000e+03 2.573729999999999836e-05
2.510500000000000000e+03 2.762119999999999907e-05
2.516500000000000000e+03 2.943389999999999952e-05
2.522500000000000000e+03 3.101840000000000104e-05
2.528500000000000000e+03 3.197940000000000082e-05
2.534500000000000000e+03 3.238959999999999902e-05
2.540500000000000000e+03 3.181189999999999946e-05
2.546500000000000000e+03 3.065070000000000115e-05
2.552500000000000000e+03 2.867140000000000132e-05
2.558500000000000000e+03 2.649870000000000093e-05
2.564500000000000000e+03 2.406340000000000071e-05
2.570500000000000000e+03 2.163199999999999889e-05
2.576500000000000000e+03 1.936760000000000071e-05
2.582500000000000000e+03 1.728130000000000004e-05
2.588500000000000000e+03 1.556970000000000104e-05
2.594500000000000000e+03 1.419130000000000082e-05
2.600500000000000000e+03 1.321000000000000058e-05
2.606500000000000000e+03 1.237599999999999975e-05
2.612500000000000000e+03 1.172280000000000065e-05
2.618500000000000000e+03 1.121580000000000026e-05
2.624500000000000000e+03 1.079540000000000001e-05
2.630500000000000000e+03 1.044930000000000006e-05
2.636500000000000000e+03 1.015459999999999930e-05
2.642500000000000000e+03 9.859520000000000767e-06
2.648500000000000000e+03 9.550220000000000188e-06
2.654500000000000000e+03 9.277869999999999314e-06
2.660500000000000000e+03 9.021360000000000308e-06
2.666500000000000000e+03 8.728920000000000106e-06
2.672500000000000000e+03 8.414729999999999647e-06
2.678500000000000000e+03 8.129969999999999683e-06
2.684500000000000000e+03 7.864509999999999687e-06
2.690500000000000000e+03 7.565329999999999783e-06
2.696500000000000000e+03 7.243749999999999891e-06
2.702500000000000000e+03 6.965599999999999852e-06
2.708500000000000000e+03 6.737989999999999840e-06
2.714500000000000000e+03 6.579460000000000022e-06
2.720500000000000000e+03 6.476350000000000258e-06
2.726500000000000000e+03 6.444480000000000172e-06
2.732500000000000000e+03 6.547110000000000238e-06
2.738500000000000000e+03 8.611060000000000188e-06
2.744500000000000000e+03 1.138810000000000028e-05
2.750500000000000000e+03 1.215649999999999957e-05
2.756500000000000000e+03 1.243399999999999988e-05
2.762500000000000000e+03 1.292030000000000062e-05
2.768500000000000000e+03 1.279600000000000081e-05
2.774500000000000000e+03 1.250980000000000006e-05
2.780500000000000000e+03 1.234990000000000012e-05
2.786500000000000000e+03 1.223679999999999946e-05
2.792500000000000000e+03 1.218499999999999938e-05
2.798500000000000000e+03 1.222270000000000073e-05
2.804500000000000000e+03 1.283840000000000061e-05
2.810500000000000000e+03 1.512079999999999929e-05
2.816500000000000000e+03 1.817470000000000066e-05
2.822500000000000000e+03 2.043670000000000035e-05
2.828500000000000000e+03 2.097849999999999913e-05
2.834500000000000000e+03 2.239839999999999887e-05
2.840500000000000000e+03 2.462799999999999866e-05
2.846500000000000000e+03 2.528870000000000065e-05
2.852500000000000000e+03 2.536740000000000042e-05
2.858500000000000000e+03 2.544150000000000027e-05
2.864500000000000000e+03 2.536780000000000130e-05
2.870500000000000000e+03 2.521030000000000154e-05
2.876500000000000000e+03 2.515059999999999938e-05
2.882500000000000000e+03 2.503220000000000065e-05
2.888500000000000000e+03 2.497320000000000003e-05
2.894500000000000000e+03 2.497690000000000137e-05
2.900500000000000000e+03 2.504729999999999988e-05
2.906500000000000000e+03 2.520009999999999950e-05
2.912500000000000000e+03 2.528690000000000009e-05
2.918500000000000000e+03 2.534989999999999932e-05
2.924500000000000000e+03 2.546620000000000022e-05
2.930500000000000000e+03 2.550879999999999877e-05
2.936500000000000000e+03 2.545779999999999875e-05
2.942500000000000000e+03 2.537789999999999973e-05
2.948500000000000000e+03 2.534450000000000103e-05
2.954500000000000000e+03 2.541809999999999979e-05
2.960500000000000000e+03 2.566189999999999905e-05
2.966500000000000000e+03 2.601079999999999836e-05
2.972500000000000000e+03 2.663190000000000162e-05
2.978500000000000000e+03 2.735350000000000162e-05
2.984500000000000000e+03 2.807620000000000065e-05
2.990500000000000000e+03 2.876080000000000083e-05
2.996500000000000000e+03 2.937019999999999876e-05
3.002500000000000000e+03 3.000480000000000112e-05
3.008500000000000000e+03 3.049989999999999914e-05
3.014500000000000000e+03 3.085569999999999665e-05
3.020500000000000000e+03 3.108090000000000256e-05
3.026500000000000000e+03 3.118240000000000150e-05
3.032500000000000000e+03 3.134260000000000041e-05
3.038500000000000000e+03 3.153689999999999955e-05
3.044500000000000000e+03 3.180990000000000185e-05
3.050500000000000000e+03 3.218330000000000068e-05
3.056500000000000000e+03 3.269000000000000042e-05
3.062500000000000000e+03 3.327410000000000046e-05
3.068500000000000000e+03 3.397250000000000042e-05
3.074500000000000000e+03 3.492780000000000125e-05
3.080500000000000000e+03 3.608219999999999819e-05
3.086500000000000000e+03 3.714499999999999757e-05
3.092500000000000000e+03 3.813409999999999798e-05
3.098500000000000000e+03 3.901859999999999942e-05
3.104500000000000000e+03 3.976849999999999710e-05
3.110500000000000000e+03 4.070809999999999739e-05
3.116500000000000000e+03 4.181970000000000213e-05
3.122500000000000000e+03 4.299010000000000028e-05
3.128500000000000000e+03 4.418920000000000036e-05
3.134500000000000000e+03 4.549110000000000225e-05
3.140500000000000000e+03 4.705800000000000244e-05
3.146500000000000000e+03 4.882560000000000226e-05
3.152500000000000000e+03 5.099410000000000021e-05
3.158500000000000000e+03 5.336550000000000261e-05
3.164500000000000000e+03 5.584749999999999681e-05
3.170500000000000000e+03 5.849250000000000282e-05
3.176500000000000000e+03 6.134549999999999736e-05
3.182500000000000000e+03 6.446169999999999982e-05
3.188500000000000000e+03 6.802000000000000266e-05
3.194500000000000000e+03 7.193400000000000618e-05
3.200500000000000000e+03 7.631790000000000329e-05
3.206500000000000000e+03 8.101010000000000556e-05
3.212500000000000000e+03 8.629069999999999698e-05
3.218500000000000000e+03 9.248599999999999508e-05
3.224500000000000000e+03 9.940219999999999503e-05
3.230500000000000000e+03 1.071219999999999952e-04
3.236500000000000000e+03 1.157590000000000008e-04
3.242500000000000000e+03 1.258879999999999982e-04
3.248500000000000000e+03 1.373690000000000056e-04
3.254500000000000000e+03 1.509939999999999980e-04
3.260500000000000000e+03 1.660139999999999999e-04
3.266500000000000000e+03 1.834820000000000027e-04
3.272500000000000000e+03 2.013899999999999946e-04
3.278500000000000000e+03 2.225990000000000011e-04
3.284500000000000000e+03 2.460459999999999817e-04
3.290500000000000000e+03 2.759269999999999757e-04
3.296500000000000000e+03 3.112200000000000188e-04
3.302500000000000000e+03 4.039359999999999761e-04
3.308500000000000000e+03 6.251849999999999985e-04
3.314500000000000000e+03 8.706229999999999481e-04
3.320500000000000000e+03 1.145799999999999987e-03
3.326500000000000000e+03 1.606680000000000087e-03
3.332500000000000000e+03 2.312480000000000004e-03
3.338500000000000000e+03 3.236230000000000096e-03
3.344500000000000000e+03 4.332690000000000152e-03
3.350500000000000000e+03 5.643079999999999971e-03
3.356500000000000000e+03 7.151199999999999918e-03
3.362500000000000000e+03 8.982079999999999925e-03
3.368500000000000000e+03 1.100169999999999967e-02
3.374500000000000000e+03 1.338879999999999931e-02
3.380500000000000000e+03 1.589089999999999947e-02
3.386500000000000000e+03 1.857659999999999867e-02
3.392500000000000000e+03 2.137920000000000098e-02
3.398500000000000000e+03 2.452090000000000172e-02
3.404500000000000000e+03 2.778759999999999911e-02
3.410500000000000000e+03 3.132329999999999837e-02
3.416500000000000000e+03 3.499719999999999914e-02
3.422500000000000000e+03 3.898689999999999795e-02
3.428500000000000000e+03 4.311539999999999817e-02
3.434500000000000000e+03 4.755770000000000136e-02
3.440500000000000000e+03 5.224589999999999790e-02
3.446500000000000000e+03 5.721269999999999828e-02
3.452500000000000000e+03 6.246580000000000188e-02
3.458500000000000000e+03 6.790599999999999414e-02
3.464500000000000000e+03 7.358870000000000688e-02
3.470500000000000000e+03 7.941639999999999810e-02
3.476500000000000000e+03 8.552569999999999617e-02
3.482500000000000000e+03 9.167980000000000573e-02
3.488500000000000000e+03 9.796770000000000478e-02
3.494500000000000000e+03 1.042450000000000043e-01
3.500500000000000000e+03 1.104709999999999998e-01
3.506500000000000000e+03 1.166490000000000027e-01
3.512500000000000000e+03 1.226470000000000060e-01
3.518500000000000000e+03 1.286120000000000041e-01
3.524500000000000000e+03 1.342969999999999997e-01
3.530500000000000000e+03 1.399549999999999961e-01
3.536500000000000000e+03 1.451379999999999892e-01
3.542500000000000000e+03 1.503480000000000094e-01
3.548500000000000000e+03 1.551359999999999961e-01
3.554500000000000000e+03 1.600139999999999896e-01
3.560500000000000000e+03 1.644909999999999983e-01
3.566500000000000000e+03 1.689229999999999898e-01
3.572500000000000000e+03 1.729350000000000054e-01
3.578500000000000000e+03 1.767660000000000065e-01
3.584500000000000000e+03 1.809620000000000117e-01
3.590500000000000000e+03 1.856720000000000037e-01
3.596500000000000000e+03 1.904879999999999907e-01
3.602500000000000000e+03 1.954190000000000094e-01
3.608500000000000000e+03 2.002069999999999961e-01
3.614500000000000000e+03 2.048599999999999866e-01
3.620500000000000000e+03 2.091760000000000008e-01
3.626500000000000000e+03 2.133649999999999991e-01
3.632500000000000000e+03 2.170839999999999992e-01
3.638500000000000000e+03 2.205280000000000018e-01
3.644500000000000000e+03 2.235900000000000110e-01
3.650500000000000000e+03 2.266690000000000094e-01
3.656500000000000000e+03 2.294259999999999911e-01
3.662500000000000000e+03 2.318729999999999958e-01
3.668500000000000000e+03 2.340559999999999863e-01
3.674500000000000000e+03 2.358149999999999968e-01
3.680500000000000000e+03 2.372869999999999979e-01
3.686500000000000000e+03 2.384010000000000018e-01
3.692500000000000000e+03 2.395239999999999869e-01
3.698500000000000000e+03 2.406310000000000116e-01
3.704500000000000000e+03 2.416429999999999967e-01
3.710500000000000000e+03 2.428970000000000018e-01
3.716500000000000000e+03 2.447489999999999943e-01
3.722500000000000000e+03 2.480229999999999935e-01
3.728500000000000000e+03 2.532690000000000219e-01
3.734500000000000000e+03 2.623460000000000236e-01
3.740500000000000000e+03 2.769409999999999927e-01
3.746500000000000000e+03 3.009519999999999973e-01
3.752500000000000000e+03 3.374639999999999862e-01
3.758500000000000000e+03 3.898840000000000083e-01
3.764500000000000000e+03 4.592789999999999928e-01
3.770500000000000000e+03 5.429220000000000157e-01
3.776500000000000000e+03 6.349799999999999889e-01
3.782500000000000000e+03 7.250990000000000490e-01
3.788500000000000000e+03 8.029680000000000151e-01
3.794500000000000000e+03 8.643469999999999764e-01
3.800500000000000000e+03 9.100970000000000448e-01
3.806500000000000000e+03 9.383860000000000534e-01
3.812500000000000000e+03 9.562089999999999756e-01
3.818500000000000000e+03 9.659149999999999681e-01
3.824500000000000000e+03 9.735369999999999857e-01
3.830500000000000000e+03 9.777400000000000535e-01
3.836500000000000000e+03 9.816030000000000033e-01
3.842500000000000000e+03 9.853060000000000151e-01
3.848500000000000000e+03 9.884330000000000060e-01
3.854500000000000000e+03 9.922549999999999981e-01
3.860500000000000000e+03 9.964650000000000452e-01
3.866500000000000000e+03 9.993589999999999973e-01
3.872500000000000000e+03 1.000000000000000000e+00
3.878500000000000000e+03 9.975950000000000095e-01
3.884500000000000000e+03 9.930309999999999970e-01
3.890500000000000000e+03 9.879480000000000484e-01
3.896500000000000000e+03 9.819740000000000135e-01
3.902500000000000000e+03 9.738599999999999479e-01
3.908500000000000000e+03 9.608759999999999524e-01
3.914500000000000000e+03 9.419140000000000290e-01
3.920500000000000000e+03 9.134809999999999874e-01
3.926500000000000000e+03 8.740470000000000184e-01
3.932500000000000000e+03 8.234970000000000345e-01
3.938500000000000000e+03 7.613710000000000200e-01
3.944500000000000000e+03 6.904230000000000089e-01
3.950500000000000000e+03 6.141060000000000407e-01
3.956500000000000000e+03 5.363980000000000414e-01
3.962500000000000000e+03 4.654349999999999876e-01
3.968500000000000000e+03 3.984010000000000051e-01
3.974500000000000000e+03 3.434050000000000158e-01
3.980500000000000000e+03 2.984080000000000066e-01
3.986500000000000000e+03 2.672189999999999843e-01
3.992500000000000000e+03 2.435779999999999890e-01
3.998500000000000000e+03 2.280729999999999980e-01
4.004500000000000000e+03 2.164689999999999948e-01
4.010500000000000000e+03 2.091040000000000121e-01
4.016500000000000000e+03 2.034229999999999927e-01
4.022500000000000000e+03 1.989239999999999897e-01
4.028500000000000000e+03 1.950000000000000067e-01
4.034500000000000000e+03 1.915729999999999933e-01
4.040500000000000000e+03 1.888160000000000116e-01
4.046500000000000000e+03 1.861939999999999984e-01
4.052500000000000000e+03 1.837320000000000064e-01
4.058500000000000000e+03 1.810990000000000100e-01
4.064500000000000000e+03 1.789459999999999940e-01
4.070500000000000000e+03 1.767320000000000002e-01
4.076500000000000000e+03 1.746010000000000062e-01
4.082500000000000000e+03 1.727619999999999989e-01
4.088500000000000000e+03 1.711940000000000128e-01
4.094500000000000000e+03 1.700560000000000127e-01
4.100500000000000000e+03 1.690180000000000016e-01
4.106500000000000000e+03 1.679350000000000009e-01
4.112500000000000000e+03 1.665419999999999956e-01
4.118500000000000000e+03 1.651499999999999913e-01
4.124500000000000000e+03 1.640089999999999881e-01
4.130500000000000000e+03 1.628000000000000003e-01
4.136500000000000000e+03 1.616519999999999901e-01
4.142500000000000000e+03 1.604669999999999985e-01
4.148500000000000000e+03 1.594210000000000071e-01
4.154500000000000000e+03 1.582469999999999988e-01
4.160500000000000000e+03 1.569419999999999982e-01
4.166500000000000000e+03 1.555020000000000013e-01
4.172500000000000000e+03 1.535630000000000051e-01
4.178500000000000000e+03 1.514530000000000043e-01
4.184500000000000000e+03 1.486119999999999941e-01
4.190500000000000000e+03 1.454199999999999937e-01
4.196500000000000000e+03 1.412269999999999914e-01
4.202500000000000000e+03 1.360979999999999968e-01
4.208500000000000000e+03 1.301019999999999954e-01
4.214500000000000000e+03 1.233619999999999994e-01
4.220500000000000000e+03 1.161520000000000052e-01
4.226500000000000000e+03 1.084660000000000069e-01
4.232500000000000000e+03 1.005309999999999954e-01
4.238500000000000000e+03 9.235630000000000228e-02
4.244500000000000000e+03 8.416569999999999607e-02
4.250500000000000000e+03 7.602470000000000061e-02
4.256500000000000000e+03 6.821249999999999536e-02
4.262500000000000000e+03 6.078449999999999825e-02
4.268500000000000000e+03 5.379559999999999897e-02
4.274500000000000000e+03 4.748190000000000049e-02
4.280500000000000000e+03 4.161170000000000146e-02
4.286500000000000000e+03 3.643140000000000267e-02
4.292500000000000000e+03 3.167860000000000120e-02
4.298500000000000000e+03 2.762919999999999959e-02
4.304500000000000000e+03 2.399520000000000125e-02
4.310500000000000000e+03 2.096800000000000053e-02
4.316500000000000000e+03 1.829789999999999889e-02
4.322500000000000000e+03 1.607099999999999848e-02
4.328500000000000000e+03 1.412440000000000050e-02
4.334500000000000000e+03 1.249669999999999948e-02
4.340500000000000000e+03 1.108630000000000032e-02
4.346500000000000000e+03 9.878670000000000853e-03
4.352500000000000000e+03 8.784470000000000819e-03
4.358500000000000000e+03 7.836660000000000501e-03
4.364500000000000000e+03 6.995160000000000267e-03
4.370500000000000000e+03 6.257709999999999662e-03
4.376500000000000000e+03 5.535919999999999730e-03
4.382500000000000000e+03 4.832310000000000251e-03
4.388500000000000000e+03 4.223389999999999610e-03
4.394500000000000000e+03 3.721239999999999791e-03
4.400500000000000000e+03 3.216360000000000139e-03
4.406500000000000000e+03 2.582870000000000131e-03
4.412500000000000000e+03 2.015859999999999961e-03
4.418500000000000000e+03 1.561469999999999915e-03
4.424500000000000000e+03 1.066239999999999983e-03
4.430500000000000000e+03 8.160420000000000043e-04
4.436500000000000000e+03 7.016960000000000254e-04
4.442500000000000000e+03 6.036470000000000160e-04
4.448500000000000000e+03 3.962959999999999747e-04
4.454500000000000000e+03 1.711190000000000128e-04
4.460500000000000000e+03 1.245200000000000072e-04
4.466500000000000000e+03 1.188430000000000004e-04
4.472500000000000000e+03 1.138870000000000024e-04
4.478500000000000000e+03 1.087690000000000016e-04
4.484500000000000000e+03 1.041780000000000044e-04
4.490500000000000000e+03 9.799809999999999945e-05
4.496500000000000000e+03 7.651090000000000636e-05
4.502500000000000000e+03 4.988600000000000315e-05
4.508500000000000000e+03 3.974439999999999847e-05
4.514500000000000000e+03 3.839260000000000237e-05
4.520500000000000000e+03 3.651260000000000004e-05
4.526500000000000000e+03 2.895370000000000029e-05
4.532500000000000000e+03 2.045230000000000068e-05
4.538500000000000000e+03 1.816939999999999921e-05
4.544500000000000000e+03 1.805659999999999920e-05
4.550500000000000000e+03 1.798049999999999836e-05
4.556500000000000000e+03 1.797019999999999949e-05
4.562500000000000000e+03 1.799949999999999936e-05
4.568500000000000000e+03 1.812629999999999957e-05
4.574500000000000000e+03 1.823109999999999897e-05
4.580500000000000000e+03 1.832000000000000078e-05
4.586500000000000000e+03 1.839489999999999900e-05
4.592500000000000000e+03 1.840569999999999896e-05
4.598500000000000000e+03 1.840820000000000105e-05
4.604500000000000000e+03 1.841300000000000141e-05
4.610500000000000000e+03 1.842010000000000004e-05
4.616500000000000000e+03 1.839400000000000041e-05
4.622500000000000000e+03 1.835100000000000099e-05
4.628500000000000000e+03 1.830180000000000153e-05
4.634500000000000000e+03 1.821389999999999853e-05
4.640500000000000000e+03 1.803489999999999905e-05
4.646500000000000000e+03 1.769900000000000114e-05
4.652500000000000000e+03 1.686000000000000121e-05
4.658500000000000000e+03 1.607399999999999891e-05
4.664500000000000000e+03 1.545960000000000018e-05
4.670500000000000000e+03 1.476060000000000061e-05
4.676500000000000000e+03 1.457580000000000027e-05
4.682500000000000000e+03 1.475040000000000026e-05
4.688500000000000000e+03 1.517400000000000075e-05
4.694500000000000000e+03 1.549649999999999978e-05
4.700500000000000000e+03 1.619029999999999981e-05
4.706500000000000000e+03 1.733659999999999932e-05
4.712500000000000000e+03 1.814520000000000035e-05
4.718500000000000000e+03 1.883620000000000102e-05
4.724500000000000000e+03 1.930649999999999887e-05
4.730500000000000000e+03 1.965299999999999971e-05
4.736500000000000000e+03 2.004549999999999976e-05
4.742500000000000000e+03 2.041240000000000128e-05
4.748500000000000000e+03 2.075919999999999938e-05
4.754500000000000000e+03 2.096949999999999972e-05
4.760500000000000000e+03 2.117499999999999970e-05
4.766500000000000000e+03 2.135989999999999856e-05
4.772500000000000000e+03 2.161120000000000071e-05
4.778500000000000000e+03 2.196660000000000073e-05
4.784500000000000000e+03 2.229939999999999863e-05
4.790500000000000000e+03 2.264820000000000112e-05
4.796500000000000000e+03 2.295199999999999980e-05
4.802500000000000000e+03 2.318700000000000009e-05
4.808500000000000000e+03 2.345669999999999854e-05
4.814500000000000000e+03 2.375359999999999904e-05
4.820500000000000000e+03 2.405080000000000019e-05
4.826500000000000000e+03 2.435799999999999955e-05
4.832500000000000000e+03 2.463050000000000075e-05
4.838500000000000000e+03 2.483389999999999952e-05
4.844500000000000000e+03 2.503939999999999950e-05
4.850500000000000000e+03 2.525970000000000144e-05
4.856500000000000000e+03 2.544239999999999886e-05
4.862500000000000000e+03 2.558129999999999850e-05
4.868500000000000000e+03 2.570519999999999912e-05
4.874500000000000000e+03 2.572290000000000066e-05
4.880500000000000000e+03 2.574920000000000073e-05
4.886500000000000000e+03 2.586630000000000000e-05
4.892500000000000000e+03 2.602079999999999996e-05
4.898500000000000000e+03 2.626830000000000056e-05
4.904500000000000000e+03 2.652460000000000012e-05
4.910500000000000000e+03 2.681919999999999896e-05
4.916500000000000000e+03 2.711009999999999985e-05
4.922500000000000000e+03 2.740100000000000074e-05
4.928500000000000000e+03 2.772639999999999935e-05
4.934500000000000000e+03 2.796230000000000162e-05
4.940500000000000000e+03 2.818349999999999875e-05
4.946500000000000000e+03 2.838520000000000057e-05
4.952500000000000000e+03 2.857169999999999954e-05
4.958500000000000000e+03 2.881050000000000139e-05
4.964500000000000000e+03 2.901829999999999964e-05
4.970500000000000000e+03 2.908680000000000076e-05
4.976500000000000000e+03 2.912479999999999938e-05
4.982500000000000000e+03 2.913810000000000144e-05
4.988500000000000000e+03 2.907079999999999956e-05
4.994500000000000000e+03 2.915180000000000099e-05
5.000500000000000000e+03 2.933809999999999952e-05
5.006500000000000000e+03 2.948990000000000034e-05
5.012500000000000000e+03 2.906690000000000117e-05
5.018500000000000000e+03 2.485219999999999899e-05
5.024500000000000000e+03 1.946990000000000141e-05
5.030500000000000000e+03 1.630429999999999906e-05
5.036500000000000000e+03 1.078160000000000025e-05
5.042500000000000000e+03 6.250980000000000246e-06
5.048500000000000000e+03 5.930270000000000228e-06
5.054500000000000000e+03 5.939160000000000409e-06
5.060500000000000000e+03 4.501590000000000382e-06
5.066500000000000000e+03 1.617569999999999998e-06
