1.787000000000000000e+03 0.000000000000000000e+00
1.792000000000000000e+03 1.174780000000000015e-07
1.797000000000000000e+03 4.443830000000000108e-06
1.802000000000000000e+03 1.166540000000000015e-05
1.807000000000000000e+03 1.873669999999999969e-05
1.812000000000000000e+03 2.861359999999999994e-05
1.817000000000000000e+03 3.515370000000000192e-05
1.822000000000000000e+03 3.672280000000000016e-05
1.827000000000000000e+03 3.816050000000000166e-05
1.832000000000000000e+03 3.985189999999999702e-05
1.837000000000000000e+03 4.152749999999999839e-05
1.842000000000000000e+03 4.316609999999999995e-05
1.847000000000000000e+03 4.440870000000000055e-05
1.852000000000000000e+03 4.540629999999999927e-05
1.857000000000000000e+03 4.575859999999999926e-05
1.862000000000000000e+03 4.561269999999999783e-05
1.867000000000000000e+03 4.504930000000000251e-05
1.872000000000000000e+03 4.415580000000000167e-05
1.877000000000000000e+03 4.320909999999999936e-05
1.882000000000000000e+03 4.225800000000000097e-05
1.887000000000000000e+03 4.177270000000000072e-05
1.892000000000000000e+03 4.157369999999999805e-05
1.897000000000000000e+03 4.216210000000000075e-05
1.902000000000000000e+03 4.325070000000000249e-05
1.907000000000000000e+03 4.481289999999999915e-05
1.912000000000000000e+03 4.660779999999999784e-05
1.917000000000000000e+03 4.810210000000000148e-05
1.922000000000000000e+03 4.933450000000000004e-05
1.927000000000000000e+03 4.954929999999999670e-05
1.932000000000000000e+03 4.903409999999999865e-05
1.937000000000000000e+03 4.723000000000000012e-05
1.942000000000000000e+03 4.467329999999999798e-05
1.947000000000000000e+03 4.118399999999999736e-05
1.952000000000000000e+03 3.724340000000000327e-05
1.957000000000000000e+03 3.318530000000000226e-05
1.962000000000000000e+03 2.924760000000000098e-05
1.967000000000000000e+03 2.589300000000000095e-05
1.972000000000000000e+03 2.320799999999999870e-05
1.977000000000000000e+03 2.159939999999999855e-05
1.982000000000000000e+03 2.082600000000000017e-05
1.987000000000000000e+03 2.110940000000000155e-05
1.992000000000000000e+03 2.206700000000000065e-05
1.997000000000000000e+03 2.374070000000000124e-05
2.002000000000000000e+03 2.572270000000000022e-05
2.007000000000000000e+03 2.798360000000000089e-05
2.012000000000000000e+03 3.022420000000000109e-05
2.017000000000000000e+03 3.229039999999999835e-05
2.022000000000000000e+03 3.388400000000000288e-05
2.027000000000000000e+03 3.486910000000000129e-05
2.032000000000000000e+03 3.513649999999999808e-05
2.037000000000000000e+03 3.451499999999999734e-05
2.042000000000000000e+03 3.341209999999999813e-05
2.047000000000000000e+03 3.187800000000000209e-05
2.052000000000000000e+03 3.033370000000000063e-05
2.057000000000000000e+03 2.888920000000000116e-05
2.062000000000000000e+03 2.766419999999999849e-05
2.067000000000000000e+03 2.663209999999999867e-05
2.072000000000000000e+03 2.573100000000000148e-05
2.077000000000000000e+03 2.498339999999999868e-05
2.082000000000000000e+03 2.434590000000000013e-05
2.087000000000000000e+03 2.405110000000000085e-05
2.092000000000000000e+03 2.391680000000000113e-05
2.097000000000000000e+03 2.386230000000000022e-05
2.102000000000000000e+03 2.389040000000000084e-05
2.107000000000000000e+03 2.398020000000000124e-05
2.112000000000000000e+03 2.407069999999999978e-05
2.117000000000000000e+03 2.420560000000000081e-05
2.122000000000000000e+03 2.439949999999999907e-05
2.127000000000000000e+03 2.458929999999999851e-05
2.132000000000000000e+03 2.478210000000000113e-05
2.137000000000000000e+03 2.499739999999999889e-05
2.142000000000000000e+03 2.521900000000000029e-05
2.147000000000000000e+03 2.540320000000000100e-05
2.152000000000000000e+03 2.557150000000000072e-05
2.157000000000000000e+03 2.580680000000000167e-05
2.162000000000000000e+03 2.611789999999999942e-05
2.167000000000000000e+03 2.646259999999999970e-05
2.172000000000000000e+03 2.698459999999999910e-05
2.177000000000000000e+03 2.799029999999999864e-05
2.182000000000000000e+03 2.982410000000000131e-05
2.187000000000000000e+03 3.219839999999999990e-05
2.192000000000000000e+03 3.490249999999999998e-05
2.197000000000000000e+03 3.734039999999999912e-05
2.202000000000000000e+03 3.855900000000000131e-05
2.207000000000000000e+03 3.949449999999999939e-05
2.212000000000000000e+03 4.091869999999999839e-05
2.217000000000000000e+03 4.240380000000000218e-05
2.222000000000000000e+03 4.288069999999999756e-05
2.227000000000000000e+03 4.278799999999999759e-05
2.232000000000000000e+03 4.189279999999999979e-05
2.237000000000000000e+03 4.088739999999999752e-05
2.242000000000000000e+03 3.986729999999999690e-05
2.247000000000000000e+03 3.860719999999999858e-05
2.252000000000000000e+03 3.720800000000000019e-05
2.257000000000000000e+03 3.524509999999999904e-05
2.262000000000000000e+03 3.262129999999999885e-05
2.267000000000000000e+03 2.980970000000000023e-05
2.272000000000000000e+03 2.811699999999999863e-05
2.277000000000000000e+03 2.703429999999999966e-05
2.282000000000000000e+03 2.663559999999999957e-05
2.287000000000000000e+03 2.623949999999999839e-05
2.292000000000000000e+03 2.576620000000000074e-05
2.297000000000000000e+03 2.527429999999999957e-05
2.302000000000000000e+03 2.483450000000000083e-05
2.307000000000000000e+03 2.450279999999999857e-05
2.312000000000000000e+03 2.416289999999999866e-05
2.317000000000000000e+03 2.380410000000000135e-05
2.322000000000000000e+03 2.354979999999999940e-05
2.327000000000000000e+03 2.344439999999999868e-05
2.332000000000000000e+03 2.341829999999999905e-05
2.337000000000000000e+03 2.342889999999999857e-05
2.342000000000000000e+03 2.352850000000000012e-05
2.347000000000000000e+03 2.360339999999999834e-05
2.352000000000000000e+03 2.361560000000000137e-05
2.357000000000000000e+03 2.369420000000000093e-05
2.362000000000000000e+03 2.380380000000000069e-05
2.367000000000000000e+03 2.396499999999999840e-05
2.372000000000000000e+03 2.433060000000000046e-05
2.377000000000000000e+03 2.485719999999999979e-05
2.382000000000000000e+03 2.544010000000000059e-05
2.387000000000000000e+03 2.604069999999999955e-05
2.392000000000000000e+03 2.676320000000000153e-05
2.397000000000000000e+03 2.761349999999999913e-05
2.402000000000000000e+03 2.847480000000000052e-05
2.407000000000000000e+03 2.943620000000000118e-05
2.412000000000000000e+03 3.041380000000000008e-05
2.417000000000000000e+03 3.145140000000000181e-05
2.422000000000000000e+03 3.269300000000000022e-05
2.427000000000000000e+03 3.401880000000000030e-05
2.432000000000000000e+03 3.573180000000000236e-05
2.437000000000000000e+03 3.775179999999999996e-05
2.442000000000000000e+03 4.009440000000000020e-05
2.447000000000000000e+03 4.315249999999999723e-05
2.452000000000000000e+03 4.651070000000000177e-05
2.457000000000000000e+03 5.089630000000000261e-05
2.462000000000000000e+03 5.609889999999999918e-05
2.467000000000000000e+03 6.221999999999999721e-05
2.472000000000000000e+03 7.007360000000000617e-05
2.477000000000000000e+03 7.866240000000000092e-05
2.482000000000000000e+03 9.022979999999999456e-05
2.487000000000000000e+03 1.039709999999999978e-04
2.492000000000000000e+03 1.209830000000000036e-04
2.497000000000000000e+03 1.457200000000000075e-04
2.502000000000000000e+03 1.737940000000000101e-04
2.507000000000000000e+03 2.162660000000000060e-04
2.512000000000000000e+03 2.692910000000000074e-04
2.517000000000000000e+03 3.370919999999999906e-04
2.522000000000000000e+03 4.369859999999999934e-04
2.527000000000000000e+03 5.500880000000000093e-04
2.532000000000000000e+03 7.200239999999999896e-04
2.537000000000000000e+03 9.302619999999999509e-04
2.542000000000000000e+03 1.190249999999999902e-03
2.547000000000000000e+03 1.549089999999999929e-03
2.552000000000000000e+03 1.942340000000000082e-03
2.557000000000000000e+03 2.456610000000000130e-03
2.562000000000000000e+03 3.044489999999999957e-03
2.567000000000000000e+03 3.703409999999999862e-03
2.572000000000000000e+03 4.482240000000000182e-03
2.577000000000000000e+03 5.292400000000000056e-03
2.582000000000000000e+03 6.173139999999999704e-03
2.587000000000000000e+03 7.079260000000000413e-03
2.592000000000000000e+03 7.981260000000000437e-03
2.597000000000000000e+03 8.851140000000000396e-03
2.602000000000000000e+03 9.700769999999999185e-03
2.607000000000000000e+03 1.044810000000000010e-02
2.612000000000000000e+03 1.112900000000000000e-02
2.617000000000000000e+03 1.172710000000000072e-02
2.622000000000000000e+03 1.218100000000000085e-02
2.627000000000000000e+03 1.259500000000000029e-02
2.632000000000000000e+03 1.290739999999999943e-02
2.637000000000000000e+03 1.322790000000000077e-02
2.642000000000000000e+03 1.351860000000000041e-02
2.647000000000000000e+03 1.376400000000000019e-02
2.652000000000000000e+03 1.404949999999999949e-02
2.657000000000000000e+03 1.443720000000000073e-02
2.662000000000000000e+03 1.499640000000000001e-02
2.667000000000000000e+03 1.564569999999999850e-02
2.672000000000000000e+03 1.636059999999999945e-02
2.677000000000000000e+03 1.718290000000000095e-02
2.682000000000000000e+03 1.818960000000000021e-02
2.687000000000000000e+03 1.929420000000000093e-02
2.692000000000000000e+03 2.058250000000000010e-02
2.697000000000000000e+03 2.198920000000000041e-02
2.702000000000000000e+03 2.357489999999999933e-02
2.707000000000000000e+03 2.525140000000000023e-02
2.712000000000000000e+03 2.708599999999999897e-02
2.717000000000000000e+03 2.910050000000000137e-02
2.722000000000000000e+03 3.147860000000000241e-02
2.727000000000000000e+03 3.416280000000000011e-02
2.732000000000000000e+03 3.711149999999999866e-02
2.737000000000000000e+03 4.039840000000000098e-02
2.742000000000000000e+03 4.413070000000000187e-02
2.747000000000000000e+03 4.831350000000000228e-02
2.752000000000000000e+03 5.294909999999999894e-02
2.757000000000000000e+03 5.803429999999999700e-02
2.762000000000000000e+03 6.347160000000000302e-02
2.767000000000000000e+03 6.928140000000000687e-02
2.772000000000000000e+03 7.535799999999999443e-02
2.777000000000000000e+03 8.172899999999999610e-02
2.782000000000000000e+03 8.826180000000000136e-02
2.787000000000000000e+03 9.490129999999999399e-02
2.792000000000000000e+03 1.015070000000000000e-01
2.797000000000000000e+03 1.080030000000000018e-01
2.802000000000000000e+03 1.142770000000000036e-01
2.807000000000000000e+03 1.202980000000000022e-01
2.812000000000000000e+03 1.260000000000000009e-01
2.817000000000000000e+03 1.312260000000000093e-01
2.822000000000000000e+03 1.359730000000000105e-01
2.827000000000000000e+03 1.400720000000000021e-01
2.832000000000000000e+03 1.435659999999999992e-01
2.837000000000000000e+03 1.463470000000000049e-01
2.842000000000000000e+03 1.484779999999999989e-01
2.847000000000000000e+03 1.498770000000000102e-01
2.852000000000000000e+03 1.506859999999999866e-01
2.857000000000000000e+03 1.510039999999999993e-01
2.862000000000000000e+03 1.511180000000000023e-01
2.867000000000000000e+03 1.512189999999999923e-01
2.872000000000000000e+03 1.515610000000000013e-01
2.877000000000000000e+03 1.520539999999999947e-01
2.882000000000000000e+03 1.526069999999999927e-01
2.887000000000000000e+03 1.531869999999999898e-01
2.892000000000000000e+03 1.536339999999999928e-01
2.897000000000000000e+03 1.540120000000000100e-01
2.902000000000000000e+03 1.543809999999999905e-01
2.907000000000000000e+03 1.548039999999999972e-01
2.912000000000000000e+03 1.553019999999999956e-01
2.917000000000000000e+03 1.558910000000000018e-01
2.922000000000000000e+03 1.565650000000000097e-01
2.927000000000000000e+03 1.572810000000000041e-01
2.932000000000000000e+03 1.580149999999999888e-01
2.937000000000000000e+03 1.587649999999999895e-01
2.942000000000000000e+03 1.596410000000000051e-01
2.947000000000000000e+03 1.609520000000000117e-01
2.952000000000000000e+03 1.628479999999999928e-01
2.957000000000000000e+03 1.659779999999999867e-01
2.962000000000000000e+03 1.706769999999999954e-01
2.967000000000000000e+03 1.789239999999999997e-01
2.972000000000000000e+03 1.917149999999999965e-01
2.977000000000000000e+03 2.135690000000000088e-01
2.982000000000000000e+03 2.465799999999999936e-01
2.987000000000000000e+03 2.951819999999999999e-01
2.992000000000000000e+03 3.603569999999999829e-01
2.997000000000000000e+03 4.400259999999999727e-01
3.002000000000000000e+03 5.301670000000000549e-01
3.007000000000000000e+03 6.223619999999999708e-01
3.012000000000000000e+03 7.096540000000000070e-01
3.017000000000000000e+03 7.848659999999999526e-01
3.022000000000000000e+03 8.445639999999999814e-01
3.027000000000000000e+03 8.868559999999999777e-01
3.032000000000000000e+03 9.149460000000000370e-01
3.037000000000000000e+03 9.328769999999999563e-01
3.042000000000000000e+03 9.469779999999999864e-01
3.047000000000000000e+03 9.579450000000000465e-01
3.052000000000000000e+03 9.684779999999999500e-01
3.057000000000000000e+03 9.771290000000000253e-01
3.062000000000000000e+03 9.852570000000000494e-01
3.067000000000000000e+03 9.922469999999999901e-01
3.072000000000000000e+03 9.968399999999999483e-01
3.077000000000000000e+03 9.987819999999999476e-01
3.082000000000000000e+03 9.996099999999999985e-01
3.087000000000000000e+03 1.000000000000000000e+00
3.092000000000000000e+03 9.997409999999999908e-01
3.097000000000000000e+03 9.990639999999999521e-01
3.102000000000000000e+03 9.977970000000000450e-01
3.107000000000000000e+03 9.957399999999999585e-01
3.112000000000000000e+03 9.901140000000000496e-01
3.117000000000000000e+03 9.781999999999999584e-01
3.122000000000000000e+03 9.564150000000000151e-01
3.127000000000000000e+03 9.209929999999999506e-01
3.132000000000000000e+03 8.698420000000000041e-01
3.137000000000000000e+03 8.020059999999999967e-01
3.142000000000000000e+03 7.212530000000000330e-01
3.147000000000000000e+03 6.331419999999999826e-01
3.152000000000000000e+03 5.444679999999999520e-01
3.157000000000000000e+03 4.613010000000000166e-01
3.162000000000000000e+03 3.870730000000000004e-01
3.167000000000000000e+03 3.266669999999999852e-01
3.172000000000000000e+03 2.774760000000000004e-01
3.177000000000000000e+03 2.415650000000000019e-01
3.182000000000000000e+03 2.142179999999999918e-01
3.187000000000000000e+03 1.959960000000000035e-01
3.192000000000000000e+03 1.833599999999999952e-01
3.197000000000000000e+03 1.750960000000000016e-01
3.202000000000000000e+03 1.690480000000000038e-01
3.207000000000000000e+03 1.645909999999999873e-01
3.212000000000000000e+03 1.615010000000000057e-01
3.217000000000000000e+03 1.591970000000000052e-01
3.222000000000000000e+03 1.575390000000000124e-01
3.227000000000000000e+03 1.561980000000000035e-01
3.232000000000000000e+03 1.548549999999999927e-01
3.237000000000000000e+03 1.534560000000000091e-01
3.242000000000000000e+03 1.520730000000000137e-01
3.247000000000000000e+03 1.506299999999999861e-01
3.252000000000000000e+03 1.492159999999999875e-01
3.257000000000000000e+03 1.478959999999999997e-01
3.262000000000000000e+03 1.466149999999999953e-01
3.267000000000000000e+03 1.453740000000000032e-01
3.272000000000000000e+03 1.441260000000000041e-01
3.277000000000000000e+03 1.428699999999999970e-01
3.282000000000000000e+03 1.415530000000000121e-01
3.287000000000000000e+03 1.401860000000000051e-01
3.292000000000000000e+03 1.387279999999999902e-01
3.297000000000000000e+03 1.371360000000000079e-01
3.302000000000000000e+03 1.354700000000000071e-01
3.307000000000000000e+03 1.336360000000000048e-01
3.312000000000000000e+03 1.317409999999999970e-01
3.317000000000000000e+03 1.296809999999999907e-01
3.322000000000000000e+03 1.276019999999999932e-01
3.327000000000000000e+03 1.253549999999999942e-01
3.332000000000000000e+03 1.230129999999999973e-01
3.337000000000000000e+03 1.204029999999999961e-01
3.342000000000000000e+03 1.176169999999999993e-01
3.347000000000000000e+03 1.143959999999999977e-01
3.352000000000000000e+03 1.108419999999999961e-01
3.357000000000000000e+03 1.068629999999999997e-01
3.362000000000000000e+03 1.024100000000000010e-01
3.367000000000000000e+03 9.749510000000000121e-02
3.372000000000000000e+03 9.200170000000000570e-02
3.377000000000000000e+03 8.627959999999999796e-02
3.382000000000000000e+03 8.008160000000000278e-02
3.387000000000000000e+03 7.373689999999999412e-02
3.392000000000000000e+03 6.719189999999999885e-02
3.397000000000000000e+03 6.072099999999999720e-02
3.402000000000000000e+03 5.445160000000000278e-02
3.407000000000000000e+03 4.846740000000000076e-02
3.412000000000000000e+03 4.291430000000000244e-02
3.417000000000000000e+03 3.784560000000000007e-02
3.422000000000000000e+03 3.337169999999999720e-02
3.427000000000000000e+03 2.940989999999999924e-02
3.432000000000000000e+03 2.608910000000000048e-02
3.437000000000000000e+03 2.324510000000000118e-02
3.442000000000000000e+03 2.092859999999999859e-02
3.447000000000000000e+03 1.900759999999999950e-02
3.452000000000000000e+03 1.744019999999999945e-02
3.457000000000000000e+03 1.612589999999999857e-02
3.462000000000000000e+03 1.501889999999999996e-02
3.467000000000000000e+03 1.404339999999999929e-02
3.472000000000000000e+03 1.316589999999999948e-02
3.477000000000000000e+03 1.236379999999999944e-02
3.482000000000000000e+03 1.158110000000000042e-02
3.487000000000000000e+03 1.082269999999999933e-02
3.492000000000000000e+03 1.004910000000000005e-02
3.497000000000000000e+03 9.297009999999999649e-03
3.502000000000000000e+03 8.597449999999999537e-03
3.507000000000000000e+03 7.886499999999999413e-03
3.512000000000000000e+03 7.185730000000000416e-03
3.517000000000000000e+03 6.495670000000000263e-03
3.522000000000000000e+03 5.760460000000000233e-03
3.527000000000000000e+03 5.020610000000000003e-03
3.532000000000000000e+03 4.385260000000000200e-03
3.537000000000000000e+03 3.818349999999999869e-03
3.542000000000000000e+03 3.302450000000000177e-03
3.547000000000000000e+03 2.836019999999999860e-03
3.552000000000000000e+03 2.408110000000000198e-03
3.557000000000000000e+03 2.052650000000000047e-03
3.562000000000000000e+03 1.724810000000000015e-03
3.567000000000000000e+03 1.444530000000000076e-03
3.572000000000000000e+03 1.214149999999999995e-03
3.577000000000000000e+03 1.004109999999999898e-03
3.582000000000000000e+03 8.422180000000000465e-04
3.587000000000000000e+03 6.925279999999999804e-04
3.592000000000000000e+03 5.534449999999999570e-04
3.597000000000000000e+03 4.353229999999999925e-04
3.602000000000000000e+03 3.360570000000000115e-04
3.607000000000000000e+03 2.691090000000000149e-04
3.612000000000000000e+03 2.167380000000000109e-04
3.617000000000000000e+03 1.765330000000000122e-04
3.622000000000000000e+03 1.471649999999999911e-04
3.627000000000000000e+03 1.208619999999999958e-04
3.632000000000000000e+03 1.022980000000000021e-04
3.637000000000000000e+03 8.651889999999999592e-05
3.642000000000000000e+03 7.384349999999999866e-05
3.647000000000000000e+03 6.470459999999999710e-05
3.652000000000000000e+03 5.671210000000000205e-05
3.657000000000000000e+03 5.126529999999999857e-05
3.662000000000000000e+03 4.670119999999999935e-05
3.667000000000000000e+03 4.332450000000000168e-05
3.672000000000000000e+03 4.123470000000000011e-05
3.677000000000000000e+03 3.942990000000000004e-05
3.682000000000000000e+03 3.839560000000000217e-05
3.687000000000000000e+03 3.755800000000000192e-05
3.692000000000000000e+03 3.697000000000000010e-05
3.697000000000000000e+03 3.665900000000000256e-05
3.702000000000000000e+03 3.628959999999999895e-05
3.707000000000000000e+03 3.589810000000000109e-05
3.712000000000000000e+03 3.542280000000000244e-05
3.717000000000000000e+03 3.461169999999999931e-05
3.722000000000000000e+03 3.337169999999999763e-05
3.727000000000000000e+03 3.229120000000000010e-05
3.732000000000000000e+03 3.138590000000000048e-05
3.737000000000000000e+03 3.014340000000000010e-05
3.742000000000000000e+03 2.867659999999999917e-05
3.747000000000000000e+03 2.723110000000000089e-05
3.752000000000000000e+03 2.627030000000000155e-05
3.757000000000000000e+03 2.584259999999999886e-05
3.762000000000000000e+03 2.548210000000000121e-05
3.767000000000000000e+03 2.511329999999999891e-05
3.772000000000000000e+03 2.474569999999999925e-05
3.777000000000000000e+03 2.474050000000000140e-05
3.782000000000000000e+03 2.483029999999999840e-05
3.787000000000000000e+03 2.484489999999999992e-05
3.792000000000000000e+03 2.478530000000000137e-05
3.797000000000000000e+03 2.450449999999999891e-05
3.802000000000000000e+03 2.427080000000000147e-05
3.807000000000000000e+03 2.420090000000000067e-05
3.812000000000000000e+03 2.423879999999999907e-05
3.817000000000000000e+03 2.442960000000000070e-05
3.822000000000000000e+03 2.470930000000000075e-05
3.827000000000000000e+03 2.493739999999999946e-05
3.832000000000000000e+03 2.519180000000000163e-05
3.837000000000000000e+03 2.547819999999999943e-05
3.842000000000000000e+03 2.579240000000000059e-05
3.847000000000000000e+03 2.617339999999999915e-05
3.852000000000000000e+03 2.650899999999999979e-05
3.857000000000000000e+03 2.675340000000000037e-05
3.862000000000000000e+03 2.699989999999999877e-05
3.867000000000000000e+03 2.728480000000000006e-05
3.872000000000000000e+03 2.764919999999999948e-05
3.877000000000000000e+03 2.807330000000000106e-05
3.882000000000000000e+03 2.849620000000000001e-05
3.887000000000000000e+03 2.883640000000000058e-05
3.892000000000000000e+03 2.918659999999999937e-05
3.897000000000000000e+03 2.955680000000000134e-05
3.902000000000000000e+03 2.992470000000000167e-05
3.907000000000000000e+03 3.035670000000000024e-05
3.912000000000000000e+03 3.070759999999999717e-05
3.917000000000000000e+03 3.097200000000000094e-05
3.922000000000000000e+03 3.122149999999999914e-05
3.927000000000000000e+03 3.148669999999999789e-05
3.932000000000000000e+03 3.176169999999999780e-05
3.937000000000000000e+03 3.198709999999999737e-05
3.942000000000000000e+03 3.210509999999999861e-05
3.947000000000000000e+03 3.210809999999999841e-05
3.952000000000000000e+03 3.216230000000000206e-05
3.957000000000000000e+03 3.221049999999999933e-05
3.962000000000000000e+03 3.221069999999999977e-05
3.967000000000000000e+03 3.223519999999999928e-05
3.972000000000000000e+03 3.216260000000000272e-05
3.977000000000000000e+03 3.200190000000000272e-05
3.982000000000000000e+03 3.198330000000000259e-05
3.987000000000000000e+03 3.205169999999999672e-05
3.992000000000000000e+03 3.217029999999999928e-05
3.997000000000000000e+03 3.235090000000000226e-05
4.002000000000000000e+03 3.234150000000000197e-05
4.007000000000000000e+03 3.206310000000000139e-05
4.012000000000000000e+03 2.891609999999999916e-05
4.017000000000000000e+03 2.353289999999999961e-05
4.022000000000000000e+03 2.124850000000000163e-05
4.027000000000000000e+03 2.115250000000000119e-05
4.032000000000000000e+03 1.890540000000000029e-05
4.037000000000000000e+03 1.549739999999999836e-05
4.042000000000000000e+03 9.996909999999999802e-06
4.047000000000000000e+03 5.148300000000000327e-06
4.052000000000000000e+03 4.490829999999999827e-06
4.057000000000000000e+03 4.484890000000000186e-06
4.062000000000000000e+03 4.505330000000000282e-06
4.067000000000000000e+03 4.564859999999999862e-06
4.072000000000000000e+03 4.651009999999999876e-06
4.077000000000000000e+03 4.757389999999999694e-06
4.082000000000000000e+03 4.913160000000000407e-06
4.087000000000000000e+03 5.082330000000000009e-06
4.092000000000000000e+03 5.257759999999999615e-06
4.097000000000000000e+03 5.447260000000000088e-06
4.102000000000000000e+03 5.636830000000000375e-06
4.107000000000000000e+03 5.825539999999999793e-06
4.112000000000000000e+03 6.000220000000000296e-06
4.117000000000000000e+03 6.155170000000000396e-06
4.122000000000000000e+03 6.289800000000000325e-06
4.127000000000000000e+03 6.385960000000000096e-06
4.132000000000000000e+03 6.430209999999999714e-06
4.137000000000000000e+03 6.436399999999999904e-06
4.142000000000000000e+03 6.391470000000000150e-06
4.147000000000000000e+03 6.306180000000000158e-06
4.152000000000000000e+03 6.255879999999999979e-06
4.157000000000000000e+03 6.210339999999999903e-06
4.162000000000000000e+03 6.158429999999999752e-06
4.167000000000000000e+03 6.119439999999999639e-06
4.172000000000000000e+03 6.109559999999999659e-06
4.177000000000000000e+03 6.100769999999999697e-06
4.182000000000000000e+03 6.091989999999999588e-06
4.187000000000000000e+03 6.083129999999999812e-06
4.192000000000000000e+03 6.074169999999999816e-06
4.197000000000000000e+03 6.065170000000000411e-06
4.202000000000000000e+03 6.056180000000000011e-06
4.207000000000000000e+03 6.047119999999999796e-06
4.212000000000000000e+03 6.038020000000000171e-06
4.217000000000000000e+03 6.028899999999999994e-06
4.222000000000000000e+03 6.019800000000000369e-06
4.227000000000000000e+03 6.010719999999999602e-06
4.232000000000000000e+03 6.002750000000000253e-06
4.237000000000000000e+03 6.023420000000000345e-06
4.242000000000000000e+03 6.080439999999999673e-06
4.247000000000000000e+03 6.144730000000000205e-06
4.252000000000000000e+03 6.176929999999999659e-06
4.257000000000000000e+03 6.208739999999999783e-06
4.262000000000000000e+03 6.261610000000000176e-06
4.267000000000000000e+03 6.319829999999999595e-06
4.272000000000000000e+03 6.347870000000000262e-06
4.277000000000000000e+03 6.340700000000000126e-06
4.282000000000000000e+03 6.317339999999999895e-06
4.287000000000000000e+03 6.330779999999999889e-06
4.292000000000000000e+03 6.375459999999999942e-06
4.297000000000000000e+03 6.418729999999999614e-06
4.302000000000000000e+03 6.479630000000000166e-06
4.307000000000000000e+03 6.589320000000000297e-06
4.312000000000000000e+03 6.700240000000000075e-06
4.317000000000000000e+03 6.800280000000000222e-06
4.322000000000000000e+03 6.913179999999999598e-06
4.327000000000000000e+03 7.043580000000000077e-06
4.332000000000000000e+03 7.174410000000000145e-06
4.337000000000000000e+03 7.272009999999999854e-06
4.342000000000000000e+03 7.341169999999999713e-06
4.347000000000000000e+03 7.411969999999999950e-06
4.352000000000000000e+03 7.489399999999999817e-06
4.357000000000000000e+03 7.544539999999999767e-06
4.362000000000000000e+03 7.573570000000000233e-06
4.367000000000000000e+03 7.587269999999999780e-06
4.372000000000000000e+03 7.620629999999999914e-06
4.377000000000000000e+03 7.704969999999999517e-06
4.382000000000000000e+03 7.819070000000000677e-06
4.387000000000000000e+03 7.915769999999999260e-06
4.392000000000000000e+03 8.011689999999999182e-06
4.397000000000000000e+03 8.134689999999999529e-06
4.402000000000000000e+03 8.241910000000000512e-06
4.407000000000000000e+03 8.324240000000000111e-06
4.412000000000000000e+03 8.444589999999999730e-06
4.417000000000000000e+03 8.609780000000000430e-06
4.422000000000000000e+03 8.773900000000000817e-06
4.427000000000000000e+03 8.921560000000000010e-06
4.432000000000000000e+03 9.089959999999999956e-06
4.437000000000000000e+03 9.227159999999999252e-06
4.442000000000000000e+03 9.306499999999999750e-06
4.447000000000000000e+03 9.355860000000000239e-06
4.452000000000000000e+03 9.415179999999999529e-06
4.457000000000000000e+03 9.442369999999999179e-06
4.462000000000000000e+03 9.448429999999999592e-06
4.467000000000000000e+03 9.454649999999999339e-06
4.472000000000000000e+03 9.481420000000000101e-06
4.477000000000000000e+03 9.531260000000000288e-06
4.482000000000000000e+03 9.599809999999999827e-06
4.487000000000000000e+03 9.682699999999999638e-06
4.492000000000000000e+03 9.788300000000000795e-06
4.497000000000000000e+03 9.919629999999999417e-06
4.502000000000000000e+03 1.005289999999999992e-05
4.507000000000000000e+03 1.019549999999999920e-05
4.512000000000000000e+03 1.031459999999999947e-05
4.517000000000000000e+03 1.040300000000000018e-05
4.522000000000000000e+03 1.049720000000000006e-05
4.527000000000000000e+03 1.061989999999999974e-05
4.532000000000000000e+03 1.074160000000000063e-05
4.537000000000000000e+03 1.083849999999999965e-05
4.542000000000000000e+03 1.092930000000000054e-05
4.547000000000000000e+03 1.104210000000000055e-05
4.552000000000000000e+03 1.115849999999999998e-05
4.557000000000000000e+03 1.126910000000000024e-05
4.562000000000000000e+03 1.140389999999999935e-05
4.567000000000000000e+03 1.157009999999999956e-05
4.572000000000000000e+03 1.172800000000000020e-05
4.577000000000000000e+03 1.185330000000000051e-05
4.582000000000000000e+03 1.197339999999999958e-05
4.587000000000000000e+03 1.210270000000000018e-05
4.592000000000000000e+03 1.222010000000000011e-05
4.597000000000000000e+03 1.232550000000000083e-05
4.602000000000000000e+03 1.245740000000000036e-05
4.607000000000000000e+03 1.261089999999999983e-05
4.612000000000000000e+03 1.274979999999999946e-05
4.617000000000000000e+03 1.288199999999999965e-05
4.622000000000000000e+03 1.302489999999999959e-05
4.627000000000000000e+03 1.315420000000000020e-05
4.632000000000000000e+03 1.326330000000000056e-05
4.637000000000000000e+03 1.339429999999999981e-05
4.642000000000000000e+03 1.354980000000000027e-05
4.647000000000000000e+03 1.369060000000000069e-05
4.652000000000000000e+03 1.381749999999999942e-05
4.657000000000000000e+03 1.396129999999999964e-05
4.662000000000000000e+03 1.414419999999999919e-05
4.667000000000000000e+03 1.435139999999999951e-05
4.672000000000000000e+03 1.456399999999999981e-05
4.677000000000000000e+03 1.478910000000000042e-05
4.682000000000000000e+03 1.504839999999999978e-05
4.687000000000000000e+03 1.531859999999999933e-05
4.692000000000000000e+03 1.559179999999999868e-05
4.697000000000000000e+03 1.586539999999999890e-05
4.702000000000000000e+03 1.612580000000000068e-05
4.707000000000000000e+03 1.636619999999999926e-05
4.712000000000000000e+03 1.657720000000000114e-05
4.717000000000000000e+03 1.675209999999999839e-05
4.722000000000000000e+03 1.643680000000000160e-05
4.727000000000000000e+03 1.556439999999999958e-05
4.732000000000000000e+03 1.435890000000000071e-05
4.737000000000000000e+03 1.387699999999999944e-05
4.742000000000000000e+03 1.397039999999999926e-05
4.747000000000000000e+03 1.358199999999999973e-05
4.752000000000000000e+03 1.300990000000000058e-05
4.757000000000000000e+03 1.300789999999999958e-05
4.762000000000000000e+03 1.370660000000000019e-05
4.767000000000000000e+03 1.474420000000000022e-05
4.772000000000000000e+03 1.566899999999999855e-05
4.777000000000000000e+03 1.653060000000000060e-05
4.782000000000000000e+03 1.757190000000000027e-05
4.787000000000000000e+03 1.846169999999999978e-05
4.792000000000000000e+03 1.901860000000000117e-05
4.797000000000000000e+03 1.940709999999999923e-05
4.802000000000000000e+03 1.975840000000000043e-05
4.807000000000000000e+03 1.922649999999999964e-05
4.812000000000000000e+03 1.649899999999999907e-05
4.817000000000000000e+03 1.178259999999999964e-05
4.822000000000000000e+03 8.255209999999999182e-06
4.827000000000000000e+03 6.542700000000000055e-06
4.832000000000000000e+03 4.785970000000000020e-06
4.837000000000000000e+03 2.165209999999999891e-06
4.842000000000000000e+03 1.322670000000000024e-07
