3.076000000000000000e+03 0.000000000000000000e+00
3.083000000000000000e+03 3.713310000000000049e-07
3.090000000000000000e+03 1.980830000000000142e-06
3.097000000000000000e+03 2.885850000000000076e-06
3.104000000000000000e+03 2.880160000000000136e-06
3.111000000000000000e+03 2.873169999999999886e-06
3.118000000000000000e+03 2.866819999999999938e-06
3.125000000000000000e+03 2.865479999999999795e-06
3.132000000000000000e+03 2.898860000000000058e-06
3.139000000000000000e+03 2.985010000000000072e-06
3.146000000000000000e+03 3.069649999999999909e-06
3.153000000000000000e+03 3.161829999999999931e-06
3.160000000000000000e+03 3.307900000000000127e-06
3.167000000000000000e+03 3.413339999999999832e-06
3.174000000000000000e+03 3.415680000000000050e-06
3.181000000000000000e+03 3.465429999999999870e-06
3.188000000000000000e+03 3.542640000000000017e-06
3.195000000000000000e+03 3.564230000000000093e-06
3.202000000000000000e+03 3.568080000000000065e-06
3.209000000000000000e+03 3.558940000000000183e-06
3.216000000000000000e+03 3.549060000000000203e-06
3.223000000000000000e+03 3.538829999999999879e-06
3.230000000000000000e+03 3.523839999999999875e-06
3.237000000000000000e+03 3.512839999999999896e-06
3.244000000000000000e+03 3.522220000000000050e-06
3.251000000000000000e+03 3.590549999999999868e-06
3.258000000000000000e+03 3.733890000000000092e-06
3.265000000000000000e+03 3.912989999999999783e-06
3.272000000000000000e+03 4.092529999999999761e-06
3.279000000000000000e+03 4.199859999999999969e-06
3.286000000000000000e+03 4.285739999999999729e-06
3.293000000000000000e+03 4.352179999999999893e-06
3.300000000000000000e+03 4.445179999999999680e-06
3.307000000000000000e+03 4.542569999999999945e-06
3.314000000000000000e+03 4.565530000000000146e-06
3.321000000000000000e+03 4.568980000000000087e-06
3.328000000000000000e+03 4.560190000000000126e-06
3.335000000000000000e+03 4.589870000000000323e-06
3.342000000000000000e+03 4.658479999999999823e-06
3.349000000000000000e+03 4.831500000000000244e-06
3.356000000000000000e+03 5.034060000000000384e-06
3.363000000000000000e+03 5.244290000000000064e-06
3.370000000000000000e+03 5.471989999999999595e-06
3.377000000000000000e+03 5.712109999999999762e-06
3.384000000000000000e+03 5.868889999999999979e-06
3.391000000000000000e+03 5.970389999999999770e-06
3.398000000000000000e+03 5.964570000000000052e-06
3.405000000000000000e+03 5.937659999999999661e-06
3.412000000000000000e+03 5.900750000000000213e-06
3.419000000000000000e+03 5.991220000000000043e-06
3.426000000000000000e+03 6.146790000000000317e-06
3.433000000000000000e+03 6.340539999999999944e-06
3.440000000000000000e+03 6.528860000000000032e-06
3.447000000000000000e+03 6.695680000000000410e-06
3.454000000000000000e+03 6.863120000000000115e-06
3.461000000000000000e+03 7.038630000000000235e-06
3.468000000000000000e+03 7.272709999999999695e-06
3.475000000000000000e+03 7.510170000000000128e-06
3.482000000000000000e+03 7.724240000000000774e-06
3.489000000000000000e+03 7.916329999999999472e-06
3.496000000000000000e+03 8.102769999999999333e-06
3.503000000000000000e+03 8.435019999999999413e-06
3.510000000000000000e+03 8.781550000000000651e-06
3.517000000000000000e+03 9.034139999999999871e-06
3.524000000000000000e+03 9.293099999999999167e-06
3.531000000000000000e+03 9.566040000000000656e-06
3.538000000000000000e+03 9.795850000000000409e-06
3.545000000000000000e+03 9.997570000000000233e-06
3.552000000000000000e+03 1.014730000000000024e-05
3.559000000000000000e+03 1.033769999999999930e-05
3.566000000000000000e+03 1.060439999999999964e-05
3.573000000000000000e+03 1.094710000000000061e-05
3.580000000000000000e+03 1.132500000000000084e-05
3.587000000000000000e+03 1.168129999999999944e-05
3.594000000000000000e+03 1.150000000000000001e-05
3.601000000000000000e+03 1.018109999999999981e-05
3.608000000000000000e+03 9.634339999999999647e-06
3.615000000000000000e+03 9.707229999999999554e-06
3.622000000000000000e+03 1.038610000000000039e-05
3.629000000000000000e+03 1.159499999999999995e-05
3.636000000000000000e+03 1.388569999999999988e-05
3.643000000000000000e+03 1.574100000000000057e-05
3.650000000000000000e+03 1.710230000000000056e-05
3.657000000000000000e+03 1.815900000000000012e-05
3.664000000000000000e+03 1.910190000000000087e-05
3.671000000000000000e+03 1.998440000000000131e-05
3.678000000000000000e+03 2.103620000000000029e-05
3.685000000000000000e+03 2.232919999999999960e-05
3.692000000000000000e+03 2.386359999999999968e-05
3.699000000000000000e+03 2.556939999999999951e-05
3.706000000000000000e+03 2.762630000000000009e-05
3.713000000000000000e+03 2.996829999999999901e-05
3.720000000000000000e+03 4.843789999999999917e-05
3.727000000000000000e+03 1.072050000000000010e-04
3.734000000000000000e+03 1.816769999999999887e-04
3.741000000000000000e+03 2.284990000000000090e-04
3.748000000000000000e+03 2.575540000000000078e-04
3.755000000000000000e+03 2.929019999999999953e-04
3.762000000000000000e+03 3.368159999999999817e-04
3.769000000000000000e+03 3.833579999999999844e-04
3.776000000000000000e+03 4.396019999999999832e-04
3.783000000000000000e+03 5.155900000000000153e-04
3.790000000000000000e+03 5.999819999999999893e-04
3.797000000000000000e+03 6.854819999999999533e-04
3.804000000000000000e+03 7.840730000000000399e-04
3.811000000000000000e+03 9.057320000000000215e-04
3.818000000000000000e+03 1.050219999999999930e-03
3.825000000000000000e+03 1.236129999999999998e-03
3.832000000000000000e+03 1.484349999999999949e-03
3.839000000000000000e+03 1.792140000000000009e-03
3.846000000000000000e+03 2.160829999999999869e-03
3.853000000000000000e+03 2.625090000000000062e-03
3.860000000000000000e+03 3.282259999999999952e-03
3.867000000000000000e+03 4.180380000000000033e-03
3.874000000000000000e+03 5.537509999999999828e-03
3.881000000000000000e+03 7.550689999999999659e-03
3.888000000000000000e+03 1.034410000000000017e-02
3.895000000000000000e+03 1.411059999999999919e-02
3.902000000000000000e+03 1.858900000000000136e-02
3.909000000000000000e+03 2.388420000000000126e-02
3.916000000000000000e+03 2.969400000000000164e-02
3.923000000000000000e+03 3.596780000000000116e-02
3.930000000000000000e+03 4.255330000000000223e-02
3.937000000000000000e+03 4.945940000000000059e-02
3.944000000000000000e+03 5.569149999999999795e-02
3.951000000000000000e+03 6.163989999999999747e-02
3.958000000000000000e+03 6.665680000000000216e-02
3.965000000000000000e+03 7.157049999999999523e-02
3.972000000000000000e+03 7.647690000000000043e-02
3.979000000000000000e+03 8.127379999999999327e-02
3.986000000000000000e+03 8.587129999999999763e-02
3.993000000000000000e+03 9.014940000000000453e-02
4.000000000000000000e+03 9.396329999999999960e-02
4.007000000000000000e+03 9.635979999999999546e-02
4.014000000000000000e+03 9.877210000000000156e-02
4.021000000000000000e+03 1.022939999999999960e-01
4.028000000000000000e+03 1.059039999999999981e-01
4.035000000000000000e+03 1.092599999999999960e-01
4.042000000000000000e+03 1.105470000000000064e-01
4.049000000000000000e+03 1.109249999999999958e-01
4.056000000000000000e+03 1.123890000000000028e-01
4.063000000000000000e+03 1.140440000000000065e-01
4.070000000000000000e+03 1.160780000000000006e-01
4.077000000000000000e+03 1.180380000000000040e-01
4.084000000000000000e+03 1.198629999999999973e-01
4.091000000000000000e+03 1.224660000000000054e-01
4.098000000000000000e+03 1.262820000000000054e-01
4.105000000000000000e+03 1.334650000000000003e-01
4.112000000000000000e+03 1.455940000000000012e-01
4.119000000000000000e+03 1.655040000000000122e-01
4.126000000000000000e+03 1.965310000000000112e-01
4.133000000000000000e+03 2.401850000000000096e-01
4.140000000000000000e+03 2.979160000000000141e-01
4.147000000000000000e+03 3.688049999999999939e-01
4.154000000000000000e+03 4.486709999999999865e-01
4.161000000000000000e+03 5.338929999999999509e-01
4.168000000000000000e+03 6.192320000000000046e-01
4.175000000000000000e+03 7.002739999999999521e-01
4.182000000000000000e+03 7.730679999999999774e-01
4.189000000000000000e+03 8.362549999999999706e-01
4.196000000000000000e+03 8.884560000000000235e-01
4.203000000000000000e+03 9.285330000000000528e-01
4.210000000000000000e+03 9.567600000000000549e-01
4.217000000000000000e+03 9.764100000000000001e-01
4.224000000000000000e+03 9.887789999999999635e-01
4.231000000000000000e+03 9.965019999999999989e-01
4.238000000000000000e+03 9.993699999999999806e-01
4.245000000000000000e+03 1.000000000000000000e+00
4.252000000000000000e+03 9.999409999999999688e-01
4.259000000000000000e+03 9.986310000000000464e-01
4.266000000000000000e+03 9.967430000000000456e-01
4.273000000000000000e+03 9.944910000000000139e-01
4.280000000000000000e+03 9.903100000000000236e-01
4.287000000000000000e+03 9.828850000000000087e-01
4.294000000000000000e+03 9.692460000000000520e-01
4.301000000000000000e+03 9.487809999999999855e-01
4.308000000000000000e+03 9.182989999999999764e-01
4.315000000000000000e+03 8.762389999999999901e-01
4.322000000000000000e+03 8.203709999999999614e-01
4.329000000000000000e+03 7.534009999999999874e-01
4.336000000000000000e+03 6.770929999999999449e-01
4.343000000000000000e+03 5.935890000000000333e-01
4.350000000000000000e+03 5.077939999999999676e-01
4.357000000000000000e+03 4.275570000000000204e-01
4.364000000000000000e+03 3.542429999999999746e-01
4.371000000000000000e+03 2.922620000000000218e-01
4.378000000000000000e+03 2.398830000000000129e-01
4.385000000000000000e+03 1.988880000000000092e-01
4.392000000000000000e+03 1.676809999999999967e-01
4.399000000000000000e+03 1.439459999999999906e-01
4.406000000000000000e+03 1.252459999999999962e-01
4.413000000000000000e+03 1.121439999999999937e-01
4.420000000000000000e+03 1.027369999999999950e-01
4.427000000000000000e+03 9.645539999999999670e-02
4.434000000000000000e+03 9.170570000000000110e-02
4.441000000000000000e+03 8.777279999999999804e-02
4.448000000000000000e+03 8.431270000000000431e-02
4.455000000000000000e+03 8.070679999999999521e-02
4.462000000000000000e+03 7.670480000000000353e-02
4.469000000000000000e+03 7.269960000000000311e-02
4.476000000000000000e+03 6.901859999999999939e-02
4.483000000000000000e+03 6.565350000000000352e-02
4.490000000000000000e+03 6.338799999999999990e-02
4.497000000000000000e+03 6.141529999999999906e-02
4.504000000000000000e+03 5.944660000000000222e-02
4.511000000000000000e+03 5.691609999999999725e-02
4.518000000000000000e+03 5.373039999999999761e-02
4.525000000000000000e+03 5.038820000000000104e-02
4.532000000000000000e+03 4.705349999999999810e-02
4.539000000000000000e+03 4.398350000000000176e-02
4.546000000000000000e+03 4.101629999999999859e-02
4.553000000000000000e+03 3.860969999999999680e-02
4.560000000000000000e+03 3.659319999999999934e-02
4.567000000000000000e+03 3.484299999999999897e-02
4.574000000000000000e+03 3.283830000000000082e-02
4.581000000000000000e+03 3.076270000000000046e-02
4.588000000000000000e+03 2.853910000000000127e-02
4.595000000000000000e+03 2.633009999999999864e-02
4.602000000000000000e+03 2.404190000000000146e-02
4.609000000000000000e+03 2.172529999999999947e-02
4.616000000000000000e+03 1.937470000000000164e-02
4.623000000000000000e+03 1.716929999999999845e-02
4.630000000000000000e+03 1.514629999999999969e-02
4.637000000000000000e+03 1.338639999999999969e-02
4.644000000000000000e+03 1.183880000000000002e-02
4.651000000000000000e+03 1.043550000000000033e-02
4.658000000000000000e+03 9.255720000000000267e-03
4.665000000000000000e+03 8.164920000000000858e-03
4.672000000000000000e+03 7.220690000000000094e-03
4.679000000000000000e+03 6.357719999999999864e-03
4.686000000000000000e+03 5.603730000000000343e-03
4.693000000000000000e+03 4.924440000000000414e-03
4.700000000000000000e+03 4.325780000000000423e-03
4.707000000000000000e+03 3.818479999999999965e-03
4.714000000000000000e+03 3.367579999999999792e-03
4.721000000000000000e+03 2.993009999999999941e-03
4.728000000000000000e+03 2.657169999999999931e-03
4.735000000000000000e+03 2.380540000000000000e-03
4.742000000000000000e+03 2.129269999999999947e-03
4.749000000000000000e+03 1.920690000000000071e-03
4.756000000000000000e+03 1.730809999999999944e-03
4.763000000000000000e+03 1.568249999999999983e-03
4.770000000000000000e+03 1.417470000000000101e-03
4.777000000000000000e+03 1.282600000000000059e-03
4.784000000000000000e+03 1.153659999999999929e-03
4.791000000000000000e+03 1.035279999999999968e-03
4.798000000000000000e+03 9.214759999999999575e-04
4.805000000000000000e+03 8.017680000000000119e-04
4.812000000000000000e+03 6.759440000000000457e-04
4.819000000000000000e+03 5.620100000000000486e-04
4.826000000000000000e+03 4.674160000000000120e-04
4.833000000000000000e+03 3.950119999999999782e-04
4.840000000000000000e+03 2.818949999999999971e-04
4.847000000000000000e+03 9.847510000000000182e-05
4.854000000000000000e+03 3.093910000000000334e-05
4.861000000000000000e+03 2.860669999999999836e-05
4.868000000000000000e+03 2.647250000000000108e-05
4.875000000000000000e+03 2.131509999999999858e-05
4.882000000000000000e+03 1.423910000000000060e-05
4.889000000000000000e+03 1.140709999999999959e-05
4.896000000000000000e+03 1.181610000000000025e-05
4.903000000000000000e+03 1.216259999999999939e-05
4.910000000000000000e+03 1.244200000000000048e-05
4.917000000000000000e+03 1.292630000000000023e-05
4.924000000000000000e+03 1.366909999999999928e-05
4.931000000000000000e+03 1.429450000000000010e-05
4.938000000000000000e+03 1.337319999999999929e-05
4.945000000000000000e+03 1.046149999999999970e-05
4.952000000000000000e+03 5.861990000000000096e-06
4.959000000000000000e+03 2.991810000000000159e-06
4.966000000000000000e+03 2.970689999999999928e-06
4.973000000000000000e+03 3.075520000000000159e-06
4.980000000000000000e+03 3.132040000000000086e-06
4.987000000000000000e+03 3.322929999999999964e-06
4.994000000000000000e+03 3.696799999999999910e-06
5.001000000000000000e+03 3.837210000000000146e-06
5.008000000000000000e+03 3.664220000000000130e-06
5.015000000000000000e+03 1.851849999999999896e-06
5.022000000000000000e+03 1.260100000000000014e-07
