3.427500000000000000e+03 0.000000000000000000e+00
3.435500000000000000e+03 4.503080000000000112e-07
3.443500000000000000e+03 1.356839999999999913e-06
3.451500000000000000e+03 1.733640000000000058e-06
3.459500000000000000e+03 1.655660000000000044e-06
3.467500000000000000e+03 1.570900000000000071e-06
3.475500000000000000e+03 1.481790000000000089e-06
3.483500000000000000e+03 1.445459999999999922e-06
3.491500000000000000e+03 1.442769999999999995e-06
3.499500000000000000e+03 1.440289999999999935e-06
3.507500000000000000e+03 1.438649999999999982e-06
3.515500000000000000e+03 1.461690000000000061e-06
3.523500000000000000e+03 1.497869999999999899e-06
3.531500000000000000e+03 1.565950000000000016e-06
3.539500000000000000e+03 1.645610000000000030e-06
3.547500000000000000e+03 2.383169999999999919e-06
3.555500000000000000e+03 4.480659999999999889e-06
3.563500000000000000e+03 5.339949999999999585e-06
3.571500000000000000e+03 5.372959999999999799e-06
3.579500000000000000e+03 7.246219999999999886e-06
3.587500000000000000e+03 1.106380000000000070e-05
3.595500000000000000e+03 1.230300000000000062e-05
3.603500000000000000e+03 1.224059999999999932e-05
3.611500000000000000e+03 1.421539999999999946e-05
3.619500000000000000e+03 2.002639999999999854e-05
3.627500000000000000e+03 2.295440000000000167e-05
3.635500000000000000e+03 2.324799999999999832e-05
3.643500000000000000e+03 2.354819999999999928e-05
3.651500000000000000e+03 2.373059999999999943e-05
3.659500000000000000e+03 2.403189999999999940e-05
3.667500000000000000e+03 2.459259999999999897e-05
3.675500000000000000e+03 2.513199999999999926e-05
3.683500000000000000e+03 2.545400000000000058e-05
3.691500000000000000e+03 2.588919999999999939e-05
3.699500000000000000e+03 2.655260000000000053e-05
3.707500000000000000e+03 2.702659999999999972e-05
3.715500000000000000e+03 2.705849999999999851e-05
3.723500000000000000e+03 2.714130000000000050e-05
3.731500000000000000e+03 2.741279999999999951e-05
3.739500000000000000e+03 2.760060000000000134e-05
3.747500000000000000e+03 2.776410000000000070e-05
3.755500000000000000e+03 2.793299999999999836e-05
3.763500000000000000e+03 2.814009999999999846e-05
3.771500000000000000e+03 2.838939999999999961e-05
3.779500000000000000e+03 2.878759999999999861e-05
3.787500000000000000e+03 2.923480000000000002e-05
3.795500000000000000e+03 2.979790000000000146e-05
3.803500000000000000e+03 3.030249999999999998e-05
3.811500000000000000e+03 3.098379999999999971e-05
3.819500000000000000e+03 3.171450000000000273e-05
3.827500000000000000e+03 3.259200000000000237e-05
3.835500000000000000e+03 3.338960000000000300e-05
3.843500000000000000e+03 3.390750000000000019e-05
3.851500000000000000e+03 3.439129999999999715e-05
3.859500000000000000e+03 3.493100000000000149e-05
3.867500000000000000e+03 3.567449999999999869e-05
3.875500000000000000e+03 3.644480000000000045e-05
3.883500000000000000e+03 3.720600000000000258e-05
3.891500000000000000e+03 3.794889999999999846e-05
3.899500000000000000e+03 3.861850000000000303e-05
3.907500000000000000e+03 3.938829999999999691e-05
3.915500000000000000e+03 4.035110000000000064e-05
3.923500000000000000e+03 4.153540000000000216e-05
3.931500000000000000e+03 4.274700000000000255e-05
3.939500000000000000e+03 4.386200000000000119e-05
3.947500000000000000e+03 4.496530000000000129e-05
3.955500000000000000e+03 4.608740000000000194e-05
3.963500000000000000e+03 4.703880000000000100e-05
3.971500000000000000e+03 4.807359999999999997e-05
3.979500000000000000e+03 4.884770000000000328e-05
3.987500000000000000e+03 4.971729999999999916e-05
3.995500000000000000e+03 5.054579999999999978e-05
4.003500000000000000e+03 5.174910000000000230e-05
4.011500000000000000e+03 5.322270000000000120e-05
4.019500000000000000e+03 5.493840000000000241e-05
4.027500000000000000e+03 5.693909999999999835e-05
4.035500000000000000e+03 5.901209999999999697e-05
4.043500000000000000e+03 6.095669999999999865e-05
4.051500000000000000e+03 6.292820000000000510e-05
4.059500000000000000e+03 6.526579999999999437e-05
4.067500000000000000e+03 6.803869999999999623e-05
4.075500000000000000e+03 7.063460000000000300e-05
4.083500000000000000e+03 7.315560000000000140e-05
4.091500000000000000e+03 7.571690000000000007e-05
4.099500000000000000e+03 7.888410000000000593e-05
4.107500000000000000e+03 8.249020000000000517e-05
4.115500000000000000e+03 8.610799999999999618e-05
4.123500000000000000e+03 8.970949999999999888e-05
4.131500000000000000e+03 9.368869999999999629e-05
4.139500000000000000e+03 9.645399999999999504e-05
4.147500000000000000e+03 9.991220000000000201e-05
4.155500000000000000e+03 1.048570000000000025e-04
4.163500000000000000e+03 1.108619999999999967e-04
4.171500000000000000e+03 1.165140000000000029e-04
4.179500000000000000e+03 1.227280000000000081e-04
4.187500000000000000e+03 1.324549999999999914e-04
4.195500000000000000e+03 1.439110000000000118e-04
4.203500000000000000e+03 1.578630000000000029e-04
4.211500000000000000e+03 1.711999999999999872e-04
4.219500000000000000e+03 1.870709999999999984e-04
4.227500000000000000e+03 2.142679999999999889e-04
4.235500000000000000e+03 2.894829999999999929e-04
4.243500000000000000e+03 3.925800000000000123e-04
4.251500000000000000e+03 5.175390000000000199e-04
4.259500000000000000e+03 6.548660000000000418e-04
4.267500000000000000e+03 8.632139999999999518e-04
4.275500000000000000e+03 1.103089999999999930e-03
4.283500000000000000e+03 1.427979999999999918e-03
4.291500000000000000e+03 1.815079999999999949e-03
4.299500000000000000e+03 2.284379999999999918e-03
4.307500000000000000e+03 2.770180000000000125e-03
4.315500000000000000e+03 3.350140000000000149e-03
4.323500000000000000e+03 3.972559999999999980e-03
4.331500000000000000e+03 4.690709999999999845e-03
4.339500000000000000e+03 5.444570000000000139e-03
4.347500000000000000e+03 6.286380000000000266e-03
4.355500000000000000e+03 7.170089999999999623e-03
4.363500000000000000e+03 8.118820000000000550e-03
4.371500000000000000e+03 9.083849999999999217e-03
4.379500000000000000e+03 1.009980000000000079e-02
4.387500000000000000e+03 1.115310000000000086e-02
4.395500000000000000e+03 1.223570000000000040e-02
4.403500000000000000e+03 1.337419999999999928e-02
4.411500000000000000e+03 1.459470000000000038e-02
4.419500000000000000e+03 1.594450000000000034e-02
4.427500000000000000e+03 1.741190000000000099e-02
4.435500000000000000e+03 1.928699999999999859e-02
4.443500000000000000e+03 2.145810000000000078e-02
4.451500000000000000e+03 2.430890000000000134e-02
4.459500000000000000e+03 2.768239999999999937e-02
4.467500000000000000e+03 3.188470000000000193e-02
4.475500000000000000e+03 3.691189999999999749e-02
4.483500000000000000e+03 4.267119999999999941e-02
4.491500000000000000e+03 4.942180000000000184e-02
4.499500000000000000e+03 5.676429999999999670e-02
4.507500000000000000e+03 6.524009999999999532e-02
4.515500000000000000e+03 7.421740000000000281e-02
4.523500000000000000e+03 8.438139999999999530e-02
4.531500000000000000e+03 9.554450000000000442e-02
4.539500000000000000e+03 1.075649999999999940e-01
4.547500000000000000e+03 1.196529999999999955e-01
4.555500000000000000e+03 1.315600000000000103e-01
4.563500000000000000e+03 1.424489999999999923e-01
4.571500000000000000e+03 1.523760000000000114e-01
4.579500000000000000e+03 1.613219999999999932e-01
4.587500000000000000e+03 1.707859999999999934e-01
4.595500000000000000e+03 1.801319999999999866e-01
4.603500000000000000e+03 1.889579999999999871e-01
4.611500000000000000e+03 1.965880000000000127e-01
4.619500000000000000e+03 2.022339999999999971e-01
4.627500000000000000e+03 2.080410000000000037e-01
4.635500000000000000e+03 2.135779999999999901e-01
4.643500000000000000e+03 2.191319999999999935e-01
4.651500000000000000e+03 2.247850000000000126e-01
4.659500000000000000e+03 2.308290000000000064e-01
4.667500000000000000e+03 2.383599999999999886e-01
4.675500000000000000e+03 2.482409999999999894e-01
4.683500000000000000e+03 2.629889999999999728e-01
4.691500000000000000e+03 2.837370000000000170e-01
4.699500000000000000e+03 3.128199999999999870e-01
4.707500000000000000e+03 3.490559999999999774e-01
4.715500000000000000e+03 3.917619999999999991e-01
4.723500000000000000e+03 4.372909999999999853e-01
4.731500000000000000e+03 4.818839999999999790e-01
4.739500000000000000e+03 5.230430000000000357e-01
4.747500000000000000e+03 5.589579999999999549e-01
4.755500000000000000e+03 5.909990000000000521e-01
4.763500000000000000e+03 6.213570000000000482e-01
4.771500000000000000e+03 6.546859999999999902e-01
4.779500000000000000e+03 6.920709999999999917e-01
4.787500000000000000e+03 7.331060000000000354e-01
4.795500000000000000e+03 7.767500000000000515e-01
4.803500000000000000e+03 8.192009999999999570e-01
4.811500000000000000e+03 8.640679999999999472e-01
4.819500000000000000e+03 9.019179999999999975e-01
4.827500000000000000e+03 9.364430000000000254e-01
4.835500000000000000e+03 9.622610000000000330e-01
4.843500000000000000e+03 9.824110000000000342e-01
4.851500000000000000e+03 9.942539999999999711e-01
4.859500000000000000e+03 9.992400000000000171e-01
4.867500000000000000e+03 1.000000000000000000e+00
4.875500000000000000e+03 9.957979999999999610e-01
4.883500000000000000e+03 9.862009999999999943e-01
4.891500000000000000e+03 9.692889999999999562e-01
4.899500000000000000e+03 9.461260000000000225e-01
4.907500000000000000e+03 9.151169999999999582e-01
4.915500000000000000e+03 8.780540000000000012e-01
4.923500000000000000e+03 8.354319999999999524e-01
4.931500000000000000e+03 7.929910000000000014e-01
4.939500000000000000e+03 7.527850000000000374e-01
4.947500000000000000e+03 7.144979999999999665e-01
4.955500000000000000e+03 6.775649999999999729e-01
4.963500000000000000e+03 6.406659999999999577e-01
4.971500000000000000e+03 6.039060000000000539e-01
4.979500000000000000e+03 5.645250000000000545e-01
4.987500000000000000e+03 5.218180000000000041e-01
4.995500000000000000e+03 4.789180000000000104e-01
5.003500000000000000e+03 4.334910000000000152e-01
5.011500000000000000e+03 3.909070000000000045e-01
5.019500000000000000e+03 3.473499999999999921e-01
5.027500000000000000e+03 3.099970000000000225e-01
5.035500000000000000e+03 2.767850000000000033e-01
5.043500000000000000e+03 2.508020000000000249e-01
5.051500000000000000e+03 2.318060000000000120e-01
5.059500000000000000e+03 2.192040000000000100e-01
5.067500000000000000e+03 2.093089999999999951e-01
5.075500000000000000e+03 2.022460000000000091e-01
5.083500000000000000e+03 1.959130000000000038e-01
5.091500000000000000e+03 1.907850000000000101e-01
5.099500000000000000e+03 1.868829999999999936e-01
5.107500000000000000e+03 1.836409999999999987e-01
5.115500000000000000e+03 1.805779999999999885e-01
5.123500000000000000e+03 1.774620000000000086e-01
5.131500000000000000e+03 1.741800000000000015e-01
5.139500000000000000e+03 1.718349999999999878e-01
5.147500000000000000e+03 1.693369999999999875e-01
5.155500000000000000e+03 1.655089999999999895e-01
5.163500000000000000e+03 1.615860000000000074e-01
5.171500000000000000e+03 1.575050000000000061e-01
5.179500000000000000e+03 1.525579999999999992e-01
5.187500000000000000e+03 1.464040000000000064e-01
5.195500000000000000e+03 1.397259999999999891e-01
5.203500000000000000e+03 1.331539999999999946e-01
5.211500000000000000e+03 1.275660000000000127e-01
5.219500000000000000e+03 1.216280000000000000e-01
5.227500000000000000e+03 1.147139999999999965e-01
5.235500000000000000e+03 1.064660000000000051e-01
5.243500000000000000e+03 9.713090000000000612e-02
5.251500000000000000e+03 8.789510000000000378e-02
5.259500000000000000e+03 7.895259999999999778e-02
5.267500000000000000e+03 7.104330000000000367e-02
5.275500000000000000e+03 6.361640000000000350e-02
5.283500000000000000e+03 5.740760000000000307e-02
5.291500000000000000e+03 5.222079999999999778e-02
5.299500000000000000e+03 4.771969999999999684e-02
5.307500000000000000e+03 4.364269999999999955e-02
5.315500000000000000e+03 4.023550000000000043e-02
5.323500000000000000e+03 3.728360000000000007e-02
5.331500000000000000e+03 3.496839999999999671e-02
5.339500000000000000e+03 3.327109999999999790e-02
5.347500000000000000e+03 3.161339999999999983e-02
5.355500000000000000e+03 2.983399999999999941e-02
5.363500000000000000e+03 2.809620000000000173e-02
5.371500000000000000e+03 2.653849999999999959e-02
5.379500000000000000e+03 2.528630000000000114e-02
5.387500000000000000e+03 2.415760000000000129e-02
5.395500000000000000e+03 2.298089999999999855e-02
5.403500000000000000e+03 2.177290000000000128e-02
5.411500000000000000e+03 2.052050000000000055e-02
5.419500000000000000e+03 1.939729999999999926e-02
5.427500000000000000e+03 1.847510000000000124e-02
5.435500000000000000e+03 1.763829999999999912e-02
5.443500000000000000e+03 1.689219999999999958e-02
5.451500000000000000e+03 1.622720000000000065e-02
5.459500000000000000e+03 1.557120000000000032e-02
5.467500000000000000e+03 1.488899999999999946e-02
5.475500000000000000e+03 1.423370000000000017e-02
5.483500000000000000e+03 1.360530000000000073e-02
5.491500000000000000e+03 1.297940000000000031e-02
5.499500000000000000e+03 1.235349999999999990e-02
5.507500000000000000e+03 1.171439999999999981e-02
5.515500000000000000e+03 1.108169999999999988e-02
5.523500000000000000e+03 1.044980000000000041e-02
5.531500000000000000e+03 9.815489999999999632e-03
5.539500000000000000e+03 9.177229999999999763e-03
5.547500000000000000e+03 8.541730000000000850e-03
5.555500000000000000e+03 7.922629999999999950e-03
5.563500000000000000e+03 7.313209999999999676e-03
5.571500000000000000e+03 6.606500000000000393e-03
5.579500000000000000e+03 5.924480000000000197e-03
5.587500000000000000e+03 5.403169999999999674e-03
5.595500000000000000e+03 4.892320000000000349e-03
5.603500000000000000e+03 4.395279999999999673e-03
5.611500000000000000e+03 3.885909999999999798e-03
5.619500000000000000e+03 3.213389999999999996e-03
5.627500000000000000e+03 2.565550000000000209e-03
5.635500000000000000e+03 2.193300000000000024e-03
5.643500000000000000e+03 1.879400000000000038e-03
5.651500000000000000e+03 1.575549999999999997e-03
5.659500000000000000e+03 1.326670000000000063e-03
5.667500000000000000e+03 9.561700000000000017e-04
5.675500000000000000e+03 3.467930000000000253e-04
5.683500000000000000e+03 3.281189999999999666e-05
5.691500000000000000e+03 2.463180000000000022e-05
5.699500000000000000e+03 2.359540000000000113e-05
5.707500000000000000e+03 2.463060000000000097e-05
5.715500000000000000e+03 2.578099999999999931e-05
5.723500000000000000e+03 2.480149999999999963e-05
5.731500000000000000e+03 2.032910000000000159e-05
5.739500000000000000e+03 1.717670000000000107e-05
5.747500000000000000e+03 1.239459999999999988e-05
5.755500000000000000e+03 9.472989999999999913e-06
5.763500000000000000e+03 6.361699999999999586e-06
5.771500000000000000e+03 1.303969999999999943e-06
