3.055000000000000000e+03 0.000000000000000000e+00
3.062000000000000000e+03 3.552449999999999759e-07
3.069000000000000000e+03 2.748189999999999941e-06
3.076000000000000000e+03 5.064350000000000055e-06
3.083000000000000000e+03 5.168729999999999724e-06
3.090000000000000000e+03 4.931279999999999990e-06
3.097000000000000000e+03 4.667350000000000299e-06
3.104000000000000000e+03 4.434719999999999784e-06
3.111000000000000000e+03 4.397470000000000267e-06
3.118000000000000000e+03 4.389560000000000033e-06
3.125000000000000000e+03 4.382389999999999897e-06
3.132000000000000000e+03 4.390729999999999719e-06
3.139000000000000000e+03 4.482360000000000229e-06
3.146000000000000000e+03 4.605730000000000201e-06
3.153000000000000000e+03 4.833450000000000284e-06
3.160000000000000000e+03 5.127669999999999646e-06
3.167000000000000000e+03 9.265229999999999381e-06
3.174000000000000000e+03 1.513070000000000067e-05
3.181000000000000000e+03 1.626239999999999866e-05
3.188000000000000000e+03 1.627039999999999926e-05
3.195000000000000000e+03 1.619070000000000069e-05
3.202000000000000000e+03 1.638690000000000060e-05
3.209000000000000000e+03 2.082620000000000060e-05
3.216000000000000000e+03 2.591039999999999844e-05
3.223000000000000000e+03 2.660220000000000087e-05
3.230000000000000000e+03 2.672929999999999835e-05
3.237000000000000000e+03 2.705269999999999935e-05
3.244000000000000000e+03 2.759319999999999866e-05
3.251000000000000000e+03 2.789550000000000083e-05
3.258000000000000000e+03 2.812499999999999923e-05
3.265000000000000000e+03 2.864839999999999832e-05
3.272000000000000000e+03 2.921990000000000123e-05
3.279000000000000000e+03 2.965430000000000168e-05
3.286000000000000000e+03 3.021150000000000034e-05
3.293000000000000000e+03 3.045369999999999948e-05
3.300000000000000000e+03 3.041690000000000011e-05
3.307000000000000000e+03 3.058560000000000071e-05
3.314000000000000000e+03 3.079719999999999713e-05
3.321000000000000000e+03 3.081540000000000315e-05
3.328000000000000000e+03 3.085569999999999665e-05
3.335000000000000000e+03 3.101469999999999970e-05
3.342000000000000000e+03 3.148929999999999682e-05
3.349000000000000000e+03 3.208099999999999998e-05
3.356000000000000000e+03 3.272289999999999802e-05
3.363000000000000000e+03 3.311040000000000066e-05
3.370000000000000000e+03 3.347109999999999875e-05
3.377000000000000000e+03 3.386349999999999858e-05
3.384000000000000000e+03 3.464310000000000040e-05
3.391000000000000000e+03 3.562119999999999702e-05
3.398000000000000000e+03 3.648989999999999770e-05
3.405000000000000000e+03 3.699429999999999917e-05
3.412000000000000000e+03 3.731300000000000003e-05
3.419000000000000000e+03 3.758260000000000165e-05
3.426000000000000000e+03 3.804350000000000261e-05
3.433000000000000000e+03 3.884219999999999887e-05
3.440000000000000000e+03 3.987620000000000287e-05
3.447000000000000000e+03 4.089699999999999824e-05
3.454000000000000000e+03 4.192009999999999866e-05
3.461000000000000000e+03 4.301749999999999937e-05
3.468000000000000000e+03 4.419419999999999778e-05
3.475000000000000000e+03 4.511110000000000250e-05
3.482000000000000000e+03 4.617569999999999905e-05
3.489000000000000000e+03 4.713740000000000036e-05
3.496000000000000000e+03 4.808350000000000135e-05
3.503000000000000000e+03 4.914829999999999834e-05
3.510000000000000000e+03 5.076839999999999999e-05
3.517000000000000000e+03 5.221029999999999714e-05
3.524000000000000000e+03 5.362959999999999895e-05
3.531000000000000000e+03 5.472120000000000049e-05
3.538000000000000000e+03 5.568010000000000244e-05
3.545000000000000000e+03 5.659190000000000276e-05
3.552000000000000000e+03 5.792610000000000093e-05
3.559000000000000000e+03 5.999650000000000062e-05
3.566000000000000000e+03 6.222510000000000161e-05
3.573000000000000000e+03 6.447189999999999508e-05
3.580000000000000000e+03 6.660580000000000526e-05
3.587000000000000000e+03 6.887599999999999582e-05
3.594000000000000000e+03 7.177060000000000026e-05
3.601000000000000000e+03 7.523849999999999462e-05
3.608000000000000000e+03 7.860660000000000054e-05
3.615000000000000000e+03 8.216370000000000075e-05
3.622000000000000000e+03 8.584210000000000267e-05
3.629000000000000000e+03 8.957160000000000144e-05
3.636000000000000000e+03 9.350840000000000074e-05
3.643000000000000000e+03 9.835799999999999578e-05
3.650000000000000000e+03 1.032659999999999969e-04
3.657000000000000000e+03 1.087560000000000002e-04
3.664000000000000000e+03 1.148200000000000018e-04
3.671000000000000000e+03 1.221770000000000061e-04
3.678000000000000000e+03 1.297500000000000096e-04
3.685000000000000000e+03 1.380569999999999963e-04
3.692000000000000000e+03 1.420840000000000037e-04
3.699000000000000000e+03 1.476360000000000075e-04
3.706000000000000000e+03 1.579449999999999930e-04
3.713000000000000000e+03 1.723790000000000109e-04
3.720000000000000000e+03 1.899969999999999903e-04
3.727000000000000000e+03 2.146059999999999982e-04
3.734000000000000000e+03 2.415610000000000001e-04
3.741000000000000000e+03 2.663729999999999787e-04
3.748000000000000000e+03 2.937120000000000095e-04
3.755000000000000000e+03 3.300439999999999863e-04
3.762000000000000000e+03 3.712569999999999998e-04
3.769000000000000000e+03 4.237019999999999762e-04
3.776000000000000000e+03 5.786979999999999945e-04
3.783000000000000000e+03 8.253130000000000448e-04
3.790000000000000000e+03 1.096439999999999958e-03
3.797000000000000000e+03 1.403860000000000047e-03
3.804000000000000000e+03 1.871580000000000075e-03
3.811000000000000000e+03 2.489289999999999906e-03
3.818000000000000000e+03 3.273069999999999886e-03
3.825000000000000000e+03 4.217069999999999846e-03
3.832000000000000000e+03 5.314969999999999591e-03
3.839000000000000000e+03 6.583300000000000263e-03
3.846000000000000000e+03 8.035230000000000844e-03
3.853000000000000000e+03 9.775999999999999968e-03
3.860000000000000000e+03 1.167780000000000033e-02
3.867000000000000000e+03 1.377029999999999921e-02
3.874000000000000000e+03 1.594749999999999987e-02
3.881000000000000000e+03 1.837760000000000088e-02
3.888000000000000000e+03 2.086440000000000169e-02
3.895000000000000000e+03 2.353430000000000105e-02
3.902000000000000000e+03 2.615510000000000057e-02
3.909000000000000000e+03 2.889749999999999958e-02
3.916000000000000000e+03 3.157970000000000221e-02
3.923000000000000000e+03 3.436279999999999890e-02
3.930000000000000000e+03 3.716099999999999959e-02
3.937000000000000000e+03 4.005299999999999833e-02
3.944000000000000000e+03 4.300029999999999825e-02
3.951000000000000000e+03 4.604749999999999815e-02
3.958000000000000000e+03 4.929259999999999892e-02
3.965000000000000000e+03 5.290920000000000345e-02
3.972000000000000000e+03 5.724749999999999978e-02
3.979000000000000000e+03 6.289110000000000533e-02
3.986000000000000000e+03 7.005100000000000215e-02
3.993000000000000000e+03 7.954500000000000459e-02
4.000000000000000000e+03 9.139869999999999939e-02
4.007000000000000000e+03 1.065720000000000001e-01
4.014000000000000000e+03 1.256450000000000067e-01
4.021000000000000000e+03 1.503559999999999897e-01
4.028000000000000000e+03 1.790039999999999965e-01
4.035000000000000000e+03 2.126599999999999879e-01
4.042000000000000000e+03 2.465759999999999896e-01
4.049000000000000000e+03 2.815690000000000137e-01
4.056000000000000000e+03 3.170189999999999952e-01
4.063000000000000000e+03 3.517629999999999924e-01
4.070000000000000000e+03 3.871049999999999769e-01
4.077000000000000000e+03 4.184450000000000114e-01
4.084000000000000000e+03 4.488039999999999807e-01
4.091000000000000000e+03 4.753910000000000080e-01
4.098000000000000000e+03 4.976510000000000100e-01
4.105000000000000000e+03 5.147110000000000296e-01
4.112000000000000000e+03 5.260219999999999896e-01
4.119000000000000000e+03 5.419709999999999805e-01
4.126000000000000000e+03 5.583289999999999642e-01
4.133000000000000000e+03 5.756970000000000143e-01
4.140000000000000000e+03 5.930039999999999756e-01
4.147000000000000000e+03 6.049649999999999750e-01
4.154000000000000000e+03 6.213410000000000322e-01
4.161000000000000000e+03 6.369249999999999634e-01
4.168000000000000000e+03 6.452280000000000237e-01
4.175000000000000000e+03 6.528110000000000301e-01
4.182000000000000000e+03 6.608920000000000350e-01
4.189000000000000000e+03 6.699960000000000360e-01
4.196000000000000000e+03 6.816830000000000389e-01
4.203000000000000000e+03 6.890530000000000266e-01
4.210000000000000000e+03 6.964730000000000087e-01
4.217000000000000000e+03 7.055970000000000297e-01
4.224000000000000000e+03 7.147120000000000140e-01
4.231000000000000000e+03 7.268400000000000416e-01
4.238000000000000000e+03 7.370269999999999877e-01
4.245000000000000000e+03 7.473419999999999508e-01
4.252000000000000000e+03 7.594290000000000207e-01
4.259000000000000000e+03 7.734050000000000091e-01
4.266000000000000000e+03 7.861949999999999772e-01
4.273000000000000000e+03 8.017170000000000130e-01
4.280000000000000000e+03 8.189279999999999893e-01
4.287000000000000000e+03 8.409440000000000248e-01
4.294000000000000000e+03 8.699599999999999556e-01
4.301000000000000000e+03 8.999610000000000110e-01
4.308000000000000000e+03 9.259859999999999758e-01
4.315000000000000000e+03 9.472800000000000109e-01
4.322000000000000000e+03 9.649640000000000439e-01
4.329000000000000000e+03 9.787919999999999954e-01
4.336000000000000000e+03 9.857040000000000246e-01
4.343000000000000000e+03 9.906920000000000170e-01
4.350000000000000000e+03 9.944830000000000059e-01
4.357000000000000000e+03 9.973009999999999931e-01
4.364000000000000000e+03 9.992450000000000498e-01
4.371000000000000000e+03 1.000000000000000000e+00
4.378000000000000000e+03 9.995589999999999753e-01
4.385000000000000000e+03 9.988270000000000204e-01
4.392000000000000000e+03 9.970080000000000053e-01
4.399000000000000000e+03 9.953100000000000280e-01
4.406000000000000000e+03 9.916599999999999859e-01
4.413000000000000000e+03 9.861539999999999750e-01
4.420000000000000000e+03 9.776439999999999575e-01
4.427000000000000000e+03 9.678839999999999666e-01
4.434000000000000000e+03 9.580779999999999852e-01
4.441000000000000000e+03 9.477100000000000524e-01
4.448000000000000000e+03 9.365689999999999849e-01
4.455000000000000000e+03 9.249840000000000284e-01
4.462000000000000000e+03 9.113780000000000214e-01
4.469000000000000000e+03 8.963759999999999506e-01
4.476000000000000000e+03 8.790980000000000461e-01
4.483000000000000000e+03 8.535869999999999846e-01
4.490000000000000000e+03 8.236120000000000108e-01
4.497000000000000000e+03 7.984970000000000123e-01
4.504000000000000000e+03 7.742010000000000280e-01
4.511000000000000000e+03 7.522879999999999567e-01
4.518000000000000000e+03 7.313220000000000276e-01
4.525000000000000000e+03 7.077339999999999742e-01
4.532000000000000000e+03 6.878530000000000477e-01
4.539000000000000000e+03 6.663170000000000481e-01
4.546000000000000000e+03 6.460230000000000139e-01
4.553000000000000000e+03 6.217690000000000161e-01
4.560000000000000000e+03 5.919750000000000290e-01
4.567000000000000000e+03 5.613120000000000331e-01
4.574000000000000000e+03 5.333609999999999740e-01
4.581000000000000000e+03 5.023889999999999745e-01
4.588000000000000000e+03 4.673689999999999789e-01
4.595000000000000000e+03 4.279339999999999811e-01
4.602000000000000000e+03 3.866089999999999804e-01
4.609000000000000000e+03 3.462069999999999870e-01
4.616000000000000000e+03 3.069950000000000179e-01
4.623000000000000000e+03 2.688220000000000054e-01
4.630000000000000000e+03 2.342359999999999998e-01
4.637000000000000000e+03 2.025150000000000006e-01
4.644000000000000000e+03 1.741369999999999862e-01
4.651000000000000000e+03 1.507940000000000114e-01
4.658000000000000000e+03 1.316990000000000105e-01
4.665000000000000000e+03 1.178789999999999977e-01
4.672000000000000000e+03 1.069630000000000025e-01
4.679000000000000000e+03 1.004649999999999987e-01
4.686000000000000000e+03 9.560920000000000529e-02
4.693000000000000000e+03 9.136189999999999589e-02
4.700000000000000000e+03 8.730680000000000385e-02
4.707000000000000000e+03 8.388299999999999923e-02
4.714000000000000000e+03 8.098139999999999505e-02
4.721000000000000000e+03 7.805650000000000088e-02
4.728000000000000000e+03 7.469140000000000501e-02
4.735000000000000000e+03 7.120120000000000615e-02
4.742000000000000000e+03 6.775789999999999591e-02
4.749000000000000000e+03 6.409819999999999407e-02
4.756000000000000000e+03 6.040990000000000248e-02
4.763000000000000000e+03 5.665860000000000340e-02
4.770000000000000000e+03 5.287220000000000114e-02
4.777000000000000000e+03 4.927999999999999742e-02
4.784000000000000000e+03 4.561500000000000277e-02
4.791000000000000000e+03 4.181499999999999800e-02
4.798000000000000000e+03 3.809219999999999967e-02
4.805000000000000000e+03 3.438789999999999902e-02
4.812000000000000000e+03 3.114149999999999904e-02
4.819000000000000000e+03 2.816029999999999922e-02
4.826000000000000000e+03 2.557419999999999832e-02
4.833000000000000000e+03 2.331669999999999923e-02
4.840000000000000000e+03 2.140480000000000160e-02
4.847000000000000000e+03 1.972830000000000070e-02
4.854000000000000000e+03 1.820949999999999999e-02
4.861000000000000000e+03 1.693889999999999979e-02
4.868000000000000000e+03 1.576750000000000027e-02
4.875000000000000000e+03 1.472219999999999952e-02
4.882000000000000000e+03 1.374290000000000060e-02
4.889000000000000000e+03 1.286460000000000034e-02
4.896000000000000000e+03 1.201679999999999936e-02
4.903000000000000000e+03 1.123120000000000021e-02
4.910000000000000000e+03 1.046249999999999958e-02
4.917000000000000000e+03 9.734430000000000513e-03
4.924000000000000000e+03 9.021140000000000408e-03
4.931000000000000000e+03 8.321780000000000843e-03
4.938000000000000000e+03 7.632599999999999801e-03
4.945000000000000000e+03 6.962730000000000308e-03
4.952000000000000000e+03 6.304149999999999684e-03
4.959000000000000000e+03 5.700079999999999730e-03
4.966000000000000000e+03 4.978149999999999763e-03
4.973000000000000000e+03 3.959009999999999786e-03
4.980000000000000000e+03 3.305579999999999803e-03
4.987000000000000000e+03 2.985080000000000199e-03
4.994000000000000000e+03 2.668180000000000031e-03
5.001000000000000000e+03 2.341909999999999999e-03
5.008000000000000000e+03 2.003759999999999829e-03
5.015000000000000000e+03 1.680620000000000074e-03
5.022000000000000000e+03 1.431800000000000000e-03
5.029000000000000000e+03 1.111240000000000101e-03
5.036000000000000000e+03 4.628489999999999861e-04
5.043000000000000000e+03 3.542989999999999768e-05
5.050000000000000000e+03 2.601149999999999990e-05
5.057000000000000000e+03 2.694269999999999871e-05
5.064000000000000000e+03 2.779269999999999904e-05
5.071000000000000000e+03 2.247899999999999942e-05
5.078000000000000000e+03 1.554249999999999900e-05
5.085000000000000000e+03 1.151929999999999998e-05
5.092000000000000000e+03 3.333600000000000152e-06
