1.862000000000000000e+03 0.000000000000000000e+00
1.867000000000000000e+03 2.515830000000000102e-07
1.872000000000000000e+03 7.107490000000000284e-06
1.877000000000000000e+03 2.494929999999999845e-05
1.882000000000000000e+03 3.818999999999999858e-05
1.887000000000000000e+03 4.061730000000000158e-05
1.892000000000000000e+03 4.185469999999999756e-05
1.897000000000000000e+03 4.364059999999999684e-05
1.902000000000000000e+03 4.553120000000000209e-05
1.907000000000000000e+03 4.746270000000000214e-05
1.912000000000000000e+03 4.935509999999999778e-05
1.917000000000000000e+03 5.113450000000000314e-05
1.922000000000000000e+03 5.256810000000000242e-05
1.927000000000000000e+03 5.314810000000000026e-05
1.932000000000000000e+03 5.326990000000000306e-05
1.937000000000000000e+03 5.265110000000000146e-05
1.942000000000000000e+03 5.174860000000000121e-05
1.947000000000000000e+03 5.058390000000000201e-05
1.952000000000000000e+03 4.937699999999999837e-05
1.957000000000000000e+03 4.831429999999999921e-05
1.962000000000000000e+03 4.752959999999999976e-05
1.967000000000000000e+03 4.768170000000000123e-05
1.972000000000000000e+03 4.839640000000000305e-05
1.977000000000000000e+03 4.997409999999999981e-05
1.982000000000000000e+03 5.197979999999999994e-05
1.987000000000000000e+03 5.416749999999999934e-05
1.992000000000000000e+03 5.629180000000000202e-05
1.997000000000000000e+03 5.758179999999999814e-05
2.002000000000000000e+03 5.815460000000000052e-05
2.007000000000000000e+03 5.746199999999999973e-05
2.012000000000000000e+03 5.570400000000000064e-05
2.017000000000000000e+03 5.266020000000000108e-05
2.022000000000000000e+03 4.857850000000000254e-05
2.027000000000000000e+03 4.405189999999999746e-05
2.032000000000000000e+03 3.919240000000000104e-05
2.037000000000000000e+03 3.460569999999999971e-05
2.042000000000000000e+03 3.038369999999999846e-05
2.047000000000000000e+03 2.694710000000000158e-05
2.052000000000000000e+03 2.443219999999999962e-05
2.057000000000000000e+03 2.284290000000000113e-05
2.062000000000000000e+03 2.235559999999999989e-05
2.067000000000000000e+03 2.265270000000000082e-05
2.072000000000000000e+03 2.389660000000000089e-05
2.077000000000000000e+03 2.559350000000000153e-05
2.082000000000000000e+03 2.782699999999999971e-05
2.087000000000000000e+03 3.007189999999999917e-05
2.092000000000000000e+03 3.224949999999999676e-05
2.097000000000000000e+03 3.411009999999999720e-05
2.102000000000000000e+03 3.543029999999999856e-05
2.107000000000000000e+03 3.603740000000000160e-05
2.112000000000000000e+03 3.549219999999999876e-05
2.117000000000000000e+03 3.418390000000000317e-05
2.122000000000000000e+03 3.175770000000000258e-05
2.127000000000000000e+03 2.906840000000000107e-05
2.132000000000000000e+03 2.622520000000000092e-05
2.137000000000000000e+03 2.344970000000000013e-05
2.142000000000000000e+03 2.089199999999999919e-05
2.147000000000000000e+03 1.855129999999999973e-05
2.152000000000000000e+03 1.661149999999999842e-05
2.157000000000000000e+03 1.502209999999999971e-05
2.162000000000000000e+03 1.405910000000000063e-05
2.167000000000000000e+03 1.331890000000000050e-05
2.172000000000000000e+03 1.268690000000000045e-05
2.177000000000000000e+03 1.212740000000000013e-05
2.182000000000000000e+03 1.167889999999999926e-05
2.187000000000000000e+03 1.130080000000000029e-05
2.192000000000000000e+03 1.101810000000000044e-05
2.197000000000000000e+03 1.075630000000000068e-05
2.202000000000000000e+03 1.042589999999999957e-05
2.207000000000000000e+03 1.007850000000000015e-05
2.212000000000000000e+03 9.792829999999999208e-06
2.217000000000000000e+03 9.524360000000000405e-06
2.222000000000000000e+03 9.189609999999999925e-06
2.227000000000000000e+03 8.827889999999999940e-06
2.232000000000000000e+03 8.524579999999999959e-06
2.237000000000000000e+03 8.248570000000000546e-06
2.242000000000000000e+03 7.910460000000000492e-06
2.247000000000000000e+03 7.541180000000000192e-06
2.252000000000000000e+03 7.256820000000000258e-06
2.257000000000000000e+03 7.063720000000000362e-06
2.262000000000000000e+03 6.969789999999999891e-06
2.267000000000000000e+03 7.319150000000000050e-06
2.272000000000000000e+03 8.972119999999999743e-06
2.277000000000000000e+03 1.045619999999999994e-05
2.282000000000000000e+03 1.048900000000000071e-05
2.287000000000000000e+03 1.028810000000000065e-05
2.292000000000000000e+03 9.940649999999999430e-06
2.297000000000000000e+03 9.463600000000000329e-06
2.302000000000000000e+03 9.221009999999999320e-06
2.307000000000000000e+03 9.168500000000000393e-06
2.312000000000000000e+03 9.150519999999999593e-06
2.317000000000000000e+03 9.164999999999999495e-06
2.322000000000000000e+03 9.231649999999999950e-06
2.327000000000000000e+03 9.314799999999999315e-06
2.332000000000000000e+03 9.446689999999999843e-06
2.337000000000000000e+03 9.583760000000000209e-06
2.342000000000000000e+03 9.616129999999999697e-06
2.347000000000000000e+03 9.531500000000000137e-06
2.352000000000000000e+03 9.452469999999999303e-06
2.357000000000000000e+03 9.444239999999999553e-06
2.362000000000000000e+03 9.427219999999999841e-06
2.367000000000000000e+03 9.392659999999999616e-06
2.372000000000000000e+03 9.293000000000000641e-06
2.377000000000000000e+03 9.102089999999999788e-06
2.382000000000000000e+03 8.924259999999999154e-06
2.387000000000000000e+03 8.757269999999999589e-06
2.392000000000000000e+03 8.539430000000000333e-06
2.397000000000000000e+03 8.214289999999999580e-06
2.402000000000000000e+03 7.891779999999999851e-06
2.407000000000000000e+03 7.733940000000000020e-06
2.412000000000000000e+03 7.626800000000000399e-06
2.417000000000000000e+03 7.483110000000000255e-06
2.422000000000000000e+03 7.385430000000000032e-06
2.427000000000000000e+03 7.465459999999999670e-06
2.432000000000000000e+03 7.607460000000000174e-06
2.437000000000000000e+03 7.662120000000000427e-06
2.442000000000000000e+03 7.640839999999999167e-06
2.447000000000000000e+03 7.533880000000000279e-06
2.452000000000000000e+03 7.419580000000000374e-06
2.457000000000000000e+03 7.471750000000000079e-06
2.462000000000000000e+03 7.634800000000000153e-06
2.467000000000000000e+03 7.766329999999999214e-06
2.472000000000000000e+03 7.912649999999999534e-06
2.477000000000000000e+03 8.215780000000000476e-06
2.482000000000000000e+03 8.639690000000000623e-06
2.487000000000000000e+03 8.992400000000000504e-06
2.492000000000000000e+03 9.249879999999999604e-06
2.497000000000000000e+03 9.404429999999999675e-06
2.502000000000000000e+03 9.448030000000000409e-06
2.507000000000000000e+03 9.473229999999999761e-06
2.512000000000000000e+03 9.481910000000000498e-06
2.517000000000000000e+03 9.489569999999999337e-06
2.522000000000000000e+03 9.497059999999999836e-06
2.527000000000000000e+03 9.504330000000000192e-06
2.532000000000000000e+03 9.511289999999999190e-06
2.537000000000000000e+03 9.518690000000000170e-06
2.542000000000000000e+03 9.526919999999999920e-06
2.547000000000000000e+03 9.579219999999999402e-06
2.552000000000000000e+03 9.743919999999999706e-06
2.557000000000000000e+03 9.934889999999999675e-06
2.562000000000000000e+03 1.017099999999999969e-05
2.567000000000000000e+03 1.052150000000000082e-05
2.572000000000000000e+03 1.101999999999999952e-05
2.577000000000000000e+03 1.153689999999999960e-05
2.582000000000000000e+03 1.209360000000000056e-05
2.587000000000000000e+03 1.269279999999999984e-05
2.592000000000000000e+03 1.336939999999999942e-05
2.597000000000000000e+03 1.402469999999999974e-05
2.602000000000000000e+03 1.458840000000000080e-05
2.607000000000000000e+03 1.519669999999999970e-05
2.612000000000000000e+03 1.601620000000000092e-05
2.617000000000000000e+03 1.702449999999999938e-05
2.622000000000000000e+03 1.830369999999999892e-05
2.627000000000000000e+03 1.975070000000000048e-05
2.632000000000000000e+03 2.144910000000000103e-05
2.637000000000000000e+03 2.327710000000000114e-05
2.642000000000000000e+03 2.517969999999999882e-05
2.647000000000000000e+03 2.719070000000000040e-05
2.652000000000000000e+03 2.945580000000000011e-05
2.657000000000000000e+03 3.203290000000000293e-05
2.662000000000000000e+03 3.511670000000000210e-05
2.667000000000000000e+03 3.870649999999999948e-05
2.672000000000000000e+03 4.274249999999999946e-05
2.677000000000000000e+03 4.739679999999999994e-05
2.682000000000000000e+03 5.278569999999999844e-05
2.687000000000000000e+03 5.913520000000000262e-05
2.692000000000000000e+03 6.653430000000000433e-05
2.697000000000000000e+03 7.539010000000000177e-05
2.702000000000000000e+03 8.548760000000000462e-05
2.707000000000000000e+03 9.734599999999999937e-05
2.712000000000000000e+03 1.107679999999999939e-04
2.717000000000000000e+03 1.267390000000000075e-04
2.722000000000000000e+03 1.448189999999999970e-04
2.727000000000000000e+03 1.664330000000000106e-04
2.732000000000000000e+03 1.908310000000000030e-04
2.737000000000000000e+03 2.200690000000000101e-04
2.742000000000000000e+03 2.534710000000000131e-04
2.747000000000000000e+03 2.942169999999999920e-04
2.752000000000000000e+03 3.412649999999999928e-04
2.757000000000000000e+03 3.994409999999999996e-04
2.762000000000000000e+03 4.667830000000000200e-04
2.767000000000000000e+03 5.506480000000000445e-04
2.772000000000000000e+03 6.490369999999999863e-04
2.777000000000000000e+03 7.726690000000000251e-04
2.782000000000000000e+03 9.183120000000000128e-04
2.787000000000000000e+03 1.100920000000000024e-03
2.792000000000000000e+03 1.328640000000000073e-03
2.797000000000000000e+03 1.691959999999999948e-03
2.802000000000000000e+03 2.178149999999999791e-03
2.807000000000000000e+03 2.833839999999999797e-03
2.812000000000000000e+03 3.565749999999999909e-03
2.817000000000000000e+03 4.533780000000000275e-03
2.822000000000000000e+03 5.800869999999999638e-03
2.827000000000000000e+03 7.453770000000000187e-03
2.832000000000000000e+03 9.361480000000000148e-03
2.837000000000000000e+03 1.158230000000000023e-02
2.842000000000000000e+03 1.418029999999999985e-02
2.847000000000000000e+03 1.715229999999999880e-02
2.852000000000000000e+03 2.050739999999999855e-02
2.857000000000000000e+03 2.419539999999999885e-02
2.862000000000000000e+03 2.825280000000000152e-02
2.867000000000000000e+03 3.254739999999999717e-02
2.872000000000000000e+03 3.714540000000000203e-02
2.877000000000000000e+03 4.193100000000000299e-02
2.882000000000000000e+03 4.692930000000000018e-02
2.887000000000000000e+03 5.199079999999999674e-02
2.892000000000000000e+03 5.710649999999999754e-02
2.897000000000000000e+03 6.221030000000000310e-02
2.902000000000000000e+03 6.720629999999999660e-02
2.907000000000000000e+03 7.207410000000000205e-02
2.912000000000000000e+03 7.669620000000000604e-02
2.917000000000000000e+03 8.108790000000000442e-02
2.922000000000000000e+03 8.507760000000000322e-02
2.927000000000000000e+03 8.874840000000000506e-02
2.932000000000000000e+03 9.189980000000000371e-02
2.937000000000000000e+03 9.469099999999999739e-02
2.942000000000000000e+03 9.694300000000000139e-02
2.947000000000000000e+03 9.881510000000000293e-02
2.952000000000000000e+03 1.000790000000000013e-01
2.957000000000000000e+03 1.009199999999999958e-01
2.962000000000000000e+03 1.011399999999999938e-01
2.967000000000000000e+03 1.010260000000000047e-01
2.972000000000000000e+03 1.010910000000000003e-01
2.977000000000000000e+03 1.013209999999999944e-01
2.982000000000000000e+03 1.016060000000000019e-01
2.987000000000000000e+03 1.019479999999999970e-01
2.992000000000000000e+03 1.022720000000000018e-01
2.997000000000000000e+03 1.025090000000000029e-01
3.002000000000000000e+03 1.027700000000000002e-01
3.007000000000000000e+03 1.030159999999999965e-01
3.012000000000000000e+03 1.032949999999999979e-01
3.017000000000000000e+03 1.036009999999999986e-01
3.022000000000000000e+03 1.040279999999999955e-01
3.027000000000000000e+03 1.046129999999999977e-01
3.032000000000000000e+03 1.053410000000000041e-01
3.037000000000000000e+03 1.060959999999999959e-01
3.042000000000000000e+03 1.068629999999999997e-01
3.047000000000000000e+03 1.075819999999999971e-01
3.052000000000000000e+03 1.085430000000000006e-01
3.057000000000000000e+03 1.097120000000000040e-01
3.062000000000000000e+03 1.113969999999999960e-01
3.067000000000000000e+03 1.135759999999999964e-01
3.072000000000000000e+03 1.169449999999999934e-01
3.077000000000000000e+03 1.215129999999999960e-01
3.082000000000000000e+03 1.286990000000000078e-01
3.087000000000000000e+03 1.390260000000000107e-01
3.092000000000000000e+03 1.557179999999999953e-01
3.097000000000000000e+03 1.800599999999999978e-01
3.102000000000000000e+03 2.150070000000000037e-01
3.107000000000000000e+03 2.629909999999999748e-01
3.112000000000000000e+03 3.223590000000000066e-01
3.117000000000000000e+03 3.938900000000000179e-01
3.122000000000000000e+03 4.738160000000000149e-01
3.127000000000000000e+03 5.565459999999999852e-01
3.132000000000000000e+03 6.425279999999999880e-01
3.137000000000000000e+03 7.208839999999999693e-01
3.142000000000000000e+03 7.914970000000000061e-01
3.147000000000000000e+03 8.501670000000000060e-01
3.152000000000000000e+03 8.956889999999999574e-01
3.157000000000000000e+03 9.279249999999999998e-01
3.162000000000000000e+03 9.476820000000000244e-01
3.167000000000000000e+03 9.612589999999999746e-01
3.172000000000000000e+03 9.721229999999999594e-01
3.177000000000000000e+03 9.824159999999999560e-01
3.182000000000000000e+03 9.900459999999999816e-01
3.187000000000000000e+03 9.939219999999999722e-01
3.192000000000000000e+03 9.981349999999999945e-01
3.197000000000000000e+03 1.000000000000000000e+00
3.202000000000000000e+03 9.976629999999999665e-01
3.207000000000000000e+03 9.948949999999999738e-01
3.212000000000000000e+03 9.921609999999999596e-01
3.217000000000000000e+03 9.906930000000000458e-01
3.222000000000000000e+03 9.889270000000000005e-01
3.227000000000000000e+03 9.837479999999999558e-01
3.232000000000000000e+03 9.778179999999999650e-01
3.237000000000000000e+03 9.644260000000000055e-01
3.242000000000000000e+03 9.474700000000000344e-01
3.247000000000000000e+03 9.175759999999999472e-01
3.252000000000000000e+03 8.785579999999999501e-01
3.257000000000000000e+03 8.253519999999999746e-01
3.262000000000000000e+03 7.612529999999999575e-01
3.267000000000000000e+03 6.874770000000000048e-01
3.272000000000000000e+03 6.049999999999999822e-01
3.277000000000000000e+03 5.201860000000000372e-01
3.282000000000000000e+03 4.365959999999999841e-01
3.287000000000000000e+03 3.621530000000000027e-01
3.292000000000000000e+03 2.962759999999999838e-01
3.297000000000000000e+03 2.442789999999999961e-01
3.302000000000000000e+03 2.015210000000000057e-01
3.307000000000000000e+03 1.729829999999999979e-01
3.312000000000000000e+03 1.517209999999999948e-01
3.317000000000000000e+03 1.390740000000000032e-01
3.322000000000000000e+03 1.296329999999999982e-01
3.327000000000000000e+03 1.237680000000000030e-01
3.332000000000000000e+03 1.191220000000000057e-01
3.337000000000000000e+03 1.159659999999999996e-01
3.342000000000000000e+03 1.136370000000000019e-01
3.347000000000000000e+03 1.115229999999999971e-01
3.352000000000000000e+03 1.097550000000000053e-01
3.357000000000000000e+03 1.083049999999999985e-01
3.362000000000000000e+03 1.070200000000000040e-01
3.367000000000000000e+03 1.057550000000000018e-01
3.372000000000000000e+03 1.044039999999999968e-01
3.377000000000000000e+03 1.031419999999999976e-01
3.382000000000000000e+03 1.019199999999999967e-01
3.387000000000000000e+03 1.006149999999999961e-01
3.392000000000000000e+03 9.923510000000000664e-02
3.397000000000000000e+03 9.774209999999999843e-02
3.402000000000000000e+03 9.619220000000000548e-02
3.407000000000000000e+03 9.450359999999999316e-02
3.412000000000000000e+03 9.268460000000000587e-02
3.417000000000000000e+03 9.075320000000000609e-02
3.422000000000000000e+03 8.867759999999999532e-02
3.427000000000000000e+03 8.652540000000000231e-02
3.432000000000000000e+03 8.429920000000000468e-02
3.437000000000000000e+03 8.207150000000000556e-02
3.442000000000000000e+03 7.998500000000000054e-02
3.447000000000000000e+03 7.789989999999999415e-02
3.452000000000000000e+03 7.596959999999999824e-02
3.457000000000000000e+03 7.403590000000000171e-02
3.462000000000000000e+03 7.217610000000000692e-02
3.467000000000000000e+03 7.035370000000000512e-02
3.472000000000000000e+03 6.851290000000000158e-02
3.477000000000000000e+03 6.661849999999999716e-02
3.482000000000000000e+03 6.449789999999999690e-02
3.487000000000000000e+03 6.209560000000000080e-02
3.492000000000000000e+03 5.914599999999999719e-02
3.497000000000000000e+03 5.581989999999999869e-02
3.502000000000000000e+03 5.196270000000000056e-02
3.507000000000000000e+03 4.778779999999999833e-02
3.512000000000000000e+03 4.324929999999999747e-02
3.517000000000000000e+03 3.858729999999999799e-02
3.522000000000000000e+03 3.392359999999999820e-02
3.527000000000000000e+03 2.930939999999999934e-02
3.532000000000000000e+03 2.489649999999999849e-02
3.537000000000000000e+03 2.070970000000000102e-02
3.542000000000000000e+03 1.697469999999999882e-02
3.547000000000000000e+03 1.366179999999999999e-02
3.552000000000000000e+03 1.086110000000000027e-02
3.557000000000000000e+03 8.543369999999999784e-03
3.562000000000000000e+03 6.660150000000000098e-03
3.567000000000000000e+03 5.218200000000000095e-03
3.572000000000000000e+03 4.062520000000000020e-03
3.577000000000000000e+03 3.236890000000000080e-03
3.582000000000000000e+03 2.562089999999999940e-03
3.587000000000000000e+03 2.086999999999999880e-03
3.592000000000000000e+03 1.687460000000000002e-03
3.597000000000000000e+03 1.410390000000000081e-03
3.602000000000000000e+03 1.167620000000000073e-03
3.607000000000000000e+03 9.772120000000000892e-04
3.612000000000000000e+03 8.095900000000000058e-04
3.617000000000000000e+03 6.889609999999999788e-04
3.622000000000000000e+03 5.858060000000000220e-04
3.627000000000000000e+03 5.152610000000000393e-04
3.632000000000000000e+03 4.555979999999999839e-04
3.637000000000000000e+03 4.096810000000000100e-04
3.642000000000000000e+03 3.694719999999999754e-04
3.647000000000000000e+03 3.315869999999999950e-04
3.652000000000000000e+03 2.955850000000000101e-04
3.657000000000000000e+03 2.679450000000000104e-04
3.662000000000000000e+03 2.436030000000000053e-04
3.667000000000000000e+03 2.145980000000000077e-04
3.672000000000000000e+03 1.837900000000000005e-04
3.677000000000000000e+03 1.671680000000000095e-04
3.682000000000000000e+03 1.579229999999999989e-04
3.687000000000000000e+03 1.491130000000000070e-04
3.692000000000000000e+03 1.409559999999999969e-04
3.697000000000000000e+03 1.307790000000000027e-04
3.702000000000000000e+03 1.118740000000000066e-04
3.707000000000000000e+03 9.740630000000000284e-05
3.712000000000000000e+03 9.168470000000000667e-05
3.717000000000000000e+03 8.664160000000000069e-05
3.722000000000000000e+03 8.146829999999999382e-05
3.727000000000000000e+03 5.865220000000000063e-05
3.732000000000000000e+03 2.974840000000000134e-05
3.737000000000000000e+03 2.161760000000000119e-05
3.742000000000000000e+03 2.132870000000000130e-05
3.747000000000000000e+03 2.110339999999999856e-05
3.752000000000000000e+03 2.085600000000000157e-05
3.757000000000000000e+03 2.051700000000000024e-05
3.762000000000000000e+03 2.016000000000000010e-05
3.767000000000000000e+03 1.986970000000000053e-05
3.772000000000000000e+03 1.966120000000000075e-05
3.777000000000000000e+03 1.952879999999999842e-05
3.782000000000000000e+03 1.946210000000000125e-05
3.787000000000000000e+03 1.942200000000000141e-05
3.792000000000000000e+03 1.944330000000000068e-05
3.797000000000000000e+03 1.953450000000000076e-05
3.802000000000000000e+03 1.971710000000000135e-05
3.807000000000000000e+03 1.993669999999999836e-05
3.812000000000000000e+03 2.013240000000000057e-05
3.817000000000000000e+03 2.023480000000000149e-05
3.822000000000000000e+03 2.021720000000000017e-05
3.827000000000000000e+03 2.018170000000000025e-05
3.832000000000000000e+03 2.012589999999999987e-05
3.837000000000000000e+03 2.006959999999999839e-05
3.842000000000000000e+03 2.001330000000000031e-05
3.847000000000000000e+03 1.995699999999999883e-05
3.852000000000000000e+03 1.989999999999999921e-05
3.857000000000000000e+03 1.983969999999999912e-05
3.862000000000000000e+03 1.969569999999999847e-05
3.867000000000000000e+03 1.944739999999999951e-05
3.872000000000000000e+03 1.866849999999999922e-05
3.877000000000000000e+03 1.745269999999999978e-05
3.882000000000000000e+03 1.589230000000000029e-05
3.887000000000000000e+03 1.481450000000000021e-05
3.892000000000000000e+03 1.488519999999999938e-05
3.897000000000000000e+03 1.511890000000000021e-05
3.902000000000000000e+03 1.562909999999999915e-05
3.907000000000000000e+03 1.647190000000000064e-05
3.912000000000000000e+03 1.797019999999999949e-05
3.917000000000000000e+03 1.958410000000000109e-05
3.922000000000000000e+03 2.097049999999999853e-05
3.927000000000000000e+03 2.201270000000000017e-05
3.932000000000000000e+03 2.234139999999999924e-05
3.937000000000000000e+03 2.244570000000000094e-05
3.942000000000000000e+03 2.248679999999999958e-05
3.947000000000000000e+03 2.256140000000000052e-05
3.952000000000000000e+03 2.274700000000000092e-05
3.957000000000000000e+03 2.295700000000000060e-05
3.962000000000000000e+03 2.314919999999999852e-05
3.967000000000000000e+03 2.336609999999999978e-05
3.972000000000000000e+03 2.367609999999999851e-05
3.977000000000000000e+03 2.408030000000000050e-05
3.982000000000000000e+03 2.457069999999999838e-05
3.987000000000000000e+03 2.505430000000000168e-05
3.992000000000000000e+03 2.542190000000000134e-05
3.997000000000000000e+03 2.568620000000000151e-05
4.002000000000000000e+03 2.590909999999999898e-05
4.007000000000000000e+03 2.614650000000000115e-05
4.012000000000000000e+03 2.645990000000000055e-05
4.017000000000000000e+03 2.681410000000000133e-05
4.022000000000000000e+03 2.712100000000000003e-05
4.027000000000000000e+03 2.735750000000000023e-05
4.032000000000000000e+03 2.755870000000000094e-05
4.037000000000000000e+03 2.775249999999999899e-05
4.042000000000000000e+03 2.797910000000000119e-05
4.047000000000000000e+03 2.817040000000000052e-05
4.052000000000000000e+03 2.825540000000000056e-05
4.057000000000000000e+03 2.819009999999999967e-05
4.062000000000000000e+03 2.812779999999999859e-05
4.067000000000000000e+03 2.815800000000000044e-05
4.072000000000000000e+03 2.828999999999999850e-05
4.077000000000000000e+03 2.861199999999999982e-05
4.082000000000000000e+03 2.896310000000000057e-05
4.087000000000000000e+03 2.937110000000000073e-05
4.092000000000000000e+03 2.980269999999999843e-05
4.097000000000000000e+03 3.024270000000000099e-05
4.102000000000000000e+03 3.064889999999999721e-05
4.107000000000000000e+03 3.092250000000000082e-05
4.112000000000000000e+03 3.113159999999999853e-05
4.117000000000000000e+03 3.123949999999999796e-05
4.122000000000000000e+03 3.135649999999999701e-05
4.127000000000000000e+03 3.155749999999999728e-05
4.132000000000000000e+03 3.179659999999999979e-05
4.137000000000000000e+03 3.198230000000000040e-05
4.142000000000000000e+03 3.204820000000000260e-05
4.147000000000000000e+03 3.186019999999999694e-05
4.152000000000000000e+03 3.166710000000000043e-05
4.157000000000000000e+03 3.168870000000000036e-05
4.162000000000000000e+03 3.184130000000000293e-05
4.167000000000000000e+03 3.214380000000000216e-05
4.172000000000000000e+03 3.242750000000000081e-05
4.177000000000000000e+03 3.038300000000000031e-05
4.182000000000000000e+03 2.467050000000000037e-05
4.187000000000000000e+03 1.372809999999999990e-05
4.192000000000000000e+03 3.372800000000000132e-06
