2.264500000000000000e+03 0.000000000000000000e+00
2.270500000000000000e+03 5.290910000000000094e-07
2.276500000000000000e+03 3.201229999999999926e-06
2.282500000000000000e+03 5.871870000000000076e-06
2.288500000000000000e+03 9.267729999999999781e-06
2.294500000000000000e+03 1.490350000000000054e-05
2.300500000000000000e+03 1.834259999999999951e-05
2.306500000000000000e+03 1.910380000000000164e-05
2.312500000000000000e+03 1.978780000000000052e-05
2.318500000000000000e+03 2.061620000000000092e-05
2.324500000000000000e+03 2.144620000000000144e-05
2.330500000000000000e+03 2.227420000000000097e-05
2.336500000000000000e+03 2.294170000000000093e-05
2.342500000000000000e+03 2.351859999999999875e-05
2.348500000000000000e+03 2.386890000000000113e-05
2.354500000000000000e+03 2.390689999999999975e-05
2.360500000000000000e+03 2.378210000000000054e-05
2.366500000000000000e+03 2.340879999999999854e-05
2.372500000000000000e+03 2.297809999999999943e-05
2.378500000000000000e+03 2.248319999999999846e-05
2.384500000000000000e+03 2.208759999999999839e-05
2.390500000000000000e+03 2.184950000000000146e-05
2.396500000000000000e+03 2.176959999999999906e-05
2.402500000000000000e+03 2.208110000000000107e-05
2.408500000000000000e+03 2.258190000000000143e-05
2.414500000000000000e+03 2.335300000000000155e-05
2.420500000000000000e+03 2.420979999999999985e-05
2.426500000000000000e+03 2.496999999999999979e-05
2.432500000000000000e+03 2.565210000000000127e-05
2.438500000000000000e+03 2.587059999999999927e-05
2.444500000000000000e+03 2.578249999999999921e-05
2.450500000000000000e+03 2.510109999999999926e-05
2.456500000000000000e+03 2.403070000000000016e-05
2.462500000000000000e+03 2.253240000000000131e-05
2.468500000000000000e+03 2.065679999999999846e-05
2.474500000000000000e+03 1.871220000000000018e-05
2.480500000000000000e+03 1.666180000000000029e-05
2.486500000000000000e+03 1.484289999999999980e-05
2.492500000000000000e+03 1.318479999999999953e-05
2.498500000000000000e+03 1.191469999999999961e-05
2.504500000000000000e+03 1.102200000000000052e-05
2.510500000000000000e+03 1.052259999999999985e-05
2.516500000000000000e+03 1.046929999999999987e-05
2.522500000000000000e+03 1.071419999999999984e-05
2.528500000000000000e+03 1.132599999999999964e-05
2.534500000000000000e+03 1.207709999999999996e-05
2.540500000000000000e+03 1.300629999999999946e-05
2.546500000000000000e+03 1.392269999999999970e-05
2.552500000000000000e+03 1.477370000000000053e-05
2.558500000000000000e+03 1.542689999999999963e-05
2.564500000000000000e+03 1.580089999999999978e-05
2.570500000000000000e+03 1.590050000000000133e-05
2.576500000000000000e+03 1.554210000000000151e-05
2.582500000000000000e+03 1.491079999999999961e-05
2.588500000000000000e+03 1.396509999999999950e-05
2.594500000000000000e+03 1.279169999999999986e-05
2.600500000000000000e+03 1.160339999999999973e-05
2.606500000000000000e+03 1.041250000000000068e-05
2.612500000000000000e+03 9.331890000000000535e-06
2.618500000000000000e+03 8.350609999999999996e-06
2.624500000000000000e+03 7.563479999999999962e-06
2.630500000000000000e+03 6.895000000000000053e-06
2.636500000000000000e+03 6.368189999999999586e-06
2.642500000000000000e+03 6.022560000000000322e-06
2.648500000000000000e+03 5.744650000000000132e-06
2.654500000000000000e+03 5.503799999999999719e-06
2.660500000000000000e+03 5.301969999999999823e-06
2.666500000000000000e+03 5.134590000000000081e-06
2.672500000000000000e+03 4.972179999999999886e-06
2.678500000000000000e+03 4.837839999999999915e-06
2.684500000000000000e+03 4.719290000000000008e-06
2.690500000000000000e+03 4.581540000000000353e-06
2.696500000000000000e+03 4.426480000000000181e-06
2.702500000000000000e+03 4.286649999999999861e-06
2.708500000000000000e+03 4.164060000000000244e-06
2.714500000000000000e+03 4.025700000000000267e-06
2.720500000000000000e+03 3.865789999999999625e-06
2.726500000000000000e+03 3.717419999999999892e-06
2.732500000000000000e+03 3.595450000000000025e-06
2.738500000000000000e+03 3.465719999999999828e-06
2.744500000000000000e+03 3.340309999999999872e-06
2.750500000000000000e+03 3.253030000000000006e-06
2.756500000000000000e+03 3.193339999999999821e-06
2.762500000000000000e+03 3.164959999999999933e-06
2.768500000000000000e+03 3.795129999999999865e-06
2.774500000000000000e+03 5.323119999999999612e-06
2.780500000000000000e+03 6.521709999999999600e-06
2.786500000000000000e+03 7.779450000000000538e-06
2.792500000000000000e+03 9.589759999999999813e-06
2.798500000000000000e+03 1.033830000000000061e-05
2.804500000000000000e+03 1.021390000000000058e-05
2.810500000000000000e+03 9.905219999999999330e-06
2.816500000000000000e+03 9.655850000000000056e-06
2.822500000000000000e+03 9.512230000000000574e-06
2.828500000000000000e+03 9.467140000000000638e-06
2.834500000000000000e+03 9.509440000000000216e-06
2.840500000000000000e+03 1.053060000000000045e-05
2.846500000000000000e+03 1.347660000000000070e-05
2.852500000000000000e+03 1.785160000000000032e-05
2.858500000000000000e+03 2.160159999999999999e-05
2.864500000000000000e+03 2.336950000000000046e-05
2.870500000000000000e+03 2.370500000000000089e-05
2.876500000000000000e+03 2.382270000000000148e-05
2.882500000000000000e+03 2.392799999999999859e-05
2.888500000000000000e+03 2.405920000000000167e-05
2.894500000000000000e+03 2.425190000000000069e-05
2.900500000000000000e+03 2.438369999999999831e-05
2.906500000000000000e+03 2.454260000000000114e-05
2.912500000000000000e+03 2.468239999999999936e-05
2.918500000000000000e+03 2.477779999999999848e-05
2.924500000000000000e+03 2.481300000000000112e-05
2.930500000000000000e+03 2.472600000000000009e-05
2.936500000000000000e+03 2.471710000000000091e-05
2.942500000000000000e+03 2.484619999999999938e-05
2.948500000000000000e+03 2.497719999999999864e-05
2.954500000000000000e+03 2.500059999999999913e-05
2.960500000000000000e+03 2.496000000000000158e-05
2.966500000000000000e+03 2.494769999999999833e-05
2.972500000000000000e+03 2.490969999999999971e-05
2.978500000000000000e+03 2.485310000000000096e-05
2.984500000000000000e+03 2.482419999999999858e-05
2.990500000000000000e+03 2.481669999999999907e-05
2.996500000000000000e+03 2.495459999999999990e-05
3.002500000000000000e+03 2.538359999999999868e-05
3.008500000000000000e+03 2.606150000000000111e-05
3.014500000000000000e+03 2.686259999999999926e-05
3.020500000000000000e+03 2.760759999999999975e-05
3.026500000000000000e+03 2.825990000000000026e-05
3.032500000000000000e+03 2.880049999999999979e-05
3.038500000000000000e+03 2.925599999999999907e-05
3.044500000000000000e+03 2.969530000000000010e-05
3.050500000000000000e+03 3.006510000000000120e-05
3.056500000000000000e+03 3.030620000000000132e-05
3.062500000000000000e+03 3.041710000000000054e-05
3.068500000000000000e+03 3.044109999999999896e-05
3.074500000000000000e+03 3.050119999999999860e-05
3.080500000000000000e+03 3.072750000000000015e-05
3.086500000000000000e+03 3.114689999999999820e-05
3.092500000000000000e+03 3.183259999999999741e-05
3.098500000000000000e+03 3.265300000000000060e-05
3.104500000000000000e+03 3.358259999999999929e-05
3.110500000000000000e+03 3.462289999999999677e-05
3.116500000000000000e+03 3.570579999999999956e-05
3.122500000000000000e+03 3.666009999999999820e-05
3.128500000000000000e+03 3.746739999999999977e-05
3.134500000000000000e+03 3.801470000000000044e-05
3.140500000000000000e+03 3.846189999999999847e-05
3.146500000000000000e+03 3.894230000000000152e-05
3.152500000000000000e+03 3.958629999999999739e-05
3.158500000000000000e+03 4.050050000000000297e-05
3.164500000000000000e+03 4.169059999999999688e-05
3.170500000000000000e+03 4.309159999999999922e-05
3.176500000000000000e+03 4.451690000000000063e-05
3.182500000000000000e+03 4.597419999999999767e-05
3.188500000000000000e+03 4.753690000000000221e-05
3.194500000000000000e+03 4.923620000000000134e-05
3.200500000000000000e+03 5.112690000000000003e-05
3.206500000000000000e+03 5.319810000000000147e-05
3.212500000000000000e+03 5.541710000000000174e-05
3.218500000000000000e+03 5.772139999999999931e-05
3.224500000000000000e+03 6.017630000000000185e-05
3.230500000000000000e+03 6.301630000000000176e-05
3.236500000000000000e+03 6.619189999999999894e-05
3.242500000000000000e+03 6.964620000000000413e-05
3.248500000000000000e+03 7.327929999999999481e-05
3.254500000000000000e+03 7.733859999999999845e-05
3.260500000000000000e+03 8.165580000000000516e-05
3.266500000000000000e+03 8.650350000000000281e-05
3.272500000000000000e+03 9.168689999999999794e-05
3.278500000000000000e+03 9.760410000000000288e-05
3.284500000000000000e+03 1.041809999999999975e-04
3.290500000000000000e+03 1.120580000000000035e-04
3.296500000000000000e+03 1.208919999999999938e-04
3.302500000000000000e+03 1.311259999999999910e-04
3.308500000000000000e+03 1.420480000000000061e-04
3.314500000000000000e+03 1.532150000000000027e-04
3.320500000000000000e+03 1.640799999999999876e-04
3.326500000000000000e+03 1.767469999999999935e-04
3.332500000000000000e+03 1.932340000000000002e-04
3.338500000000000000e+03 2.141920000000000119e-04
3.344500000000000000e+03 2.993180000000000233e-04
3.350500000000000000e+03 4.764990000000000198e-04
3.356500000000000000e+03 6.670450000000000077e-04
3.362500000000000000e+03 8.890389999999999968e-04
3.368500000000000000e+03 1.224690000000000067e-03
3.374500000000000000e+03 1.692050000000000064e-03
3.380500000000000000e+03 2.217300000000000174e-03
3.386500000000000000e+03 2.861269999999999959e-03
3.392500000000000000e+03 3.614260000000000216e-03
3.398500000000000000e+03 4.453460000000000231e-03
3.404500000000000000e+03 5.378070000000000420e-03
3.410500000000000000e+03 6.384169999999999776e-03
3.416500000000000000e+03 7.503980000000000372e-03
3.422500000000000000e+03 8.638780000000000417e-03
3.428500000000000000e+03 9.893749999999999767e-03
3.434500000000000000e+03 1.125639999999999974e-02
3.440500000000000000e+03 1.279620000000000063e-02
3.446500000000000000e+03 1.439679999999999953e-02
3.452500000000000000e+03 1.621449999999999975e-02
3.458500000000000000e+03 1.820810000000000137e-02
3.464500000000000000e+03 2.045599999999999849e-02
3.470500000000000000e+03 2.290160000000000112e-02
3.476500000000000000e+03 2.561189999999999994e-02
3.482500000000000000e+03 2.858250000000000027e-02
3.488500000000000000e+03 3.178360000000000213e-02
3.494500000000000000e+03 3.530760000000000148e-02
3.500500000000000000e+03 3.903399999999999925e-02
3.506500000000000000e+03 4.307550000000000268e-02
3.512500000000000000e+03 4.730140000000000039e-02
3.518500000000000000e+03 5.180599999999999788e-02
3.524500000000000000e+03 5.644129999999999980e-02
3.530500000000000000e+03 6.125370000000000120e-02
3.536500000000000000e+03 6.622060000000000446e-02
3.542500000000000000e+03 7.123599999999999377e-02
3.548500000000000000e+03 7.633719999999999395e-02
3.554500000000000000e+03 8.138639999999999763e-02
3.560500000000000000e+03 8.648930000000000506e-02
3.566500000000000000e+03 9.149459999999999538e-02
3.572500000000000000e+03 9.661260000000000681e-02
3.578500000000000000e+03 1.015879999999999977e-01
3.584500000000000000e+03 1.067069999999999963e-01
3.590500000000000000e+03 1.117240000000000039e-01
3.596500000000000000e+03 1.168519999999999975e-01
3.602500000000000000e+03 1.218469999999999970e-01
3.608500000000000000e+03 1.268640000000000045e-01
3.614500000000000000e+03 1.317039999999999877e-01
3.620500000000000000e+03 1.363320000000000087e-01
3.626500000000000000e+03 1.409449999999999870e-01
3.632500000000000000e+03 1.454620000000000080e-01
3.638500000000000000e+03 1.494459999999999955e-01
3.644500000000000000e+03 1.532620000000000093e-01
3.650500000000000000e+03 1.566230000000000122e-01
3.656500000000000000e+03 1.596909999999999996e-01
3.662500000000000000e+03 1.621869999999999978e-01
3.668500000000000000e+03 1.642820000000000114e-01
3.674500000000000000e+03 1.657049999999999912e-01
3.680500000000000000e+03 1.667079999999999951e-01
3.686500000000000000e+03 1.672490000000000088e-01
3.692500000000000000e+03 1.676739999999999897e-01
3.698500000000000000e+03 1.679620000000000002e-01
3.704500000000000000e+03 1.682659999999999989e-01
3.710500000000000000e+03 1.685840000000000116e-01
3.716500000000000000e+03 1.689690000000000081e-01
3.722500000000000000e+03 1.693870000000000098e-01
3.728500000000000000e+03 1.699410000000000087e-01
3.734500000000000000e+03 1.705730000000000024e-01
3.740500000000000000e+03 1.713330000000000131e-01
3.746500000000000000e+03 1.723379999999999912e-01
3.752500000000000000e+03 1.739130000000000120e-01
3.758500000000000000e+03 1.767009999999999970e-01
3.764500000000000000e+03 1.813720000000000054e-01
3.770500000000000000e+03 1.896359999999999990e-01
3.776500000000000000e+03 2.024940000000000073e-01
3.782500000000000000e+03 2.235729999999999940e-01
3.788500000000000000e+03 2.540970000000000173e-01
3.794500000000000000e+03 2.976130000000000164e-01
3.800500000000000000e+03 3.543350000000000111e-01
3.806500000000000000e+03 4.237909999999999733e-01
3.812500000000000000e+03 5.036850000000000493e-01
3.818500000000000000e+03 5.892589999999999772e-01
3.824500000000000000e+03 6.748060000000000169e-01
3.830500000000000000e+03 7.526500000000000412e-01
3.836500000000000000e+03 8.199920000000000542e-01
3.842500000000000000e+03 8.723400000000000043e-01
3.848500000000000000e+03 9.103170000000000428e-01
3.854500000000000000e+03 9.331429999999999447e-01
3.860500000000000000e+03 9.464099999999999735e-01
3.866500000000000000e+03 9.531969999999999610e-01
3.872500000000000000e+03 9.575810000000000155e-01
3.878500000000000000e+03 9.628299999999999637e-01
3.884500000000000000e+03 9.689069999999999627e-01
3.890500000000000000e+03 9.767620000000000191e-01
3.896500000000000000e+03 9.846930000000000405e-01
3.902500000000000000e+03 9.922870000000000301e-01
3.908500000000000000e+03 9.981409999999999449e-01
3.914500000000000000e+03 1.000000000000000000e+00
3.920500000000000000e+03 9.994359999999999911e-01
3.926500000000000000e+03 9.970790000000000486e-01
3.932500000000000000e+03 9.932499999999999662e-01
3.938500000000000000e+03 9.888660000000000228e-01
3.944500000000000000e+03 9.840619999999999923e-01
3.950500000000000000e+03 9.780480000000000285e-01
3.956500000000000000e+03 9.705230000000000246e-01
3.962500000000000000e+03 9.598370000000000513e-01
3.968500000000000000e+03 9.404099999999999682e-01
3.974500000000000000e+03 9.124510000000000121e-01
3.980500000000000000e+03 8.730130000000000390e-01
3.986500000000000000e+03 8.236050000000000315e-01
3.992500000000000000e+03 7.626180000000000181e-01
3.998500000000000000e+03 6.925810000000000022e-01
4.004500000000000000e+03 6.159130000000000438e-01
4.010500000000000000e+03 5.344820000000000126e-01
4.016500000000000000e+03 4.543550000000000089e-01
4.022500000000000000e+03 3.800660000000000149e-01
4.028500000000000000e+03 3.155519999999999992e-01
4.034500000000000000e+03 2.647769999999999846e-01
4.040500000000000000e+03 2.246910000000000018e-01
4.046500000000000000e+03 1.969629999999999992e-01
4.052500000000000000e+03 1.769870000000000054e-01
4.058500000000000000e+03 1.630129999999999912e-01
4.064500000000000000e+03 1.526919999999999944e-01
4.070500000000000000e+03 1.451719999999999955e-01
4.076500000000000000e+03 1.392750000000000099e-01
4.082500000000000000e+03 1.344339999999999979e-01
4.088500000000000000e+03 1.305689999999999906e-01
4.094500000000000000e+03 1.273330000000000017e-01
4.100500000000000000e+03 1.250080000000000080e-01
4.106500000000000000e+03 1.233550000000000063e-01
4.112500000000000000e+03 1.225620000000000043e-01
4.118500000000000000e+03 1.215340000000000031e-01
4.124500000000000000e+03 1.204130000000000061e-01
4.130500000000000000e+03 1.189650000000000013e-01
4.136500000000000000e+03 1.173720000000000041e-01
4.142500000000000000e+03 1.160459999999999964e-01
4.148500000000000000e+03 1.148249999999999965e-01
4.154500000000000000e+03 1.139010000000000022e-01
4.160500000000000000e+03 1.130219999999999975e-01
4.166500000000000000e+03 1.120600000000000068e-01
4.172500000000000000e+03 1.109809999999999963e-01
4.178500000000000000e+03 1.097299999999999942e-01
4.184500000000000000e+03 1.084529999999999939e-01
4.190500000000000000e+03 1.071529999999999982e-01
4.196500000000000000e+03 1.060040000000000010e-01
4.202500000000000000e+03 1.049569999999999947e-01
4.208500000000000000e+03 1.039260000000000045e-01
4.214500000000000000e+03 1.028049999999999936e-01
4.220500000000000000e+03 1.015540000000000054e-01
4.226500000000000000e+03 1.001640000000000030e-01
4.232500000000000000e+03 9.853589999999999571e-02
4.238500000000000000e+03 9.664709999999999968e-02
4.244500000000000000e+03 9.443980000000000430e-02
4.250500000000000000e+03 9.182840000000000447e-02
4.256500000000000000e+03 8.873240000000000294e-02
4.262500000000000000e+03 8.512690000000000534e-02
4.268500000000000000e+03 8.108920000000000017e-02
4.274500000000000000e+03 7.673460000000000003e-02
4.280500000000000000e+03 7.209830000000000405e-02
4.286500000000000000e+03 6.725150000000000572e-02
4.292500000000000000e+03 6.226419999999999871e-02
4.298500000000000000e+03 5.721579999999999722e-02
4.304500000000000000e+03 5.217519999999999797e-02
4.310500000000000000e+03 4.722959999999999658e-02
4.316500000000000000e+03 4.240569999999999756e-02
4.322500000000000000e+03 3.788489999999999913e-02
4.328500000000000000e+03 3.358780000000000099e-02
4.334500000000000000e+03 2.972419999999999923e-02
4.340500000000000000e+03 2.610710000000000114e-02
4.346500000000000000e+03 2.299090000000000161e-02
4.352500000000000000e+03 2.014109999999999859e-02
4.358500000000000000e+03 1.774310000000000123e-02
4.364500000000000000e+03 1.559469999999999953e-02
4.370500000000000000e+03 1.379170000000000049e-02
4.376500000000000000e+03 1.220249999999999981e-02
4.382500000000000000e+03 1.085400000000000080e-02
4.388500000000000000e+03 9.702099999999999960e-03
4.394500000000000000e+03 8.692470000000000752e-03
4.400500000000000000e+03 7.815620000000000553e-03
4.406500000000000000e+03 7.007659999999999757e-03
4.412500000000000000e+03 6.308030000000000061e-03
4.418500000000000000e+03 5.648170000000000100e-03
4.424500000000000000e+03 5.049299999999999622e-03
4.430500000000000000e+03 4.442240000000000077e-03
4.436500000000000000e+03 3.847039999999999921e-03
4.442500000000000000e+03 3.317319999999999904e-03
4.448500000000000000e+03 2.891620000000000128e-03
4.454500000000000000e+03 2.447700000000000136e-03
4.460500000000000000e+03 1.935969999999999965e-03
4.466500000000000000e+03 1.455860000000000010e-03
4.472500000000000000e+03 9.826730000000000968e-04
4.478500000000000000e+03 6.049410000000000074e-04
4.484500000000000000e+03 3.751520000000000158e-04
4.490500000000000000e+03 2.055629999999999968e-04
4.496500000000000000e+03 1.770890000000000116e-04
4.502500000000000000e+03 1.546940000000000066e-04
4.508500000000000000e+03 1.348169999999999935e-04
4.514500000000000000e+03 1.230650000000000016e-04
4.520500000000000000e+03 1.138709999999999945e-04
4.526500000000000000e+03 1.096309999999999944e-04
4.532500000000000000e+03 1.055889999999999948e-04
4.538500000000000000e+03 1.015700000000000050e-04
4.544500000000000000e+03 9.551909999999999828e-05
4.550500000000000000e+03 8.057670000000000392e-05
4.556500000000000000e+03 6.495799999999999708e-05
4.562500000000000000e+03 5.878840000000000113e-05
4.568500000000000000e+03 5.422209999999999709e-05
4.574500000000000000e+03 4.032750000000000310e-05
4.580500000000000000e+03 2.560380000000000040e-05
4.586500000000000000e+03 1.677999999999999858e-05
4.592500000000000000e+03 1.021690000000000038e-05
4.598500000000000000e+03 8.977700000000000458e-06
4.604500000000000000e+03 8.906670000000000225e-06
4.610500000000000000e+03 8.875580000000000494e-06
4.616500000000000000e+03 8.874000000000000079e-06
4.622500000000000000e+03 8.897219999999999833e-06
4.628500000000000000e+03 8.914030000000000101e-06
4.634500000000000000e+03 8.926279999999999856e-06
4.640500000000000000e+03 8.956499999999999713e-06
4.646500000000000000e+03 9.006159999999999166e-06
4.652500000000000000e+03 9.067910000000000735e-06
4.658500000000000000e+03 9.110659999999999606e-06
4.664500000000000000e+03 9.124609999999999701e-06
4.670500000000000000e+03 9.109499999999999773e-06
4.676500000000000000e+03 9.089159999999999896e-06
4.682500000000000000e+03 9.063720000000000695e-06
4.688500000000000000e+03 9.031320000000000802e-06
4.694500000000000000e+03 8.956689999999999452e-06
4.700500000000000000e+03 8.852810000000000033e-06
4.706500000000000000e+03 8.560060000000000168e-06
4.712500000000000000e+03 8.248139999999999265e-06
4.718500000000000000e+03 8.169310000000000563e-06
4.724500000000000000e+03 8.120399999999999366e-06
4.730500000000000000e+03 7.966210000000000763e-06
4.736500000000000000e+03 7.622040000000000295e-06
4.742500000000000000e+03 7.303050000000000322e-06
4.748500000000000000e+03 7.265390000000000076e-06
4.754500000000000000e+03 7.488989999999999935e-06
4.760500000000000000e+03 7.797449999999999350e-06
4.766500000000000000e+03 8.018109999999999368e-06
4.772500000000000000e+03 8.307390000000000434e-06
4.778500000000000000e+03 8.729449999999999913e-06
4.784500000000000000e+03 9.203679999999999945e-06
4.790500000000000000e+03 9.677419999999999580e-06
4.796500000000000000e+03 1.001649999999999973e-05
4.802500000000000000e+03 1.020540000000000058e-05
4.808500000000000000e+03 1.026100000000000052e-05
4.814500000000000000e+03 1.030580000000000050e-05
4.820500000000000000e+03 1.037380000000000053e-05
4.826500000000000000e+03 1.047720000000000025e-05
4.832500000000000000e+03 1.062400000000000026e-05
4.838500000000000000e+03 1.075620000000000046e-05
4.844500000000000000e+03 1.086570000000000000e-05
4.850500000000000000e+03 1.098470000000000005e-05
4.856500000000000000e+03 1.112220000000000000e-05
4.862500000000000000e+03 1.129000000000000033e-05
4.868500000000000000e+03 1.149519999999999965e-05
4.874500000000000000e+03 1.167700000000000018e-05
4.880500000000000000e+03 1.180990000000000021e-05
4.886500000000000000e+03 1.191849999999999947e-05
4.892500000000000000e+03 1.200610000000000013e-05
4.898500000000000000e+03 1.211329999999999971e-05
4.904500000000000000e+03 1.225730000000000036e-05
4.910500000000000000e+03 1.239800000000000056e-05
4.916500000000000000e+03 1.248430000000000005e-05
4.922500000000000000e+03 1.253790000000000069e-05
4.928500000000000000e+03 1.258079999999999989e-05
4.934500000000000000e+03 1.263399999999999965e-05
4.940500000000000000e+03 1.273379999999999995e-05
4.946500000000000000e+03 1.282319999999999947e-05
4.952500000000000000e+03 1.288330000000000081e-05
4.958500000000000000e+03 1.292069999999999981e-05
4.964500000000000000e+03 1.296650000000000028e-05
4.970500000000000000e+03 1.305840000000000020e-05
4.976500000000000000e+03 1.317510000000000028e-05
4.982500000000000000e+03 1.332229999999999949e-05
4.988500000000000000e+03 1.346240000000000006e-05
4.994500000000000000e+03 1.359509999999999965e-05
5.000500000000000000e+03 1.374230000000000055e-05
5.006500000000000000e+03 1.389900000000000025e-05
5.012500000000000000e+03 1.404709999999999973e-05
5.018500000000000000e+03 1.417529999999999962e-05
5.024500000000000000e+03 1.425450000000000049e-05
5.030500000000000000e+03 1.424389999999999927e-05
5.036500000000000000e+03 1.424389999999999927e-05
5.042500000000000000e+03 1.429600000000000001e-05
5.048500000000000000e+03 1.437839999999999942e-05
5.054500000000000000e+03 1.450199999999999939e-05
5.060500000000000000e+03 1.456190000000000029e-05
5.066500000000000000e+03 1.451979999999999945e-05
5.072500000000000000e+03 1.428520000000000004e-05
5.078500000000000000e+03 1.230159999999999925e-05
5.084500000000000000e+03 1.010470000000000000e-05
5.090500000000000000e+03 9.676549999999999705e-06
5.096500000000000000e+03 9.754150000000000453e-06
5.102500000000000000e+03 9.631969999999999871e-06
5.108500000000000000e+03 7.739289999999999893e-06
5.114500000000000000e+03 4.511090000000000037e-06
5.120500000000000000e+03 1.575889999999999959e-06
5.126500000000000000e+03 3.394780000000000306e-08
