5.554500000000000000e+03 0.000000000000000000e+00
5.564500000000000000e+03 2.695949999999999997e-06
5.574500000000000000e+03 1.816139999999999861e-05
5.584500000000000000e+03 3.956620000000000075e-05
5.594500000000000000e+03 5.511539999999999750e-05
5.604500000000000000e+03 6.641619999999999609e-05
5.614500000000000000e+03 8.581130000000000290e-05
5.624500000000000000e+03 1.371049999999999960e-04
5.634500000000000000e+03 1.809220000000000001e-04
5.644500000000000000e+03 2.032389999999999967e-04
5.654500000000000000e+03 2.315530000000000106e-04
5.664500000000000000e+03 2.653239999999999960e-04
5.674500000000000000e+03 3.420300000000000033e-04
5.684500000000000000e+03 4.738750000000000124e-04
5.694500000000000000e+03 7.093470000000000374e-04
5.704500000000000000e+03 1.040169999999999983e-03
5.714500000000000000e+03 1.469360000000000067e-03
5.724500000000000000e+03 2.214670000000000180e-03
5.734500000000000000e+03 3.385099999999999828e-03
5.744500000000000000e+03 5.547879999999999825e-03
5.754500000000000000e+03 8.870819999999999747e-03
5.764500000000000000e+03 1.441869999999999957e-02
5.774500000000000000e+03 2.233589999999999881e-02
5.784500000000000000e+03 3.329399999999999721e-02
5.794500000000000000e+03 4.735129999999999895e-02
5.804500000000000000e+03 6.459449999999999914e-02
5.814500000000000000e+03 8.507059999999999622e-02
5.824500000000000000e+03 1.088200000000000001e-01
5.834500000000000000e+03 1.353119999999999878e-01
5.844500000000000000e+03 1.634180000000000077e-01
5.854500000000000000e+03 1.919579999999999897e-01
5.864500000000000000e+03 2.224629999999999941e-01
5.874500000000000000e+03 2.535660000000000136e-01
5.884500000000000000e+03 2.895030000000000103e-01
5.894500000000000000e+03 3.234130000000000060e-01
5.904500000000000000e+03 3.530809999999999782e-01
5.914500000000000000e+03 3.794910000000000228e-01
5.924500000000000000e+03 4.015569999999999973e-01
5.934500000000000000e+03 4.234209999999999918e-01
5.944500000000000000e+03 4.447059999999999902e-01
5.954500000000000000e+03 4.662700000000000178e-01
5.964500000000000000e+03 4.915760000000000129e-01
5.974500000000000000e+03 5.175870000000000193e-01
5.984500000000000000e+03 5.416879999999999473e-01
5.994500000000000000e+03 5.543730000000000047e-01
6.004500000000000000e+03 5.679990000000000316e-01
6.014500000000000000e+03 5.966979999999999507e-01
6.024500000000000000e+03 6.257679999999999909e-01
6.034500000000000000e+03 6.564060000000000450e-01
6.044500000000000000e+03 6.753730000000000011e-01
6.054500000000000000e+03 6.801880000000000148e-01
6.064500000000000000e+03 6.951920000000000321e-01
6.074500000000000000e+03 7.165970000000000395e-01
6.084500000000000000e+03 7.378970000000000251e-01
6.094500000000000000e+03 7.617479999999999807e-01
6.104500000000000000e+03 7.811409999999999743e-01
6.114500000000000000e+03 7.956239999999999979e-01
6.124500000000000000e+03 8.080389999999999517e-01
6.134500000000000000e+03 8.187520000000000353e-01
6.144500000000000000e+03 8.327970000000000095e-01
6.154500000000000000e+03 8.470769999999999689e-01
6.164500000000000000e+03 8.589489999999999625e-01
6.174500000000000000e+03 8.650069999999999704e-01
6.184500000000000000e+03 8.653840000000000421e-01
6.194500000000000000e+03 8.701480000000000325e-01
6.204500000000000000e+03 8.774279999999999857e-01
6.214500000000000000e+03 8.865370000000000195e-01
6.224500000000000000e+03 8.961590000000000389e-01
6.234500000000000000e+03 9.027389999999999581e-01
6.244500000000000000e+03 9.076650000000000551e-01
6.254500000000000000e+03 9.114799999999999569e-01
6.264500000000000000e+03 9.179370000000000029e-01
6.274500000000000000e+03 9.260009999999999630e-01
6.284500000000000000e+03 9.309370000000000145e-01
6.294500000000000000e+03 9.319009999999999794e-01
6.304500000000000000e+03 9.359340000000000437e-01
6.314500000000000000e+03 9.407699999999999951e-01
6.324500000000000000e+03 9.421749999999999847e-01
6.334500000000000000e+03 9.437419999999999698e-01
6.344500000000000000e+03 9.449269999999999614e-01
6.354500000000000000e+03 9.461810000000000498e-01
6.364500000000000000e+03 9.467940000000000245e-01
6.374500000000000000e+03 9.480399999999999938e-01
6.384500000000000000e+03 9.495289999999999564e-01
6.394500000000000000e+03 9.512869999999999937e-01
6.404500000000000000e+03 9.545090000000000519e-01
6.414500000000000000e+03 9.583899999999999642e-01
6.424500000000000000e+03 9.619100000000000428e-01
6.434500000000000000e+03 9.676810000000000134e-01
6.444500000000000000e+03 9.759759999999999547e-01
6.454500000000000000e+03 9.826449999999999907e-01
6.464500000000000000e+03 9.872459999999999569e-01
6.474500000000000000e+03 9.913600000000000190e-01
6.484500000000000000e+03 9.948350000000000248e-01
6.494500000000000000e+03 9.973450000000000371e-01
6.504500000000000000e+03 9.990879999999999761e-01
6.514500000000000000e+03 9.997460000000000235e-01
6.524500000000000000e+03 1.000000000000000000e+00
6.534500000000000000e+03 9.997040000000000370e-01
6.544500000000000000e+03 9.994420000000000526e-01
6.554500000000000000e+03 9.998019999999999685e-01
6.564500000000000000e+03 9.999270000000000103e-01
6.574500000000000000e+03 9.995479999999999920e-01
6.584500000000000000e+03 9.977970000000000450e-01
6.594500000000000000e+03 9.913349999999999662e-01
6.604500000000000000e+03 9.800759999999999472e-01
6.614500000000000000e+03 9.661600000000000188e-01
6.624500000000000000e+03 9.480720000000000258e-01
6.634500000000000000e+03 9.235670000000000268e-01
6.644500000000000000e+03 8.952839999999999687e-01
6.654500000000000000e+03 8.620349999999999957e-01
6.664500000000000000e+03 8.207780000000000076e-01
6.674500000000000000e+03 7.756999999999999451e-01
6.684500000000000000e+03 7.294300000000000228e-01
6.694500000000000000e+03 6.823029999999999928e-01
6.704500000000000000e+03 6.332649999999999668e-01
6.714500000000000000e+03 5.855590000000000517e-01
6.724500000000000000e+03 5.376480000000000148e-01
6.734500000000000000e+03 4.942799999999999971e-01
6.744500000000000000e+03 4.522809999999999886e-01
6.754500000000000000e+03 4.136090000000000044e-01
6.764500000000000000e+03 3.769489999999999785e-01
6.774500000000000000e+03 3.447470000000000256e-01
6.784500000000000000e+03 3.147170000000000245e-01
6.794500000000000000e+03 2.870739999999999958e-01
6.804500000000000000e+03 2.582829999999999848e-01
6.814500000000000000e+03 2.316350000000000076e-01
6.824500000000000000e+03 2.054340000000000055e-01
6.834500000000000000e+03 1.806709999999999983e-01
6.844500000000000000e+03 1.566440000000000055e-01
6.854500000000000000e+03 1.344130000000000047e-01
6.864500000000000000e+03 1.136370000000000019e-01
6.874500000000000000e+03 9.439250000000000418e-02
6.884500000000000000e+03 7.581739999999999313e-02
6.894500000000000000e+03 5.960739999999999789e-02
6.904500000000000000e+03 4.522269999999999762e-02
6.914500000000000000e+03 3.354109999999999731e-02
6.924500000000000000e+03 2.377090000000000106e-02
6.934500000000000000e+03 1.684110000000000121e-02
6.944500000000000000e+03 1.154009999999999932e-02
6.954500000000000000e+03 7.967880000000000101e-03
6.964500000000000000e+03 5.325110000000000086e-03
6.974500000000000000e+03 3.743320000000000067e-03
6.984500000000000000e+03 2.656130000000000036e-03
6.994500000000000000e+03 1.917789999999999946e-03
7.004500000000000000e+03 1.400589999999999951e-03
7.014500000000000000e+03 1.106769999999999976e-03
7.024500000000000000e+03 8.812050000000000308e-04
7.034500000000000000e+03 7.183229999999999867e-04
7.044500000000000000e+03 5.884710000000000244e-04
7.054500000000000000e+03 4.719370000000000184e-04
7.064500000000000000e+03 3.993779999999999834e-04
7.074500000000000000e+03 3.476779999999999736e-04
7.084500000000000000e+03 3.100539999999999828e-04
7.094500000000000000e+03 2.838359999999999841e-04
7.104500000000000000e+03 2.605330000000000211e-04
7.114500000000000000e+03 2.391770000000000040e-04
7.124500000000000000e+03 2.232690000000000065e-04
7.134500000000000000e+03 2.076649999999999980e-04
7.144500000000000000e+03 1.952710000000000079e-04
7.154500000000000000e+03 1.821860000000000070e-04
7.164500000000000000e+03 1.596609999999999880e-04
7.174500000000000000e+03 1.429059999999999901e-04
7.184500000000000000e+03 1.369510000000000107e-04
7.194500000000000000e+03 1.327359999999999977e-04
7.204500000000000000e+03 1.287840000000000057e-04
7.214500000000000000e+03 1.264270000000000010e-04
7.224500000000000000e+03 1.237219999999999921e-04
7.234500000000000000e+03 1.194959999999999957e-04
7.244500000000000000e+03 1.165560000000000001e-04
7.254500000000000000e+03 1.158799999999999951e-04
7.264500000000000000e+03 1.149060000000000007e-04
7.274500000000000000e+03 1.153760000000000012e-04
7.284500000000000000e+03 1.161110000000000001e-04
7.294500000000000000e+03 1.145899999999999989e-04
7.304500000000000000e+03 1.136559999999999974e-04
7.314500000000000000e+03 1.153179999999999960e-04
7.324500000000000000e+03 1.128589999999999981e-04
7.334500000000000000e+03 1.080979999999999940e-04
7.344500000000000000e+03 1.002100000000000045e-04
7.354500000000000000e+03 8.603240000000000659e-05
7.364500000000000000e+03 7.670750000000000376e-05
7.374500000000000000e+03 7.372699999999999393e-05
7.384500000000000000e+03 6.961179999999999647e-05
7.394500000000000000e+03 6.545210000000000307e-05
7.404500000000000000e+03 6.514560000000000186e-05
7.414500000000000000e+03 6.541200000000000324e-05
7.424500000000000000e+03 6.669760000000000326e-05
7.434500000000000000e+03 6.862520000000000154e-05
7.444500000000000000e+03 6.977720000000000678e-05
7.454500000000000000e+03 6.790989999999999841e-05
7.464500000000000000e+03 6.099190000000000129e-05
7.474500000000000000e+03 5.922329999999999928e-05
7.484500000000000000e+03 6.142049999999999919e-05
7.494500000000000000e+03 5.861620000000000301e-05
7.504500000000000000e+03 4.938259999999999709e-05
7.514500000000000000e+03 4.085770000000000016e-05
7.524500000000000000e+03 3.157399999999999958e-05
7.534500000000000000e+03 2.457099999999999904e-05
7.544500000000000000e+03 1.541879999999999881e-05
7.554500000000000000e+03 3.502209999999999965e-06
