1.945500000000000000e+03 0.000000000000000000e+00
1.949500000000000000e+03 1.220569999999999901e-10
1.953500000000000000e+03 7.723650000000000517e-10
1.957500000000000000e+03 1.476700000000000081e-09
1.961500000000000000e+03 2.110160000000000083e-09
1.965500000000000000e+03 1.721579999999999963e-09
1.969500000000000000e+03 1.017409999999999902e-09
1.973500000000000000e+03 3.132420000000000129e-10
1.977500000000000000e+03 5.989030000000000180e-13
1.981500000000000000e+03 7.270929999999999998e-13
1.985500000000000000e+03 8.552839999999999531e-13
1.989500000000000000e+03 9.804619999999999878e-13
1.993500000000000000e+03 1.099089999999999914e-12
1.997500000000000000e+03 1.217500000000000012e-12
2.001500000000000000e+03 1.335109999999999952e-12
2.005500000000000000e+03 1.448229999999999979e-12
2.009500000000000000e+03 1.560639999999999901e-12
2.013500000000000000e+03 1.672930000000000022e-12
2.017500000000000000e+03 1.782340000000000057e-12
2.021500000000000000e+03 1.890540000000000141e-12
2.025500000000000000e+03 1.998750000000000142e-12
2.029500000000000000e+03 2.105399999999999894e-12
2.033500000000000000e+03 2.210340000000000051e-12
2.037500000000000000e+03 2.315270000000000090e-12
2.041500000000000000e+03 7.548930000000000245e-06
2.045500000000000000e+03 7.498239999999999550e-05
2.049500000000000000e+03 1.264620000000000099e-04
2.053500000000000000e+03 1.567829999999999929e-04
2.057500000000000000e+03 2.000340000000000028e-04
2.061500000000000000e+03 2.500420000000000160e-04
2.065500000000000000e+03 3.059010000000000245e-04
2.069500000000000000e+03 3.695859999999999814e-04
2.073500000000000000e+03 4.426640000000000024e-04
2.077500000000000000e+03 5.260150000000000112e-04
2.081500000000000000e+03 6.210220000000000453e-04
2.085500000000000000e+03 7.327469999999999557e-04
2.089500000000000000e+03 8.643130000000000170e-04
2.093500000000000000e+03 1.014570000000000012e-03
2.097500000000000000e+03 1.186910000000000005e-03
2.101500000000000000e+03 1.373709999999999992e-03
2.105500000000000000e+03 1.571190000000000087e-03
2.109500000000000000e+03 1.779189999999999938e-03
2.113500000000000000e+03 1.995709999999999932e-03
2.117500000000000000e+03 2.211700000000000037e-03
2.121500000000000000e+03 2.430499999999999935e-03
2.125500000000000000e+03 2.651029999999999966e-03
2.129500000000000000e+03 2.869650000000000065e-03
2.133500000000000000e+03 3.085909999999999868e-03
2.137500000000000000e+03 3.307519999999999991e-03
2.141500000000000000e+03 3.529990000000000211e-03
2.145500000000000000e+03 3.775300000000000097e-03
2.149500000000000000e+03 4.201250000000000123e-03
2.153500000000000000e+03 4.750919999999999623e-03
2.157500000000000000e+03 5.342350000000000050e-03
2.161500000000000000e+03 6.055470000000000297e-03
2.165500000000000000e+03 6.978719999999999889e-03
2.169500000000000000e+03 8.030209999999999432e-03
2.173500000000000000e+03 9.270030000000000284e-03
2.177500000000000000e+03 1.065089999999999960e-02
2.181500000000000000e+03 1.209709999999999952e-02
2.185500000000000000e+03 1.360079999999999970e-02
2.189500000000000000e+03 1.517229999999999968e-02
2.193500000000000000e+03 1.674710000000000087e-02
2.197500000000000000e+03 1.828679999999999889e-02
2.201500000000000000e+03 1.983489999999999906e-02
2.205500000000000000e+03 2.134420000000000067e-02
2.209500000000000000e+03 2.282839999999999869e-02
2.213500000000000000e+03 2.435009999999999952e-02
2.217500000000000000e+03 2.588789999999999841e-02
2.221500000000000000e+03 2.748520000000000130e-02
2.225500000000000000e+03 2.917080000000000020e-02
2.229500000000000000e+03 3.085950000000000151e-02
2.233500000000000000e+03 3.264750000000000291e-02
2.237500000000000000e+03 3.460139999999999744e-02
2.241500000000000000e+03 3.666509999999999908e-02
2.245500000000000000e+03 3.881860000000000172e-02
2.249500000000000000e+03 4.111700000000000077e-02
2.253500000000000000e+03 4.347530000000000144e-02
2.257500000000000000e+03 4.594960000000000017e-02
2.261500000000000000e+03 4.845209999999999795e-02
2.265500000000000000e+03 5.101019999999999860e-02
2.269500000000000000e+03 5.361280000000000212e-02
2.273500000000000000e+03 5.621160000000000045e-02
2.277500000000000000e+03 5.876279999999999698e-02
2.281500000000000000e+03 6.127869999999999845e-02
2.285500000000000000e+03 6.364090000000000025e-02
2.289500000000000000e+03 6.587110000000000187e-02
2.293500000000000000e+03 6.797129999999999839e-02
2.297500000000000000e+03 6.992660000000000542e-02
2.301500000000000000e+03 7.176130000000000009e-02
2.305500000000000000e+03 7.341870000000000340e-02
2.309500000000000000e+03 7.491079999999999961e-02
2.313500000000000000e+03 7.626719999999999333e-02
2.317500000000000000e+03 7.749639999999999307e-02
2.321500000000000000e+03 7.864680000000000282e-02
2.325500000000000000e+03 7.979769999999999919e-02
2.329500000000000000e+03 8.090089999999999781e-02
2.333500000000000000e+03 8.194600000000000495e-02
2.337500000000000000e+03 8.289810000000000234e-02
2.341500000000000000e+03 8.380619999999999736e-02
2.345500000000000000e+03 8.471779999999999589e-02
2.349500000000000000e+03 8.560639999999999916e-02
2.353500000000000000e+03 8.652219999999999356e-02
2.357500000000000000e+03 8.737029999999999796e-02
2.361500000000000000e+03 8.812470000000000026e-02
2.365500000000000000e+03 8.878039999999999543e-02
2.369500000000000000e+03 8.934029999999999749e-02
2.373500000000000000e+03 8.978919999999999957e-02
2.377500000000000000e+03 9.019270000000000065e-02
2.381500000000000000e+03 9.056119999999999448e-02
2.385500000000000000e+03 9.099200000000000343e-02
2.389500000000000000e+03 9.147049999999999625e-02
2.393500000000000000e+03 9.202200000000000657e-02
2.397500000000000000e+03 9.266420000000000212e-02
2.401500000000000000e+03 9.368669999999999776e-02
2.405500000000000000e+03 9.487370000000000525e-02
2.409500000000000000e+03 9.668229999999999880e-02
2.413500000000000000e+03 9.952039999999999498e-02
2.417500000000000000e+03 1.052329999999999932e-01
2.421500000000000000e+03 1.149880000000000069e-01
2.425500000000000000e+03 1.335159999999999958e-01
2.429500000000000000e+03 1.612159999999999982e-01
2.433500000000000000e+03 2.038739999999999997e-01
2.437500000000000000e+03 2.601490000000000191e-01
2.441500000000000000e+03 3.292849999999999944e-01
2.445500000000000000e+03 4.080579999999999763e-01
2.449500000000000000e+03 4.918359999999999954e-01
2.453500000000000000e+03 5.766329999999999512e-01
2.457500000000000000e+03 6.591320000000000512e-01
2.461500000000000000e+03 7.358740000000000281e-01
2.465500000000000000e+03 8.027490000000000459e-01
2.469500000000000000e+03 8.592899999999999983e-01
2.473500000000000000e+03 9.001580000000000137e-01
2.477500000000000000e+03 9.299539999999999473e-01
2.481500000000000000e+03 9.467029999999999612e-01
2.485500000000000000e+03 9.565069999999999961e-01
2.489500000000000000e+03 9.629699999999999926e-01
2.493500000000000000e+03 9.674209999999999754e-01
2.497500000000000000e+03 9.721020000000000216e-01
2.501500000000000000e+03 9.778000000000000025e-01
2.505500000000000000e+03 9.835059999999999913e-01
2.509500000000000000e+03 9.886000000000000343e-01
2.513500000000000000e+03 9.924009999999999776e-01
2.517500000000000000e+03 9.946129999999999693e-01
2.521500000000000000e+03 9.964169999999999972e-01
2.525500000000000000e+03 9.979989999999999695e-01
2.529500000000000000e+03 9.990560000000000551e-01
2.533500000000000000e+03 1.000000000000000000e+00
2.537500000000000000e+03 9.987359999999999571e-01
2.541500000000000000e+03 9.917529999999999957e-01
2.545500000000000000e+03 9.790339999999999598e-01
2.549500000000000000e+03 9.556780000000000275e-01
2.553500000000000000e+03 9.218079999999999607e-01
2.557500000000000000e+03 8.740780000000000216e-01
2.561500000000000000e+03 8.145310000000000050e-01
2.565500000000000000e+03 7.438820000000000432e-01
2.569500000000000000e+03 6.655900000000000150e-01
2.573500000000000000e+03 5.823570000000000135e-01
2.577500000000000000e+03 4.993879999999999986e-01
2.581500000000000000e+03 4.205659999999999954e-01
2.585500000000000000e+03 3.498569999999999736e-01
2.589500000000000000e+03 2.895499999999999741e-01
2.593500000000000000e+03 2.396560000000000079e-01
2.597500000000000000e+03 2.008109999999999895e-01
2.601500000000000000e+03 1.704289999999999972e-01
2.605500000000000000e+03 1.491689999999999960e-01
2.609500000000000000e+03 1.353689999999999893e-01
2.613500000000000000e+03 1.264540000000000108e-01
2.617500000000000000e+03 1.217130000000000017e-01
2.621500000000000000e+03 1.189110000000000028e-01
2.625500000000000000e+03 1.172399999999999970e-01
2.629500000000000000e+03 1.163249999999999978e-01
2.633500000000000000e+03 1.158409999999999995e-01
2.637500000000000000e+03 1.152959999999999957e-01
2.641500000000000000e+03 1.148649999999999949e-01
2.645500000000000000e+03 1.144109999999999988e-01
2.649500000000000000e+03 1.138799999999999951e-01
2.653500000000000000e+03 1.133539999999999964e-01
2.657500000000000000e+03 1.126629999999999993e-01
2.661500000000000000e+03 1.118439999999999990e-01
2.665500000000000000e+03 1.110809999999999992e-01
2.669500000000000000e+03 1.103009999999999963e-01
2.673500000000000000e+03 1.091450000000000059e-01
2.677500000000000000e+03 1.078609999999999985e-01
2.681500000000000000e+03 1.063169999999999948e-01
2.685500000000000000e+03 1.043850000000000056e-01
2.689500000000000000e+03 1.020319999999999977e-01
2.693500000000000000e+03 9.934260000000000312e-02
2.697500000000000000e+03 9.616550000000000098e-02
2.701500000000000000e+03 9.261410000000000475e-02
2.705500000000000000e+03 8.853809999999999458e-02
2.709500000000000000e+03 8.420360000000000344e-02
2.713500000000000000e+03 7.960970000000000546e-02
2.717500000000000000e+03 7.480449999999999600e-02
2.721500000000000000e+03 6.987899999999999667e-02
2.725500000000000000e+03 6.503570000000000184e-02
2.729500000000000000e+03 6.018939999999999707e-02
2.733500000000000000e+03 5.534680000000000155e-02
2.737500000000000000e+03 5.069329999999999670e-02
2.741500000000000000e+03 4.611900000000000027e-02
2.745500000000000000e+03 4.154390000000000166e-02
2.749500000000000000e+03 3.723250000000000171e-02
2.753500000000000000e+03 3.312550000000000217e-02
2.757500000000000000e+03 2.920390000000000139e-02
2.761500000000000000e+03 2.555460000000000023e-02
2.765500000000000000e+03 2.222750000000000073e-02
2.769500000000000000e+03 1.917440000000000117e-02
2.773500000000000000e+03 1.639099999999999932e-02
2.777500000000000000e+03 1.398609999999999957e-02
2.781500000000000000e+03 1.183999999999999983e-02
2.785500000000000000e+03 1.001340000000000043e-02
2.789500000000000000e+03 8.425830000000000472e-03
2.793500000000000000e+03 7.115350000000000320e-03
2.797500000000000000e+03 5.975829999999999684e-03
2.801500000000000000e+03 5.055249999999999848e-03
2.805500000000000000e+03 4.261820000000000365e-03
2.809500000000000000e+03 3.621940000000000142e-03
2.813500000000000000e+03 3.071459999999999815e-03
2.817500000000000000e+03 2.633159999999999841e-03
2.821500000000000000e+03 2.253520000000000176e-03
2.825500000000000000e+03 1.944570000000000066e-03
2.829500000000000000e+03 1.681360000000000016e-03
2.833500000000000000e+03 1.460780000000000065e-03
2.837500000000000000e+03 1.270110000000000076e-03
2.841500000000000000e+03 1.117799999999999957e-03
2.845500000000000000e+03 9.572730000000000215e-04
2.849500000000000000e+03 7.365889999999999504e-04
2.853500000000000000e+03 5.629569999999999973e-04
2.857500000000000000e+03 5.065379999999999536e-04
2.861500000000000000e+03 4.615280000000000033e-04
2.865500000000000000e+03 4.225960000000000176e-04
2.869500000000000000e+03 3.891869999999999856e-04
2.873500000000000000e+03 3.595459999999999759e-04
2.877500000000000000e+03 3.328089999999999911e-04
2.881500000000000000e+03 3.096509999999999801e-04
2.885500000000000000e+03 2.891389999999999976e-04
2.889500000000000000e+03 2.701490000000000185e-04
2.893500000000000000e+03 2.529610000000000062e-04
2.897500000000000000e+03 2.365909999999999986e-04
2.901500000000000000e+03 2.209670000000000004e-04
2.905500000000000000e+03 2.061139999999999988e-04
2.909500000000000000e+03 1.923679999999999986e-04
2.913500000000000000e+03 1.797470000000000122e-04
2.917500000000000000e+03 1.678200000000000026e-04
2.921500000000000000e+03 1.447139999999999972e-04
2.925500000000000000e+03 1.030780000000000048e-04
2.929500000000000000e+03 7.808400000000000659e-05
2.933500000000000000e+03 5.960820000000000300e-05
2.937500000000000000e+03 4.380489999999999796e-05
2.941500000000000000e+03 4.108239999999999819e-05
2.945500000000000000e+03 3.899750000000000059e-05
2.949500000000000000e+03 3.689209999999999869e-05
2.953500000000000000e+03 3.478679999999999701e-05
2.957500000000000000e+03 3.270989999999999662e-05
2.961500000000000000e+03 3.069579999999999840e-05
2.965500000000000000e+03 2.868380000000000140e-05
2.969500000000000000e+03 2.672529999999999974e-05
2.973500000000000000e+03 2.507329999999999929e-05
2.977500000000000000e+03 2.347010000000000082e-05
2.981500000000000000e+03 2.187520000000000022e-05
2.985500000000000000e+03 2.047479999999999919e-05
2.989500000000000000e+03 1.915649999999999862e-05
2.993500000000000000e+03 1.783820000000000143e-05
2.997500000000000000e+03 1.686809999999999864e-05
3.001500000000000000e+03 1.628990000000000136e-05
3.005500000000000000e+03 1.571170000000000070e-05
3.009500000000000000e+03 1.513169999999999947e-05
3.013500000000000000e+03 1.454670000000000084e-05
3.017500000000000000e+03 1.396139999999999985e-05
3.021500000000000000e+03 1.341649999999999936e-05
3.025500000000000000e+03 1.320889999999999986e-05
3.029500000000000000e+03 1.307330000000000068e-05
3.033500000000000000e+03 1.293890000000000075e-05
3.037500000000000000e+03 1.290150000000000006e-05
3.041500000000000000e+03 1.291669999999999951e-05
3.045500000000000000e+03 1.293199999999999917e-05
3.049500000000000000e+03 1.294720000000000032e-05
3.053500000000000000e+03 1.296249999999999998e-05
3.057500000000000000e+03 1.297779999999999965e-05
3.061500000000000000e+03 1.299309999999999932e-05
3.065500000000000000e+03 1.300879999999999986e-05
3.069500000000000000e+03 1.302450000000000041e-05
3.073500000000000000e+03 1.304869999999999926e-05
3.077500000000000000e+03 1.318479999999999953e-05
3.081500000000000000e+03 1.335249999999999964e-05
3.085500000000000000e+03 1.352009999999999952e-05
3.089500000000000000e+03 1.377780000000000046e-05
3.093500000000000000e+03 1.410099999999999933e-05
3.097500000000000000e+03 1.442419999999999990e-05
3.101500000000000000e+03 1.474810000000000030e-05
3.105500000000000000e+03 1.507340000000000039e-05
3.109500000000000000e+03 1.539869999999999878e-05
3.113500000000000000e+03 1.574669999999999952e-05
3.117500000000000000e+03 1.621289999999999854e-05
3.121500000000000000e+03 1.669580000000000031e-05
3.125500000000000000e+03 1.717889999999999912e-05
3.129500000000000000e+03 1.766419999999999937e-05
3.133500000000000000e+03 1.815040000000000159e-05
3.137500000000000000e+03 1.863670000000000064e-05
3.141500000000000000e+03 1.912399999999999850e-05
3.145500000000000000e+03 1.961239999999999877e-05
3.149500000000000000e+03 2.010079999999999904e-05
3.153500000000000000e+03 2.071429999999999918e-05
3.157500000000000000e+03 2.165950000000000159e-05
3.161500000000000000e+03 2.262229999999999854e-05
3.165500000000000000e+03 2.363439999999999855e-05
3.169500000000000000e+03 2.500580000000000036e-05
3.173500000000000000e+03 2.644760000000000069e-05
3.177500000000000000e+03 2.790389999999999892e-05
3.181500000000000000e+03 2.998790000000000133e-05
3.185500000000000000e+03 3.238710000000000032e-05
3.189500000000000000e+03 3.478640000000000291e-05
3.193500000000000000e+03 3.804920000000000155e-05
3.197500000000000000e+03 4.252579999999999864e-05
3.201500000000000000e+03 4.700240000000000250e-05
3.205500000000000000e+03 5.199890000000000116e-05
3.209500000000000000e+03 5.889219999999999834e-05
3.213500000000000000e+03 6.593269999999999979e-05
3.217500000000000000e+03 7.328470000000000665e-05
3.221500000000000000e+03 8.437329999999999396e-05
3.225500000000000000e+03 9.639580000000000295e-05
3.229500000000000000e+03 1.084180000000000045e-04
3.233500000000000000e+03 1.236719999999999909e-04
3.237500000000000000e+03 1.410390000000000027e-04
3.241500000000000000e+03 1.584049999999999987e-04
3.245500000000000000e+03 1.781250000000000064e-04
3.249500000000000000e+03 2.022519999999999873e-04
3.253500000000000000e+03 2.264490000000000133e-04
3.257500000000000000e+03 2.513479999999999794e-04
3.261500000000000000e+03 2.796019999999999972e-04
3.265500000000000000e+03 3.082720000000000057e-04
3.269500000000000000e+03 3.369719999999999985e-04
3.273500000000000000e+03 3.661739999999999808e-04
3.277500000000000000e+03 3.955510000000000081e-04
3.281500000000000000e+03 4.249289999999999968e-04
3.285500000000000000e+03 4.520640000000000140e-04
3.289500000000000000e+03 4.771579999999999875e-04
3.293500000000000000e+03 5.022520000000000153e-04
3.297500000000000000e+03 5.243900000000000124e-04
3.301500000000000000e+03 5.393789999999999869e-04
3.305500000000000000e+03 5.540500000000000503e-04
3.309500000000000000e+03 5.670490000000000252e-04
3.313500000000000000e+03 5.692740000000000387e-04
3.317500000000000000e+03 5.695799999999999778e-04
3.321500000000000000e+03 5.695879999999999953e-04
3.325500000000000000e+03 5.604839999999999822e-04
3.329500000000000000e+03 5.471640000000000488e-04
3.333500000000000000e+03 5.338429999999999911e-04
3.337500000000000000e+03 5.161869999999999827e-04
3.341500000000000000e+03 4.930610000000000418e-04
3.345500000000000000e+03 4.699349999999999925e-04
3.349500000000000000e+03 4.458120000000000203e-04
3.353500000000000000e+03 4.184360000000000033e-04
3.357500000000000000e+03 3.908329999999999899e-04
3.361500000000000000e+03 3.632840000000000136e-04
3.365500000000000000e+03 3.362749999999999745e-04
3.369500000000000000e+03 3.093899999999999905e-04
3.373500000000000000e+03 2.825109999999999926e-04
3.377500000000000000e+03 2.579330000000000121e-04
3.381500000000000000e+03 2.347120000000000120e-04
3.385500000000000000e+03 2.114910000000000119e-04
3.389500000000000000e+03 1.900299999999999949e-04
3.393500000000000000e+03 1.716219999999999909e-04
3.397500000000000000e+03 1.532299999999999949e-04
3.401500000000000000e+03 1.357490000000000042e-04
3.405500000000000000e+03 1.222770000000000085e-04
3.409500000000000000e+03 1.092330000000000026e-04
3.413500000000000000e+03 9.642589999999999441e-05
3.417500000000000000e+03 8.714710000000000457e-05
3.421500000000000000e+03 7.898440000000000224e-05
3.425500000000000000e+03 7.082169999999999991e-05
3.429500000000000000e+03 6.472410000000000598e-05
3.433500000000000000e+03 6.031699999999999865e-05
3.437500000000000000e+03 5.590989999999999811e-05
3.441500000000000000e+03 5.244289999999999895e-05
3.445500000000000000e+03 5.106000000000000241e-05
3.449500000000000000e+03 4.975109999999999873e-05
3.453500000000000000e+03 4.865369999999999802e-05
3.457500000000000000e+03 4.878069999999999867e-05
3.461500000000000000e+03 4.910420000000000328e-05
3.465500000000000000e+03 4.946480000000000115e-05
3.469500000000000000e+03 5.071400000000000268e-05
3.473500000000000000e+03 5.234039999999999781e-05
3.477500000000000000e+03 5.396679999999999972e-05
3.481500000000000000e+03 5.566819999999999668e-05
3.485500000000000000e+03 5.745459999999999706e-05
3.489500000000000000e+03 5.924099999999999744e-05
3.493500000000000000e+03 6.090719999999999853e-05
3.497500000000000000e+03 6.221950000000000289e-05
3.501500000000000000e+03 6.350980000000000644e-05
3.505500000000000000e+03 6.472700000000000556e-05
3.509500000000000000e+03 6.532759999999999435e-05
3.513500000000000000e+03 6.579589999999999798e-05
3.517500000000000000e+03 6.625610000000000418e-05
3.521500000000000000e+03 6.608589999999999690e-05
3.525500000000000000e+03 6.557110000000000651e-05
3.529500000000000000e+03 6.505630000000000256e-05
3.533500000000000000e+03 6.428609999999999425e-05
3.537500000000000000e+03 6.311200000000000154e-05
3.541500000000000000e+03 6.193780000000000184e-05
3.545500000000000000e+03 6.085399999999999707e-05
3.549500000000000000e+03 6.013960000000000269e-05
3.553500000000000000e+03 5.945809999999999914e-05
3.557500000000000000e+03 5.879470000000000139e-05
3.561500000000000000e+03 5.837269999999999764e-05
3.565500000000000000e+03 5.801920000000000178e-05
3.569500000000000000e+03 5.766569999999999915e-05
3.573500000000000000e+03 5.806210000000000098e-05
3.577500000000000000e+03 5.900999999999999914e-05
3.581500000000000000e+03 5.995779999999999708e-05
3.585500000000000000e+03 6.158680000000000469e-05
3.589500000000000000e+03 6.460559999999999686e-05
3.593500000000000000e+03 6.766069999999999409e-05
3.597500000000000000e+03 7.089969999999999476e-05
3.601500000000000000e+03 7.510389999999999764e-05
3.605500000000000000e+03 7.944610000000000495e-05
3.609500000000000000e+03 8.382759999999999680e-05
3.613500000000000000e+03 8.898710000000000051e-05
3.617500000000000000e+03 9.444849999999999535e-05
3.621500000000000000e+03 9.990990000000000374e-05
3.625500000000000000e+03 8.712819999999999701e-05
3.629500000000000000e+03 5.573439999999999953e-05
3.633500000000000000e+03 2.434059999999999867e-05
3.637500000000000000e+03 1.179860000000000084e-06
