3.076000000000000000e+03 0.000000000000000000e+00
3.083000000000000000e+03 1.687399999999999929e-06
3.090000000000000000e+03 6.588539999999999942e-06
3.097000000000000000e+03 8.490590000000000645e-06
3.104000000000000000e+03 8.473549999999999534e-06
3.111000000000000000e+03 1.035109999999999988e-05
3.118000000000000000e+03 1.515959999999999967e-05
3.125000000000000000e+03 1.684760000000000112e-05
3.132000000000000000e+03 1.696889999999999944e-05
3.139000000000000000e+03 1.720300000000000114e-05
3.146000000000000000e+03 1.743490000000000141e-05
3.153000000000000000e+03 1.772330000000000021e-05
3.160000000000000000e+03 1.830259999999999990e-05
3.167000000000000000e+03 1.879699999999999977e-05
3.174000000000000000e+03 1.904699999999999907e-05
3.181000000000000000e+03 1.950800000000000025e-05
3.188000000000000000e+03 2.015140000000000158e-05
3.195000000000000000e+03 2.045749999999999853e-05
3.202000000000000000e+03 2.046460000000000054e-05
3.209000000000000000e+03 2.060060000000000060e-05
3.216000000000000000e+03 2.078689999999999913e-05
3.223000000000000000e+03 2.080740000000000004e-05
3.230000000000000000e+03 2.076979999999999891e-05
3.237000000000000000e+03 2.071970000000000086e-05
3.244000000000000000e+03 2.072440000000000100e-05
3.251000000000000000e+03 2.095819999999999866e-05
3.258000000000000000e+03 2.134489999999999955e-05
3.265000000000000000e+03 2.185899999999999858e-05
3.272000000000000000e+03 2.238510000000000020e-05
3.279000000000000000e+03 2.288570000000000011e-05
3.286000000000000000e+03 2.353810000000000085e-05
3.293000000000000000e+03 2.425540000000000158e-05
3.300000000000000000e+03 2.506739999999999991e-05
3.307000000000000000e+03 2.563960000000000097e-05
3.314000000000000000e+03 2.593529999999999883e-05
3.321000000000000000e+03 2.612950000000000114e-05
3.328000000000000000e+03 2.637210000000000116e-05
3.335000000000000000e+03 2.677710000000000151e-05
3.342000000000000000e+03 2.708939999999999851e-05
3.349000000000000000e+03 2.764939999999999992e-05
3.356000000000000000e+03 2.822559999999999959e-05
3.363000000000000000e+03 2.891540000000000101e-05
3.370000000000000000e+03 2.978690000000000106e-05
3.377000000000000000e+03 3.094220000000000336e-05
3.384000000000000000e+03 3.194979999999999690e-05
3.391000000000000000e+03 3.280460000000000098e-05
3.398000000000000000e+03 3.340969999999999964e-05
3.405000000000000000e+03 3.402329999999999661e-05
3.412000000000000000e+03 3.443740000000000337e-05
3.419000000000000000e+03 3.510050000000000046e-05
3.426000000000000000e+03 3.559079999999999812e-05
3.433000000000000000e+03 3.610339999999999725e-05
3.440000000000000000e+03 3.652640000000000319e-05
3.447000000000000000e+03 3.718370000000000112e-05
3.454000000000000000e+03 3.811490000000000331e-05
3.461000000000000000e+03 3.919540000000000085e-05
3.468000000000000000e+03 4.046419999999999791e-05
3.475000000000000000e+03 4.163730000000000198e-05
3.482000000000000000e+03 4.274479999999999773e-05
3.489000000000000000e+03 4.378260000000000328e-05
3.496000000000000000e+03 4.501649999999999836e-05
3.503000000000000000e+03 4.675569999999999688e-05
3.510000000000000000e+03 4.835349999999999707e-05
3.517000000000000000e+03 4.966479999999999924e-05
3.524000000000000000e+03 5.095029999999999904e-05
3.531000000000000000e+03 5.256750000000000111e-05
3.538000000000000000e+03 5.428250000000000078e-05
3.545000000000000000e+03 5.563960000000000173e-05
3.552000000000000000e+03 5.679399999999999867e-05
3.559000000000000000e+03 5.820800000000000241e-05
3.566000000000000000e+03 5.973140000000000209e-05
3.573000000000000000e+03 6.139819999999999772e-05
3.580000000000000000e+03 6.297729999999999756e-05
3.587000000000000000e+03 6.447960000000000518e-05
3.594000000000000000e+03 6.383919999999999688e-05
3.601000000000000000e+03 6.087969999999999921e-05
3.608000000000000000e+03 6.096539999999999739e-05
3.615000000000000000e+03 6.245680000000000144e-05
3.622000000000000000e+03 6.534460000000000453e-05
3.629000000000000000e+03 6.658899999999999552e-05
3.636000000000000000e+03 7.041410000000000063e-05
3.643000000000000000e+03 7.520430000000000094e-05
3.650000000000000000e+03 8.023249999999999458e-05
3.657000000000000000e+03 8.572900000000000539e-05
3.664000000000000000e+03 9.405650000000000317e-05
3.671000000000000000e+03 1.030450000000000002e-04
3.678000000000000000e+03 1.106490000000000040e-04
3.685000000000000000e+03 1.180929999999999957e-04
3.692000000000000000e+03 1.255290000000000106e-04
3.699000000000000000e+03 1.333449999999999913e-04
3.706000000000000000e+03 1.421340000000000049e-04
3.713000000000000000e+03 1.528900000000000083e-04
3.720000000000000000e+03 1.651129999999999894e-04
3.727000000000000000e+03 1.803209999999999969e-04
3.734000000000000000e+03 2.292109999999999981e-04
3.741000000000000000e+03 2.966600000000000226e-04
3.748000000000000000e+03 3.477970000000000042e-04
3.755000000000000000e+03 4.258439999999999838e-04
3.762000000000000000e+03 5.196559999999999591e-04
3.769000000000000000e+03 5.934990000000000447e-04
3.776000000000000000e+03 6.718110000000000227e-04
3.783000000000000000e+03 7.637520000000000290e-04
3.790000000000000000e+03 8.726689999999999621e-04
3.797000000000000000e+03 1.004719999999999962e-03
3.804000000000000000e+03 1.155250000000000027e-03
3.811000000000000000e+03 1.342709999999999997e-03
3.818000000000000000e+03 1.568130000000000045e-03
3.825000000000000000e+03 1.842270000000000019e-03
3.832000000000000000e+03 2.189019999999999855e-03
3.839000000000000000e+03 2.603320000000000113e-03
3.846000000000000000e+03 3.132219999999999796e-03
3.853000000000000000e+03 3.766719999999999877e-03
3.860000000000000000e+03 4.585650000000000143e-03
3.867000000000000000e+03 5.646990000000000169e-03
3.874000000000000000e+03 6.948539999999999578e-03
3.881000000000000000e+03 8.660750000000000046e-03
3.888000000000000000e+03 1.070940000000000086e-02
3.895000000000000000e+03 1.332589999999999990e-02
3.902000000000000000e+03 1.649480000000000043e-02
3.909000000000000000e+03 2.027220000000000064e-02
3.916000000000000000e+03 2.483089999999999950e-02
3.923000000000000000e+03 2.992979999999999946e-02
3.930000000000000000e+03 3.566480000000000344e-02
3.937000000000000000e+03 4.179780000000000301e-02
3.944000000000000000e+03 4.827950000000000297e-02
3.951000000000000000e+03 5.501210000000000128e-02
3.958000000000000000e+03 6.185659999999999770e-02
3.965000000000000000e+03 6.840709999999999846e-02
3.972000000000000000e+03 7.480680000000000662e-02
3.979000000000000000e+03 8.088049999999999407e-02
3.986000000000000000e+03 8.644380000000000119e-02
3.993000000000000000e+03 9.159480000000000399e-02
4.000000000000000000e+03 9.602360000000000062e-02
4.007000000000000000e+03 1.001090000000000035e-01
4.014000000000000000e+03 1.035849999999999965e-01
4.021000000000000000e+03 1.066669999999999979e-01
4.028000000000000000e+03 1.094259999999999955e-01
4.035000000000000000e+03 1.116739999999999955e-01
4.042000000000000000e+03 1.133720000000000006e-01
4.049000000000000000e+03 1.146439999999999959e-01
4.056000000000000000e+03 1.157709999999999989e-01
4.063000000000000000e+03 1.167500000000000066e-01
4.070000000000000000e+03 1.173769999999999952e-01
4.077000000000000000e+03 1.180859999999999965e-01
4.084000000000000000e+03 1.192669999999999980e-01
4.091000000000000000e+03 1.214299999999999963e-01
4.098000000000000000e+03 1.251230000000000120e-01
4.105000000000000000e+03 1.330929999999999891e-01
4.112000000000000000e+03 1.479659999999999864e-01
4.119000000000000000e+03 1.728770000000000029e-01
4.126000000000000000e+03 2.121419999999999972e-01
4.133000000000000000e+03 2.669210000000000194e-01
4.140000000000000000e+03 3.400000000000000244e-01
4.147000000000000000e+03 4.280889999999999973e-01
4.154000000000000000e+03 5.272839999999999749e-01
4.161000000000000000e+03 6.323940000000000117e-01
4.168000000000000000e+03 7.326359999999999539e-01
4.175000000000000000e+03 8.218450000000000477e-01
4.182000000000000000e+03 8.885720000000000285e-01
4.189000000000000000e+03 9.364489999999999759e-01
4.196000000000000000e+03 9.651279999999999859e-01
4.203000000000000000e+03 9.845620000000000482e-01
4.210000000000000000e+03 9.935810000000000475e-01
4.217000000000000000e+03 9.971210000000000351e-01
4.224000000000000000e+03 9.993069999999999453e-01
4.231000000000000000e+03 1.000000000000000000e+00
4.238000000000000000e+03 9.981670000000000265e-01
4.245000000000000000e+03 9.978569999999999940e-01
4.252000000000000000e+03 9.978230000000000155e-01
4.259000000000000000e+03 9.966270000000000406e-01
4.266000000000000000e+03 9.941159999999999997e-01
4.273000000000000000e+03 9.899200000000000221e-01
4.280000000000000000e+03 9.834460000000000424e-01
4.287000000000000000e+03 9.723929999999999518e-01
4.294000000000000000e+03 9.537630000000000274e-01
4.301000000000000000e+03 9.291129999999999667e-01
4.308000000000000000e+03 8.963050000000000184e-01
4.315000000000000000e+03 8.527339999999999920e-01
4.322000000000000000e+03 7.933719999999999661e-01
4.329000000000000000e+03 7.219579999999999886e-01
4.336000000000000000e+03 6.376110000000000388e-01
4.343000000000000000e+03 5.474860000000000282e-01
4.350000000000000000e+03 4.542479999999999851e-01
4.357000000000000000e+03 3.633830000000000116e-01
4.364000000000000000e+03 2.845400000000000151e-01
4.371000000000000000e+03 2.162739999999999940e-01
4.378000000000000000e+03 1.619879999999999931e-01
4.385000000000000000e+03 1.221710000000000018e-01
4.392000000000000000e+03 9.708809999999999663e-02
4.399000000000000000e+03 8.086419999999999719e-02
4.406000000000000000e+03 7.109690000000000454e-02
4.413000000000000000e+03 6.327679999999999416e-02
4.420000000000000000e+03 5.856279999999999819e-02
4.427000000000000000e+03 5.498120000000000090e-02
4.434000000000000000e+03 5.192070000000000018e-02
4.441000000000000000e+03 5.051449999999999690e-02
4.448000000000000000e+03 4.944989999999999802e-02
4.455000000000000000e+03 4.841059999999999808e-02
4.462000000000000000e+03 4.713660000000000072e-02
4.469000000000000000e+03 4.569120000000000126e-02
4.476000000000000000e+03 4.402980000000000088e-02
4.483000000000000000e+03 4.319420000000000204e-02
4.490000000000000000e+03 4.352700000000000319e-02
4.497000000000000000e+03 4.409500000000000225e-02
4.504000000000000000e+03 4.446180000000000271e-02
4.511000000000000000e+03 4.445910000000000140e-02
4.518000000000000000e+03 4.386969999999999759e-02
4.525000000000000000e+03 4.353839999999999794e-02
4.532000000000000000e+03 4.349000000000000088e-02
4.539000000000000000e+03 4.346250000000000113e-02
4.546000000000000000e+03 4.328529999999999878e-02
4.553000000000000000e+03 4.294830000000000175e-02
4.560000000000000000e+03 4.266840000000000216e-02
4.567000000000000000e+03 4.207079999999999848e-02
4.574000000000000000e+03 4.121650000000000313e-02
4.581000000000000000e+03 4.028650000000000286e-02
4.588000000000000000e+03 3.929049999999999904e-02
4.595000000000000000e+03 3.844229999999999869e-02
4.602000000000000000e+03 3.766479999999999828e-02
4.609000000000000000e+03 3.638990000000000280e-02
4.616000000000000000e+03 3.470199999999999674e-02
4.623000000000000000e+03 3.280389999999999695e-02
4.630000000000000000e+03 3.093040000000000025e-02
4.637000000000000000e+03 2.913529999999999939e-02
4.644000000000000000e+03 2.716589999999999977e-02
4.651000000000000000e+03 2.520580000000000043e-02
4.658000000000000000e+03 2.316050000000000053e-02
4.665000000000000000e+03 2.121249999999999872e-02
4.672000000000000000e+03 1.952090000000000075e-02
4.679000000000000000e+03 1.806579999999999991e-02
4.686000000000000000e+03 1.676800000000000165e-02
4.693000000000000000e+03 1.568200000000000149e-02
4.700000000000000000e+03 1.470869999999999990e-02
4.707000000000000000e+03 1.381139999999999972e-02
4.714000000000000000e+03 1.299490000000000020e-02
4.721000000000000000e+03 1.228439999999999914e-02
4.728000000000000000e+03 1.160890000000000012e-02
4.735000000000000000e+03 1.097809999999999932e-02
4.742000000000000000e+03 1.036040000000000051e-02
4.749000000000000000e+03 9.774269999999999833e-03
4.756000000000000000e+03 9.199789999999999357e-03
4.763000000000000000e+03 8.647260000000000363e-03
4.770000000000000000e+03 8.101550000000000765e-03
4.777000000000000000e+03 7.565559999999999820e-03
4.784000000000000000e+03 7.024950000000000291e-03
4.791000000000000000e+03 6.495729999999999907e-03
4.798000000000000000e+03 5.976369999999999946e-03
4.805000000000000000e+03 5.465620000000000027e-03
4.812000000000000000e+03 4.952340000000000388e-03
4.819000000000000000e+03 4.427649999999999988e-03
4.826000000000000000e+03 3.915690000000000316e-03
4.833000000000000000e+03 3.462750000000000116e-03
4.840000000000000000e+03 2.805499999999999834e-03
4.847000000000000000e+03 2.044450000000000173e-03
4.854000000000000000e+03 1.689130000000000058e-03
4.861000000000000000e+03 1.439830000000000016e-03
4.868000000000000000e+03 1.202850000000000100e-03
4.875000000000000000e+03 1.011860000000000060e-03
4.882000000000000000e+03 6.824640000000000307e-04
4.889000000000000000e+03 1.650780000000000075e-04
