1.533500000000000000e+03 0.000000000000000000e+00
1.537500000000000000e+03 2.034620000000000053e-10
1.541500000000000000e+03 8.529209999999999956e-10
1.545500000000000000e+03 1.490949999999999902e-09
1.549500000000000000e+03 1.244729999999999899e-09
1.553500000000000000e+03 5.800580000000000456e-10
1.557500000000000000e+03 4.128859999999999999e-11
1.561500000000000000e+03 2.136389999999999897e-13
1.565500000000000000e+03 2.625039999999999789e-13
1.569500000000000000e+03 3.093199999999999886e-13
1.573500000000000000e+03 3.544579999999999927e-13
1.577500000000000000e+03 3.993410000000000147e-13
1.581500000000000000e+03 4.425110000000000215e-13
1.585500000000000000e+03 4.853629999999999787e-13
1.589500000000000000e+03 5.275829999999999745e-13
1.593500000000000000e+03 5.688300000000000107e-13
1.597500000000000000e+03 6.100180000000000165e-13
1.601500000000000000e+03 6.503069999999999673e-13
1.605500000000000000e+03 6.903079999999999703e-13
1.609500000000000000e+03 7.300380000000000443e-13
1.613500000000000000e+03 7.690769999999999752e-13
1.617500000000000000e+03 8.081620000000000051e-13
1.621500000000000000e+03 8.530499999999999851e-13
1.625500000000000000e+03 9.010800000000000338e-13
1.629500000000000000e+03 4.534640000000000297e-08
1.633500000000000000e+03 2.949840000000000162e-07
1.637500000000000000e+03 5.673720000000000330e-07
1.641500000000000000e+03 8.897380000000000226e-07
1.645500000000000000e+03 1.261069999999999896e-06
1.649500000000000000e+03 1.625480000000000021e-06
1.653500000000000000e+03 1.931399999999999838e-06
1.657500000000000000e+03 2.224739999999999896e-06
1.661500000000000000e+03 2.538050000000000204e-06
1.665500000000000000e+03 2.887149999999999962e-06
1.669500000000000000e+03 3.237819999999999859e-06
1.673500000000000000e+03 3.611659999999999824e-06
1.677500000000000000e+03 3.994290000000000174e-06
1.681500000000000000e+03 4.387859999999999694e-06
1.685500000000000000e+03 4.814179999999999874e-06
1.689500000000000000e+03 5.242570000000000019e-06
1.693500000000000000e+03 5.906270000000000119e-06
1.697500000000000000e+03 6.716579999999999651e-06
1.701500000000000000e+03 7.533109999999999776e-06
1.705500000000000000e+03 8.382050000000000495e-06
1.709500000000000000e+03 9.235560000000000731e-06
1.713500000000000000e+03 9.842150000000000288e-06
1.717500000000000000e+03 1.015949999999999988e-05
1.721500000000000000e+03 1.047900000000000081e-05
1.725500000000000000e+03 1.082309999999999976e-05
1.729500000000000000e+03 1.117320000000000002e-05
1.733500000000000000e+03 1.152040000000000069e-05
1.737500000000000000e+03 1.186199999999999925e-05
1.741500000000000000e+03 1.220299999999999989e-05
1.745500000000000000e+03 1.253450000000000001e-05
1.749500000000000000e+03 1.286169999999999919e-05
1.753500000000000000e+03 1.320739999999999996e-05
1.757500000000000000e+03 1.361930000000000020e-05
1.761500000000000000e+03 1.403619999999999955e-05
1.765500000000000000e+03 1.444179999999999952e-05
1.769500000000000000e+03 1.483899999999999972e-05
1.773500000000000000e+03 1.523630000000000013e-05
1.777500000000000000e+03 1.563430000000000039e-05
1.781500000000000000e+03 1.603249999999999939e-05
1.785500000000000000e+03 1.647490000000000044e-05
1.789500000000000000e+03 1.697939999999999874e-05
1.793500000000000000e+03 1.749170000000000060e-05
1.797500000000000000e+03 1.811089999999999968e-05
1.801500000000000000e+03 1.876139999999999964e-05
1.805500000000000000e+03 1.940340000000000128e-05
1.809500000000000000e+03 2.002519999999999929e-05
1.813500000000000000e+03 2.065000000000000049e-05
1.817500000000000000e+03 2.145070000000000115e-05
1.821500000000000000e+03 2.234070000000000110e-05
1.825500000000000000e+03 2.339849999999999968e-05
1.829500000000000000e+03 2.516619999999999971e-05
1.833500000000000000e+03 2.700250000000000108e-05
1.837500000000000000e+03 2.744610000000000138e-05
1.841500000000000000e+03 2.663940000000000112e-05
1.845500000000000000e+03 2.581479999999999889e-05
1.849500000000000000e+03 2.485470000000000108e-05
1.853500000000000000e+03 2.386740000000000123e-05
1.857500000000000000e+03 2.271470000000000124e-05
1.861500000000000000e+03 2.128350000000000044e-05
1.865500000000000000e+03 1.979740000000000124e-05
1.869500000000000000e+03 1.739649999999999853e-05
1.873500000000000000e+03 1.467490000000000073e-05
1.877500000000000000e+03 1.262229999999999941e-05
1.881500000000000000e+03 1.241379999999999963e-05
1.885500000000000000e+03 1.230929999999999919e-05
1.889500000000000000e+03 1.219630000000000044e-05
1.893500000000000000e+03 1.207829999999999920e-05
1.897500000000000000e+03 1.197249999999999930e-05
1.901500000000000000e+03 1.192520000000000061e-05
1.905500000000000000e+03 1.188529999999999952e-05
1.909500000000000000e+03 1.180540000000000051e-05
1.913500000000000000e+03 1.168260000000000060e-05
1.917500000000000000e+03 1.156650000000000013e-05
1.921500000000000000e+03 1.151439999999999940e-05
1.925500000000000000e+03 1.147710000000000062e-05
1.929500000000000000e+03 1.147989999999999998e-05
1.933500000000000000e+03 1.155980000000000069e-05
1.937500000000000000e+03 1.163889999999999964e-05
1.941500000000000000e+03 1.166729999999999924e-05
1.945500000000000000e+03 1.167499999999999918e-05
1.949500000000000000e+03 1.171289999999999928e-05
1.953500000000000000e+03 1.184969999999999939e-05
1.957500000000000000e+03 1.199349999999999960e-05
1.961500000000000000e+03 1.222640000000000037e-05
1.965500000000000000e+03 1.252070000000000025e-05
1.969500000000000000e+03 1.282159999999999935e-05
1.973500000000000000e+03 1.315740000000000044e-05
1.977500000000000000e+03 1.349829999999999916e-05
1.981500000000000000e+03 1.397490000000000066e-05
1.985500000000000000e+03 1.462709999999999926e-05
1.989500000000000000e+03 1.529049999999999870e-05
1.993500000000000000e+03 1.608809999999999933e-05
1.997500000000000000e+03 1.692150000000000053e-05
2.001500000000000000e+03 1.786039999999999929e-05
2.005500000000000000e+03 1.903309999999999909e-05
2.009500000000000000e+03 2.022889999999999872e-05
2.013500000000000000e+03 2.192470000000000034e-05
2.017500000000000000e+03 2.385780000000000051e-05
2.021500000000000000e+03 2.597910000000000001e-05
2.025500000000000000e+03 2.884779999999999848e-05
2.029500000000000000e+03 3.177850000000000076e-05
2.033500000000000000e+03 3.561919999999999941e-05
2.037500000000000000e+03 4.020809999999999879e-05
2.041500000000000000e+03 4.510299999999999829e-05
2.045500000000000000e+03 5.207479999999999818e-05
2.049500000000000000e+03 5.943289999999999809e-05
2.053500000000000000e+03 6.885449999999999611e-05
2.057500000000000000e+03 8.145990000000000251e-05
2.061500000000000000e+03 9.468759999999999785e-05
2.065500000000000000e+03 1.173300000000000032e-04
2.069500000000000000e+03 1.430090000000000126e-04
2.073500000000000000e+03 1.759350000000000020e-04
2.077500000000000000e+03 2.273510000000000125e-04
2.081500000000000000e+03 2.801799999999999907e-04
2.085500000000000000e+03 3.671169999999999750e-04
2.089500000000000000e+03 4.932540000000000448e-04
2.093500000000000000e+03 6.871590000000000120e-04
2.097500000000000000e+03 9.254089999999999755e-04
2.101500000000000000e+03 1.166469999999999963e-03
2.105500000000000000e+03 1.496619999999999938e-03
2.109500000000000000e+03 1.910009999999999963e-03
2.113500000000000000e+03 2.345999999999999995e-03
2.117500000000000000e+03 2.926999999999999914e-03
2.121500000000000000e+03 3.547240000000000115e-03
2.125500000000000000e+03 4.238249999999999830e-03
2.129500000000000000e+03 5.045250000000000255e-03
2.133500000000000000e+03 5.870740000000000160e-03
2.137500000000000000e+03 6.753450000000000251e-03
2.141500000000000000e+03 7.668079999999999861e-03
2.145500000000000000e+03 8.583310000000000245e-03
2.149500000000000000e+03 9.461199999999999471e-03
2.153500000000000000e+03 1.035720000000000043e-02
2.157500000000000000e+03 1.114599999999999966e-02
2.161500000000000000e+03 1.188709999999999940e-02
2.165500000000000000e+03 1.264730000000000021e-02
2.169500000000000000e+03 1.324350000000000006e-02
2.173500000000000000e+03 1.383509999999999948e-02
2.177500000000000000e+03 1.445940000000000072e-02
2.181500000000000000e+03 1.502709999999999983e-02
2.185500000000000000e+03 1.560180000000000074e-02
2.189500000000000000e+03 1.622610000000000025e-02
2.193500000000000000e+03 1.689260000000000067e-02
2.197500000000000000e+03 1.758940000000000156e-02
2.201500000000000000e+03 1.842289999999999900e-02
2.205500000000000000e+03 1.935889999999999833e-02
2.209500000000000000e+03 2.032480000000000050e-02
2.213500000000000000e+03 2.137999999999999970e-02
2.217500000000000000e+03 2.250479999999999842e-02
2.221500000000000000e+03 2.363339999999999885e-02
2.225500000000000000e+03 2.480920000000000000e-02
2.229500000000000000e+03 2.601919999999999927e-02
2.233500000000000000e+03 2.725709999999999938e-02
2.237500000000000000e+03 2.861479999999999926e-02
2.241500000000000000e+03 2.996050000000000102e-02
2.245500000000000000e+03 3.127010000000000206e-02
2.249500000000000000e+03 3.273109999999999908e-02
2.253500000000000000e+03 3.426049999999999929e-02
2.257500000000000000e+03 3.587649999999999867e-02
2.261500000000000000e+03 3.757259999999999767e-02
2.265500000000000000e+03 3.934649999999999953e-02
2.269500000000000000e+03 4.114820000000000283e-02
2.273500000000000000e+03 4.302330000000000043e-02
2.277500000000000000e+03 4.495210000000000178e-02
2.281500000000000000e+03 4.687369999999999731e-02
2.285500000000000000e+03 4.882129999999999803e-02
2.289500000000000000e+03 5.076420000000000238e-02
2.293500000000000000e+03 5.267920000000000241e-02
2.297500000000000000e+03 5.452390000000000014e-02
2.301500000000000000e+03 5.629699999999999982e-02
2.305500000000000000e+03 5.800489999999999813e-02
2.309500000000000000e+03 5.967809999999999782e-02
2.313500000000000000e+03 6.125610000000000083e-02
2.317500000000000000e+03 6.277309999999999834e-02
2.321500000000000000e+03 6.421159999999999368e-02
2.325500000000000000e+03 6.556330000000000491e-02
2.329500000000000000e+03 6.687460000000000626e-02
2.333500000000000000e+03 6.808500000000000663e-02
2.337500000000000000e+03 6.921639999999999737e-02
2.341500000000000000e+03 7.033559999999999812e-02
2.345500000000000000e+03 7.144559999999999800e-02
2.349500000000000000e+03 7.249490000000000101e-02
2.353500000000000000e+03 7.353139999999999676e-02
2.357500000000000000e+03 7.454829999999999790e-02
2.361500000000000000e+03 7.541230000000000155e-02
2.365500000000000000e+03 7.626420000000000421e-02
2.369500000000000000e+03 7.716789999999999761e-02
2.373500000000000000e+03 7.801980000000000026e-02
2.377500000000000000e+03 7.881150000000000655e-02
2.381500000000000000e+03 7.955399999999999971e-02
2.385500000000000000e+03 8.022050000000000014e-02
2.389500000000000000e+03 8.080589999999999995e-02
2.393500000000000000e+03 8.135349999999999526e-02
2.397500000000000000e+03 8.185259999999999758e-02
2.401500000000000000e+03 8.229980000000000628e-02
2.405500000000000000e+03 8.272019999999999373e-02
2.409500000000000000e+03 8.316270000000000606e-02
2.413500000000000000e+03 8.351690000000000502e-02
2.417500000000000000e+03 8.383210000000000661e-02
2.421500000000000000e+03 8.411780000000000646e-02
2.425500000000000000e+03 8.437079999999999580e-02
2.429500000000000000e+03 8.458269999999999678e-02
2.433500000000000000e+03 8.494569999999999899e-02
2.437500000000000000e+03 8.548340000000000105e-02
2.441500000000000000e+03 8.604309999999999736e-02
2.445500000000000000e+03 8.715789999999999649e-02
2.449500000000000000e+03 8.909119999999999540e-02
2.453500000000000000e+03 9.234080000000000066e-02
2.457500000000000000e+03 9.816489999999999938e-02
2.461500000000000000e+03 1.084500000000000047e-01
2.465500000000000000e+03 1.249350000000000044e-01
2.469500000000000000e+03 1.510060000000000013e-01
2.473500000000000000e+03 1.866849999999999898e-01
2.477500000000000000e+03 2.347539999999999905e-01
2.481500000000000000e+03 2.945200000000000040e-01
2.485500000000000000e+03 3.641610000000000125e-01
2.489500000000000000e+03 4.430560000000000054e-01
2.493500000000000000e+03 5.273989999999999512e-01
2.497500000000000000e+03 6.142980000000000107e-01
2.501500000000000000e+03 6.956449999999999578e-01
2.505500000000000000e+03 7.682609999999999717e-01
2.509500000000000000e+03 8.270870000000000166e-01
2.513500000000000000e+03 8.720250000000000501e-01
2.517500000000000000e+03 9.020329999999999737e-01
2.521500000000000000e+03 9.200639999999999930e-01
2.525500000000000000e+03 9.306159999999999988e-01
2.529500000000000000e+03 9.376579999999999915e-01
2.533500000000000000e+03 9.449659999999999727e-01
2.537500000000000000e+03 9.533099999999999907e-01
2.541500000000000000e+03 9.613880000000000203e-01
2.545500000000000000e+03 9.683359999999999745e-01
2.549500000000000000e+03 9.745800000000000018e-01
2.553500000000000000e+03 9.796580000000000288e-01
2.557500000000000000e+03 9.840630000000000210e-01
2.561500000000000000e+03 9.875439999999999774e-01
2.565500000000000000e+03 9.906639999999999890e-01
2.569500000000000000e+03 9.943220000000000391e-01
2.573500000000000000e+03 9.983049999999999979e-01
2.577500000000000000e+03 1.000000000000000000e+00
2.581500000000000000e+03 9.977639999999999842e-01
2.585500000000000000e+03 9.898350000000000204e-01
2.589500000000000000e+03 9.751830000000000220e-01
2.593500000000000000e+03 9.505090000000000483e-01
2.597500000000000000e+03 9.136809999999999654e-01
2.601500000000000000e+03 8.627590000000000536e-01
2.605500000000000000e+03 7.981409999999999894e-01
2.609500000000000000e+03 7.224620000000000486e-01
2.613500000000000000e+03 6.351229999999999931e-01
2.617500000000000000e+03 5.457370000000000276e-01
2.621500000000000000e+03 4.537959999999999772e-01
2.625500000000000000e+03 3.696690000000000254e-01
2.629500000000000000e+03 2.942000000000000171e-01
2.633500000000000000e+03 2.337770000000000126e-01
2.637500000000000000e+03 1.893070000000000030e-01
2.641500000000000000e+03 1.587679999999999925e-01
2.645500000000000000e+03 1.394769999999999899e-01
2.649500000000000000e+03 1.286160000000000081e-01
2.653500000000000000e+03 1.216740000000000044e-01
2.657500000000000000e+03 1.179059999999999969e-01
2.661500000000000000e+03 1.151319999999999982e-01
2.665500000000000000e+03 1.128669999999999951e-01
2.669500000000000000e+03 1.112469999999999987e-01
2.673500000000000000e+03 1.099370000000000069e-01
2.677500000000000000e+03 1.087919999999999998e-01
2.681500000000000000e+03 1.078250000000000042e-01
2.685500000000000000e+03 1.069520000000000054e-01
2.689500000000000000e+03 1.059979999999999950e-01
2.693500000000000000e+03 1.046969999999999984e-01
2.697500000000000000e+03 1.033420000000000033e-01
2.701500000000000000e+03 1.018830000000000013e-01
2.705500000000000000e+03 1.000240000000000018e-01
2.709500000000000000e+03 9.784260000000000179e-02
2.713500000000000000e+03 9.549290000000000556e-02
2.717500000000000000e+03 9.287449999999999872e-02
2.721500000000000000e+03 8.980720000000000369e-02
2.725500000000000000e+03 8.658589999999999343e-02
2.729500000000000000e+03 8.329899999999999805e-02
2.733500000000000000e+03 7.976890000000000369e-02
2.737500000000000000e+03 7.599599999999999411e-02
2.741500000000000000e+03 7.224379999999999691e-02
2.745500000000000000e+03 6.864510000000000056e-02
2.749500000000000000e+03 6.508830000000000171e-02
2.753500000000000000e+03 6.158750000000000335e-02
2.757500000000000000e+03 5.848799999999999832e-02
2.761500000000000000e+03 5.561019999999999852e-02
2.765500000000000000e+03 5.285419999999999702e-02
2.769500000000000000e+03 5.035119999999999874e-02
2.773500000000000000e+03 4.815599999999999742e-02
2.777500000000000000e+03 4.605830000000000340e-02
2.781500000000000000e+03 4.395099999999999701e-02
2.785500000000000000e+03 4.201490000000000086e-02
2.789500000000000000e+03 4.009920000000000151e-02
2.793500000000000000e+03 3.807780000000000192e-02
2.797500000000000000e+03 3.598729999999999984e-02
2.801500000000000000e+03 3.395870000000000138e-02
2.805500000000000000e+03 3.183539999999999981e-02
2.809500000000000000e+03 2.962160000000000140e-02
2.813500000000000000e+03 2.754130000000000120e-02
2.817500000000000000e+03 2.549349999999999880e-02
2.821500000000000000e+03 2.350239999999999968e-02
2.825500000000000000e+03 2.167109999999999870e-02
2.829500000000000000e+03 1.998940000000000092e-02
2.833500000000000000e+03 1.844399999999999859e-02
2.837500000000000000e+03 1.707629999999999912e-02
2.841500000000000000e+03 1.588329999999999950e-02
2.845500000000000000e+03 1.481820000000000012e-02
2.849500000000000000e+03 1.389899999999999990e-02
2.853500000000000000e+03 1.310079999999999925e-02
2.857500000000000000e+03 1.238730000000000039e-02
2.861500000000000000e+03 1.174180000000000015e-02
2.865500000000000000e+03 1.116930000000000006e-02
2.869500000000000000e+03 1.060159999999999922e-02
2.873500000000000000e+03 1.006390000000000062e-02
2.877500000000000000e+03 9.547500000000000431e-03
2.881500000000000000e+03 8.994040000000000021e-03
2.885500000000000000e+03 8.463560000000000180e-03
2.889500000000000000e+03 7.910540000000000627e-03
2.893500000000000000e+03 7.344769999999999598e-03
2.897500000000000000e+03 6.790140000000000065e-03
2.901500000000000000e+03 6.220810000000000228e-03
2.905500000000000000e+03 5.657810000000000096e-03
2.909500000000000000e+03 5.110670000000000317e-03
2.913500000000000000e+03 4.579549999999999940e-03
2.917500000000000000e+03 4.057650000000000319e-03
2.921500000000000000e+03 3.588749999999999926e-03
2.925500000000000000e+03 3.135880000000000178e-03
2.929500000000000000e+03 2.713940000000000189e-03
2.933500000000000000e+03 2.356769999999999785e-03
2.937500000000000000e+03 2.005680000000000136e-03
2.941500000000000000e+03 1.719889999999999960e-03
2.945500000000000000e+03 1.466239999999999948e-03
2.949500000000000000e+03 1.220399999999999957e-03
2.953500000000000000e+03 1.030810000000000060e-03
2.957500000000000000e+03 8.602910000000000071e-04
2.961500000000000000e+03 7.268280000000000010e-04
2.965500000000000000e+03 6.197519999999999982e-04
2.969500000000000000e+03 5.169429999999999598e-04
2.973500000000000000e+03 4.429629999999999939e-04
2.977500000000000000e+03 3.746269999999999895e-04
2.981500000000000000e+03 3.165800000000000081e-04
2.985500000000000000e+03 2.747569999999999852e-04
2.989500000000000000e+03 2.312899999999999895e-04
2.993500000000000000e+03 1.817850000000000086e-04
2.997500000000000000e+03 1.488340000000000051e-04
3.001500000000000000e+03 1.284849999999999870e-04
3.005500000000000000e+03 1.140470000000000009e-04
3.009500000000000000e+03 1.001319999999999961e-04
3.013500000000000000e+03 8.924319999999999963e-05
3.017500000000000000e+03 8.007559999999999613e-05
3.021500000000000000e+03 7.195700000000000241e-05
3.025500000000000000e+03 6.643129999999999532e-05
3.029500000000000000e+03 6.133519999999999511e-05
3.033500000000000000e+03 5.713059999999999813e-05
3.037500000000000000e+03 5.388549999999999764e-05
3.041500000000000000e+03 5.089350000000000324e-05
3.045500000000000000e+03 4.862919999999999851e-05
3.049500000000000000e+03 4.679550000000000284e-05
3.053500000000000000e+03 4.564369999999999804e-05
3.057500000000000000e+03 4.490690000000000198e-05
3.061500000000000000e+03 4.427620000000000140e-05
3.065500000000000000e+03 4.348760000000000017e-05
3.069500000000000000e+03 4.263339999999999741e-05
3.073500000000000000e+03 4.175180000000000232e-05
3.077500000000000000e+03 4.090790000000000181e-05
3.081500000000000000e+03 4.035760000000000134e-05
3.085500000000000000e+03 3.957059999999999685e-05
3.089500000000000000e+03 3.863789999999999814e-05
3.093500000000000000e+03 3.780689999999999881e-05
3.097500000000000000e+03 3.700120000000000075e-05
3.101500000000000000e+03 3.629360000000000095e-05
3.105500000000000000e+03 3.556500000000000254e-05
3.109500000000000000e+03 3.482030000000000270e-05
3.113500000000000000e+03 3.420200000000000220e-05
3.117500000000000000e+03 3.374009999999999905e-05
3.121500000000000000e+03 3.331130000000000072e-05
3.125500000000000000e+03 3.297770000000000107e-05
3.129500000000000000e+03 3.285200000000000327e-05
3.133500000000000000e+03 3.284580000000000323e-05
3.137500000000000000e+03 3.303789999999999754e-05
3.141500000000000000e+03 3.338139999999999857e-05
3.145500000000000000e+03 3.386299999999999749e-05
3.149500000000000000e+03 3.457759999999999908e-05
3.153500000000000000e+03 3.530800000000000144e-05
3.157500000000000000e+03 3.607249999999999725e-05
3.161500000000000000e+03 3.686359999999999718e-05
3.165500000000000000e+03 3.765630000000000062e-05
3.169500000000000000e+03 3.846400000000000307e-05
3.173500000000000000e+03 3.938569999999999799e-05
3.177500000000000000e+03 4.055190000000000048e-05
3.181500000000000000e+03 4.196420000000000049e-05
3.185500000000000000e+03 4.337829999999999768e-05
3.189500000000000000e+03 4.490020000000000084e-05
3.193500000000000000e+03 4.676289999999999912e-05
3.197500000000000000e+03 4.869870000000000183e-05
3.201500000000000000e+03 5.081709999999999835e-05
3.205500000000000000e+03 5.364819999999999908e-05
3.209500000000000000e+03 5.669670000000000216e-05
3.213500000000000000e+03 6.008789999999999775e-05
3.217500000000000000e+03 6.477640000000000546e-05
3.221500000000000000e+03 7.038780000000000394e-05
3.225500000000000000e+03 7.629459999999999964e-05
3.229500000000000000e+03 8.311389999999999718e-05
3.233500000000000000e+03 9.155609999999999573e-05
3.237500000000000000e+03 1.003249999999999991e-04
3.241500000000000000e+03 1.102429999999999946e-04
3.245500000000000000e+03 1.238439999999999886e-04
3.249500000000000000e+03 1.382230000000000080e-04
3.253500000000000000e+03 1.541430000000000046e-04
3.257500000000000000e+03 1.738520000000000018e-04
3.261500000000000000e+03 1.950520000000000021e-04
3.265500000000000000e+03 2.177509999999999960e-04
3.269500000000000000e+03 2.441780000000000057e-04
3.273500000000000000e+03 2.746299999999999913e-04
3.277500000000000000e+03 3.066310000000000259e-04
3.281500000000000000e+03 3.426580000000000251e-04
3.285500000000000000e+03 3.820979999999999863e-04
3.289500000000000000e+03 4.224189999999999954e-04
3.293500000000000000e+03 4.667249999999999741e-04
3.297500000000000000e+03 5.122590000000000433e-04
3.301500000000000000e+03 5.579820000000000526e-04
3.305500000000000000e+03 6.078840000000000502e-04
3.309500000000000000e+03 6.579210000000000049e-04
3.313500000000000000e+03 7.059800000000000407e-04
3.317500000000000000e+03 7.554600000000000074e-04
3.321500000000000000e+03 8.049790000000000461e-04
3.325500000000000000e+03 8.474360000000000226e-04
3.329500000000000000e+03 8.896190000000000217e-04
3.333500000000000000e+03 9.309490000000000343e-04
3.337500000000000000e+03 9.617539999999999943e-04
3.341500000000000000e+03 9.903539999999999306e-04
3.345500000000000000e+03 1.016229999999999911e-03
3.349500000000000000e+03 1.032099999999999988e-03
3.353500000000000000e+03 1.043169999999999948e-03
3.357500000000000000e+03 1.050850000000000091e-03
3.361500000000000000e+03 1.048529999999999992e-03
3.365500000000000000e+03 1.040029999999999948e-03
3.369500000000000000e+03 1.029799999999999986e-03
3.373500000000000000e+03 1.008510000000000005e-03
3.377500000000000000e+03 9.821800000000000322e-04
3.381500000000000000e+03 9.552980000000000412e-04
3.385500000000000000e+03 9.199530000000000467e-04
3.389500000000000000e+03 8.805819999999999793e-04
3.393500000000000000e+03 8.414019999999999919e-04
3.397500000000000000e+03 7.989419999999999682e-04
3.401500000000000000e+03 7.520950000000000421e-04
3.405500000000000000e+03 7.070289999999999691e-04
3.409500000000000000e+03 6.613889999999999656e-04
3.413500000000000000e+03 6.135700000000000225e-04
3.417500000000000000e+03 5.685910000000000183e-04
3.421500000000000000e+03 5.238480000000000436e-04
3.425500000000000000e+03 4.798499999999999814e-04
3.429500000000000000e+03 4.399869999999999736e-04
3.433500000000000000e+03 4.011010000000000074e-04
3.437500000000000000e+03 3.635499999999999734e-04
3.441500000000000000e+03 3.311049999999999952e-04
3.445500000000000000e+03 3.006579999999999800e-04
3.449500000000000000e+03 2.708389999999999864e-04
3.453500000000000000e+03 2.456779999999999880e-04
3.457500000000000000e+03 2.235159999999999925e-04
3.461500000000000000e+03 2.015110000000000024e-04
3.465500000000000000e+03 1.832779999999999891e-04
3.469500000000000000e+03 1.690189999999999889e-04
3.473500000000000000e+03 1.551400000000000088e-04
3.477500000000000000e+03 1.430059999999999925e-04
3.481500000000000000e+03 1.349219999999999933e-04
3.485500000000000000e+03 1.273609999999999890e-04
3.489500000000000000e+03 1.203069999999999986e-04
3.493500000000000000e+03 1.164989999999999971e-04
3.497500000000000000e+03 1.138430000000000008e-04
3.501500000000000000e+03 1.112439999999999940e-04
3.505500000000000000e+03 1.106639999999999962e-04
3.509500000000000000e+03 1.112310000000000062e-04
3.513500000000000000e+03 1.118249999999999941e-04
3.517500000000000000e+03 1.129470000000000013e-04
3.521500000000000000e+03 1.146410000000000023e-04
3.525500000000000000e+03 1.162259999999999948e-04
3.529500000000000000e+03 1.180280000000000023e-04
3.533500000000000000e+03 1.203559999999999976e-04
3.537500000000000000e+03 1.224099999999999884e-04
3.541500000000000000e+03 1.243949999999999906e-04
3.545500000000000000e+03 1.262170000000000013e-04
3.549500000000000000e+03 1.274889999999999986e-04
3.553500000000000000e+03 1.287759999999999881e-04
3.557500000000000000e+03 1.298240000000000093e-04
3.561500000000000000e+03 1.301270000000000096e-04
3.565500000000000000e+03 1.303350000000000049e-04
3.569500000000000000e+03 1.304040000000000071e-04
3.573500000000000000e+03 1.301610000000000028e-04
3.577500000000000000e+03 1.300170000000000123e-04
3.581500000000000000e+03 1.298869999999999983e-04
3.585500000000000000e+03 1.292440000000000114e-04
3.589500000000000000e+03 1.284889999999999958e-04
3.593500000000000000e+03 1.276700000000000024e-04
3.597500000000000000e+03 1.267969999999999991e-04
3.601500000000000000e+03 1.265139999999999884e-04
3.605500000000000000e+03 1.263600000000000031e-04
3.609500000000000000e+03 1.263430000000000065e-04
3.613500000000000000e+03 1.280859999999999930e-04
3.617500000000000000e+03 1.304319999999999872e-04
3.621500000000000000e+03 1.328719999999999977e-04
3.625500000000000000e+03 1.361889999999999932e-04
3.629500000000000000e+03 1.402639999999999974e-04
3.633500000000000000e+03 1.443009999999999996e-04
3.637500000000000000e+03 1.490890000000000086e-04
3.641500000000000000e+03 1.554009999999999983e-04
3.645500000000000000e+03 1.617389999999999908e-04
3.649500000000000000e+03 1.660169999999999929e-04
3.653500000000000000e+03 1.446929999999999918e-04
3.657500000000000000e+03 1.168980000000000046e-04
3.661500000000000000e+03 8.912669999999999490e-05
3.665500000000000000e+03 8.035560000000000023e-05
3.669500000000000000e+03 8.468130000000000524e-05
3.673500000000000000e+03 8.890520000000000389e-05
3.677500000000000000e+03 9.352630000000000611e-05
3.681500000000000000e+03 9.878370000000000087e-05
3.685500000000000000e+03 1.040689999999999958e-04
3.689500000000000000e+03 1.033699999999999945e-04
3.693500000000000000e+03 7.600449999999999372e-05
3.697500000000000000e+03 4.573460000000000085e-05
3.701500000000000000e+03 1.647299999999999966e-05
3.705500000000000000e+03 8.190829999999999978e-06
3.709500000000000000e+03 8.268829999999999908e-06
3.713500000000000000e+03 8.364110000000000799e-06
3.717500000000000000e+03 8.488809999999999791e-06
3.721500000000000000e+03 8.613660000000000807e-06
3.725500000000000000e+03 8.739680000000000660e-06
3.729500000000000000e+03 8.866110000000000397e-06
3.733500000000000000e+03 8.968880000000000092e-06
3.737500000000000000e+03 9.005570000000000244e-06
3.741500000000000000e+03 9.038669999999999978e-06
3.745500000000000000e+03 9.129469999999999176e-06
3.749500000000000000e+03 9.253990000000000824e-06
3.753500000000000000e+03 9.371310000000000236e-06
3.757500000000000000e+03 9.453369999999999582e-06
3.761500000000000000e+03 9.530880000000000810e-06
3.765500000000000000e+03 9.612519999999999574e-06
3.769500000000000000e+03 9.698670000000000435e-06
3.773500000000000000e+03 9.791880000000000513e-06
3.777500000000000000e+03 9.955360000000000175e-06
3.781500000000000000e+03 1.013520000000000081e-05
3.785500000000000000e+03 1.027899999999999933e-05
3.789500000000000000e+03 1.035290000000000044e-05
3.793500000000000000e+03 1.042529999999999995e-05
3.797500000000000000e+03 1.049529999999999928e-05
3.801500000000000000e+03 1.056429999999999980e-05
3.805500000000000000e+03 1.065319999999999992e-05
3.809500000000000000e+03 1.080839999999999972e-05
3.813500000000000000e+03 1.096829999999999966e-05
3.817500000000000000e+03 1.110000000000000045e-05
3.821500000000000000e+03 1.121200000000000039e-05
3.825500000000000000e+03 1.131790000000000052e-05
3.829500000000000000e+03 1.138830000000000072e-05
3.833500000000000000e+03 1.145310000000000051e-05
3.837500000000000000e+03 1.155670000000000067e-05
3.841500000000000000e+03 1.171100000000000019e-05
3.845500000000000000e+03 1.186250000000000035e-05
3.849500000000000000e+03 1.197990000000000028e-05
3.853500000000000000e+03 1.208800000000000014e-05
3.857500000000000000e+03 1.222289999999999947e-05
3.861500000000000000e+03 1.241740000000000075e-05
3.865500000000000000e+03 1.261490000000000013e-05
3.869500000000000000e+03 1.284009999999999926e-05
3.873500000000000000e+03 1.307860000000000045e-05
3.877500000000000000e+03 1.331650000000000032e-05
3.881500000000000000e+03 1.355220000000000045e-05
3.885500000000000000e+03 1.378770000000000015e-05
3.889500000000000000e+03 1.399749999999999939e-05
3.893500000000000000e+03 1.418590000000000084e-05
3.897500000000000000e+03 1.436439999999999921e-05
3.901500000000000000e+03 1.447509999999999970e-05
3.905500000000000000e+03 1.457309999999999944e-05
3.909500000000000000e+03 1.393099999999999926e-05
3.913500000000000000e+03 1.212949999999999966e-05
3.917500000000000000e+03 1.043790000000000047e-05
3.921500000000000000e+03 1.043630000000000035e-05
3.925500000000000000e+03 1.098730000000000067e-05
3.929500000000000000e+03 1.138399999999999976e-05
3.933500000000000000e+03 1.138229999999999942e-05
3.937500000000000000e+03 1.136999999999999956e-05
3.941500000000000000e+03 1.214770000000000060e-05
3.945500000000000000e+03 1.335890000000000012e-05
3.949500000000000000e+03 1.453550000000000000e-05
3.953500000000000000e+03 1.555369999999999984e-05
3.957500000000000000e+03 1.655380000000000065e-05
3.961500000000000000e+03 1.705880000000000005e-05
3.965500000000000000e+03 1.706990000000000067e-05
3.969500000000000000e+03 1.707280000000000025e-05
3.973500000000000000e+03 1.700530000000000132e-05
3.977500000000000000e+03 1.692249999999999934e-05
3.981500000000000000e+03 1.456210000000000073e-05
3.985500000000000000e+03 8.066870000000000236e-06
3.989500000000000000e+03 1.755919999999999910e-06
