1.733500000000000000e+03 0.000000000000000000e+00
1.737500000000000000e+03 2.537710000000000137e-06
1.741500000000000000e+03 9.416110000000000213e-06
1.745500000000000000e+03 1.551080000000000064e-05
1.749500000000000000e+03 1.669270000000000028e-05
1.753500000000000000e+03 1.703659999999999880e-05
1.757500000000000000e+03 1.758320000000000133e-05
1.761500000000000000e+03 1.825289999999999934e-05
1.765500000000000000e+03 1.892929999999999849e-05
1.769500000000000000e+03 1.962219999999999993e-05
1.773500000000000000e+03 2.031170000000000070e-05
1.777500000000000000e+03 2.095189999999999840e-05
1.781500000000000000e+03 2.157989999999999984e-05
1.785500000000000000e+03 2.195679999999999957e-05
1.789500000000000000e+03 2.209020000000000070e-05
1.793500000000000000e+03 2.213980000000000104e-05
1.797500000000000000e+03 2.187080000000000073e-05
1.801500000000000000e+03 2.157100000000000066e-05
1.805500000000000000e+03 2.116620000000000074e-05
1.809500000000000000e+03 2.072049999999999923e-05
1.813500000000000000e+03 2.030759999999999849e-05
1.817500000000000000e+03 1.994570000000000116e-05
1.821500000000000000e+03 1.965810000000000073e-05
1.825500000000000000e+03 1.978249999999999906e-05
1.829500000000000000e+03 1.997289999999999981e-05
1.833500000000000000e+03 2.049270000000000117e-05
1.837500000000000000e+03 2.119690000000000029e-05
1.841500000000000000e+03 2.193489999999999898e-05
1.845500000000000000e+03 2.274850000000000082e-05
1.849500000000000000e+03 2.352329999999999889e-05
1.853500000000000000e+03 2.389930000000000003e-05
1.857500000000000000e+03 2.418380000000000044e-05
1.861500000000000000e+03 2.401979999999999998e-05
1.865500000000000000e+03 2.346499999999999980e-05
1.869500000000000000e+03 2.271930000000000116e-05
1.873500000000000000e+03 2.132710000000000118e-05
1.877500000000000000e+03 1.987499999999999860e-05
1.881500000000000000e+03 1.819970000000000127e-05
1.885500000000000000e+03 1.644570000000000079e-05
1.889500000000000000e+03 1.477970000000000013e-05
1.893500000000000000e+03 1.323569999999999933e-05
1.897500000000000000e+03 1.178370000000000036e-05
1.901500000000000000e+03 1.079449999999999973e-05
1.905500000000000000e+03 9.877140000000000100e-06
1.909500000000000000e+03 9.443759999999999855e-06
1.913500000000000000e+03 9.260649999999999164e-06
1.917500000000000000e+03 9.282499999999999641e-06
1.921500000000000000e+03 9.724190000000000150e-06
1.925500000000000000e+03 1.021019999999999925e-05
1.929500000000000000e+03 1.096770000000000004e-05
1.933500000000000000e+03 1.178259999999999964e-05
1.937500000000000000e+03 1.258079999999999989e-05
1.941500000000000000e+03 1.336600000000000044e-05
1.945500000000000000e+03 1.407540000000000080e-05
1.949500000000000000e+03 1.455449999999999931e-05
1.953500000000000000e+03 1.498460000000000049e-05
1.957500000000000000e+03 1.490420000000000038e-05
1.961500000000000000e+03 1.466090000000000053e-05
1.965500000000000000e+03 1.410940000000000081e-05
1.969500000000000000e+03 1.317610000000000078e-05
1.973500000000000000e+03 1.222730000000000065e-05
1.977500000000000000e+03 1.120679999999999916e-05
1.981500000000000000e+03 1.018060000000000041e-05
1.985500000000000000e+03 9.240429999999999212e-06
1.989500000000000000e+03 8.341299999999999233e-06
1.993500000000000000e+03 7.524679999999999588e-06
1.997500000000000000e+03 6.863899999999999623e-06
2.001500000000000000e+03 6.245540000000000007e-06
2.005500000000000000e+03 5.911650000000000397e-06
2.009500000000000000e+03 5.632750000000000407e-06
2.013500000000000000e+03 5.392400000000000243e-06
2.017500000000000000e+03 5.179019999999999586e-06
2.021500000000000000e+03 4.983000000000000402e-06
2.025500000000000000e+03 4.834670000000000079e-06
2.029500000000000000e+03 4.692259999999999693e-06
2.033500000000000000e+03 4.593140000000000378e-06
2.037500000000000000e+03 4.506380000000000043e-06
2.041500000000000000e+03 4.399200000000000164e-06
2.045500000000000000e+03 4.269299999999999934e-06
2.049500000000000000e+03 4.146339999999999844e-06
2.053500000000000000e+03 4.053019999999999694e-06
2.057500000000000000e+03 3.961480000000000398e-06
2.061500000000000000e+03 3.840300000000000315e-06
2.065500000000000000e+03 3.706180000000000064e-06
2.069500000000000000e+03 3.586609999999999953e-06
2.073500000000000000e+03 3.492460000000000186e-06
2.077500000000000000e+03 3.393220000000000099e-06
2.081500000000000000e+03 3.260750000000000078e-06
2.085500000000000000e+03 3.122450000000000064e-06
2.089500000000000000e+03 3.023069999999999925e-06
2.093500000000000000e+03 2.948020000000000110e-06
2.097500000000000000e+03 2.893869999999999959e-06
2.101500000000000000e+03 2.891889999999999937e-06
2.105500000000000000e+03 2.893069999999999899e-06
2.109500000000000000e+03 2.902399999999999943e-06
2.113500000000000000e+03 2.913779999999999824e-06
2.117500000000000000e+03 2.913999999999999968e-06
2.121500000000000000e+03 2.903069999999999803e-06
2.125500000000000000e+03 2.870789999999999834e-06
2.129500000000000000e+03 2.754589999999999998e-06
2.133500000000000000e+03 2.635109999999999831e-06
2.137500000000000000e+03 2.591670000000000125e-06
2.141500000000000000e+03 2.578589999999999904e-06
2.145500000000000000e+03 2.573270000000000013e-06
2.149500000000000000e+03 2.580309999999999949e-06
2.153500000000000000e+03 2.587100000000000184e-06
2.157500000000000000e+03 2.592480000000000037e-06
2.161500000000000000e+03 2.597599999999999914e-06
2.165500000000000000e+03 2.595249999999999843e-06
2.169500000000000000e+03 2.588650000000000194e-06
2.173500000000000000e+03 2.564919999999999915e-06
2.177500000000000000e+03 2.502119999999999856e-06
2.181500000000000000e+03 2.442060000000000044e-06
2.185500000000000000e+03 2.424719999999999970e-06
2.189500000000000000e+03 2.417379999999999800e-06
2.193500000000000000e+03 2.416010000000000099e-06
2.197500000000000000e+03 2.420009999999999976e-06
2.201500000000000000e+03 2.423990000000000148e-06
2.205500000000000000e+03 2.427950000000000191e-06
2.209500000000000000e+03 2.430959999999999846e-06
2.213500000000000000e+03 2.417450000000000038e-06
2.217500000000000000e+03 2.397929999999999926e-06
2.221500000000000000e+03 2.329940000000000176e-06
2.225500000000000000e+03 2.192869999999999809e-06
2.229500000000000000e+03 2.071049999999999848e-06
2.233500000000000000e+03 2.027820000000000009e-06
2.237500000000000000e+03 1.995289999999999916e-06
2.241500000000000000e+03 1.947260000000000140e-06
2.245500000000000000e+03 1.891040000000000024e-06
2.249500000000000000e+03 1.872300000000000056e-06
2.253500000000000000e+03 1.932070000000000121e-06
2.257500000000000000e+03 1.988930000000000115e-06
2.261500000000000000e+03 2.001330000000000200e-06
2.265500000000000000e+03 2.004120000000000134e-06
2.269500000000000000e+03 1.973869999999999873e-06
2.273500000000000000e+03 1.917039999999999860e-06
2.277500000000000000e+03 1.887739999999999988e-06
2.281500000000000000e+03 1.944570000000000001e-06
2.285500000000000000e+03 2.006050000000000046e-06
2.289500000000000000e+03 2.050519999999999809e-06
2.293500000000000000e+03 2.089429999999999831e-06
2.297500000000000000e+03 2.181450000000000095e-06
2.301500000000000000e+03 2.341269999999999947e-06
2.305500000000000000e+03 2.491620000000000125e-06
2.309500000000000000e+03 2.597229999999999865e-06
2.313500000000000000e+03 2.695910000000000163e-06
2.317500000000000000e+03 2.738829999999999915e-06
2.321500000000000000e+03 2.754610000000000127e-06
2.325500000000000000e+03 2.766180000000000170e-06
2.329500000000000000e+03 2.769630000000000112e-06
2.333500000000000000e+03 2.772919999999999872e-06
2.337500000000000000e+03 2.776150000000000093e-06
2.341500000000000000e+03 2.779370000000000039e-06
2.345500000000000000e+03 2.782599999999999837e-06
2.349500000000000000e+03 2.785839999999999911e-06
2.353500000000000000e+03 2.789079999999999985e-06
2.357500000000000000e+03 2.792340000000000187e-06
2.361500000000000000e+03 2.795579999999999838e-06
2.365500000000000000e+03 2.798739999999999821e-06
2.369500000000000000e+03 2.801880000000000099e-06
2.373500000000000000e+03 2.816240000000000077e-06
2.377500000000000000e+03 2.843440000000000003e-06
2.381500000000000000e+03 2.894019999999999864e-06
2.385500000000000000e+03 3.046380000000000045e-06
2.389500000000000000e+03 3.208390000000000210e-06
2.393500000000000000e+03 3.345690000000000149e-06
2.397500000000000000e+03 3.471939999999999999e-06
2.401500000000000000e+03 3.616070000000000007e-06
2.405500000000000000e+03 3.792089999999999806e-06
2.409500000000000000e+03 3.962770000000000008e-06
2.413500000000000000e+03 4.096630000000000281e-06
2.417500000000000000e+03 4.223869999999999930e-06
2.421500000000000000e+03 4.404370000000000150e-06
2.425500000000000000e+03 2.901039999999999926e-05
2.429500000000000000e+03 8.993459999999999779e-05
2.433500000000000000e+03 1.232929999999999866e-04
2.437500000000000000e+03 1.466480000000000095e-04
2.441500000000000000e+03 1.799650000000000024e-04
2.445500000000000000e+03 2.171350000000000005e-04
2.449500000000000000e+03 2.584420000000000033e-04
2.453500000000000000e+03 3.049379999999999864e-04
2.457500000000000000e+03 3.551769999999999775e-04
2.461500000000000000e+03 4.125220000000000189e-04
2.465500000000000000e+03 4.756990000000000003e-04
2.469500000000000000e+03 5.468019999999999868e-04
2.473500000000000000e+03 6.290459999999999672e-04
2.477500000000000000e+03 7.195170000000000298e-04
2.481500000000000000e+03 8.260970000000000292e-04
2.485500000000000000e+03 9.444090000000000037e-04
2.489500000000000000e+03 1.077550000000000036e-03
2.493500000000000000e+03 1.220659999999999931e-03
2.497500000000000000e+03 1.370160000000000041e-03
2.501500000000000000e+03 1.528339999999999994e-03
2.505500000000000000e+03 1.691220000000000006e-03
2.509500000000000000e+03 1.859549999999999962e-03
2.513500000000000000e+03 2.026969999999999900e-03
2.517500000000000000e+03 2.194660000000000187e-03
2.521500000000000000e+03 2.361840000000000033e-03
2.525500000000000000e+03 2.528949999999999861e-03
2.529500000000000000e+03 2.695239999999999789e-03
2.533500000000000000e+03 2.852369999999999906e-03
2.537500000000000000e+03 3.007319999999999958e-03
2.541500000000000000e+03 3.162639999999999982e-03
2.545500000000000000e+03 3.326809999999999923e-03
2.549500000000000000e+03 3.500839999999999855e-03
2.553500000000000000e+03 3.693160000000000019e-03
2.557500000000000000e+03 4.020990000000000328e-03
2.561500000000000000e+03 4.407200000000000006e-03
2.565500000000000000e+03 4.819119999999999654e-03
2.569500000000000000e+03 5.255880000000000100e-03
2.573500000000000000e+03 5.854719999999999890e-03
2.577500000000000000e+03 6.683589999999999670e-03
2.581500000000000000e+03 7.557129999999999577e-03
2.585500000000000000e+03 8.565780000000000269e-03
2.589500000000000000e+03 9.636759999999999424e-03
2.593500000000000000e+03 1.091319999999999964e-02
2.597500000000000000e+03 1.227810000000000012e-02
2.601500000000000000e+03 1.374769999999999985e-02
2.605500000000000000e+03 1.531449999999999999e-02
2.609500000000000000e+03 1.691530000000000117e-02
2.613500000000000000e+03 1.858430000000000151e-02
2.617500000000000000e+03 2.024600000000000011e-02
2.621500000000000000e+03 2.194159999999999860e-02
2.625500000000000000e+03 2.361479999999999829e-02
2.629500000000000000e+03 2.528400000000000092e-02
2.633500000000000000e+03 2.691299999999999942e-02
2.637500000000000000e+03 2.853980000000000058e-02
2.641500000000000000e+03 3.016790000000000097e-02
2.645500000000000000e+03 3.177390000000000075e-02
2.649500000000000000e+03 3.336159999999999820e-02
2.653500000000000000e+03 3.488700000000000134e-02
2.657500000000000000e+03 3.641069999999999723e-02
2.661500000000000000e+03 3.788389999999999813e-02
2.665500000000000000e+03 3.931930000000000147e-02
2.669500000000000000e+03 4.070689999999999725e-02
2.673500000000000000e+03 4.208520000000000316e-02
2.677500000000000000e+03 4.345480000000000176e-02
2.681500000000000000e+03 4.479299999999999948e-02
2.685500000000000000e+03 4.611889999999999740e-02
2.689500000000000000e+03 4.741410000000000069e-02
2.693500000000000000e+03 4.867849999999999955e-02
2.697500000000000000e+03 4.989330000000000154e-02
2.701500000000000000e+03 5.111469999999999902e-02
2.705500000000000000e+03 5.228119999999999989e-02
2.709500000000000000e+03 5.337309999999999971e-02
2.713500000000000000e+03 5.445110000000000228e-02
2.717500000000000000e+03 5.540769999999999723e-02
2.721500000000000000e+03 5.633699999999999819e-02
2.725500000000000000e+03 5.712670000000000248e-02
2.729500000000000000e+03 5.785189999999999777e-02
2.733500000000000000e+03 5.849820000000000020e-02
2.737500000000000000e+03 5.897260000000000002e-02
2.741500000000000000e+03 5.942120000000000041e-02
2.745500000000000000e+03 5.972319999999999712e-02
2.749500000000000000e+03 5.998909999999999659e-02
2.753500000000000000e+03 6.020539999999999919e-02
2.757500000000000000e+03 6.037599999999999911e-02
2.761500000000000000e+03 6.052849999999999897e-02
2.765500000000000000e+03 6.064359999999999890e-02
2.769500000000000000e+03 6.074809999999999932e-02
2.773500000000000000e+03 6.086509999999999837e-02
2.777500000000000000e+03 6.099059999999999898e-02
2.781500000000000000e+03 6.115410000000000290e-02
2.785500000000000000e+03 6.136280000000000207e-02
2.789500000000000000e+03 6.159619999999999679e-02
2.793500000000000000e+03 6.187829999999999719e-02
2.797500000000000000e+03 6.215609999999999885e-02
2.801500000000000000e+03 6.241410000000000013e-02
2.805500000000000000e+03 6.264730000000000298e-02
2.809500000000000000e+03 6.285590000000000621e-02
2.813500000000000000e+03 6.305270000000000319e-02
2.817500000000000000e+03 6.325100000000000167e-02
2.821500000000000000e+03 6.341810000000000502e-02
2.825500000000000000e+03 6.362160000000000037e-02
2.829500000000000000e+03 6.387639999999999985e-02
2.833500000000000000e+03 6.431480000000000530e-02
2.837500000000000000e+03 6.481670000000000487e-02
2.841500000000000000e+03 6.532169999999999643e-02
2.845500000000000000e+03 6.597290000000000099e-02
2.849500000000000000e+03 6.689459999999999851e-02
2.853500000000000000e+03 6.818810000000000149e-02
2.857500000000000000e+03 7.001839999999999453e-02
2.861500000000000000e+03 7.275729999999999698e-02
2.865500000000000000e+03 7.650869999999999893e-02
2.869500000000000000e+03 8.236290000000000278e-02
2.873500000000000000e+03 9.043959999999999499e-02
2.877500000000000000e+03 1.033720000000000055e-01
2.881500000000000000e+03 1.206070000000000059e-01
2.885500000000000000e+03 1.466880000000000128e-01
2.889500000000000000e+03 1.802380000000000093e-01
2.893500000000000000e+03 2.245939999999999881e-01
2.897500000000000000e+03 2.796440000000000037e-01
2.901500000000000000e+03 3.426400000000000001e-01
2.905500000000000000e+03 4.161130000000000106e-01
2.909500000000000000e+03 4.923139999999999739e-01
2.913500000000000000e+03 5.724329999999999696e-01
2.917500000000000000e+03 6.489380000000000148e-01
2.921500000000000000e+03 7.182370000000000143e-01
2.925500000000000000e+03 7.775579999999999714e-01
2.929500000000000000e+03 8.273200000000000554e-01
2.933500000000000000e+03 8.639489999999999670e-01
2.937500000000000000e+03 8.939340000000000064e-01
2.941500000000000000e+03 9.139859999999999651e-01
2.945500000000000000e+03 9.305510000000000170e-01
2.949500000000000000e+03 9.426660000000000039e-01
2.953500000000000000e+03 9.532720000000000082e-01
2.957500000000000000e+03 9.614279999999999493e-01
2.961500000000000000e+03 9.693260000000000209e-01
2.965500000000000000e+03 9.756839999999999957e-01
2.969500000000000000e+03 9.812290000000000179e-01
2.973500000000000000e+03 9.856679999999999886e-01
2.977500000000000000e+03 9.890050000000000230e-01
2.981500000000000000e+03 9.913239999999999830e-01
2.985500000000000000e+03 9.935060000000000002e-01
2.989500000000000000e+03 9.957510000000000527e-01
2.993500000000000000e+03 9.977859999999999507e-01
2.997500000000000000e+03 9.993619999999999726e-01
3.001500000000000000e+03 1.000000000000000000e+00
3.005500000000000000e+03 9.997310000000000363e-01
3.009500000000000000e+03 9.980409999999999560e-01
3.013500000000000000e+03 9.942980000000000151e-01
3.017500000000000000e+03 9.840539999999999843e-01
3.021500000000000000e+03 9.680419999999999581e-01
3.025500000000000000e+03 9.419579999999999620e-01
3.029500000000000000e+03 9.042059999999999542e-01
3.033500000000000000e+03 8.570879999999999610e-01
3.037500000000000000e+03 7.966269999999999740e-01
3.041500000000000000e+03 7.287460000000000049e-01
3.045500000000000000e+03 6.546349999999999669e-01
3.049500000000000000e+03 5.763289999999999802e-01
3.053500000000000000e+03 5.001349999999999962e-01
3.057500000000000000e+03 4.260399999999999743e-01
3.061500000000000000e+03 3.572850000000000192e-01
3.065500000000000000e+03 2.968509999999999760e-01
3.069500000000000000e+03 2.435370000000000035e-01
3.073500000000000000e+03 2.000419999999999976e-01
3.077500000000000000e+03 1.648699999999999888e-01
3.081500000000000000e+03 1.381100000000000105e-01
3.085500000000000000e+03 1.185189999999999994e-01
3.089500000000000000e+03 1.042420000000000013e-01
3.093500000000000000e+03 9.470249999999999502e-02
3.097500000000000000e+03 8.756070000000000519e-02
3.101500000000000000e+03 8.289570000000000272e-02
3.105500000000000000e+03 7.927209999999999812e-02
3.109500000000000000e+03 7.681079999999999852e-02
3.113500000000000000e+03 7.477440000000000475e-02
3.117500000000000000e+03 7.346469999999999390e-02
3.121500000000000000e+03 7.261430000000000662e-02
3.125500000000000000e+03 7.210170000000000468e-02
3.129500000000000000e+03 7.164810000000000623e-02
3.133500000000000000e+03 7.125499999999999889e-02
3.137500000000000000e+03 7.099400000000000155e-02
3.141500000000000000e+03 7.074560000000000570e-02
3.145500000000000000e+03 7.049450000000000160e-02
3.149500000000000000e+03 7.024980000000000113e-02
3.153500000000000000e+03 7.001580000000000303e-02
3.157500000000000000e+03 6.978919999999999568e-02
3.161500000000000000e+03 6.959540000000000171e-02
3.165500000000000000e+03 6.946389999999999509e-02
3.169500000000000000e+03 6.937550000000000661e-02
3.173500000000000000e+03 6.924429999999999474e-02
3.177500000000000000e+03 6.909060000000000201e-02
3.181500000000000000e+03 6.897699999999999665e-02
3.185500000000000000e+03 6.885760000000000491e-02
3.189500000000000000e+03 6.875219999999999942e-02
3.193500000000000000e+03 6.867370000000000418e-02
3.197500000000000000e+03 6.856099999999999695e-02
3.201500000000000000e+03 6.848239999999999883e-02
3.205500000000000000e+03 6.837619999999999809e-02
3.209500000000000000e+03 6.823830000000000173e-02
3.213500000000000000e+03 6.807190000000000463e-02
3.217500000000000000e+03 6.772880000000000567e-02
3.221500000000000000e+03 6.727289999999999659e-02
3.225500000000000000e+03 6.667689999999999728e-02
3.229500000000000000e+03 6.583250000000000213e-02
3.233500000000000000e+03 6.483070000000000499e-02
3.237500000000000000e+03 6.338760000000000228e-02
3.241500000000000000e+03 6.162800000000000222e-02
3.245500000000000000e+03 5.963469999999999882e-02
3.249500000000000000e+03 5.725849999999999690e-02
3.253500000000000000e+03 5.468869999999999981e-02
3.257500000000000000e+03 5.176769999999999983e-02
3.261500000000000000e+03 4.870139999999999886e-02
3.265500000000000000e+03 4.550490000000000090e-02
3.269500000000000000e+03 4.226909999999999695e-02
3.273500000000000000e+03 3.899470000000000020e-02
3.277500000000000000e+03 3.568430000000000213e-02
3.281500000000000000e+03 3.242690000000000156e-02
3.285500000000000000e+03 2.929330000000000128e-02
3.289500000000000000e+03 2.624119999999999925e-02
3.293500000000000000e+03 2.339420000000000041e-02
3.297500000000000000e+03 2.072770000000000168e-02
3.301500000000000000e+03 1.825449999999999989e-02
3.305500000000000000e+03 1.607690000000000161e-02
3.309500000000000000e+03 1.402680000000000073e-02
3.313500000000000000e+03 1.227029999999999961e-02
3.317500000000000000e+03 1.063739999999999998e-02
3.321500000000000000e+03 9.215829999999999508e-03
3.325500000000000000e+03 7.988560000000000452e-03
3.329500000000000000e+03 6.870410000000000406e-03
3.333500000000000000e+03 5.960759999999999843e-03
3.337500000000000000e+03 5.119699999999999598e-03
3.341500000000000000e+03 4.431599999999999949e-03
3.345500000000000000e+03 3.830599999999999977e-03
3.349500000000000000e+03 3.304220000000000074e-03
3.353500000000000000e+03 2.879239999999999924e-03
3.357500000000000000e+03 2.488660000000000178e-03
3.361500000000000000e+03 2.177989999999999874e-03
3.365500000000000000e+03 1.897189999999999988e-03
3.369500000000000000e+03 1.658359999999999999e-03
3.373500000000000000e+03 1.456739999999999988e-03
3.377500000000000000e+03 1.277549999999999910e-03
3.381500000000000000e+03 1.132049999999999897e-03
3.385500000000000000e+03 9.559460000000000526e-04
3.389500000000000000e+03 7.542789999999999521e-04
3.393500000000000000e+03 5.830600000000000453e-04
3.397500000000000000e+03 5.089470000000000452e-04
3.401500000000000000e+03 4.568020000000000218e-04
3.405500000000000000e+03 3.981249999999999871e-04
3.409500000000000000e+03 2.833889999999999933e-04
3.413500000000000000e+03 1.582630000000000126e-04
3.417500000000000000e+03 1.026549999999999989e-04
3.421500000000000000e+03 9.631009999999999799e-05
3.425500000000000000e+03 9.049269999999999504e-05
3.429500000000000000e+03 8.504410000000000116e-05
3.433500000000000000e+03 7.994920000000000357e-05
3.437500000000000000e+03 7.507109999999999348e-05
3.441500000000000000e+03 7.023750000000000642e-05
3.445500000000000000e+03 6.551879999999999347e-05
3.449500000000000000e+03 6.091869999999999664e-05
3.453500000000000000e+03 5.657809999999999961e-05
3.457500000000000000e+03 5.255590000000000278e-05
3.461500000000000000e+03 4.881509999999999956e-05
3.465500000000000000e+03 4.596070000000000195e-05
3.469500000000000000e+03 4.099519999999999673e-05
3.473500000000000000e+03 2.215879999999999865e-05
3.477500000000000000e+03 8.846189999999999409e-06
3.481500000000000000e+03 8.695829999999999378e-06
3.485500000000000000e+03 8.563539999999999667e-06
3.489500000000000000e+03 8.420519999999999806e-06
3.493500000000000000e+03 8.307059999999999371e-06
3.497500000000000000e+03 8.212229999999999468e-06
3.501500000000000000e+03 8.135389999999999370e-06
3.505500000000000000e+03 8.103780000000000532e-06
3.509500000000000000e+03 8.075479999999999464e-06
3.513500000000000000e+03 8.061010000000000262e-06
3.517500000000000000e+03 8.050070000000000668e-06
3.521500000000000000e+03 8.070909999999999947e-06
3.525500000000000000e+03 8.123719999999999531e-06
3.529500000000000000e+03 8.185000000000000408e-06
3.533500000000000000e+03 8.279850000000000016e-06
3.537500000000000000e+03 8.374239999999999633e-06
3.541500000000000000e+03 8.399600000000000013e-06
3.545500000000000000e+03 8.397219999999999538e-06
3.549500000000000000e+03 8.387999999999999989e-06
3.553500000000000000e+03 8.367819999999999447e-06
3.557500000000000000e+03 8.347649999999999604e-06
3.561500000000000000e+03 8.327519999999999172e-06
3.565500000000000000e+03 8.307399999999999439e-06
3.569500000000000000e+03 8.287270000000000701e-06
3.573500000000000000e+03 8.267140000000000269e-06
3.577500000000000000e+03 8.246669999999999768e-06
3.581500000000000000e+03 8.225390000000000202e-06
3.585500000000000000e+03 8.194209999999999257e-06
3.589500000000000000e+03 8.062239999999999909e-06
3.593500000000000000e+03 7.906549999999999711e-06
3.597500000000000000e+03 7.435550000000000324e-06
3.601500000000000000e+03 6.679629999999999945e-06
3.605500000000000000e+03 6.096579999999999658e-06
3.609500000000000000e+03 6.121990000000000148e-06
3.613500000000000000e+03 6.194290000000000286e-06
3.617500000000000000e+03 6.286789999999999824e-06
3.621500000000000000e+03 6.386679999999999641e-06
3.625500000000000000e+03 6.684759999999999674e-06
3.629500000000000000e+03 7.267560000000000261e-06
3.633500000000000000e+03 7.848399999999999260e-06
3.637500000000000000e+03 8.419000000000000200e-06
3.641500000000000000e+03 8.982830000000000187e-06
3.645500000000000000e+03 9.220459999999999808e-06
3.649500000000000000e+03 9.284679999999999678e-06
3.653500000000000000e+03 9.326510000000000258e-06
3.657500000000000000e+03 9.321110000000000276e-06
3.661500000000000000e+03 9.322239999999999704e-06
3.665500000000000000e+03 9.391830000000000845e-06
3.669500000000000000e+03 9.476310000000000077e-06
3.673500000000000000e+03 9.546230000000000587e-06
3.677500000000000000e+03 9.604339999999999934e-06
3.681500000000000000e+03 9.675450000000000681e-06
3.685500000000000000e+03 9.787479999999999336e-06
3.689500000000000000e+03 9.906350000000000453e-06
3.693500000000000000e+03 1.008880000000000071e-05
3.697500000000000000e+03 1.029239999999999992e-05
3.701500000000000000e+03 1.045539999999999988e-05
3.705500000000000000e+03 1.056620000000000058e-05
3.709500000000000000e+03 1.066900000000000068e-05
3.713500000000000000e+03 1.073380000000000047e-05
3.717500000000000000e+03 1.079529999999999979e-05
3.721500000000000000e+03 1.090920000000000052e-05
3.725500000000000000e+03 1.104869999999999977e-05
3.729500000000000000e+03 1.117400000000000008e-05
3.733500000000000000e+03 1.127199999999999982e-05
3.737500000000000000e+03 1.136500000000000045e-05
3.741500000000000000e+03 1.142549999999999928e-05
3.745500000000000000e+03 1.147959999999999932e-05
3.749500000000000000e+03 1.156360000000000055e-05
3.753500000000000000e+03 1.166930000000000023e-05
3.757500000000000000e+03 1.174249999999999980e-05
3.761500000000000000e+03 1.172340000000000028e-05
3.765500000000000000e+03 1.169870000000000033e-05
3.769500000000000000e+03 1.167330000000000054e-05
3.773500000000000000e+03 1.164749999999999987e-05
3.777500000000000000e+03 1.168550000000000018e-05
3.781500000000000000e+03 1.179690000000000050e-05
3.785500000000000000e+03 1.191299999999999927e-05
3.789500000000000000e+03 1.204929999999999998e-05
3.793500000000000000e+03 1.218870000000000072e-05
3.797500000000000000e+03 1.235059999999999996e-05
3.801500000000000000e+03 1.252279999999999977e-05
3.805500000000000000e+03 1.267489999999999955e-05
3.809500000000000000e+03 1.279100000000000002e-05
3.813500000000000000e+03 1.289630000000000051e-05
3.817500000000000000e+03 1.293260000000000049e-05
3.821500000000000000e+03 1.295650000000000038e-05
3.825500000000000000e+03 1.300549999999999940e-05
3.829500000000000000e+03 1.307090000000000050e-05
3.833500000000000000e+03 1.314929999999999962e-05
3.837500000000000000e+03 1.326119999999999934e-05
3.841500000000000000e+03 1.336150000000000074e-05
3.845500000000000000e+03 1.329510000000000083e-05
3.849500000000000000e+03 1.318460000000000079e-05
3.853500000000000000e+03 1.312640000000000023e-05
3.857500000000000000e+03 1.312250000000000014e-05
3.861500000000000000e+03 1.314709999999999988e-05
3.865500000000000000e+03 1.328769999999999985e-05
3.869500000000000000e+03 1.343429999999999943e-05
3.873500000000000000e+03 1.348950000000000019e-05
3.877500000000000000e+03 1.350699999999999960e-05
3.881500000000000000e+03 1.137350000000000046e-05
3.885500000000000000e+03 5.673550000000000084e-06
3.889500000000000000e+03 6.992789999999999713e-07
