3.411500000000000000e+03 0.000000000000000000e+00
3.419500000000000000e+03 2.137400000000000068e-07
3.427500000000000000e+03 1.402920000000000071e-06
3.435500000000000000e+03 2.512560000000000047e-06
3.443500000000000000e+03 3.521229999999999827e-06
3.451500000000000000e+03 4.591399999999999781e-06
3.459500000000000000e+03 4.613760000000000360e-06
3.467500000000000000e+03 4.404310000000000188e-06
3.475500000000000000e+03 4.270380000000000100e-06
3.483500000000000000e+03 4.152089999999999747e-06
3.491500000000000000e+03 4.534040000000000384e-06
3.499500000000000000e+03 5.780499999999999967e-06
3.507500000000000000e+03 1.060620000000000020e-05
3.515500000000000000e+03 1.946249999999999874e-05
3.523500000000000000e+03 2.221939999999999939e-05
3.531500000000000000e+03 2.221619999999999915e-05
3.539500000000000000e+03 2.226150000000000023e-05
3.547500000000000000e+03 2.237490000000000155e-05
3.555500000000000000e+03 2.245970000000000114e-05
3.563500000000000000e+03 2.280870000000000068e-05
3.571500000000000000e+03 2.328519999999999857e-05
3.579500000000000000e+03 2.370000000000000009e-05
3.587500000000000000e+03 2.417559999999999940e-05
3.595500000000000000e+03 2.493170000000000051e-05
3.603500000000000000e+03 2.511400000000000045e-05
3.611500000000000000e+03 2.504490000000000139e-05
3.619500000000000000e+03 2.536959999999999847e-05
3.627500000000000000e+03 2.566359999999999938e-05
3.635500000000000000e+03 2.571850000000000118e-05
3.643500000000000000e+03 2.567470000000000001e-05
3.651500000000000000e+03 2.554129999999999888e-05
3.659500000000000000e+03 2.533990000000000111e-05
3.667500000000000000e+03 2.515229999999999972e-05
3.675500000000000000e+03 2.497390000000000157e-05
3.683500000000000000e+03 2.490339999999999945e-05
3.691500000000000000e+03 2.499640000000000008e-05
3.699500000000000000e+03 2.559000000000000063e-05
3.707500000000000000e+03 2.641060000000000087e-05
3.715500000000000000e+03 2.743419999999999900e-05
3.723500000000000000e+03 2.824290000000000025e-05
3.731500000000000000e+03 2.876100000000000127e-05
3.739500000000000000e+03 2.915839999999999852e-05
3.747500000000000000e+03 2.954740000000000106e-05
3.755500000000000000e+03 3.010549999999999831e-05
3.763500000000000000e+03 3.046970000000000068e-05
3.771500000000000000e+03 3.051610000000000078e-05
3.779500000000000000e+03 3.049310000000000117e-05
3.787500000000000000e+03 3.049000000000000115e-05
3.795500000000000000e+03 3.075860000000000058e-05
3.803500000000000000e+03 3.134229999999999975e-05
3.811500000000000000e+03 3.240759999999999783e-05
3.819500000000000000e+03 3.352399999999999955e-05
3.827500000000000000e+03 3.468360000000000112e-05
3.835500000000000000e+03 3.598140000000000079e-05
3.843500000000000000e+03 3.715940000000000204e-05
3.851500000000000000e+03 3.797780000000000085e-05
3.859500000000000000e+03 3.833849999999999894e-05
3.867500000000000000e+03 3.844019999999999832e-05
3.875500000000000000e+03 3.844389999999999965e-05
3.883500000000000000e+03 3.866299999999999896e-05
3.891500000000000000e+03 3.963490000000000231e-05
3.899500000000000000e+03 4.079980000000000195e-05
3.907500000000000000e+03 4.208929999999999697e-05
3.915500000000000000e+03 4.332009999999999881e-05
3.923500000000000000e+03 4.457350000000000277e-05
3.931500000000000000e+03 4.588330000000000164e-05
3.939500000000000000e+03 4.743710000000000022e-05
3.947500000000000000e+03 4.921319999999999834e-05
3.955500000000000000e+03 5.085039999999999683e-05
3.963500000000000000e+03 5.243770000000000110e-05
3.971500000000000000e+03 5.401040000000000046e-05
3.979500000000000000e+03 5.609430000000000264e-05
3.987500000000000000e+03 5.882810000000000009e-05
3.995500000000000000e+03 6.120860000000000211e-05
4.003500000000000000e+03 6.349669999999999804e-05
4.011500000000000000e+03 6.596820000000000309e-05
4.019500000000000000e+03 6.857080000000000423e-05
4.027500000000000000e+03 7.112860000000000200e-05
4.035500000000000000e+03 7.365530000000000612e-05
4.043500000000000000e+03 7.632359999999999546e-05
4.051500000000000000e+03 7.975260000000000617e-05
4.059500000000000000e+03 8.371829999999999431e-05
4.067500000000000000e+03 8.847059999999999961e-05
4.075500000000000000e+03 9.337369999999999676e-05
4.083500000000000000e+03 9.778890000000000152e-05
4.091500000000000000e+03 9.586119999999999624e-05
4.099500000000000000e+03 9.518730000000000257e-05
4.107500000000000000e+03 1.000740000000000044e-04
4.115500000000000000e+03 1.086809999999999984e-04
4.123500000000000000e+03 1.206490000000000031e-04
4.131500000000000000e+03 1.398700000000000008e-04
4.139500000000000000e+03 1.605180000000000105e-04
4.147500000000000000e+03 1.792949999999999969e-04
4.155500000000000000e+03 1.980910000000000114e-04
4.163500000000000000e+03 2.182560000000000056e-04
4.171500000000000000e+03 2.402380000000000129e-04
4.179500000000000000e+03 2.663589999999999751e-04
4.187500000000000000e+03 2.972499999999999882e-04
4.195500000000000000e+03 3.343670000000000192e-04
4.203500000000000000e+03 3.773760000000000135e-04
4.211500000000000000e+03 4.368350000000000011e-04
4.219500000000000000e+03 5.656889999999999705e-04
4.227500000000000000e+03 7.356030000000000381e-04
4.235500000000000000e+03 9.663420000000000256e-04
4.243500000000000000e+03 1.281079999999999979e-03
4.251500000000000000e+03 1.709299999999999969e-03
4.259500000000000000e+03 2.209200000000000139e-03
4.267500000000000000e+03 2.875210000000000005e-03
4.275500000000000000e+03 3.694189999999999974e-03
4.283500000000000000e+03 4.686390000000000347e-03
4.291500000000000000e+03 5.858300000000000313e-03
4.299500000000000000e+03 7.316119999999999741e-03
4.307500000000000000e+03 9.015260000000000634e-03
4.315500000000000000e+03 1.088560000000000048e-02
4.323500000000000000e+03 1.295469999999999955e-02
4.331500000000000000e+03 1.524750000000000064e-02
4.339500000000000000e+03 1.782890000000000169e-02
4.347500000000000000e+03 2.064279999999999934e-02
4.355500000000000000e+03 2.372089999999999962e-02
4.363500000000000000e+03 2.699539999999999926e-02
4.371500000000000000e+03 3.056489999999999901e-02
4.379500000000000000e+03 3.428169999999999829e-02
4.387500000000000000e+03 3.838420000000000026e-02
4.395500000000000000e+03 4.268999999999999878e-02
4.403500000000000000e+03 4.752089999999999786e-02
4.411500000000000000e+03 5.270289999999999697e-02
4.419500000000000000e+03 5.838909999999999934e-02
4.427500000000000000e+03 6.466689999999999938e-02
4.435500000000000000e+03 7.144910000000000150e-02
4.443500000000000000e+03 7.899140000000000328e-02
4.451500000000000000e+03 8.702989999999999338e-02
4.459500000000000000e+03 9.555829999999999880e-02
4.467500000000000000e+03 1.044199999999999989e-01
4.475500000000000000e+03 1.135260000000000019e-01
4.483500000000000000e+03 1.235030000000000017e-01
4.491500000000000000e+03 1.341569999999999985e-01
4.499500000000000000e+03 1.462469999999999881e-01
4.507500000000000000e+03 1.584959999999999980e-01
4.515500000000000000e+03 1.712660000000000016e-01
4.523500000000000000e+03 1.830209999999999892e-01
4.531500000000000000e+03 1.935919999999999863e-01
4.539500000000000000e+03 2.026890000000000081e-01
4.547500000000000000e+03 2.100219999999999865e-01
4.555500000000000000e+03 2.164159999999999973e-01
4.563500000000000000e+03 2.220669999999999866e-01
4.571500000000000000e+03 2.281140000000000112e-01
4.579500000000000000e+03 2.338149999999999951e-01
4.587500000000000000e+03 2.389610000000000067e-01
4.595500000000000000e+03 2.444399999999999906e-01
4.603500000000000000e+03 2.491619999999999946e-01
4.611500000000000000e+03 2.542780000000000040e-01
4.619500000000000000e+03 2.582050000000000178e-01
4.627500000000000000e+03 2.598920000000000119e-01
4.635500000000000000e+03 2.616140000000000132e-01
4.643500000000000000e+03 2.623219999999999996e-01
4.651500000000000000e+03 2.641089999999999827e-01
4.659500000000000000e+03 2.678229999999999777e-01
4.667500000000000000e+03 2.730319999999999969e-01
4.675500000000000000e+03 2.815340000000000065e-01
4.683500000000000000e+03 2.916309999999999736e-01
4.691500000000000000e+03 3.050030000000000241e-01
4.699500000000000000e+03 3.206249999999999933e-01
4.707500000000000000e+03 3.377550000000000274e-01
4.715500000000000000e+03 3.567009999999999903e-01
4.723500000000000000e+03 3.776269999999999905e-01
4.731500000000000000e+03 4.032350000000000101e-01
4.739500000000000000e+03 4.332269999999999732e-01
4.747500000000000000e+03 4.722839999999999816e-01
4.755500000000000000e+03 5.177009999999999668e-01
4.763500000000000000e+03 5.709610000000000518e-01
4.771500000000000000e+03 6.307120000000000504e-01
4.779500000000000000e+03 6.990779999999999772e-01
4.787500000000000000e+03 7.682290000000000507e-01
4.795500000000000000e+03 8.349320000000000075e-01
4.803500000000000000e+03 8.932390000000000052e-01
4.811500000000000000e+03 9.363289999999999669e-01
4.819500000000000000e+03 9.700809999999999711e-01
4.827500000000000000e+03 9.882360000000000033e-01
4.835500000000000000e+03 9.962290000000000312e-01
4.843500000000000000e+03 9.993100000000000316e-01
4.851500000000000000e+03 9.993840000000000501e-01
4.859500000000000000e+03 9.994539999999999536e-01
4.867500000000000000e+03 1.000000000000000000e+00
4.875500000000000000e+03 9.994150000000000533e-01
4.883500000000000000e+03 9.980780000000000207e-01
4.891500000000000000e+03 9.943670000000000009e-01
4.899500000000000000e+03 9.870419999999999749e-01
4.907500000000000000e+03 9.748780000000000223e-01
4.915500000000000000e+03 9.568710000000000271e-01
4.923500000000000000e+03 9.325360000000000316e-01
4.931500000000000000e+03 9.008909999999999973e-01
4.939500000000000000e+03 8.637350000000000305e-01
4.947500000000000000e+03 8.215099999999999625e-01
4.955500000000000000e+03 7.730979999999999519e-01
4.963500000000000000e+03 7.221899999999999986e-01
4.971500000000000000e+03 6.639199999999999546e-01
4.979500000000000000e+03 6.037630000000000496e-01
4.987500000000000000e+03 5.376250000000000195e-01
4.995500000000000000e+03 4.760039999999999827e-01
5.003500000000000000e+03 4.159979999999999789e-01
5.011500000000000000e+03 3.577049999999999952e-01
5.019500000000000000e+03 3.119410000000000238e-01
5.027500000000000000e+03 2.742850000000000010e-01
5.035500000000000000e+03 2.463789999999999869e-01
5.043500000000000000e+03 2.283229999999999982e-01
5.051500000000000000e+03 2.197810000000000041e-01
5.059500000000000000e+03 2.151510000000000089e-01
5.067500000000000000e+03 2.139020000000000088e-01
5.075500000000000000e+03 2.127509999999999957e-01
5.083500000000000000e+03 2.108420000000000016e-01
5.091500000000000000e+03 2.062199999999999867e-01
5.099500000000000000e+03 2.011380000000000112e-01
5.107500000000000000e+03 1.957409999999999983e-01
5.115500000000000000e+03 1.898390000000000077e-01
5.123500000000000000e+03 1.836750000000000049e-01
5.131500000000000000e+03 1.779350000000000098e-01
5.139500000000000000e+03 1.725430000000000019e-01
5.147500000000000000e+03 1.672200000000000075e-01
5.155500000000000000e+03 1.630209999999999992e-01
5.163500000000000000e+03 1.596029999999999949e-01
5.171500000000000000e+03 1.566420000000000035e-01
5.179500000000000000e+03 1.543009999999999937e-01
5.187500000000000000e+03 1.526550000000000129e-01
5.195500000000000000e+03 1.508379999999999999e-01
5.203500000000000000e+03 1.485930000000000029e-01
5.211500000000000000e+03 1.460440000000000071e-01
5.219500000000000000e+03 1.426459999999999950e-01
5.227500000000000000e+03 1.375230000000000063e-01
5.235500000000000000e+03 1.293870000000000020e-01
5.243500000000000000e+03 1.201009999999999994e-01
5.251500000000000000e+03 1.102029999999999954e-01
5.259500000000000000e+03 1.007399999999999962e-01
5.267500000000000000e+03 9.217870000000000230e-02
5.275500000000000000e+03 8.493900000000000061e-02
5.283500000000000000e+03 7.840769999999999684e-02
5.291500000000000000e+03 7.280580000000000385e-02
5.299500000000000000e+03 6.774130000000000429e-02
5.307500000000000000e+03 6.291289999999999383e-02
5.315500000000000000e+03 5.822220000000000173e-02
5.323500000000000000e+03 5.357669999999999794e-02
5.331500000000000000e+03 4.919779999999999986e-02
5.339500000000000000e+03 4.489420000000000216e-02
5.347500000000000000e+03 4.079239999999999949e-02
5.355500000000000000e+03 3.691789999999999655e-02
5.363500000000000000e+03 3.327759999999999746e-02
5.371500000000000000e+03 2.996230000000000074e-02
5.379500000000000000e+03 2.689539999999999986e-02
5.387500000000000000e+03 2.413809999999999914e-02
5.395500000000000000e+03 2.157440000000000052e-02
5.403500000000000000e+03 1.930660000000000015e-02
5.411500000000000000e+03 1.716720000000000051e-02
5.419500000000000000e+03 1.528479999999999943e-02
5.427500000000000000e+03 1.349430000000000074e-02
5.435500000000000000e+03 1.189710000000000073e-02
5.443500000000000000e+03 1.035810000000000029e-02
5.451500000000000000e+03 8.998219999999999483e-03
5.459500000000000000e+03 7.730420000000000000e-03
5.467500000000000000e+03 6.581700000000000224e-03
5.475500000000000000e+03 5.523700000000000311e-03
5.483500000000000000e+03 4.571959999999999913e-03
5.491500000000000000e+03 3.769890000000000133e-03
5.499500000000000000e+03 3.037769999999999967e-03
5.507500000000000000e+03 1.921699999999999927e-03
5.515500000000000000e+03 9.998080000000000335e-04
5.523500000000000000e+03 7.951749999999999617e-04
5.531500000000000000e+03 6.648269999999999961e-04
5.539500000000000000e+03 5.518940000000000391e-04
5.547500000000000000e+03 4.392290000000000192e-04
5.555500000000000000e+03 3.466739999999999947e-04
5.563500000000000000e+03 2.842020000000000006e-04
5.571500000000000000e+03 2.382929999999999901e-04
5.579500000000000000e+03 2.107269999999999901e-04
5.587500000000000000e+03 1.944790000000000060e-04
5.595500000000000000e+03 1.820240000000000042e-04
5.603500000000000000e+03 1.732869999999999962e-04
5.611500000000000000e+03 1.625479999999999894e-04
5.619500000000000000e+03 1.461239999999999989e-04
5.627500000000000000e+03 1.245340000000000108e-04
5.635500000000000000e+03 1.096410000000000028e-04
5.643500000000000000e+03 9.796290000000000358e-05
5.651500000000000000e+03 7.578240000000000139e-05
5.659500000000000000e+03 5.691310000000000233e-05
5.667500000000000000e+03 5.287030000000000099e-05
5.675500000000000000e+03 5.247099999999999957e-05
5.683500000000000000e+03 5.225530000000000095e-05
5.691500000000000000e+03 5.186839999999999962e-05
5.699500000000000000e+03 5.149729999999999905e-05
5.707500000000000000e+03 5.195079999999999734e-05
5.715500000000000000e+03 5.262380000000000258e-05
5.723500000000000000e+03 5.142889999999999815e-05
5.731500000000000000e+03 4.430329999999999983e-05
5.739500000000000000e+03 2.138070000000000012e-05
5.747500000000000000e+03 2.356609999999999871e-06
