2.324500000000000000e+03 0.000000000000000000e+00
2.330500000000000000e+03 8.125170000000000222e-08
2.336500000000000000e+03 3.325080000000000020e-06
2.342500000000000000e+03 8.189500000000000111e-06
2.348500000000000000e+03 1.046880000000000046e-05
2.354500000000000000e+03 1.071150000000000070e-05
2.360500000000000000e+03 1.105409999999999976e-05
2.366500000000000000e+03 1.152660000000000074e-05
2.372500000000000000e+03 1.200460000000000023e-05
2.378500000000000000e+03 1.249380000000000056e-05
2.384500000000000000e+03 1.297229999999999945e-05
2.390500000000000000e+03 1.341770000000000030e-05
2.396500000000000000e+03 1.380630000000000027e-05
2.402500000000000000e+03 1.393310000000000048e-05
2.408500000000000000e+03 1.399880000000000055e-05
2.414500000000000000e+03 1.383800000000000032e-05
2.420500000000000000e+03 1.362500000000000084e-05
2.426500000000000000e+03 1.333559999999999985e-05
2.432500000000000000e+03 1.302210000000000023e-05
2.438500000000000000e+03 1.274739999999999928e-05
2.444500000000000000e+03 1.249200000000000000e-05
2.450500000000000000e+03 1.245570000000000002e-05
2.456500000000000000e+03 1.258780000000000000e-05
2.462500000000000000e+03 1.288090000000000063e-05
2.468500000000000000e+03 1.337779999999999921e-05
2.474500000000000000e+03 1.390099999999999955e-05
2.480500000000000000e+03 1.447560000000000079e-05
2.486500000000000000e+03 1.496169999999999941e-05
2.492500000000000000e+03 1.518000000000000035e-05
2.498500000000000000e+03 1.528650000000000009e-05
2.504500000000000000e+03 1.494869999999999970e-05
2.510500000000000000e+03 1.449669999999999963e-05
2.516500000000000000e+03 1.357659999999999974e-05
2.522500000000000000e+03 1.254989999999999990e-05
2.528500000000000000e+03 1.136360000000000077e-05
2.534500000000000000e+03 1.012880000000000033e-05
2.540500000000000000e+03 8.991509999999999230e-06
2.546500000000000000e+03 7.902110000000000817e-06
2.552500000000000000e+03 7.061660000000000250e-06
2.558500000000000000e+03 6.407699999999999654e-06
2.564500000000000000e+03 5.988570000000000161e-06
2.570500000000000000e+03 5.859369999999999772e-06
2.576500000000000000e+03 5.882219999999999901e-06
2.582500000000000000e+03 6.194760000000000130e-06
2.588500000000000000e+03 6.576570000000000292e-06
2.594500000000000000e+03 7.140110000000000320e-06
2.600500000000000000e+03 7.711679999999999661e-06
2.606500000000000000e+03 8.267489999999999342e-06
2.612500000000000000e+03 8.798749999999999402e-06
2.618500000000000000e+03 9.160229999999999539e-06
2.624500000000000000e+03 9.461239999999999559e-06
2.630500000000000000e+03 9.402829999999999554e-06
2.636500000000000000e+03 9.221510000000000416e-06
2.642500000000000000e+03 8.717620000000000739e-06
2.648500000000000000e+03 8.059089999999999779e-06
2.654500000000000000e+03 7.361630000000000361e-06
2.660500000000000000e+03 6.635759999999999804e-06
2.666500000000000000e+03 5.951379999999999760e-06
2.672500000000000000e+03 5.316980000000000379e-06
2.678500000000000000e+03 4.741069999999999824e-06
2.684500000000000000e+03 4.274210000000000367e-06
2.690500000000000000e+03 3.876179999999999707e-06
2.696500000000000000e+03 3.667969999999999883e-06
2.702500000000000000e+03 3.478839999999999882e-06
2.708500000000000000e+03 3.324380000000000179e-06
2.714500000000000000e+03 3.178779999999999828e-06
2.720500000000000000e+03 3.069000000000000178e-06
2.726500000000000000e+03 2.968530000000000020e-06
2.732500000000000000e+03 2.898069999999999851e-06
2.738500000000000000e+03 2.836220000000000180e-06
2.744500000000000000e+03 2.754079999999999896e-06
2.750500000000000000e+03 2.662419999999999829e-06
2.756500000000000000e+03 2.587050000000000074e-06
2.762500000000000000e+03 2.523270000000000068e-06
2.768500000000000000e+03 2.445300000000000118e-06
2.774500000000000000e+03 2.350669999999999806e-06
2.780500000000000000e+03 2.265919999999999898e-06
2.786500000000000000e+03 2.199230000000000033e-06
2.792500000000000000e+03 2.125029999999999964e-06
2.798500000000000000e+03 2.028719999999999865e-06
2.804500000000000000e+03 1.938689999999999898e-06
2.810500000000000000e+03 2.793410000000000077e-06
2.816500000000000000e+03 7.540730000000000052e-06
2.822500000000000000e+03 1.231520000000000027e-05
2.828500000000000000e+03 1.289739999999999954e-05
2.834500000000000000e+03 1.278570000000000025e-05
2.840500000000000000e+03 1.405730000000000007e-05
2.846500000000000000e+03 1.593329999999999871e-05
2.852500000000000000e+03 1.668340000000000022e-05
2.858500000000000000e+03 1.644179999999999901e-05
2.864500000000000000e+03 1.609609999999999993e-05
2.870500000000000000e+03 1.577569999999999873e-05
2.876500000000000000e+03 1.567910000000000037e-05
2.882500000000000000e+03 1.605249999999999920e-05
2.888500000000000000e+03 1.885519999999999864e-05
2.894500000000000000e+03 2.206629999999999912e-05
2.900500000000000000e+03 2.288809999999999860e-05
2.906500000000000000e+03 2.348060000000000013e-05
2.912500000000000000e+03 2.640160000000000147e-05
2.918500000000000000e+03 2.932750000000000000e-05
2.924500000000000000e+03 2.988179999999999908e-05
2.930500000000000000e+03 2.999169999999999950e-05
2.936500000000000000e+03 3.009629999999999847e-05
2.942500000000000000e+03 2.987409999999999914e-05
2.948500000000000000e+03 2.946279999999999852e-05
2.954500000000000000e+03 2.930140000000000037e-05
2.960500000000000000e+03 2.929759999999999881e-05
2.966500000000000000e+03 2.913269999999999976e-05
2.972500000000000000e+03 2.901469999999999852e-05
2.978500000000000000e+03 2.910149999999999911e-05
2.984500000000000000e+03 2.922509999999999908e-05
2.990500000000000000e+03 2.904559999999999851e-05
2.996500000000000000e+03 2.892389999999999932e-05
3.002500000000000000e+03 2.899789999999999895e-05
3.008500000000000000e+03 2.906380000000000115e-05
3.014500000000000000e+03 2.901750000000000127e-05
3.020500000000000000e+03 2.895279999999999832e-05
3.026500000000000000e+03 2.892610000000000076e-05
3.032500000000000000e+03 2.894440000000000023e-05
3.038500000000000000e+03 2.897039999999999964e-05
3.044500000000000000e+03 2.916209999999999985e-05
3.050500000000000000e+03 2.937319999999999856e-05
3.056500000000000000e+03 2.967629999999999910e-05
3.062500000000000000e+03 3.001319999999999921e-05
3.068500000000000000e+03 3.043240000000000021e-05
3.074500000000000000e+03 3.088079999999999748e-05
3.080500000000000000e+03 3.135810000000000051e-05
3.086500000000000000e+03 3.189870000000000005e-05
3.092500000000000000e+03 3.239060000000000122e-05
3.098500000000000000e+03 3.271919999999999668e-05
3.104500000000000000e+03 3.291930000000000176e-05
3.110500000000000000e+03 3.310899999999999759e-05
3.116500000000000000e+03 3.331399999999999986e-05
3.122500000000000000e+03 3.352019999999999799e-05
3.128500000000000000e+03 3.370019999999999965e-05
3.134500000000000000e+03 3.404720000000000158e-05
3.140500000000000000e+03 3.440560000000000141e-05
3.146500000000000000e+03 3.486489999999999885e-05
3.152500000000000000e+03 3.540990000000000126e-05
3.158500000000000000e+03 3.634980000000000220e-05
3.164500000000000000e+03 3.750610000000000331e-05
3.170500000000000000e+03 3.859459999999999806e-05
3.176500000000000000e+03 3.949850000000000138e-05
3.182500000000000000e+03 4.035160000000000174e-05
3.188500000000000000e+03 4.106019999999999695e-05
3.194500000000000000e+03 4.179919999999999784e-05
3.200500000000000000e+03 4.298440000000000133e-05
3.206500000000000000e+03 4.421110000000000095e-05
3.212500000000000000e+03 4.544750000000000151e-05
3.218500000000000000e+03 4.657959999999999699e-05
3.224500000000000000e+03 4.789200000000000157e-05
3.230500000000000000e+03 4.941149999999999948e-05
3.236500000000000000e+03 5.119369999999999742e-05
3.242500000000000000e+03 5.321549999999999897e-05
3.248500000000000000e+03 5.523840000000000293e-05
3.254500000000000000e+03 5.724050000000000194e-05
3.260500000000000000e+03 5.936489999999999806e-05
3.266500000000000000e+03 6.193320000000000530e-05
3.272500000000000000e+03 6.483359999999999536e-05
3.278500000000000000e+03 6.815450000000000620e-05
3.284500000000000000e+03 7.151149999999999456e-05
3.290500000000000000e+03 7.512169999999999601e-05
3.296500000000000000e+03 7.898540000000000443e-05
3.302500000000000000e+03 8.378000000000000085e-05
3.308500000000000000e+03 8.898529999999999656e-05
3.314500000000000000e+03 9.453629999999999813e-05
3.320500000000000000e+03 1.004990000000000012e-04
3.326500000000000000e+03 1.070330000000000034e-04
3.332500000000000000e+03 1.144370000000000023e-04
3.338500000000000000e+03 1.226939999999999877e-04
3.344500000000000000e+03 1.324060000000000059e-04
3.350500000000000000e+03 1.427350000000000081e-04
3.356500000000000000e+03 1.545240000000000133e-04
3.362500000000000000e+03 1.663099999999999984e-04
3.368500000000000000e+03 1.787690000000000091e-04
3.374500000000000000e+03 1.938069999999999962e-04
3.380500000000000000e+03 2.133570000000000106e-04
3.386500000000000000e+03 2.353420000000000110e-04
3.392500000000000000e+03 2.597340000000000174e-04
3.398500000000000000e+03 2.880080000000000248e-04
3.404500000000000000e+03 3.722740000000000207e-04
3.410500000000000000e+03 5.346949999999999620e-04
3.416500000000000000e+03 7.086240000000000377e-04
3.422500000000000000e+03 8.982039999999999946e-04
3.428500000000000000e+03 1.135600000000000064e-03
3.434500000000000000e+03 1.494029999999999924e-03
3.440500000000000000e+03 1.888219999999999916e-03
3.446500000000000000e+03 2.386549999999999869e-03
3.452500000000000000e+03 2.912189999999999831e-03
3.458500000000000000e+03 3.515299999999999848e-03
3.464500000000000000e+03 4.284190000000000220e-03
3.470500000000000000e+03 5.297389999999999911e-03
3.476500000000000000e+03 6.373570000000000277e-03
3.482500000000000000e+03 7.520869999999999812e-03
3.488500000000000000e+03 8.824520000000000627e-03
3.494500000000000000e+03 1.059399999999999925e-02
3.500500000000000000e+03 1.261310000000000035e-02
3.506500000000000000e+03 1.517740000000000061e-02
3.512500000000000000e+03 1.795739999999999836e-02
3.518500000000000000e+03 2.119479999999999975e-02
3.524500000000000000e+03 2.481950000000000128e-02
3.530500000000000000e+03 2.906910000000000049e-02
3.536500000000000000e+03 3.387479999999999658e-02
3.542500000000000000e+03 3.919290000000000274e-02
3.548500000000000000e+03 4.516400000000000275e-02
3.554500000000000000e+03 5.146749999999999936e-02
3.560500000000000000e+03 5.842230000000000339e-02
3.566500000000000000e+03 6.571009999999999351e-02
3.572500000000000000e+03 7.361099999999999588e-02
3.578500000000000000e+03 8.181309999999999971e-02
3.584500000000000000e+03 9.026760000000000339e-02
3.590500000000000000e+03 9.899489999999999679e-02
3.596500000000000000e+03 1.077660000000000007e-01
3.602500000000000000e+03 1.168050000000000060e-01
3.608500000000000000e+03 1.257759999999999989e-01
3.614500000000000000e+03 1.348530000000000006e-01
3.620500000000000000e+03 1.437819999999999931e-01
3.626500000000000000e+03 1.525620000000000032e-01
3.632500000000000000e+03 1.612540000000000084e-01
3.638500000000000000e+03 1.695099999999999940e-01
3.644500000000000000e+03 1.778520000000000101e-01
3.650500000000000000e+03 1.856659999999999977e-01
3.656500000000000000e+03 1.935189999999999966e-01
3.662500000000000000e+03 2.004549999999999943e-01
3.668500000000000000e+03 2.072249999999999925e-01
3.674500000000000000e+03 2.128049999999999942e-01
3.680500000000000000e+03 2.183080000000000020e-01
3.686500000000000000e+03 2.247850000000000126e-01
3.692500000000000000e+03 2.316110000000000113e-01
3.698500000000000000e+03 2.385790000000000133e-01
3.704500000000000000e+03 2.452409999999999868e-01
3.710500000000000000e+03 2.507759999999999989e-01
3.716500000000000000e+03 2.558909999999999796e-01
3.722500000000000000e+03 2.610060000000000158e-01
3.728500000000000000e+03 2.660509999999999819e-01
3.734500000000000000e+03 2.707229999999999914e-01
3.740500000000000000e+03 2.749730000000000230e-01
3.746500000000000000e+03 2.787430000000000185e-01
3.752500000000000000e+03 2.823080000000000034e-01
3.758500000000000000e+03 2.854639999999999955e-01
3.764500000000000000e+03 2.880420000000000202e-01
3.770500000000000000e+03 2.901790000000000203e-01
3.776500000000000000e+03 2.914800000000000169e-01
3.782500000000000000e+03 2.925579999999999847e-01
3.788500000000000000e+03 2.935610000000000164e-01
3.794500000000000000e+03 2.945079999999999920e-01
3.800500000000000000e+03 2.953939999999999899e-01
3.806500000000000000e+03 2.962690000000000046e-01
3.812500000000000000e+03 2.981449999999999934e-01
3.818500000000000000e+03 3.004709999999999881e-01
3.824500000000000000e+03 3.057389999999999830e-01
3.830500000000000000e+03 3.127699999999999925e-01
3.836500000000000000e+03 3.243179999999999952e-01
3.842500000000000000e+03 3.408129999999999771e-01
3.848500000000000000e+03 3.614820000000000255e-01
3.854500000000000000e+03 3.912340000000000262e-01
3.860500000000000000e+03 4.277779999999999916e-01
3.866500000000000000e+03 4.782290000000000152e-01
3.872500000000000000e+03 5.394649999999999723e-01
3.878500000000000000e+03 6.130100000000000549e-01
3.884500000000000000e+03 6.914630000000000498e-01
3.890500000000000000e+03 7.616429999999999589e-01
3.896500000000000000e+03 8.201140000000000096e-01
3.902500000000000000e+03 8.654730000000000478e-01
3.908500000000000000e+03 9.005779999999999896e-01
3.914500000000000000e+03 9.263200000000000323e-01
3.920500000000000000e+03 9.419049999999999923e-01
3.926500000000000000e+03 9.519349999999999756e-01
3.932500000000000000e+03 9.562760000000000149e-01
3.938500000000000000e+03 9.599750000000000227e-01
3.944500000000000000e+03 9.636970000000000258e-01
3.950500000000000000e+03 9.683009999999999673e-01
3.956500000000000000e+03 9.734990000000000032e-01
3.962500000000000000e+03 9.805679999999999952e-01
3.968500000000000000e+03 9.886190000000000255e-01
3.974500000000000000e+03 9.953859999999999930e-01
3.980500000000000000e+03 9.997890000000000388e-01
3.986500000000000000e+03 1.000000000000000000e+00
3.992500000000000000e+03 9.965950000000000086e-01
3.998500000000000000e+03 9.913100000000000245e-01
4.004500000000000000e+03 9.851119999999999877e-01
4.010500000000000000e+03 9.793129999999999891e-01
4.016500000000000000e+03 9.712800000000000322e-01
4.022500000000000000e+03 9.607050000000000312e-01
4.028500000000000000e+03 9.425820000000000309e-01
4.034500000000000000e+03 9.158500000000000529e-01
4.040500000000000000e+03 8.843330000000000357e-01
4.046500000000000000e+03 8.439339999999999620e-01
4.052500000000000000e+03 7.955910000000000482e-01
4.058500000000000000e+03 7.386449999999999960e-01
4.064500000000000000e+03 6.697840000000000460e-01
4.070500000000000000e+03 5.986519999999999619e-01
4.076500000000000000e+03 5.223630000000000217e-01
4.082500000000000000e+03 4.530939999999999968e-01
4.088500000000000000e+03 3.906540000000000012e-01
4.094500000000000000e+03 3.399909999999999877e-01
4.100500000000000000e+03 3.039310000000000067e-01
4.106500000000000000e+03 2.766330000000000178e-01
4.112500000000000000e+03 2.597760000000000069e-01
4.118500000000000000e+03 2.470729999999999871e-01
4.124500000000000000e+03 2.384249999999999980e-01
4.130500000000000000e+03 2.324120000000000075e-01
4.136500000000000000e+03 2.277889999999999915e-01
4.142500000000000000e+03 2.243229999999999946e-01
4.148500000000000000e+03 2.212339999999999862e-01
4.154500000000000000e+03 2.184290000000000120e-01
4.160500000000000000e+03 2.155950000000000089e-01
4.166500000000000000e+03 2.131649999999999934e-01
4.172500000000000000e+03 2.107559999999999989e-01
4.178500000000000000e+03 2.082910000000000039e-01
4.184500000000000000e+03 2.061000000000000054e-01
4.190500000000000000e+03 2.041949999999999876e-01
4.196500000000000000e+03 2.027160000000000073e-01
4.202500000000000000e+03 2.015629999999999922e-01
4.208500000000000000e+03 2.002089999999999981e-01
4.214500000000000000e+03 1.986590000000000023e-01
4.220500000000000000e+03 1.967679999999999985e-01
4.226500000000000000e+03 1.946960000000000079e-01
4.232500000000000000e+03 1.926940000000000042e-01
4.238500000000000000e+03 1.906349999999999989e-01
4.244500000000000000e+03 1.884689999999999976e-01
4.250500000000000000e+03 1.860729999999999884e-01
4.256500000000000000e+03 1.835479999999999889e-01
4.262500000000000000e+03 1.812320000000000042e-01
4.268500000000000000e+03 1.789179999999999937e-01
4.274500000000000000e+03 1.762460000000000138e-01
4.280500000000000000e+03 1.734439999999999871e-01
4.286500000000000000e+03 1.700319999999999887e-01
4.292500000000000000e+03 1.662669999999999981e-01
4.298500000000000000e+03 1.623910000000000076e-01
4.304500000000000000e+03 1.582880000000000120e-01
4.310500000000000000e+03 1.536800000000000110e-01
4.316500000000000000e+03 1.485150000000000081e-01
4.322500000000000000e+03 1.430160000000000042e-01
4.328500000000000000e+03 1.370429999999999982e-01
4.334500000000000000e+03 1.308199999999999918e-01
4.340500000000000000e+03 1.241789999999999977e-01
4.346500000000000000e+03 1.170510000000000023e-01
4.352500000000000000e+03 1.096450000000000063e-01
4.358500000000000000e+03 1.018330000000000068e-01
4.364500000000000000e+03 9.399830000000000685e-02
4.370500000000000000e+03 8.604019999999999724e-02
4.376500000000000000e+03 7.819170000000000287e-02
4.382500000000000000e+03 7.048010000000000386e-02
4.388500000000000000e+03 6.302679999999999394e-02
4.394500000000000000e+03 5.602159999999999779e-02
4.400500000000000000e+03 4.934329999999999966e-02
4.406500000000000000e+03 4.318919999999999704e-02
4.412500000000000000e+03 3.752420000000000061e-02
4.418500000000000000e+03 3.249149999999999955e-02
4.424500000000000000e+03 2.799319999999999933e-02
4.430500000000000000e+03 2.414399999999999880e-02
4.436500000000000000e+03 2.080380000000000076e-02
4.442500000000000000e+03 1.798780000000000170e-02
4.448500000000000000e+03 1.554539999999999915e-02
4.454500000000000000e+03 1.351980000000000022e-02
4.460500000000000000e+03 1.179249999999999916e-02
4.466500000000000000e+03 1.034979999999999928e-02
4.472500000000000000e+03 9.072679999999999634e-03
4.478500000000000000e+03 7.986329999999999818e-03
4.484500000000000000e+03 7.057830000000000180e-03
4.490500000000000000e+03 6.267799999999999587e-03
4.496500000000000000e+03 5.595619999999999934e-03
4.502500000000000000e+03 5.000049999999999807e-03
4.508500000000000000e+03 4.437309999999999865e-03
4.514500000000000000e+03 3.865710000000000066e-03
4.520500000000000000e+03 3.358750000000000190e-03
4.526500000000000000e+03 2.893520000000000120e-03
4.532500000000000000e+03 2.310640000000000090e-03
4.538500000000000000e+03 1.840709999999999959e-03
4.544500000000000000e+03 1.609380000000000099e-03
4.550500000000000000e+03 1.372629999999999901e-03
4.556500000000000000e+03 1.182840000000000107e-03
4.562500000000000000e+03 1.018739999999999967e-03
4.568500000000000000e+03 6.956269999999999858e-04
4.574500000000000000e+03 3.898579999999999797e-04
4.580500000000000000e+03 3.362129999999999741e-04
4.586500000000000000e+03 3.094749999999999736e-04
4.592500000000000000e+03 2.778109999999999868e-04
4.598500000000000000e+03 2.532920000000000137e-04
4.604500000000000000e+03 2.390949999999999868e-04
4.610500000000000000e+03 2.307350000000000058e-04
4.616500000000000000e+03 2.160829999999999977e-04
4.622500000000000000e+03 1.712870000000000018e-04
4.628500000000000000e+03 1.221919999999999983e-04
4.634500000000000000e+03 1.045269999999999972e-04
4.640500000000000000e+03 1.001720000000000025e-04
4.646500000000000000e+03 9.546809999999999487e-05
4.652500000000000000e+03 9.071379999999999873e-05
4.658500000000000000e+03 7.954040000000000166e-05
4.664500000000000000e+03 6.156840000000000500e-05
4.670500000000000000e+03 3.607470000000000208e-05
4.676500000000000000e+03 1.378659999999999943e-05
4.682500000000000000e+03 5.450539999999999995e-06
4.688500000000000000e+03 5.317259999999999638e-06
4.694500000000000000e+03 5.239539999999999813e-06
4.700500000000000000e+03 5.172639999999999657e-06
4.706500000000000000e+03 5.132390000000000339e-06
4.712500000000000000e+03 5.111629999999999881e-06
4.718500000000000000e+03 5.096780000000000353e-06
4.724500000000000000e+03 5.089059999999999858e-06
4.730500000000000000e+03 5.096819999999999763e-06
4.736500000000000000e+03 5.133420000000000395e-06
4.742500000000000000e+03 5.178520000000000184e-06
4.748500000000000000e+03 5.246060000000000218e-06
4.754500000000000000e+03 5.303279999999999985e-06
4.760500000000000000e+03 5.307560000000000392e-06
4.766500000000000000e+03 5.304580000000000295e-06
4.772500000000000000e+03 5.292190000000000063e-06
4.778500000000000000e+03 5.277950000000000009e-06
4.784500000000000000e+03 5.263740000000000361e-06
4.790500000000000000e+03 5.249539999999999717e-06
4.796500000000000000e+03 5.235339999999999921e-06
4.802500000000000000e+03 5.221140000000000125e-06
4.808500000000000000e+03 5.206449999999999932e-06
4.814500000000000000e+03 5.191419999999999671e-06
4.820500000000000000e+03 5.132790000000000369e-06
4.826500000000000000e+03 5.022940000000000057e-06
4.832500000000000000e+03 4.765270000000000371e-06
4.838500000000000000e+03 4.237630000000000287e-06
4.844500000000000000e+03 3.851330000000000275e-06
4.850500000000000000e+03 3.877820000000000084e-06
4.856500000000000000e+03 3.931460000000000133e-06
4.862500000000000000e+03 4.000279999999999925e-06
4.868500000000000000e+03 4.107020000000000363e-06
4.874500000000000000e+03 4.469310000000000413e-06
4.880500000000000000e+03 4.879970000000000306e-06
4.886500000000000000e+03 5.283659999999999655e-06
4.892500000000000000e+03 5.677460000000000018e-06
4.898500000000000000e+03 5.832290000000000194e-06
4.904500000000000000e+03 5.877550000000000164e-06
4.910500000000000000e+03 5.893340000000000228e-06
4.916500000000000000e+03 5.888539999999999867e-06
4.922500000000000000e+03 5.913749999999999919e-06
4.928500000000000000e+03 5.973350000000000162e-06
4.934500000000000000e+03 6.026370000000000037e-06
4.940500000000000000e+03 6.067610000000000001e-06
4.946500000000000000e+03 6.118849999999999870e-06
4.952500000000000000e+03 6.198299999999999592e-06
4.958500000000000000e+03 6.290140000000000393e-06
4.964500000000000000e+03 6.428740000000000218e-06
4.970500000000000000e+03 6.565179999999999711e-06
4.976500000000000000e+03 6.652560000000000220e-06
4.982500000000000000e+03 6.728639999999999667e-06
4.988500000000000000e+03 6.778740000000000255e-06
4.994500000000000000e+03 6.822440000000000362e-06
5.000500000000000000e+03 6.903940000000000344e-06
5.006500000000000000e+03 7.002299999999999856e-06
5.012500000000000000e+03 7.083069999999999593e-06
5.018500000000000000e+03 7.151790000000000012e-06
5.024500000000000000e+03 7.206060000000000087e-06
5.030500000000000000e+03 7.244200000000000030e-06
5.036500000000000000e+03 7.295439999999999899e-06
5.042500000000000000e+03 7.369620000000000263e-06
5.048500000000000000e+03 7.420280000000000215e-06
5.054500000000000000e+03 7.406289999999999862e-06
5.060500000000000000e+03 7.388789999999999606e-06
5.066500000000000000e+03 7.370710000000000281e-06
5.072500000000000000e+03 7.363459999999999630e-06
5.078500000000000000e+03 7.428780000000000218e-06
5.084500000000000000e+03 7.508570000000000008e-06
5.090500000000000000e+03 7.602290000000000188e-06
5.096500000000000000e+03 7.700589999999999738e-06
5.102500000000000000e+03 7.815009999999999568e-06
5.108500000000000000e+03 7.936370000000000384e-06
5.114500000000000000e+03 8.033969999999999247e-06
5.120500000000000000e+03 8.115620000000000405e-06
5.126500000000000000e+03 8.166269999999999657e-06
5.132500000000000000e+03 8.183110000000000329e-06
5.138500000000000000e+03 8.210629999999999348e-06
5.144500000000000000e+03 8.256429999999999824e-06
5.150500000000000000e+03 8.311550000000000069e-06
5.156500000000000000e+03 8.390579999999999209e-06
5.162500000000000000e+03 8.442049999999999920e-06
5.168500000000000000e+03 8.376079999999999602e-06
5.174500000000000000e+03 8.306799999999999818e-06
5.180500000000000000e+03 8.293920000000000036e-06
5.186500000000000000e+03 8.298059999999999966e-06
5.192500000000000000e+03 8.381869999999999761e-06
5.198500000000000000e+03 8.485840000000000394e-06
5.204500000000000000e+03 8.525650000000000272e-06
5.210500000000000000e+03 8.520910000000000720e-06
5.216500000000000000e+03 6.094439999999999878e-06
5.222500000000000000e+03 2.072720000000000206e-06
