3.635500000000000000e+03 0.000000000000000000e+00
3.643500000000000000e+03 4.288289999999999815e-07
3.651500000000000000e+03 2.324759999999999914e-06
3.659500000000000000e+03 3.983859999999999835e-06
3.667500000000000000e+03 4.006489999999999820e-06
3.675500000000000000e+03 3.829860000000000123e-06
3.683500000000000000e+03 3.633559999999999987e-06
3.691500000000000000e+03 3.450499999999999829e-06
3.699500000000000000e+03 3.411630000000000063e-06
3.707500000000000000e+03 3.405680000000000146e-06
3.715500000000000000e+03 5.742410000000000133e-06
3.723500000000000000e+03 2.205549999999999915e-05
3.731500000000000000e+03 4.542699999999999722e-05
3.739500000000000000e+03 5.455790000000000157e-05
3.747500000000000000e+03 6.002659999999999886e-05
3.755500000000000000e+03 7.779929999999999897e-05
3.763500000000000000e+03 1.079800000000000063e-04
3.771500000000000000e+03 1.332039999999999938e-04
3.779500000000000000e+03 1.452290000000000015e-04
3.787500000000000000e+03 1.502680000000000053e-04
3.795500000000000000e+03 1.515990000000000100e-04
3.803500000000000000e+03 1.532329999999999879e-04
3.811500000000000000e+03 1.560409999999999922e-04
3.819500000000000000e+03 1.593780000000000045e-04
3.827500000000000000e+03 1.619640000000000099e-04
3.835500000000000000e+03 1.651710000000000081e-04
3.843500000000000000e+03 1.695869999999999875e-04
3.851500000000000000e+03 1.736970000000000007e-04
3.859500000000000000e+03 1.762119999999999995e-04
3.867500000000000000e+03 1.776199999999999969e-04
3.875500000000000000e+03 1.790080000000000046e-04
3.883500000000000000e+03 1.803300000000000031e-04
3.891500000000000000e+03 1.810620000000000090e-04
3.899500000000000000e+03 1.812130000000000012e-04
3.907500000000000000e+03 1.810450000000000123e-04
3.915500000000000000e+03 1.811129999999999988e-04
3.923500000000000000e+03 1.821559999999999954e-04
3.931500000000000000e+03 1.841970000000000120e-04
3.939500000000000000e+03 1.868770000000000066e-04
3.947500000000000000e+03 1.899589999999999883e-04
3.955500000000000000e+03 1.932299999999999914e-04
3.963500000000000000e+03 1.976210000000000108e-04
3.971500000000000000e+03 2.030489999999999867e-04
3.979500000000000000e+03 2.093680000000000053e-04
3.987500000000000000e+03 2.155260000000000097e-04
3.995500000000000000e+03 2.199199999999999950e-04
4.003500000000000000e+03 2.229309999999999972e-04
4.011500000000000000e+03 2.253699999999999920e-04
4.019500000000000000e+03 2.280849999999999956e-04
4.027500000000000000e+03 2.311439999999999946e-04
4.035500000000000000e+03 2.343190000000000041e-04
4.043500000000000000e+03 2.379469999999999903e-04
4.051500000000000000e+03 2.416720000000000131e-04
4.059500000000000000e+03 2.458960000000000052e-04
4.067500000000000000e+03 2.517530000000000137e-04
4.075500000000000000e+03 2.589599999999999736e-04
4.083500000000000000e+03 2.668389999999999976e-04
4.091500000000000000e+03 2.742760000000000011e-04
4.099500000000000000e+03 2.812110000000000152e-04
4.107500000000000000e+03 2.876229999999999802e-04
4.115500000000000000e+03 2.935589999999999858e-04
4.123500000000000000e+03 2.991310000000000063e-04
4.131500000000000000e+03 3.044139999999999758e-04
4.139500000000000000e+03 3.082240000000000088e-04
4.147500000000000000e+03 3.114859999999999786e-04
4.155500000000000000e+03 3.148490000000000208e-04
4.163500000000000000e+03 3.197249999999999788e-04
4.171500000000000000e+03 3.266230000000000066e-04
4.179500000000000000e+03 3.351669999999999845e-04
4.187500000000000000e+03 3.448279999999999857e-04
4.195500000000000000e+03 3.542829999999999959e-04
4.203500000000000000e+03 3.633719999999999897e-04
4.211500000000000000e+03 3.723980000000000215e-04
4.219500000000000000e+03 3.825759999999999773e-04
4.227500000000000000e+03 3.950800000000000188e-04
4.235500000000000000e+03 4.077969999999999989e-04
4.243500000000000000e+03 4.192110000000000085e-04
4.251500000000000000e+03 4.305590000000000090e-04
4.259500000000000000e+03 4.429050000000000023e-04
4.267500000000000000e+03 4.564440000000000229e-04
4.275500000000000000e+03 4.697820000000000229e-04
4.283500000000000000e+03 4.822280000000000186e-04
4.291500000000000000e+03 4.946220000000000087e-04
4.299500000000000000e+03 5.078549999999999818e-04
4.307500000000000000e+03 5.216980000000000185e-04
4.315500000000000000e+03 5.357759999999999606e-04
4.323500000000000000e+03 5.494550000000000172e-04
4.331500000000000000e+03 5.597679999999999843e-04
4.339500000000000000e+03 5.581559999999999733e-04
4.347500000000000000e+03 5.525109999999999960e-04
4.355500000000000000e+03 5.587720000000000230e-04
4.363500000000000000e+03 5.753750000000000401e-04
4.371500000000000000e+03 5.918279999999999721e-04
4.379500000000000000e+03 6.095340000000000090e-04
4.387500000000000000e+03 6.295670000000000389e-04
4.395500000000000000e+03 6.550430000000000098e-04
4.403500000000000000e+03 6.849580000000000512e-04
4.411500000000000000e+03 7.301099999999999604e-04
4.419500000000000000e+03 7.909910000000000031e-04
4.427500000000000000e+03 8.675700000000000165e-04
4.435500000000000000e+03 9.501470000000000358e-04
4.443500000000000000e+03 1.031390000000000085e-03
4.451500000000000000e+03 1.112850000000000080e-03
4.459500000000000000e+03 1.192509999999999924e-03
4.467500000000000000e+03 1.279200000000000085e-03
4.475500000000000000e+03 1.374049999999999924e-03
4.483500000000000000e+03 1.486810000000000085e-03
4.491500000000000000e+03 1.682329999999999893e-03
4.499500000000000000e+03 1.959600000000000144e-03
4.507500000000000000e+03 2.268039999999999813e-03
4.515500000000000000e+03 2.649320000000000147e-03
4.523500000000000000e+03 3.225519999999999950e-03
4.531500000000000000e+03 4.039189999999999794e-03
4.539500000000000000e+03 4.948830000000000416e-03
4.547500000000000000e+03 6.097169999999999847e-03
4.555500000000000000e+03 7.381829999999999815e-03
4.563500000000000000e+03 8.829669999999999533e-03
4.571500000000000000e+03 1.036029999999999937e-02
4.579500000000000000e+03 1.219740000000000060e-02
4.587500000000000000e+03 1.423020000000000014e-02
4.595500000000000000e+03 1.660879999999999995e-02
4.603500000000000000e+03 1.924879999999999994e-02
4.611500000000000000e+03 2.222160000000000107e-02
4.619500000000000000e+03 2.558389999999999970e-02
4.627500000000000000e+03 2.939169999999999977e-02
4.635500000000000000e+03 3.376099999999999934e-02
4.643500000000000000e+03 3.866950000000000248e-02
4.651500000000000000e+03 4.442279999999999840e-02
4.659500000000000000e+03 5.111179999999999890e-02
4.667500000000000000e+03 5.910750000000000032e-02
4.675500000000000000e+03 6.868879999999999431e-02
4.683500000000000000e+03 8.014390000000000402e-02
4.691500000000000000e+03 9.406860000000000221e-02
4.699500000000000000e+03 1.107989999999999947e-01
4.707500000000000000e+03 1.312850000000000128e-01
4.715500000000000000e+03 1.557620000000000116e-01
4.723500000000000000e+03 1.850849999999999995e-01
4.731500000000000000e+03 2.190690000000000137e-01
4.739500000000000000e+03 2.572110000000000229e-01
4.747500000000000000e+03 2.984720000000000151e-01
4.755500000000000000e+03 3.421859999999999902e-01
4.763500000000000000e+03 3.868869999999999809e-01
4.771500000000000000e+03 4.326869999999999883e-01
4.779500000000000000e+03 4.788709999999999911e-01
4.787500000000000000e+03 5.243700000000000028e-01
4.795500000000000000e+03 5.695770000000000000e-01
4.803500000000000000e+03 6.126669999999999616e-01
4.811500000000000000e+03 6.533689999999999776e-01
4.819500000000000000e+03 6.886590000000000211e-01
4.827500000000000000e+03 7.190539999999999710e-01
4.835500000000000000e+03 7.436260000000000092e-01
4.843500000000000000e+03 7.642569999999999641e-01
4.851500000000000000e+03 7.824240000000000084e-01
4.859500000000000000e+03 7.991949999999999887e-01
4.867500000000000000e+03 8.145409999999999595e-01
4.875500000000000000e+03 8.288729999999999709e-01
4.883500000000000000e+03 8.422479999999999967e-01
4.891500000000000000e+03 8.536949999999999816e-01
4.899500000000000000e+03 8.622180000000000399e-01
4.907500000000000000e+03 8.689240000000000297e-01
4.915500000000000000e+03 8.756680000000000019e-01
4.923500000000000000e+03 8.807209999999999761e-01
4.931500000000000000e+03 8.843820000000000014e-01
4.939500000000000000e+03 8.857669999999999710e-01
4.947500000000000000e+03 8.833269999999999733e-01
4.955500000000000000e+03 8.829369999999999719e-01
4.963500000000000000e+03 8.848859999999999504e-01
4.971500000000000000e+03 8.902240000000000153e-01
4.979500000000000000e+03 9.001350000000000184e-01
4.987500000000000000e+03 9.109739999999999505e-01
4.995500000000000000e+03 9.253860000000000419e-01
5.003500000000000000e+03 9.398030000000000550e-01
5.011500000000000000e+03 9.532990000000000075e-01
5.019500000000000000e+03 9.678489999999999593e-01
5.027500000000000000e+03 9.776869999999999727e-01
5.035500000000000000e+03 9.890250000000000430e-01
5.043500000000000000e+03 9.940909999999999469e-01
5.051500000000000000e+03 9.974309999999999565e-01
5.059500000000000000e+03 1.000000000000000000e+00
5.067500000000000000e+03 9.998019999999999685e-01
5.075500000000000000e+03 9.980200000000000182e-01
5.083500000000000000e+03 9.929630000000000400e-01
5.091500000000000000e+03 9.877089999999999481e-01
5.099500000000000000e+03 9.825450000000000017e-01
5.107500000000000000e+03 9.766439999999999566e-01
5.115500000000000000e+03 9.689520000000000355e-01
5.123500000000000000e+03 9.604380000000000139e-01
5.131500000000000000e+03 9.512899999999999689e-01
5.139500000000000000e+03 9.416889999999999983e-01
5.147500000000000000e+03 9.327520000000000255e-01
5.155500000000000000e+03 9.269479999999999942e-01
5.163500000000000000e+03 9.219629999999999770e-01
5.171500000000000000e+03 9.155039999999999845e-01
5.179500000000000000e+03 9.047990000000000199e-01
5.187500000000000000e+03 8.896859999999999769e-01
5.195500000000000000e+03 8.699000000000000066e-01
5.203500000000000000e+03 8.476730000000000098e-01
5.211500000000000000e+03 8.244679999999999787e-01
5.219500000000000000e+03 7.985560000000000436e-01
5.227500000000000000e+03 7.707000000000000517e-01
5.235500000000000000e+03 7.393899999999999917e-01
5.243500000000000000e+03 7.105759999999999854e-01
5.251500000000000000e+03 6.818119999999999736e-01
5.259500000000000000e+03 6.557579999999999520e-01
5.267500000000000000e+03 6.318660000000000387e-01
5.275500000000000000e+03 6.120520000000000405e-01
5.283500000000000000e+03 5.947379999999999889e-01
5.291500000000000000e+03 5.782549999999999635e-01
5.299500000000000000e+03 5.628360000000000030e-01
5.307500000000000000e+03 5.487079999999999735e-01
5.315500000000000000e+03 5.374160000000000048e-01
5.323500000000000000e+03 5.259679999999999911e-01
5.331500000000000000e+03 5.146349999999999536e-01
5.339500000000000000e+03 5.037779999999999481e-01
5.347500000000000000e+03 4.936659999999999937e-01
5.355500000000000000e+03 4.850720000000000032e-01
5.363500000000000000e+03 4.773180000000000200e-01
5.371500000000000000e+03 4.695119999999999849e-01
5.379500000000000000e+03 4.591250000000000053e-01
5.387500000000000000e+03 4.456479999999999886e-01
5.395500000000000000e+03 4.317329999999999779e-01
5.403500000000000000e+03 4.189010000000000233e-01
5.411500000000000000e+03 4.108089999999999797e-01
5.419500000000000000e+03 4.073439999999999839e-01
5.427500000000000000e+03 4.063979999999999815e-01
5.435500000000000000e+03 4.041620000000000212e-01
5.443500000000000000e+03 3.971640000000000170e-01
5.451500000000000000e+03 3.873019999999999796e-01
5.459500000000000000e+03 3.743830000000000213e-01
5.467500000000000000e+03 3.618589999999999862e-01
5.475500000000000000e+03 3.502179999999999738e-01
5.483500000000000000e+03 3.389750000000000263e-01
5.491500000000000000e+03 3.293300000000000116e-01
5.499500000000000000e+03 3.209060000000000246e-01
5.507500000000000000e+03 3.131579999999999919e-01
5.515500000000000000e+03 3.048750000000000071e-01
5.523500000000000000e+03 2.967080000000000273e-01
5.531500000000000000e+03 2.898160000000000180e-01
5.539500000000000000e+03 2.836679999999999757e-01
5.547500000000000000e+03 2.786339999999999928e-01
5.555500000000000000e+03 2.741000000000000103e-01
5.563500000000000000e+03 2.687010000000000232e-01
5.571500000000000000e+03 2.618380000000000152e-01
5.579500000000000000e+03 2.545129999999999892e-01
5.587500000000000000e+03 2.467820000000000014e-01
5.595500000000000000e+03 2.383899999999999908e-01
5.603500000000000000e+03 2.294899999999999995e-01
5.611500000000000000e+03 2.191390000000000005e-01
5.619500000000000000e+03 2.079820000000000002e-01
5.627500000000000000e+03 1.959200000000000108e-01
5.635500000000000000e+03 1.837030000000000052e-01
5.643500000000000000e+03 1.721820000000000017e-01
5.651500000000000000e+03 1.613199999999999912e-01
5.659500000000000000e+03 1.514830000000000065e-01
5.667500000000000000e+03 1.424759999999999915e-01
5.675500000000000000e+03 1.342909999999999937e-01
5.683500000000000000e+03 1.266629999999999978e-01
5.691500000000000000e+03 1.196099999999999941e-01
5.699500000000000000e+03 1.131479999999999986e-01
5.707500000000000000e+03 1.070580000000000004e-01
5.715500000000000000e+03 1.013590000000000046e-01
5.723500000000000000e+03 9.591610000000000413e-02
5.731500000000000000e+03 9.074429999999999996e-02
5.739500000000000000e+03 8.574840000000000240e-02
5.747500000000000000e+03 8.099430000000000518e-02
5.755500000000000000e+03 7.636170000000000457e-02
5.763500000000000000e+03 7.186190000000000633e-02
5.771500000000000000e+03 6.741389999999999882e-02
5.779500000000000000e+03 6.306330000000000269e-02
5.787500000000000000e+03 5.878259999999999735e-02
5.795500000000000000e+03 5.455639999999999795e-02
5.803500000000000000e+03 5.036480000000000123e-02
5.811500000000000000e+03 4.619720000000000076e-02
5.819500000000000000e+03 4.209840000000000110e-02
5.827500000000000000e+03 3.810779999999999723e-02
5.835500000000000000e+03 3.376919999999999922e-02
5.843500000000000000e+03 2.881560000000000024e-02
5.851500000000000000e+03 2.414039999999999936e-02
5.859500000000000000e+03 2.053390000000000076e-02
5.867500000000000000e+03 1.784490000000000035e-02
5.875500000000000000e+03 1.525570000000000051e-02
5.883500000000000000e+03 1.236450000000000049e-02
5.891500000000000000e+03 9.391520000000000423e-03
5.899500000000000000e+03 6.301239999999999619e-03
5.907500000000000000e+03 3.340389999999999939e-03
5.915500000000000000e+03 1.728600000000000058e-03
5.923500000000000000e+03 7.721069999999999583e-04
5.931500000000000000e+03 1.816569999999999990e-04
5.939500000000000000e+03 6.747199999999999368e-05
5.947500000000000000e+03 6.628110000000000479e-05
5.955500000000000000e+03 6.460729999999999381e-05
5.963500000000000000e+03 6.279579999999999938e-05
5.971500000000000000e+03 6.172120000000000124e-05
5.979500000000000000e+03 6.067380000000000174e-05
5.987500000000000000e+03 5.225800000000000009e-05
5.995500000000000000e+03 3.270779999999999879e-05
6.003500000000000000e+03 1.506239999999999999e-05
6.011500000000000000e+03 1.041049999999999968e-05
6.019500000000000000e+03 4.693320000000000154e-06
6.027500000000000000e+03 1.984899999999999993e-07
