3.153000000000000000e+03 0.000000000000000000e+00
3.160000000000000000e+03 1.887719999999999913e-07
3.167000000000000000e+03 4.594319999999999916e-06
3.174000000000000000e+03 1.599470000000000121e-05
3.181000000000000000e+03 2.634199999999999953e-05
3.188000000000000000e+03 3.007410000000000061e-05
3.195000000000000000e+03 3.027190000000000065e-05
3.202000000000000000e+03 2.879889999999999967e-05
3.209000000000000000e+03 2.753809999999999982e-05
3.216000000000000000e+03 2.696840000000000085e-05
3.223000000000000000e+03 2.674570000000000043e-05
3.230000000000000000e+03 2.669310000000000029e-05
3.237000000000000000e+03 2.674430000000000074e-05
3.244000000000000000e+03 2.709909999999999945e-05
3.251000000000000000e+03 2.924600000000000086e-05
3.258000000000000000e+03 3.444819999999999995e-05
3.265000000000000000e+03 3.746289999999999668e-05
3.272000000000000000e+03 3.990060000000000216e-05
3.279000000000000000e+03 4.472329999999999920e-05
3.286000000000000000e+03 4.917130000000000133e-05
3.293000000000000000e+03 6.270020000000000660e-05
3.300000000000000000e+03 7.517220000000000510e-05
3.307000000000000000e+03 7.659079999999999860e-05
3.314000000000000000e+03 7.572029999999999397e-05
3.321000000000000000e+03 7.439789999999999457e-05
3.328000000000000000e+03 7.340989999999999658e-05
3.335000000000000000e+03 7.278959999999999847e-05
3.342000000000000000e+03 7.288770000000000351e-05
3.349000000000000000e+03 7.375439999999999980e-05
3.356000000000000000e+03 7.500429999999999608e-05
3.363000000000000000e+03 7.616760000000000576e-05
3.370000000000000000e+03 7.758309999999999924e-05
3.377000000000000000e+03 7.869619999999999372e-05
3.384000000000000000e+03 7.888950000000000422e-05
3.391000000000000000e+03 7.925560000000000059e-05
3.398000000000000000e+03 7.995699999999999357e-05
3.405000000000000000e+03 8.021070000000000099e-05
3.412000000000000000e+03 8.019970000000000397e-05
3.419000000000000000e+03 8.011759999999999336e-05
3.426000000000000000e+03 8.010289999999999501e-05
3.433000000000000000e+03 8.029199999999999629e-05
3.440000000000000000e+03 8.058700000000000618e-05
3.447000000000000000e+03 8.097299999999999875e-05
3.454000000000000000e+03 8.153829999999999824e-05
3.461000000000000000e+03 8.228110000000000068e-05
3.468000000000000000e+03 8.376630000000000469e-05
3.475000000000000000e+03 8.566239999999999489e-05
3.482000000000000000e+03 8.786499999999999985e-05
3.489000000000000000e+03 8.988510000000000445e-05
3.496000000000000000e+03 9.113100000000000551e-05
3.503000000000000000e+03 9.220090000000000013e-05
3.510000000000000000e+03 9.303380000000000362e-05
3.517000000000000000e+03 9.396510000000000604e-05
3.524000000000000000e+03 9.514140000000000357e-05
3.531000000000000000e+03 9.603709999999999569e-05
3.538000000000000000e+03 9.666869999999999825e-05
3.545000000000000000e+03 9.728439999999999982e-05
3.552000000000000000e+03 9.830850000000000244e-05
3.559000000000000000e+03 1.004140000000000046e-04
3.566000000000000000e+03 1.033459999999999961e-04
3.573000000000000000e+03 1.072550000000000022e-04
3.580000000000000000e+03 1.111860000000000024e-04
3.587000000000000000e+03 1.147850000000000064e-04
3.594000000000000000e+03 1.181069999999999993e-04
3.601000000000000000e+03 1.216549999999999999e-04
3.608000000000000000e+03 1.250509999999999925e-04
3.615000000000000000e+03 1.281450000000000004e-04
3.622000000000000000e+03 1.305249999999999878e-04
3.629000000000000000e+03 1.328339999999999957e-04
3.636000000000000000e+03 1.349769999999999920e-04
3.643000000000000000e+03 1.380280000000000005e-04
3.650000000000000000e+03 1.425130000000000092e-04
3.657000000000000000e+03 1.476050000000000072e-04
3.664000000000000000e+03 1.530129999999999934e-04
3.671000000000000000e+03 1.584629999999999904e-04
3.678000000000000000e+03 1.645030000000000071e-04
3.685000000000000000e+03 1.709670000000000048e-04
3.692000000000000000e+03 1.783130000000000121e-04
3.699000000000000000e+03 1.865310000000000069e-04
3.706000000000000000e+03 1.951420000000000097e-04
3.713000000000000000e+03 2.044310000000000083e-04
3.720000000000000000e+03 2.151769999999999898e-04
3.727000000000000000e+03 2.265640000000000080e-04
3.734000000000000000e+03 2.401770000000000012e-04
3.741000000000000000e+03 2.552060000000000092e-04
3.748000000000000000e+03 2.706289999999999868e-04
3.755000000000000000e+03 2.870799999999999958e-04
3.762000000000000000e+03 3.058460000000000258e-04
3.769000000000000000e+03 3.264610000000000038e-04
3.776000000000000000e+03 3.489839999999999913e-04
3.783000000000000000e+03 3.734529999999999903e-04
3.790000000000000000e+03 3.988619999999999904e-04
3.797000000000000000e+03 4.269209999999999737e-04
3.804000000000000000e+03 4.623089999999999947e-04
3.811000000000000000e+03 5.040269999999999907e-04
3.818000000000000000e+03 5.498429999999999464e-04
3.825000000000000000e+03 6.035720000000000278e-04
3.832000000000000000e+03 6.644869999999999553e-04
3.839000000000000000e+03 7.251889999999999985e-04
3.846000000000000000e+03 8.004299999999999783e-04
3.853000000000000000e+03 8.985700000000000111e-04
3.860000000000000000e+03 1.016989999999999951e-03
3.867000000000000000e+03 1.158949999999999954e-03
3.874000000000000000e+03 1.329560000000000030e-03
3.881000000000000000e+03 1.531800000000000045e-03
3.888000000000000000e+03 1.755019999999999931e-03
3.895000000000000000e+03 2.017460000000000000e-03
3.902000000000000000e+03 2.456250000000000100e-03
3.909000000000000000e+03 3.311800000000000160e-03
3.916000000000000000e+03 4.402579999999999688e-03
3.923000000000000000e+03 5.766470000000000103e-03
3.930000000000000000e+03 7.412430000000000234e-03
3.937000000000000000e+03 9.786770000000000191e-03
3.944000000000000000e+03 1.267670000000000081e-02
3.951000000000000000e+03 1.650010000000000018e-02
3.958000000000000000e+03 2.093460000000000112e-02
3.965000000000000000e+03 2.644350000000000173e-02
3.972000000000000000e+03 3.260590000000000016e-02
3.979000000000000000e+03 3.988649999999999834e-02
3.986000000000000000e+03 4.798279999999999906e-02
3.993000000000000000e+03 5.730589999999999989e-02
4.000000000000000000e+03 6.753370000000000206e-02
4.007000000000000000e+03 7.875949999999999618e-02
4.014000000000000000e+03 9.085050000000000070e-02
4.021000000000000000e+03 1.037710000000000021e-01
4.028000000000000000e+03 1.175530000000000047e-01
4.035000000000000000e+03 1.317619999999999902e-01
4.042000000000000000e+03 1.465009999999999923e-01
4.049000000000000000e+03 1.613350000000000062e-01
4.056000000000000000e+03 1.764050000000000062e-01
4.063000000000000000e+03 1.913789999999999936e-01
4.070000000000000000e+03 2.063210000000000044e-01
4.077000000000000000e+03 2.210270000000000012e-01
4.084000000000000000e+03 2.353449999999999986e-01
4.091000000000000000e+03 2.492580000000000073e-01
4.098000000000000000e+03 2.623079999999999856e-01
4.105000000000000000e+03 2.749590000000000090e-01
4.112000000000000000e+03 2.866480000000000139e-01
4.119000000000000000e+03 2.978089999999999904e-01
4.126000000000000000e+03 3.076400000000000245e-01
4.133000000000000000e+03 3.167130000000000223e-01
4.140000000000000000e+03 3.240930000000000200e-01
4.147000000000000000e+03 3.318059999999999898e-01
4.154000000000000000e+03 3.417149999999999910e-01
4.161000000000000000e+03 3.535440000000000249e-01
4.168000000000000000e+03 3.675499999999999878e-01
4.175000000000000000e+03 3.828889999999999794e-01
4.182000000000000000e+03 3.979039999999999799e-01
4.189000000000000000e+03 4.127779999999999783e-01
4.196000000000000000e+03 4.265729999999999800e-01
4.203000000000000000e+03 4.394049999999999900e-01
4.210000000000000000e+03 4.511419999999999875e-01
4.217000000000000000e+03 4.618300000000000183e-01
4.224000000000000000e+03 4.718899999999999761e-01
4.231000000000000000e+03 4.806219999999999937e-01
4.238000000000000000e+03 4.883469999999999756e-01
4.245000000000000000e+03 4.949790000000000023e-01
4.252000000000000000e+03 4.999399999999999955e-01
4.259000000000000000e+03 5.031919999999999726e-01
4.266000000000000000e+03 5.055169999999999941e-01
4.273000000000000000e+03 5.072259999999999547e-01
4.280000000000000000e+03 5.084710000000000063e-01
4.287000000000000000e+03 5.097969999999999446e-01
4.294000000000000000e+03 5.112020000000000453e-01
4.301000000000000000e+03 5.128880000000000106e-01
4.308000000000000000e+03 5.154980000000000118e-01
4.315000000000000000e+03 5.196150000000000491e-01
4.322000000000000000e+03 5.273710000000000342e-01
4.329000000000000000e+03 5.383489999999999664e-01
4.336000000000000000e+03 5.558459999999999512e-01
4.343000000000000000e+03 5.777750000000000385e-01
4.350000000000000000e+03 6.060969999999999969e-01
4.357000000000000000e+03 6.380620000000000180e-01
4.364000000000000000e+03 6.732820000000000471e-01
4.371000000000000000e+03 7.085900000000000531e-01
4.378000000000000000e+03 7.434250000000000025e-01
4.385000000000000000e+03 7.668599999999999861e-01
4.392000000000000000e+03 7.909669999999999757e-01
4.399000000000000000e+03 8.165519999999999445e-01
4.406000000000000000e+03 8.463800000000000212e-01
4.413000000000000000e+03 8.777819999999999512e-01
4.420000000000000000e+03 9.081930000000000280e-01
4.427000000000000000e+03 9.379680000000000240e-01
4.434000000000000000e+03 9.661119999999999708e-01
4.441000000000000000e+03 9.859459999999999891e-01
4.448000000000000000e+03 9.963130000000000042e-01
4.455000000000000000e+03 9.997509999999999453e-01
4.462000000000000000e+03 1.000000000000000000e+00
4.469000000000000000e+03 9.991520000000000401e-01
4.476000000000000000e+03 9.982900000000000107e-01
4.483000000000000000e+03 9.974119999999999653e-01
4.490000000000000000e+03 9.981060000000000487e-01
4.497000000000000000e+03 9.983689999999999509e-01
4.504000000000000000e+03 9.981989999999999474e-01
4.511000000000000000e+03 9.967449999999999921e-01
4.518000000000000000e+03 9.927859999999999463e-01
4.525000000000000000e+03 9.847470000000000390e-01
4.532000000000000000e+03 9.728440000000000420e-01
4.539000000000000000e+03 9.563909999999999911e-01
4.546000000000000000e+03 9.352829999999999755e-01
4.553000000000000000e+03 9.099580000000000446e-01
4.560000000000000000e+03 8.762039999999999829e-01
4.567000000000000000e+03 8.386580000000000146e-01
4.574000000000000000e+03 7.969129999999999825e-01
4.581000000000000000e+03 7.554819999999999869e-01
4.588000000000000000e+03 7.136829999999999563e-01
4.595000000000000000e+03 6.697189999999999532e-01
4.602000000000000000e+03 6.255110000000000392e-01
4.609000000000000000e+03 5.794789999999999663e-01
4.616000000000000000e+03 5.339810000000000390e-01
4.623000000000000000e+03 4.918520000000000114e-01
4.630000000000000000e+03 4.550230000000000108e-01
4.637000000000000000e+03 4.266030000000000100e-01
4.644000000000000000e+03 4.053200000000000136e-01
4.651000000000000000e+03 3.899719999999999853e-01
4.658000000000000000e+03 3.790439999999999920e-01
4.665000000000000000e+03 3.704680000000000195e-01
4.672000000000000000e+03 3.635900000000000243e-01
4.679000000000000000e+03 3.580450000000000021e-01
4.686000000000000000e+03 3.529320000000000235e-01
4.693000000000000000e+03 3.469169999999999754e-01
4.700000000000000000e+03 3.397499999999999964e-01
4.707000000000000000e+03 3.317209999999999881e-01
4.714000000000000000e+03 3.236470000000000180e-01
4.721000000000000000e+03 3.166180000000000105e-01
4.728000000000000000e+03 3.112219999999999986e-01
4.735000000000000000e+03 3.073940000000000006e-01
4.742000000000000000e+03 3.047540000000000249e-01
4.749000000000000000e+03 3.036809999999999787e-01
4.756000000000000000e+03 3.024569999999999759e-01
4.763000000000000000e+03 3.003359999999999919e-01
4.770000000000000000e+03 2.965789999999999815e-01
4.777000000000000000e+03 2.915670000000000206e-01
4.784000000000000000e+03 2.876920000000000033e-01
4.791000000000000000e+03 2.844260000000000121e-01
4.798000000000000000e+03 2.812100000000000155e-01
4.805000000000000000e+03 2.785920000000000063e-01
4.812000000000000000e+03 2.761199999999999766e-01
4.819000000000000000e+03 2.731500000000000039e-01
4.826000000000000000e+03 2.692919999999999758e-01
4.833000000000000000e+03 2.647450000000000081e-01
4.840000000000000000e+03 2.601680000000000104e-01
4.847000000000000000e+03 2.543320000000000025e-01
4.854000000000000000e+03 2.477989999999999915e-01
4.861000000000000000e+03 2.411399999999999932e-01
4.868000000000000000e+03 2.338600000000000123e-01
4.875000000000000000e+03 2.251110000000000055e-01
4.882000000000000000e+03 2.154880000000000129e-01
4.889000000000000000e+03 2.047849999999999948e-01
4.896000000000000000e+03 1.934889999999999943e-01
4.903000000000000000e+03 1.816869999999999874e-01
4.910000000000000000e+03 1.690119999999999956e-01
4.917000000000000000e+03 1.558130000000000071e-01
4.924000000000000000e+03 1.420540000000000136e-01
4.931000000000000000e+03 1.285660000000000136e-01
4.938000000000000000e+03 1.158700000000000008e-01
4.945000000000000000e+03 1.039349999999999996e-01
4.952000000000000000e+03 9.299659999999999871e-02
4.959000000000000000e+03 8.292410000000000059e-02
4.966000000000000000e+03 7.404800000000000271e-02
4.973000000000000000e+03 6.592080000000000162e-02
4.980000000000000000e+03 5.883410000000000029e-02
4.987000000000000000e+03 5.261609999999999898e-02
4.994000000000000000e+03 4.741080000000000294e-02
5.001000000000000000e+03 4.286659999999999776e-02
5.008000000000000000e+03 3.901679999999999732e-02
5.015000000000000000e+03 3.565370000000000344e-02
5.022000000000000000e+03 3.278029999999999833e-02
5.029000000000000000e+03 3.020520000000000149e-02
5.036000000000000000e+03 2.788300000000000153e-02
5.043000000000000000e+03 2.575020000000000087e-02
5.050000000000000000e+03 2.382010000000000030e-02
5.057000000000000000e+03 2.204220000000000138e-02
5.064000000000000000e+03 2.042360000000000009e-02
5.071000000000000000e+03 1.892210000000000072e-02
5.078000000000000000e+03 1.749590000000000173e-02
5.085000000000000000e+03 1.612169999999999923e-02
5.092000000000000000e+03 1.478989999999999992e-02
5.099000000000000000e+03 1.342950000000000046e-02
5.106000000000000000e+03 1.185199999999999969e-02
5.113000000000000000e+03 1.034979999999999928e-02
5.120000000000000000e+03 9.153760000000000369e-03
5.127000000000000000e+03 8.014910000000000090e-03
5.134000000000000000e+03 6.845870000000000427e-03
5.141000000000000000e+03 5.532809999999999985e-03
5.148000000000000000e+03 4.507210000000000209e-03
5.155000000000000000e+03 3.812180000000000082e-03
5.162000000000000000e+03 2.623690000000000137e-03
5.169000000000000000e+03 1.052109999999999981e-03
5.176000000000000000e+03 3.815290000000000261e-04
5.183000000000000000e+03 3.342509999999999817e-04
5.190000000000000000e+03 3.191049999999999746e-04
5.197000000000000000e+03 3.035469999999999857e-04
5.204000000000000000e+03 2.640669999999999910e-04
5.211000000000000000e+03 1.862079999999999898e-04
5.218000000000000000e+03 1.183070000000000042e-04
5.225000000000000000e+03 8.164010000000000461e-05
5.232000000000000000e+03 5.427650000000000118e-05
5.239000000000000000e+03 4.299869999999999880e-05
5.246000000000000000e+03 4.146480000000000321e-05
5.253000000000000000e+03 3.954220000000000234e-05
5.260000000000000000e+03 3.749860000000000042e-05
5.267000000000000000e+03 3.563059999999999730e-05
5.274000000000000000e+03 3.362259999999999891e-05
5.281000000000000000e+03 2.254079999999999940e-05
5.288000000000000000e+03 6.690700000000000163e-06
