1.718650000000000000e+04 0.000000000000000000e+00
1.722050000000000000e+04 4.609220000000000400e-06
1.725450000000000000e+04 1.821000000000000014e-05
1.728850000000000000e+04 2.772469999999999901e-05
1.732250000000000000e+04 5.058140000000000330e-05
1.735650000000000000e+04 1.091199999999999988e-04
1.739050000000000000e+04 1.993490000000000051e-04
1.742450000000000000e+04 2.779300000000000173e-04
1.745850000000000000e+04 3.217089999999999924e-04
1.749250000000000000e+04 3.451169999999999824e-04
1.752650000000000000e+04 3.498919999999999765e-04
1.756050000000000000e+04 3.686359999999999854e-04
1.759450000000000000e+04 3.976919999999999999e-04
1.762850000000000000e+04 4.323789999999999882e-04
1.766250000000000000e+04 5.323889999999999742e-04
1.769650000000000000e+04 8.126519999999999707e-04
1.773050000000000000e+04 1.217470000000000011e-03
1.776450000000000000e+04 2.135160000000000096e-03
1.779850000000000000e+04 3.242249999999999906e-03
1.783250000000000000e+04 4.991029999999999599e-03
1.786650000000000000e+04 7.001639999999999947e-03
1.790050000000000000e+04 9.269970000000000640e-03
1.793450000000000000e+04 1.188720000000000054e-02
1.796850000000000000e+04 1.474179999999999935e-02
1.800250000000000000e+04 1.826190000000000105e-02
1.803650000000000000e+04 2.229609999999999925e-02
1.807050000000000000e+04 2.760400000000000006e-02
1.810450000000000000e+04 3.426110000000000266e-02
1.813850000000000000e+04 4.225249999999999839e-02
1.817250000000000000e+04 5.346859999999999807e-02
1.820650000000000000e+04 6.681360000000000077e-02
1.824050000000000000e+04 8.546030000000000293e-02
1.827450000000000000e+04 1.093469999999999998e-01
1.830850000000000000e+04 1.402579999999999938e-01
1.834250000000000000e+04 1.769670000000000132e-01
1.837650000000000000e+04 2.158839999999999926e-01
1.841050000000000000e+04 2.541640000000000010e-01
1.844450000000000000e+04 2.853080000000000060e-01
1.847850000000000000e+04 3.099040000000000128e-01
1.851250000000000000e+04 3.252959999999999741e-01
1.854650000000000000e+04 3.363289999999999891e-01
1.858050000000000000e+04 3.456000000000000183e-01
1.861450000000000000e+04 3.577139999999999764e-01
1.864850000000000000e+04 3.760060000000000069e-01
1.868250000000000000e+04 4.023249999999999882e-01
1.871650000000000000e+04 4.401399999999999757e-01
1.875050000000000000e+04 4.834399999999999809e-01
1.878450000000000000e+04 5.359760000000000080e-01
1.881850000000000000e+04 5.891079999999999650e-01
1.885250000000000000e+04 6.407899999999999707e-01
1.888650000000000000e+04 6.897469999999999990e-01
1.892050000000000000e+04 7.290470000000000006e-01
1.895450000000000000e+04 7.621670000000000389e-01
1.898850000000000000e+04 7.842120000000000202e-01
1.902250000000000000e+04 7.991930000000000422e-01
1.905650000000000000e+04 8.066210000000000324e-01
1.909050000000000000e+04 8.093089999999999451e-01
1.912450000000000000e+04 8.087910000000000377e-01
1.915850000000000000e+04 8.069950000000000179e-01
1.919250000000000000e+04 8.058440000000000047e-01
1.922650000000000000e+04 8.058899999999999952e-01
1.926050000000000000e+04 8.082770000000000232e-01
1.929450000000000000e+04 8.124130000000000518e-01
1.932850000000000000e+04 8.186350000000000016e-01
1.936250000000000000e+04 8.259990000000000387e-01
1.939650000000000000e+04 8.341100000000000181e-01
1.943050000000000000e+04 8.428729999999999833e-01
1.946450000000000000e+04 8.512150000000000549e-01
1.949850000000000000e+04 8.599649999999999794e-01
1.953250000000000000e+04 8.684399999999999897e-01
1.956650000000000000e+04 8.772299999999999542e-01
1.960050000000000000e+04 8.858409999999999895e-01
1.963450000000000000e+04 8.943200000000000038e-01
1.966850000000000000e+04 9.021390000000000242e-01
1.970250000000000000e+04 9.085069999999999535e-01
1.973650000000000000e+04 9.136790000000000189e-01
1.977050000000000000e+04 9.166929999999999801e-01
1.980450000000000000e+04 9.179929999999999479e-01
1.983850000000000000e+04 9.171949999999999825e-01
1.987250000000000000e+04 9.151989999999999847e-01
1.990650000000000000e+04 9.124069999999999681e-01
1.994050000000000000e+04 9.097760000000000291e-01
1.997450000000000000e+04 9.081709999999999505e-01
2.000850000000000000e+04 9.074600000000000444e-01
2.004250000000000000e+04 9.085039999999999782e-01
2.007650000000000000e+04 9.112679999999999669e-01
2.011050000000000000e+04 9.160749999999999726e-01
2.014450000000000000e+04 9.223230000000000040e-01
2.017850000000000000e+04 9.295839999999999659e-01
2.021250000000000000e+04 9.372819999999999485e-01
2.024650000000000000e+04 9.447680000000000522e-01
2.028050000000000000e+04 9.515599999999999614e-01
2.031450000000000000e+04 9.573439999999999728e-01
2.034850000000000000e+04 9.615259999999999918e-01
2.038250000000000000e+04 9.640940000000000065e-01
2.041650000000000000e+04 9.651830000000000132e-01
2.045050000000000000e+04 9.650999999999999579e-01
2.048450000000000000e+04 9.646379999999999955e-01
2.051850000000000000e+04 9.641129999999999978e-01
2.055250000000000000e+04 9.644340000000000135e-01
2.058650000000000000e+04 9.655089999999999506e-01
2.062050000000000000e+04 9.680379999999999541e-01
2.065450000000000000e+04 9.713530000000000220e-01
2.068850000000000000e+04 9.754159999999999497e-01
2.072250000000000000e+04 9.802300000000000457e-01
2.075650000000000000e+04 9.850659999999999972e-01
2.079050000000000000e+04 9.896939999999999626e-01
2.082450000000000000e+04 9.938000000000000167e-01
2.085850000000000000e+04 9.970470000000000166e-01
2.089250000000000000e+04 9.990139999999999576e-01
2.092650000000000000e+04 1.000000000000000000e+00
2.096050000000000000e+04 9.993400000000000061e-01
2.099450000000000000e+04 9.976450000000000040e-01
2.102850000000000000e+04 9.951259999999999550e-01
2.106250000000000000e+04 9.919780000000000264e-01
2.109650000000000000e+04 9.884260000000000268e-01
2.113050000000000000e+04 9.850060000000000482e-01
2.116450000000000000e+04 9.820119999999999960e-01
2.119850000000000000e+04 9.795500000000000318e-01
2.123250000000000000e+04 9.783699999999999619e-01
2.126650000000000000e+04 9.779790000000000427e-01
2.130050000000000000e+04 9.785190000000000277e-01
2.133450000000000000e+04 9.797489999999999810e-01
2.136850000000000000e+04 9.816949999999999843e-01
2.140250000000000000e+04 9.839510000000000201e-01
2.143650000000000000e+04 9.860339999999999661e-01
2.147050000000000000e+04 9.878050000000000441e-01
2.150450000000000000e+04 9.883450000000000291e-01
2.153850000000000000e+04 9.880999999999999783e-01
2.157250000000000000e+04 9.868209999999999482e-01
2.160650000000000000e+04 9.847399999999999487e-01
2.164050000000000000e+04 9.819539999999999935e-01
2.167450000000000000e+04 9.787569999999999881e-01
2.170850000000000000e+04 9.756970000000000365e-01
2.174250000000000000e+04 9.730640000000000400e-01
2.177650000000000000e+04 9.709609999999999630e-01
2.181050000000000000e+04 9.693899999999999739e-01
2.184450000000000000e+04 9.687120000000000175e-01
2.187850000000000000e+04 9.690729999999999622e-01
2.191250000000000000e+04 9.704909999999999926e-01
2.194650000000000000e+04 9.723019999999999996e-01
2.198050000000000000e+04 9.744570000000000176e-01
2.201450000000000000e+04 9.767209999999999503e-01
2.204850000000000000e+04 9.782779999999999809e-01
2.208250000000000000e+04 9.790590000000000126e-01
2.211650000000000000e+04 9.791680000000000383e-01
2.215050000000000000e+04 9.784209999999999852e-01
2.218450000000000000e+04 9.767160000000000286e-01
2.221850000000000000e+04 9.743079999999999519e-01
2.225250000000000000e+04 9.712380000000000457e-01
2.228650000000000000e+04 9.680619999999999781e-01
2.232050000000000000e+04 9.648759999999999559e-01
2.235450000000000000e+04 9.619560000000000333e-01
2.238850000000000000e+04 9.588510000000000089e-01
2.242250000000000000e+04 9.549429999999999863e-01
2.245650000000000000e+04 9.492939999999999712e-01
2.249050000000000000e+04 9.408429999999999849e-01
2.252450000000000000e+04 9.290000000000000480e-01
2.255850000000000000e+04 9.103320000000000300e-01
2.259250000000000000e+04 8.847960000000000269e-01
2.262650000000000000e+04 8.500980000000000203e-01
2.266050000000000000e+04 8.078680000000000305e-01
2.269450000000000000e+04 7.619960000000000067e-01
2.272850000000000000e+04 7.147329999999999517e-01
2.276250000000000000e+04 6.739720000000000155e-01
2.279650000000000000e+04 6.393069999999999586e-01
2.283050000000000000e+04 6.142750000000000155e-01
2.286450000000000000e+04 5.965620000000000367e-01
2.289850000000000000e+04 5.828919999999999657e-01
2.293250000000000000e+04 5.721680000000000099e-01
2.296650000000000000e+04 5.611810000000000409e-01
2.300050000000000000e+04 5.496550000000000047e-01
2.303450000000000000e+04 5.363940000000000374e-01
2.306850000000000000e+04 5.208789999999999809e-01
2.310250000000000000e+04 5.025060000000000082e-01
2.313650000000000000e+04 4.792009999999999881e-01
2.317050000000000000e+04 4.538269999999999804e-01
2.320450000000000000e+04 4.229959999999999831e-01
2.323850000000000000e+04 3.902909999999999990e-01
2.327250000000000000e+04 3.571540000000000270e-01
2.330650000000000000e+04 3.233800000000000008e-01
2.334050000000000000e+04 2.925499999999999767e-01
2.337450000000000000e+04 2.621939999999999826e-01
2.340850000000000000e+04 2.338469999999999993e-01
2.344250000000000000e+04 2.060269999999999879e-01
2.347650000000000000e+04 1.758929999999999938e-01
2.351050000000000000e+04 1.464969999999999883e-01
2.354450000000000000e+04 1.189550000000000052e-01
2.357850000000000000e+04 9.449290000000000467e-02
2.361250000000000000e+04 7.329299999999999704e-02
2.364650000000000000e+04 5.545339999999999991e-02
2.368050000000000000e+04 3.847049999999999775e-02
2.371450000000000000e+04 2.367090000000000166e-02
2.374850000000000000e+04 1.376710000000000086e-02
2.378250000000000000e+04 8.119390000000000635e-03
2.381650000000000000e+04 4.773620000000000120e-03
2.385050000000000000e+04 2.232590000000000009e-03
2.388450000000000000e+04 8.841209999999999737e-04
2.391850000000000000e+04 3.489049999999999942e-04
2.395250000000000000e+04 2.635320000000000240e-04
2.398650000000000000e+04 1.833690000000000125e-04
2.402050000000000000e+04 1.455159999999999939e-04
2.405450000000000000e+04 1.279820000000000089e-04
2.408850000000000000e+04 9.975479999999999569e-05
2.412250000000000000e+04 6.513309999999999478e-05
2.415650000000000000e+04 3.907290000000000329e-05
2.419050000000000000e+04 2.289789999999999976e-05
2.422450000000000000e+04 7.872510000000000288e-06
2.425850000000000000e+04 5.475070000000000202e-09
