1.974100000000000000e+04 0.000000000000000000e+00
1.978200000000000000e+04 2.293100000000000119e-06
1.982300000000000000e+04 1.724049999999999866e-05
1.986400000000000000e+04 3.676479999999999738e-05
1.990500000000000000e+04 4.864610000000000169e-05
1.994600000000000000e+04 5.720930000000000129e-05
1.998700000000000000e+04 7.181119999999999442e-05
2.002800000000000000e+04 9.913400000000000326e-05
2.006900000000000000e+04 1.240290000000000012e-04
2.011000000000000000e+04 1.568460000000000091e-04
2.015100000000000000e+04 1.992200000000000069e-04
2.019200000000000000e+04 2.617450000000000223e-04
2.023300000000000000e+04 3.668920000000000102e-04
2.027400000000000000e+04 5.619979999999999681e-04
2.031500000000000000e+04 8.709219999999999939e-04
2.035600000000000000e+04 1.255809999999999999e-03
2.039700000000000000e+04 1.876209999999999900e-03
2.043800000000000000e+04 3.069890000000000032e-03
2.047900000000000000e+04 4.896039999999999941e-03
2.052000000000000000e+04 8.148650000000000337e-03
2.056100000000000000e+04 1.289039999999999977e-02
2.060200000000000000e+04 1.976249999999999882e-02
2.064300000000000000e+04 2.954990000000000047e-02
2.068400000000000000e+04 4.170770000000000033e-02
2.072500000000000000e+04 5.880289999999999823e-02
2.076600000000000000e+04 7.846409999999999496e-02
2.080700000000000000e+04 1.011119999999999935e-01
2.084800000000000000e+04 1.238650000000000029e-01
2.088900000000000000e+04 1.447509999999999908e-01
2.093000000000000000e+04 1.631670000000000065e-01
2.097100000000000000e+04 1.786179999999999990e-01
2.101200000000000000e+04 1.920820000000000027e-01
2.105300000000000000e+04 2.039539999999999964e-01
2.109400000000000000e+04 2.158049999999999968e-01
2.113500000000000000e+04 2.272790000000000088e-01
2.117600000000000000e+04 2.385990000000000055e-01
2.121700000000000000e+04 2.492189999999999961e-01
2.125800000000000000e+04 2.576100000000000056e-01
2.129900000000000000e+04 2.642860000000000209e-01
2.134000000000000000e+04 2.690989999999999771e-01
2.138100000000000000e+04 2.733700000000000019e-01
2.142200000000000000e+04 2.785369999999999790e-01
2.146300000000000000e+04 2.865989999999999926e-01
2.150400000000000000e+04 2.980039999999999911e-01
2.154500000000000000e+04 3.151550000000000185e-01
2.158600000000000000e+04 3.350270000000000192e-01
2.162700000000000000e+04 3.565459999999999741e-01
2.166800000000000000e+04 3.781180000000000097e-01
2.170900000000000000e+04 3.951620000000000132e-01
2.175000000000000000e+04 4.111250000000000182e-01
2.179100000000000000e+04 4.226110000000000144e-01
2.183200000000000000e+04 4.324020000000000086e-01
2.187300000000000000e+04 4.403400000000000092e-01
2.191400000000000000e+04 4.465819999999999790e-01
2.195500000000000000e+04 4.523300000000000098e-01
2.199600000000000000e+04 4.575299999999999923e-01
2.203700000000000000e+04 4.631290000000000129e-01
2.207800000000000000e+04 4.692319999999999824e-01
2.211900000000000000e+04 4.761179999999999857e-01
2.216000000000000000e+04 4.841380000000000128e-01
2.220100000000000000e+04 4.923819999999999864e-01
2.224200000000000000e+04 5.018960000000000088e-01
2.228300000000000000e+04 5.118449999999999944e-01
2.232400000000000000e+04 5.225499999999999590e-01
2.236500000000000000e+04 5.345360000000000111e-01
2.240600000000000000e+04 5.468910000000000160e-01
2.244700000000000000e+04 5.603010000000000490e-01
2.248800000000000000e+04 5.735689999999999955e-01
2.252900000000000000e+04 5.878659999999999997e-01
2.257000000000000000e+04 6.026319999999999455e-01
2.261100000000000000e+04 6.194220000000000281e-01
2.265200000000000000e+04 6.399500000000000188e-01
2.269300000000000000e+04 6.652160000000000295e-01
2.273400000000000000e+04 6.951410000000000089e-01
2.277500000000000000e+04 7.289550000000000196e-01
2.281600000000000000e+04 7.643229999999999746e-01
2.285700000000000000e+04 7.975050000000000194e-01
2.289800000000000000e+04 8.254209999999999603e-01
2.293900000000000000e+04 8.470250000000000279e-01
2.298000000000000000e+04 8.601370000000000404e-01
2.302100000000000000e+04 8.665439999999999809e-01
2.306200000000000000e+04 8.686909999999999910e-01
2.310300000000000000e+04 8.672969999999999846e-01
2.314400000000000000e+04 8.656880000000000130e-01
2.318500000000000000e+04 8.636350000000000415e-01
2.322600000000000000e+04 8.624089999999999812e-01
2.326700000000000000e+04 8.620809999999999862e-01
2.330800000000000000e+04 8.622729999999999562e-01
2.334900000000000000e+04 8.639369999999999550e-01
2.339000000000000000e+04 8.662570000000000547e-01
2.343100000000000000e+04 8.700999999999999845e-01
2.347200000000000000e+04 8.749160000000000270e-01
2.351300000000000000e+04 8.807599999999999874e-01
2.355400000000000000e+04 8.880810000000000093e-01
2.359500000000000000e+04 8.961679999999999646e-01
2.363600000000000000e+04 9.051799999999999846e-01
2.367700000000000000e+04 9.148600000000000065e-01
2.371800000000000000e+04 9.247729999999999562e-01
2.375900000000000000e+04 9.346870000000000456e-01
2.380000000000000000e+04 9.438520000000000243e-01
2.384100000000000000e+04 9.521100000000000119e-01
2.388200000000000000e+04 9.588149999999999729e-01
2.392300000000000000e+04 9.638219999999999565e-01
2.396400000000000000e+04 9.671819999999999862e-01
2.400500000000000000e+04 9.686500000000000110e-01
2.404600000000000000e+04 9.690790000000000237e-01
2.408700000000000000e+04 9.687820000000000320e-01
2.412800000000000000e+04 9.679219999999999491e-01
2.416900000000000000e+04 9.667080000000000117e-01
2.421000000000000000e+04 9.651629999999999932e-01
2.425100000000000000e+04 9.634329999999999838e-01
2.429200000000000000e+04 9.613890000000000491e-01
2.433300000000000000e+04 9.599490000000000522e-01
2.437400000000000000e+04 9.592079999999999496e-01
2.441500000000000000e+04 9.592870000000000008e-01
2.445600000000000000e+04 9.602000000000000535e-01
2.449700000000000000e+04 9.621070000000000455e-01
2.453800000000000000e+04 9.646439999999999459e-01
2.457900000000000000e+04 9.679039999999999866e-01
2.462000000000000000e+04 9.716179999999999817e-01
2.466100000000000000e+04 9.756350000000000300e-01
2.470200000000000000e+04 9.795580000000000398e-01
2.474300000000000000e+04 9.827759999999999829e-01
2.478400000000000000e+04 9.857939999999999481e-01
2.482500000000000000e+04 9.879369999999999541e-01
2.486600000000000000e+04 9.894230000000000524e-01
2.490700000000000000e+04 9.901569999999999538e-01
2.494800000000000000e+04 9.904819999999999736e-01
2.498900000000000000e+04 9.911489999999999467e-01
2.503000000000000000e+04 9.919139999999999624e-01
2.507100000000000000e+04 9.931759999999999478e-01
2.511200000000000000e+04 9.947000000000000286e-01
2.515300000000000000e+04 9.961929999999999952e-01
2.519400000000000000e+04 9.979200000000000292e-01
2.523500000000000000e+04 9.989820000000000366e-01
2.527600000000000000e+04 9.997369999999999868e-01
2.531700000000000000e+04 1.000000000000000000e+00
2.535800000000000000e+04 9.996359999999999690e-01
2.539900000000000000e+04 9.989940000000000486e-01
2.544000000000000000e+04 9.977000000000000313e-01
2.548100000000000000e+04 9.961520000000000374e-01
2.552200000000000000e+04 9.943760000000000376e-01
2.556300000000000000e+04 9.920189999999999841e-01
2.560400000000000000e+04 9.888350000000000195e-01
2.564500000000000000e+04 9.849259999999999682e-01
2.568600000000000000e+04 9.797949999999999715e-01
2.572700000000000000e+04 9.728369999999999518e-01
2.576800000000000000e+04 9.651110000000000522e-01
2.580900000000000000e+04 9.547619999999999996e-01
2.585000000000000000e+04 9.449030000000000484e-01
2.589100000000000000e+04 9.346309999999999896e-01
2.593200000000000000e+04 9.245379999999999709e-01
2.597300000000000000e+04 9.143360000000000376e-01
2.601400000000000000e+04 8.993710000000000315e-01
2.605500000000000000e+04 8.813710000000000155e-01
2.609600000000000000e+04 8.599560000000000537e-01
2.613700000000000000e+04 8.364920000000000133e-01
2.617800000000000000e+04 8.166710000000000358e-01
2.621900000000000000e+04 7.984930000000000083e-01
2.626000000000000000e+04 7.840819999999999457e-01
2.630100000000000000e+04 7.712229999999999919e-01
2.634200000000000000e+04 7.605140000000000233e-01
2.638300000000000000e+04 7.506770000000000387e-01
2.642400000000000000e+04 7.410750000000000393e-01
2.646500000000000000e+04 7.337810000000000166e-01
2.650600000000000000e+04 7.236730000000000107e-01
2.654700000000000000e+04 7.132030000000000314e-01
2.658800000000000000e+04 7.012460000000000360e-01
2.662900000000000000e+04 6.876679999999999460e-01
2.667000000000000000e+04 6.754219999999999668e-01
2.671100000000000000e+04 6.622479999999999478e-01
2.675200000000000000e+04 6.501179999999999737e-01
2.679300000000000000e+04 6.404389999999999805e-01
2.683400000000000000e+04 6.318380000000000107e-01
2.687500000000000000e+04 6.253900000000000015e-01
2.691600000000000000e+04 6.199409999999999643e-01
2.695700000000000000e+04 6.134199999999999653e-01
2.699800000000000000e+04 6.059959999999999791e-01
2.703900000000000000e+04 5.909600000000000408e-01
2.708000000000000000e+04 5.745390000000000219e-01
2.712100000000000000e+04 5.569539999999999491e-01
2.716200000000000000e+04 5.406309999999999727e-01
2.720300000000000000e+04 5.307439999999999936e-01
2.724400000000000000e+04 5.227889999999999482e-01
2.728500000000000000e+04 5.168580000000000396e-01
2.732600000000000000e+04 5.117119999999999447e-01
2.736700000000000000e+04 5.088639999999999830e-01
2.740800000000000000e+04 5.067460000000000298e-01
2.744900000000000000e+04 5.050799999999999734e-01
2.749000000000000000e+04 5.038970000000000393e-01
2.753100000000000000e+04 5.024939999999999962e-01
2.757200000000000000e+04 5.010780000000000234e-01
2.761300000000000000e+04 4.990129999999999844e-01
2.765400000000000000e+04 4.965109999999999801e-01
2.769500000000000000e+04 4.931180000000000008e-01
2.773600000000000000e+04 4.890450000000000075e-01
2.777700000000000000e+04 4.837690000000000046e-01
2.781800000000000000e+04 4.775280000000000080e-01
2.785900000000000000e+04 4.703459999999999863e-01
2.790000000000000000e+04 4.622580000000000022e-01
2.794100000000000000e+04 4.539070000000000049e-01
2.798200000000000000e+04 4.450740000000000252e-01
2.802300000000000000e+04 4.351729999999999765e-01
2.806400000000000000e+04 4.238350000000000173e-01
2.810500000000000000e+04 4.105230000000000268e-01
2.814600000000000000e+04 3.939810000000000256e-01
2.818700000000000000e+04 3.772090000000000165e-01
2.822800000000000000e+04 3.599169999999999869e-01
2.826900000000000000e+04 3.441949999999999732e-01
2.831000000000000000e+04 3.313880000000000159e-01
2.835100000000000000e+04 3.193920000000000092e-01
2.839200000000000000e+04 3.076470000000000038e-01
2.843300000000000000e+04 2.934060000000000001e-01
2.847400000000000000e+04 2.758809999999999873e-01
2.851500000000000000e+04 2.536990000000000078e-01
2.855600000000000000e+04 2.278449999999999920e-01
2.859700000000000000e+04 1.971110000000000084e-01
2.863800000000000000e+04 1.627149999999999985e-01
2.867900000000000000e+04 1.257719999999999949e-01
2.872000000000000000e+04 9.050450000000000161e-02
2.876100000000000000e+04 6.027930000000000094e-02
2.880200000000000000e+04 3.910870000000000318e-02
2.884300000000000000e+04 2.567989999999999856e-02
2.888400000000000000e+04 1.626709999999999962e-02
2.892500000000000000e+04 9.466590000000000421e-03
2.896600000000000000e+04 5.146910000000000200e-03
2.900700000000000000e+04 2.836009999999999920e-03
2.904800000000000000e+04 1.761889999999999897e-03
2.908900000000000000e+04 9.148140000000000134e-04
2.913000000000000000e+04 5.575979999999999695e-04
2.917100000000000000e+04 2.795100000000000123e-04
2.921200000000000000e+04 1.854279999999999871e-04
2.925300000000000000e+04 1.185309999999999939e-04
2.929400000000000000e+04 8.636039999999999396e-05
2.933500000000000000e+04 5.821529999999999809e-05
2.937600000000000000e+04 3.982819999999999926e-05
2.941700000000000000e+04 2.351930000000000028e-05
2.945800000000000000e+04 2.205119999999999989e-05
2.949900000000000000e+04 2.507540000000000051e-05
2.954000000000000000e+04 2.200530000000000088e-05
2.958100000000000000e+04 1.719210000000000096e-05
2.962200000000000000e+04 1.005140000000000002e-05
2.966300000000000000e+04 2.337219999999999961e-06
