2.108500000000000000e+03 0.000000000000000000e+00
2.114500000000000000e+03 3.763750000000000175e-06
2.120500000000000000e+03 3.535830000000000331e-05
2.126500000000000000e+03 8.180429999999999874e-05
2.132500000000000000e+03 1.068199999999999971e-04
2.138500000000000000e+03 1.150909999999999997e-04
2.144500000000000000e+03 1.196850000000000035e-04
2.150500000000000000e+03 1.250489999999999881e-04
2.156500000000000000e+03 1.307369999999999919e-04
2.162500000000000000e+03 1.363889999999999981e-04
2.168500000000000000e+03 1.417649999999999954e-04
2.174500000000000000e+03 1.461839999999999949e-04
2.180500000000000000e+03 1.484509999999999920e-04
2.186500000000000000e+03 1.489229999999999970e-04
2.192500000000000000e+03 1.473909999999999988e-04
2.198500000000000000e+03 1.447510000000000105e-04
2.204500000000000000e+03 1.413569999999999952e-04
2.210500000000000000e+03 1.379169999999999875e-04
2.216500000000000000e+03 1.348370000000000102e-04
2.222500000000000000e+03 1.334290000000000129e-04
2.228500000000000000e+03 1.341930000000000076e-04
2.234500000000000000e+03 1.373450000000000072e-04
2.240500000000000000e+03 1.424580000000000106e-04
2.246500000000000000e+03 1.486369999999999933e-04
2.252500000000000000e+03 1.550649999999999934e-04
2.258500000000000000e+03 1.597159999999999867e-04
2.264500000000000000e+03 1.623170000000000114e-04
2.270500000000000000e+03 1.610930000000000109e-04
2.276500000000000000e+03 1.568469999999999977e-04
2.282500000000000000e+03 1.481990000000000087e-04
2.288500000000000000e+03 1.368739999999999909e-04
2.294500000000000000e+03 1.234110000000000014e-04
2.300500000000000000e+03 1.093489999999999995e-04
2.306500000000000000e+03 9.589130000000000125e-05
2.312500000000000000e+03 8.369230000000000506e-05
2.318500000000000000e+03 7.425009999999999575e-05
2.324500000000000000e+03 6.725449999999999788e-05
2.330500000000000000e+03 6.381419999999999627e-05
2.336500000000000000e+03 6.298650000000000418e-05
2.342500000000000000e+03 6.523909999999999681e-05
2.348500000000000000e+03 6.942570000000000175e-05
2.354500000000000000e+03 7.539240000000000004e-05
2.360500000000000000e+03 8.192720000000000395e-05
2.366500000000000000e+03 8.846480000000000044e-05
2.372500000000000000e+03 9.411919999999999835e-05
2.378500000000000000e+03 9.844160000000000291e-05
2.384500000000000000e+03 1.002319999999999985e-04
2.390500000000000000e+03 9.924279999999999788e-05
2.396500000000000000e+03 9.506279999999999385e-05
2.402500000000000000e+03 8.835899999999999885e-05
2.408500000000000000e+03 8.039079999999999609e-05
2.414500000000000000e+03 7.204639999999999515e-05
2.420500000000000000e+03 6.404859999999999525e-05
2.426500000000000000e+03 5.655430000000000163e-05
2.432500000000000000e+03 5.013210000000000067e-05
2.438500000000000000e+03 4.466000000000000270e-05
2.444500000000000000e+03 4.094899999999999707e-05
2.450500000000000000e+03 3.828249999999999812e-05
2.456500000000000000e+03 3.626799999999999902e-05
2.462500000000000000e+03 3.451030000000000059e-05
2.468500000000000000e+03 3.309000000000000336e-05
2.474500000000000000e+03 3.190220000000000095e-05
2.480500000000000000e+03 3.101250000000000165e-05
2.486500000000000000e+03 3.017500000000000163e-05
2.492500000000000000e+03 2.921020000000000029e-05
2.498500000000000000e+03 2.823850000000000077e-05
2.504500000000000000e+03 2.739050000000000143e-05
2.510500000000000000e+03 2.651939999999999888e-05
2.516500000000000000e+03 2.550779999999999996e-05
2.522500000000000000e+03 2.451879999999999977e-05
2.528500000000000000e+03 2.364920000000000051e-05
2.534500000000000000e+03 2.272599999999999891e-05
2.540500000000000000e+03 2.167659999999999842e-05
2.546500000000000000e+03 2.074499999999999874e-05
2.552500000000000000e+03 2.003400000000000165e-05
2.558500000000000000e+03 1.965340000000000058e-05
2.564500000000000000e+03 1.953900000000000046e-05
2.570500000000000000e+03 1.956530000000000053e-05
2.576500000000000000e+03 1.965810000000000073e-05
2.582500000000000000e+03 2.147560000000000153e-05
2.588500000000000000e+03 2.589719999999999999e-05
2.594500000000000000e+03 2.836090000000000149e-05
2.600500000000000000e+03 2.766960000000000017e-05
2.606500000000000000e+03 2.671190000000000085e-05
2.612500000000000000e+03 2.599719999999999904e-05
2.618500000000000000e+03 2.567810000000000069e-05
2.624500000000000000e+03 2.565749999999999956e-05
2.630500000000000000e+03 2.568999999999999967e-05
2.636500000000000000e+03 2.570809999999999870e-05
2.642500000000000000e+03 2.577129999999999837e-05
2.648500000000000000e+03 2.581590000000000130e-05
2.654500000000000000e+03 2.576650000000000140e-05
2.660500000000000000e+03 2.583369999999999967e-05
2.666500000000000000e+03 2.597529999999999845e-05
2.672500000000000000e+03 2.613009999999999907e-05
2.678500000000000000e+03 2.628759999999999883e-05
2.684500000000000000e+03 2.639709999999999838e-05
2.690500000000000000e+03 2.639500000000000055e-05
2.696500000000000000e+03 2.621819999999999912e-05
2.702500000000000000e+03 2.567259999999999879e-05
2.708500000000000000e+03 2.458179999999999900e-05
2.714500000000000000e+03 2.324799999999999832e-05
2.720500000000000000e+03 2.219339999999999998e-05
2.726500000000000000e+03 2.159469999999999841e-05
2.732500000000000000e+03 2.117789999999999929e-05
2.738500000000000000e+03 2.080999999999999896e-05
2.744500000000000000e+03 2.083659999999999969e-05
2.750500000000000000e+03 2.112209999999999891e-05
2.756500000000000000e+03 2.133640000000000124e-05
2.762500000000000000e+03 2.137599999999999998e-05
2.768500000000000000e+03 2.111820000000000052e-05
2.774500000000000000e+03 2.085080000000000033e-05
2.780500000000000000e+03 2.097650000000000152e-05
2.786500000000000000e+03 2.131440000000000044e-05
2.792500000000000000e+03 2.169059999999999863e-05
2.798500000000000000e+03 2.222640000000000119e-05
2.804500000000000000e+03 2.319960000000000061e-05
2.810500000000000000e+03 2.428630000000000158e-05
2.816500000000000000e+03 2.525209999999999833e-05
2.822500000000000000e+03 2.594830000000000023e-05
2.828500000000000000e+03 2.627920000000000074e-05
2.834500000000000000e+03 2.644359999999999869e-05
2.840500000000000000e+03 2.649690000000000037e-05
2.846500000000000000e+03 2.652899999999999960e-05
2.852500000000000000e+03 2.655189999999999899e-05
2.858500000000000000e+03 2.657460000000000133e-05
2.864500000000000000e+03 2.659730000000000029e-05
2.870500000000000000e+03 2.661979999999999880e-05
2.876500000000000000e+03 2.664179999999999961e-05
2.882500000000000000e+03 2.666240000000000073e-05
2.888500000000000000e+03 2.669729999999999933e-05
2.894500000000000000e+03 2.681830000000000037e-05
2.900500000000000000e+03 2.725760000000000140e-05
2.906500000000000000e+03 2.845239999999999884e-05
2.912500000000000000e+03 3.001769999999999891e-05
2.918500000000000000e+03 3.160950000000000288e-05
2.924500000000000000e+03 3.312459999999999792e-05
2.930500000000000000e+03 3.467989999999999978e-05
2.936500000000000000e+03 3.639210000000000009e-05
2.942500000000000000e+03 3.815400000000000096e-05
2.948500000000000000e+03 3.999940000000000196e-05
2.954500000000000000e+03 4.213100000000000032e-05
2.960500000000000000e+03 4.468309999999999914e-05
2.966500000000000000e+03 4.795919999999999984e-05
2.972500000000000000e+03 5.187790000000000012e-05
2.978500000000000000e+03 5.647060000000000106e-05
2.984500000000000000e+03 6.133570000000000298e-05
2.990500000000000000e+03 6.643599999999999885e-05
2.996500000000000000e+03 7.207199999999999707e-05
3.002500000000000000e+03 7.838270000000000426e-05
3.008500000000000000e+03 8.566350000000000407e-05
3.014500000000000000e+03 9.409640000000000257e-05
3.020500000000000000e+03 1.038719999999999975e-04
3.026500000000000000e+03 1.150969999999999993e-04
3.032500000000000000e+03 1.286129999999999966e-04
3.038500000000000000e+03 1.445039999999999975e-04
3.044500000000000000e+03 1.636990000000000060e-04
3.050500000000000000e+03 1.860569999999999976e-04
3.056500000000000000e+03 2.127510000000000100e-04
3.062500000000000000e+03 2.434190000000000084e-04
3.068500000000000000e+03 2.800480000000000265e-04
3.074500000000000000e+03 3.219559999999999783e-04
3.080500000000000000e+03 3.718160000000000193e-04
3.086500000000000000e+03 4.288839999999999818e-04
3.092500000000000000e+03 4.974239999999999998e-04
3.098500000000000000e+03 5.767679999999999639e-04
3.104500000000000000e+03 6.769249999999999877e-04
3.110500000000000000e+03 9.774609999999999983e-04
3.116500000000000000e+03 1.436930000000000108e-03
3.122500000000000000e+03 1.955880000000000118e-03
3.128500000000000000e+03 2.783569999999999968e-03
3.134500000000000000e+03 4.312240000000000170e-03
3.140500000000000000e+03 6.347110000000000425e-03
3.146500000000000000e+03 8.760880000000000403e-03
3.152500000000000000e+03 1.171430000000000041e-02
3.158500000000000000e+03 1.543199999999999954e-02
3.164500000000000000e+03 1.987119999999999859e-02
3.170500000000000000e+03 2.489310000000000134e-02
3.176500000000000000e+03 3.044279999999999903e-02
3.182500000000000000e+03 3.657139999999999697e-02
3.188500000000000000e+03 4.322859999999999897e-02
3.194500000000000000e+03 5.016190000000000232e-02
3.200500000000000000e+03 5.735169999999999851e-02
3.206500000000000000e+03 6.504169999999999396e-02
3.212500000000000000e+03 7.322470000000000367e-02
3.218500000000000000e+03 8.198679999999999857e-02
3.224500000000000000e+03 9.121229999999999616e-02
3.230500000000000000e+03 1.009550000000000031e-01
3.236500000000000000e+03 1.111980000000000052e-01
3.242500000000000000e+03 1.220600000000000018e-01
3.248500000000000000e+03 1.334039999999999948e-01
3.254500000000000000e+03 1.452890000000000015e-01
3.260500000000000000e+03 1.575630000000000086e-01
3.266500000000000000e+03 1.702589999999999937e-01
3.272500000000000000e+03 1.832189999999999930e-01
3.278500000000000000e+03 1.964200000000000113e-01
3.284500000000000000e+03 2.096689999999999943e-01
3.290500000000000000e+03 2.227059999999999873e-01
3.296500000000000000e+03 2.353560000000000096e-01
3.302500000000000000e+03 2.474770000000000025e-01
3.308500000000000000e+03 2.589890000000000247e-01
3.314500000000000000e+03 2.696399999999999908e-01
3.320500000000000000e+03 2.793450000000000100e-01
3.326500000000000000e+03 2.877890000000000170e-01
3.332500000000000000e+03 2.950289999999999857e-01
3.338500000000000000e+03 3.009020000000000028e-01
3.344500000000000000e+03 3.056519999999999793e-01
3.350500000000000000e+03 3.091880000000000184e-01
3.356500000000000000e+03 3.116789999999999838e-01
3.362500000000000000e+03 3.128900000000000015e-01
3.368500000000000000e+03 3.130430000000000157e-01
3.374500000000000000e+03 3.121229999999999838e-01
3.380500000000000000e+03 3.109919999999999907e-01
3.386500000000000000e+03 3.106360000000000232e-01
3.392500000000000000e+03 3.111260000000000137e-01
3.398500000000000000e+03 3.121900000000000230e-01
3.404500000000000000e+03 3.135049999999999781e-01
3.410500000000000000e+03 3.146019999999999928e-01
3.416500000000000000e+03 3.155870000000000064e-01
3.422500000000000000e+03 3.165270000000000028e-01
3.428500000000000000e+03 3.174770000000000092e-01
3.434500000000000000e+03 3.184239999999999848e-01
3.440500000000000000e+03 3.195540000000000047e-01
3.446500000000000000e+03 3.210160000000000236e-01
3.452500000000000000e+03 3.224940000000000029e-01
3.458500000000000000e+03 3.237729999999999775e-01
3.464500000000000000e+03 3.249090000000000034e-01
3.470500000000000000e+03 3.259659999999999780e-01
3.476500000000000000e+03 3.272990000000000066e-01
3.482500000000000000e+03 3.291390000000000149e-01
3.488500000000000000e+03 3.320239999999999858e-01
3.494500000000000000e+03 3.363419999999999743e-01
3.500500000000000000e+03 3.438320000000000265e-01
3.506500000000000000e+03 3.565760000000000041e-01
3.512500000000000000e+03 3.793449999999999878e-01
3.518500000000000000e+03 4.127410000000000245e-01
3.524500000000000000e+03 4.646230000000000082e-01
3.530500000000000000e+03 5.283670000000000311e-01
3.536500000000000000e+03 6.073619999999999575e-01
3.542500000000000000e+03 6.876999999999999780e-01
3.548500000000000000e+03 7.669839999999999991e-01
3.554500000000000000e+03 8.334240000000000537e-01
3.560500000000000000e+03 8.857909999999999950e-01
3.566500000000000000e+03 9.205889999999999906e-01
3.572500000000000000e+03 9.376240000000000130e-01
3.578500000000000000e+03 9.407689999999999664e-01
3.584500000000000000e+03 9.406250000000000444e-01
3.590500000000000000e+03 9.435860000000000358e-01
3.596500000000000000e+03 9.516559999999999464e-01
3.602500000000000000e+03 9.620290000000000230e-01
3.608500000000000000e+03 9.738850000000000007e-01
3.614500000000000000e+03 9.853389999999999649e-01
3.620500000000000000e+03 9.925859999999999683e-01
3.626500000000000000e+03 9.958810000000000162e-01
3.632500000000000000e+03 9.955509999999999637e-01
3.638500000000000000e+03 9.949369999999999603e-01
3.644500000000000000e+03 9.945730000000000404e-01
3.650500000000000000e+03 9.959139999999999660e-01
3.656500000000000000e+03 9.981309999999999905e-01
3.662500000000000000e+03 1.000000000000000000e+00
3.668500000000000000e+03 9.968690000000000051e-01
3.674500000000000000e+03 9.845350000000000490e-01
3.680500000000000000e+03 9.609010000000000051e-01
3.686500000000000000e+03 9.227450000000000374e-01
3.692500000000000000e+03 8.672969999999999846e-01
3.698500000000000000e+03 7.950199999999999489e-01
3.704500000000000000e+03 7.100790000000000157e-01
3.710500000000000000e+03 6.259780000000000344e-01
3.716500000000000000e+03 5.469450000000000145e-01
3.722500000000000000e+03 4.850389999999999979e-01
3.728500000000000000e+03 4.365749999999999909e-01
3.734500000000000000e+03 4.026939999999999964e-01
3.740500000000000000e+03 3.795290000000000052e-01
3.746500000000000000e+03 3.645709999999999784e-01
3.752500000000000000e+03 3.547370000000000245e-01
3.758500000000000000e+03 3.483740000000000170e-01
3.764500000000000000e+03 3.445989999999999887e-01
3.770500000000000000e+03 3.416060000000000207e-01
3.776500000000000000e+03 3.390050000000000008e-01
3.782500000000000000e+03 3.361419999999999964e-01
3.788500000000000000e+03 3.332550000000000234e-01
3.794500000000000000e+03 3.309469999999999912e-01
3.800500000000000000e+03 3.286040000000000072e-01
3.806500000000000000e+03 3.260569999999999857e-01
3.812500000000000000e+03 3.232599999999999918e-01
3.818500000000000000e+03 3.200520000000000032e-01
3.824500000000000000e+03 3.164199999999999791e-01
3.830500000000000000e+03 3.126039999999999930e-01
3.836500000000000000e+03 3.087650000000000117e-01
3.842500000000000000e+03 3.051619999999999888e-01
3.848500000000000000e+03 3.017580000000000262e-01
3.854500000000000000e+03 2.984479999999999911e-01
3.860500000000000000e+03 2.951570000000000027e-01
3.866500000000000000e+03 2.918819999999999748e-01
3.872500000000000000e+03 2.887279999999999847e-01
3.878500000000000000e+03 2.856639999999999735e-01
3.884500000000000000e+03 2.827910000000000146e-01
3.890500000000000000e+03 2.800980000000000136e-01
3.896500000000000000e+03 2.776120000000000254e-01
3.902500000000000000e+03 2.753450000000000064e-01
3.908500000000000000e+03 2.733079999999999954e-01
3.914500000000000000e+03 2.714579999999999771e-01
3.920500000000000000e+03 2.697320000000000273e-01
3.926500000000000000e+03 2.679030000000000022e-01
3.932500000000000000e+03 2.655370000000000230e-01
3.938500000000000000e+03 2.620730000000000004e-01
3.944500000000000000e+03 2.570219999999999727e-01
3.950500000000000000e+03 2.500209999999999932e-01
3.956500000000000000e+03 2.411739999999999995e-01
3.962500000000000000e+03 2.301680000000000115e-01
3.968500000000000000e+03 2.174530000000000074e-01
3.974500000000000000e+03 2.030440000000000023e-01
3.980500000000000000e+03 1.876569999999999905e-01
3.986500000000000000e+03 1.713959999999999928e-01
3.992500000000000000e+03 1.546180000000000054e-01
3.998500000000000000e+03 1.376600000000000046e-01
4.004500000000000000e+03 1.210149999999999976e-01
4.010500000000000000e+03 1.050100000000000061e-01
4.016500000000000000e+03 9.017150000000000165e-02
4.022500000000000000e+03 7.661729999999999929e-02
4.028500000000000000e+03 6.461690000000000489e-02
4.034500000000000000e+03 5.403340000000000226e-02
4.040500000000000000e+03 4.495819999999999678e-02
4.046500000000000000e+03 3.714189999999999853e-02
4.052500000000000000e+03 3.063480000000000023e-02
4.058500000000000000e+03 2.514769999999999853e-02
4.064500000000000000e+03 2.068980000000000125e-02
4.070500000000000000e+03 1.700120000000000103e-02
4.076500000000000000e+03 1.405110000000000040e-02
4.082500000000000000e+03 1.161580000000000078e-02
4.088500000000000000e+03 9.667490000000000805e-03
4.094500000000000000e+03 8.071389999999999468e-03
4.100500000000000000e+03 6.774419999999999747e-03
4.106500000000000000e+03 5.682979999999999803e-03
4.112500000000000000e+03 4.780050000000000097e-03
4.118500000000000000e+03 3.960230000000000347e-03
4.124500000000000000e+03 3.190459999999999997e-03
4.130500000000000000e+03 2.641300000000000071e-03
4.136500000000000000e+03 2.271689999999999821e-03
4.142500000000000000e+03 1.862490000000000066e-03
4.148500000000000000e+03 1.376419999999999944e-03
4.154500000000000000e+03 8.912370000000000188e-04
4.160500000000000000e+03 5.262640000000000286e-04
4.166500000000000000e+03 4.098419999999999971e-04
4.172500000000000000e+03 3.646170000000000227e-04
4.178500000000000000e+03 3.083970000000000222e-04
4.184500000000000000e+03 2.640399999999999995e-04
4.190500000000000000e+03 2.410360000000000009e-04
4.196500000000000000e+03 2.303539999999999971e-04
4.202500000000000000e+03 2.115060000000000041e-04
4.208500000000000000e+03 1.921199999999999969e-04
4.214500000000000000e+03 1.833480000000000071e-04
4.220500000000000000e+03 1.753980000000000036e-04
4.226500000000000000e+03 1.677419999999999942e-04
4.232500000000000000e+03 1.608029999999999985e-04
4.238500000000000000e+03 1.479680000000000036e-04
4.244500000000000000e+03 1.158280000000000030e-04
4.250500000000000000e+03 7.892440000000000620e-05
4.256500000000000000e+03 6.042429999999999676e-05
4.262500000000000000e+03 5.599870000000000309e-05
4.268500000000000000e+03 5.531760000000000041e-05
4.274500000000000000e+03 5.488039999999999721e-05
4.280500000000000000e+03 5.459099999999999961e-05
4.286500000000000000e+03 5.446150000000000025e-05
4.292500000000000000e+03 5.454749999999999909e-05
4.298500000000000000e+03 5.486150000000000320e-05
4.304500000000000000e+03 5.536249999999999722e-05
4.310500000000000000e+03 5.594329999999999681e-05
4.316500000000000000e+03 5.632679999999999745e-05
4.322500000000000000e+03 5.648900000000000075e-05
4.328500000000000000e+03 5.652700000000000275e-05
4.334500000000000000e+03 5.643100000000000232e-05
4.340500000000000000e+03 5.628530000000000132e-05
4.346500000000000000e+03 5.612339999999999869e-05
4.352500000000000000e+03 5.595609999999999777e-05
4.358500000000000000e+03 5.578720000000000011e-05
4.364500000000000000e+03 5.559340000000000207e-05
4.370500000000000000e+03 5.517840000000000011e-05
4.376500000000000000e+03 5.422480000000000301e-05
4.382500000000000000e+03 5.199179999999999915e-05
4.388500000000000000e+03 4.805109999999999807e-05
4.394500000000000000e+03 4.468289999999999870e-05
4.400500000000000000e+03 4.325950000000000146e-05
4.406500000000000000e+03 4.253449999999999739e-05
4.412500000000000000e+03 4.280639999999999727e-05
4.418500000000000000e+03 4.478680000000000291e-05
4.424500000000000000e+03 4.824599999999999852e-05
4.430500000000000000e+03 5.225810000000000031e-05
4.436500000000000000e+03 5.633120000000000033e-05
4.442500000000000000e+03 5.952360000000000046e-05
4.448500000000000000e+03 6.128320000000000306e-05
4.454500000000000000e+03 6.234589999999999544e-05
4.460500000000000000e+03 6.284479999999999841e-05
4.466500000000000000e+03 6.321359999999999393e-05
4.472500000000000000e+03 6.371450000000000128e-05
4.478500000000000000e+03 6.419340000000000105e-05
4.484500000000000000e+03 6.475959999999999573e-05
4.490500000000000000e+03 6.550730000000000214e-05
4.496500000000000000e+03 6.647130000000000172e-05
4.502500000000000000e+03 6.771550000000000583e-05
4.508500000000000000e+03 6.905880000000000362e-05
4.514500000000000000e+03 7.022220000000000675e-05
4.520500000000000000e+03 7.121520000000000216e-05
4.526500000000000000e+03 7.202110000000000066e-05
4.532500000000000000e+03 7.279220000000000417e-05
4.538500000000000000e+03 7.372020000000000612e-05
4.544500000000000000e+03 7.465140000000000154e-05
4.550500000000000000e+03 7.550099999999999422e-05
4.556500000000000000e+03 7.627419999999999556e-05
4.562500000000000000e+03 7.691909999999999340e-05
4.568500000000000000e+03 7.757839999999999571e-05
4.574500000000000000e+03 7.827570000000000003e-05
4.580500000000000000e+03 7.871880000000000262e-05
4.586500000000000000e+03 7.883359999999999684e-05
4.592500000000000000e+03 7.883830000000000037e-05
4.598500000000000000e+03 7.883540000000000079e-05
4.604500000000000000e+03 7.905750000000000667e-05
4.610500000000000000e+03 7.966070000000000117e-05
4.616500000000000000e+03 8.046360000000000665e-05
4.622500000000000000e+03 8.149059999999999529e-05
4.628500000000000000e+03 8.271309999999999925e-05
4.634500000000000000e+03 8.398210000000000354e-05
4.640500000000000000e+03 8.514350000000000228e-05
4.646500000000000000e+03 8.608990000000000392e-05
4.652500000000000000e+03 8.676430000000000546e-05
4.658500000000000000e+03 8.724849999999999652e-05
4.664500000000000000e+03 8.775009999999999863e-05
4.670500000000000000e+03 8.832409999999999686e-05
4.676500000000000000e+03 8.898830000000000314e-05
4.682500000000000000e+03 8.941720000000000169e-05
4.688500000000000000e+03 8.927959999999999813e-05
4.694500000000000000e+03 8.899909999999999972e-05
4.700500000000000000e+03 8.890670000000000040e-05
4.706500000000000000e+03 8.906440000000000060e-05
4.712500000000000000e+03 8.964470000000000587e-05
4.718500000000000000e+03 9.026949999999999352e-05
4.724500000000000000e+03 8.783290000000000400e-05
4.730500000000000000e+03 7.362199999999999409e-05
4.736500000000000000e+03 4.659189999999999686e-05
4.742500000000000000e+03 2.502800000000000161e-05
4.748500000000000000e+03 1.436590000000000081e-05
4.754500000000000000e+03 5.397730000000000411e-06
4.760500000000000000e+03 5.420450000000000339e-07
