1.852000000000000000e+03 0.000000000000000000e+00
1.857000000000000000e+03 6.273269999999999369e-08
1.862000000000000000e+03 3.164469999999999960e-06
1.867000000000000000e+03 8.448069999999999229e-06
1.872000000000000000e+03 1.578120000000000063e-05
1.877000000000000000e+03 2.480370000000000106e-05
1.882000000000000000e+03 2.969240000000000052e-05
1.887000000000000000e+03 3.082929999999999975e-05
1.892000000000000000e+03 3.200059999999999987e-05
1.897000000000000000e+03 3.337940000000000096e-05
1.902000000000000000e+03 3.476219999999999728e-05
1.907000000000000000e+03 3.613700000000000316e-05
1.912000000000000000e+03 3.729969999999999797e-05
1.917000000000000000e+03 3.823879999999999716e-05
1.922000000000000000e+03 3.874619999999999844e-05
1.927000000000000000e+03 3.875400000000000199e-05
1.932000000000000000e+03 3.844269999999999702e-05
1.937000000000000000e+03 3.777130000000000206e-05
1.942000000000000000e+03 3.700569999999999706e-05
1.947000000000000000e+03 3.616650000000000008e-05
1.952000000000000000e+03 3.549819999999999836e-05
1.957000000000000000e+03 3.512469999999999931e-05
1.962000000000000000e+03 3.514529999999999705e-05
1.967000000000000000e+03 3.580099999999999824e-05
1.972000000000000000e+03 3.679100000000000062e-05
1.977000000000000000e+03 3.822619999999999664e-05
1.982000000000000000e+03 3.967909999999999759e-05
1.987000000000000000e+03 4.097479999999999943e-05
1.992000000000000000e+03 4.192349999999999934e-05
1.997000000000000000e+03 4.206000000000000049e-05
2.002000000000000000e+03 4.162780000000000148e-05
2.007000000000000000e+03 4.010180000000000287e-05
2.012000000000000000e+03 3.803879999999999908e-05
2.017000000000000000e+03 3.511040000000000184e-05
2.022000000000000000e+03 3.188650000000000040e-05
2.027000000000000000e+03 2.851559999999999851e-05
2.032000000000000000e+03 2.519719999999999992e-05
2.037000000000000000e+03 2.235610000000000098e-05
2.042000000000000000e+03 1.984409999999999861e-05
2.047000000000000000e+03 1.818860000000000065e-05
2.052000000000000000e+03 1.702090000000000165e-05
2.057000000000000000e+03 1.674520000000000020e-05
2.062000000000000000e+03 1.698970000000000100e-05
2.067000000000000000e+03 1.800379999999999862e-05
2.072000000000000000e+03 1.938399999999999940e-05
2.077000000000000000e+03 2.104509999999999947e-05
2.082000000000000000e+03 2.286560000000000009e-05
2.087000000000000000e+03 2.449630000000000126e-05
2.092000000000000000e+03 2.596289999999999837e-05
2.097000000000000000e+03 2.683280000000000167e-05
2.102000000000000000e+03 2.735369999999999867e-05
2.107000000000000000e+03 2.705310000000000023e-05
2.112000000000000000e+03 2.621499999999999888e-05
2.117000000000000000e+03 2.486309999999999917e-05
2.122000000000000000e+03 2.310990000000000044e-05
2.127000000000000000e+03 2.133999999999999897e-05
2.132000000000000000e+03 1.956769999999999902e-05
2.137000000000000000e+03 1.799420000000000129e-05
2.142000000000000000e+03 1.666380000000000129e-05
2.147000000000000000e+03 1.577550000000000168e-05
2.152000000000000000e+03 1.512510000000000025e-05
2.157000000000000000e+03 1.476050000000000039e-05
2.162000000000000000e+03 1.466339999999999923e-05
2.167000000000000000e+03 1.457900000000000051e-05
2.172000000000000000e+03 1.436090000000000001e-05
2.177000000000000000e+03 1.420640000000000005e-05
2.182000000000000000e+03 1.412289999999999992e-05
2.187000000000000000e+03 1.406489999999999980e-05
2.192000000000000000e+03 1.403600000000000080e-05
2.197000000000000000e+03 1.400779999999999995e-05
2.202000000000000000e+03 1.395920000000000011e-05
2.207000000000000000e+03 1.390039999999999993e-05
2.212000000000000000e+03 1.385350000000000043e-05
2.217000000000000000e+03 1.381320000000000016e-05
2.222000000000000000e+03 1.378860000000000042e-05
2.227000000000000000e+03 1.376519999999999994e-05
2.232000000000000000e+03 1.375400000000000079e-05
2.237000000000000000e+03 1.375000000000000049e-05
2.242000000000000000e+03 1.373470000000000082e-05
2.247000000000000000e+03 1.375489999999999938e-05
2.252000000000000000e+03 1.384939999999999991e-05
2.257000000000000000e+03 1.399630000000000015e-05
2.262000000000000000e+03 1.424649999999999989e-05
2.267000000000000000e+03 1.452320000000000013e-05
2.272000000000000000e+03 1.573689999999999836e-05
2.277000000000000000e+03 1.856839999999999996e-05
2.282000000000000000e+03 2.055969999999999900e-05
2.287000000000000000e+03 2.066789999999999909e-05
2.292000000000000000e+03 2.064240000000000077e-05
2.297000000000000000e+03 2.061120000000000012e-05
2.302000000000000000e+03 2.081659999999999988e-05
2.307000000000000000e+03 2.125910000000000115e-05
2.312000000000000000e+03 2.203030000000000149e-05
2.317000000000000000e+03 2.302170000000000017e-05
2.322000000000000000e+03 2.386380000000000012e-05
2.327000000000000000e+03 2.369700000000000029e-05
2.332000000000000000e+03 2.375750000000000081e-05
2.337000000000000000e+03 2.612750000000000014e-05
2.342000000000000000e+03 2.792719999999999919e-05
2.347000000000000000e+03 2.752900000000000019e-05
2.352000000000000000e+03 2.688070000000000167e-05
2.357000000000000000e+03 2.615199999999999966e-05
2.362000000000000000e+03 2.527529999999999838e-05
2.367000000000000000e+03 2.384260000000000106e-05
2.372000000000000000e+03 2.242969999999999974e-05
2.377000000000000000e+03 2.165089999999999967e-05
2.382000000000000000e+03 2.135229999999999884e-05
2.387000000000000000e+03 2.113100000000000148e-05
2.392000000000000000e+03 2.102870000000000078e-05
2.397000000000000000e+03 2.081560000000000108e-05
2.402000000000000000e+03 2.060040000000000016e-05
2.407000000000000000e+03 2.058250000000000156e-05
2.412000000000000000e+03 2.066629999999999897e-05
2.417000000000000000e+03 2.061879999999999984e-05
2.422000000000000000e+03 2.055580000000000062e-05
2.427000000000000000e+03 2.054289999999999944e-05
2.432000000000000000e+03 2.051839999999999993e-05
2.437000000000000000e+03 2.045609999999999884e-05
2.442000000000000000e+03 2.044089999999999940e-05
2.447000000000000000e+03 2.043009999999999943e-05
2.452000000000000000e+03 2.048030000000000109e-05
2.457000000000000000e+03 2.061630000000000114e-05
2.462000000000000000e+03 2.099130000000000009e-05
2.467000000000000000e+03 2.144740000000000069e-05
2.472000000000000000e+03 2.203620000000000088e-05
2.477000000000000000e+03 2.264780000000000024e-05
2.482000000000000000e+03 2.316969999999999943e-05
2.487000000000000000e+03 2.363129999999999853e-05
2.492000000000000000e+03 2.401870000000000095e-05
2.497000000000000000e+03 2.441639999999999886e-05
2.502000000000000000e+03 2.479090000000000010e-05
2.507000000000000000e+03 2.510119999999999948e-05
2.512000000000000000e+03 2.546599999999999979e-05
2.517000000000000000e+03 2.581270000000000106e-05
2.522000000000000000e+03 2.627000000000000090e-05
2.527000000000000000e+03 2.682419999999999976e-05
2.532000000000000000e+03 2.756460000000000033e-05
2.537000000000000000e+03 2.854979999999999896e-05
2.542000000000000000e+03 2.956610000000000141e-05
2.547000000000000000e+03 3.084870000000000163e-05
2.552000000000000000e+03 3.247480000000000288e-05
2.557000000000000000e+03 3.433120000000000090e-05
2.562000000000000000e+03 3.647010000000000171e-05
2.567000000000000000e+03 3.863370000000000248e-05
2.572000000000000000e+03 4.104609999999999991e-05
2.577000000000000000e+03 4.389370000000000294e-05
2.582000000000000000e+03 4.679770000000000089e-05
2.587000000000000000e+03 5.114079999999999662e-05
2.592000000000000000e+03 5.600899999999999857e-05
2.597000000000000000e+03 6.160150000000000304e-05
2.602000000000000000e+03 6.926050000000000544e-05
2.607000000000000000e+03 7.710680000000000517e-05
2.612000000000000000e+03 8.907080000000000108e-05
2.617000000000000000e+03 1.043130000000000023e-04
2.622000000000000000e+03 1.212850000000000017e-04
2.627000000000000000e+03 1.491899999999999997e-04
2.632000000000000000e+03 1.791960000000000102e-04
2.637000000000000000e+03 2.196269999999999896e-04
2.642000000000000000e+03 2.778610000000000151e-04
2.647000000000000000e+03 3.382850000000000180e-04
2.652000000000000000e+03 4.372660000000000110e-04
2.657000000000000000e+03 5.524259999999999587e-04
2.662000000000000000e+03 6.845100000000000446e-04
2.667000000000000000e+03 8.782209999999999930e-04
2.672000000000000000e+03 1.077929999999999947e-03
2.677000000000000000e+03 1.330559999999999946e-03
2.682000000000000000e+03 1.630900000000000015e-03
2.687000000000000000e+03 1.939890000000000104e-03
2.692000000000000000e+03 2.315750000000000100e-03
2.697000000000000000e+03 2.708289999999999916e-03
2.702000000000000000e+03 3.110640000000000020e-03
2.707000000000000000e+03 3.531830000000000126e-03
2.712000000000000000e+03 3.954049999999999752e-03
2.717000000000000000e+03 4.348180000000000101e-03
2.722000000000000000e+03 4.727630000000000027e-03
2.727000000000000000e+03 5.092690000000000411e-03
2.732000000000000000e+03 5.386980000000000414e-03
2.737000000000000000e+03 5.678510000000000328e-03
2.742000000000000000e+03 5.977090000000000007e-03
2.747000000000000000e+03 6.532089999999999945e-03
2.752000000000000000e+03 7.208929999999999678e-03
2.757000000000000000e+03 7.957380000000000009e-03
2.762000000000000000e+03 8.795600000000000640e-03
2.767000000000000000e+03 1.003060000000000063e-02
2.772000000000000000e+03 1.146059999999999961e-02
2.777000000000000000e+03 1.330500000000000085e-02
2.782000000000000000e+03 1.535070000000000011e-02
2.787000000000000000e+03 1.767109999999999861e-02
2.792000000000000000e+03 2.012330000000000021e-02
2.797000000000000000e+03 2.272199999999999914e-02
2.802000000000000000e+03 2.559559999999999960e-02
2.807000000000000000e+03 2.856329999999999980e-02
2.812000000000000000e+03 3.155670000000000003e-02
2.817000000000000000e+03 3.462549999999999656e-02
2.822000000000000000e+03 3.806999999999999967e-02
2.827000000000000000e+03 4.165610000000000146e-02
2.832000000000000000e+03 4.554029999999999884e-02
2.837000000000000000e+03 4.961659999999999682e-02
2.842000000000000000e+03 5.404579999999999801e-02
2.847000000000000000e+03 5.863240000000000118e-02
2.852000000000000000e+03 6.351640000000000064e-02
2.857000000000000000e+03 6.863030000000000519e-02
2.862000000000000000e+03 7.398019999999999596e-02
2.867000000000000000e+03 7.960699999999999721e-02
2.872000000000000000e+03 8.540449999999999431e-02
2.877000000000000000e+03 9.140220000000000289e-02
2.882000000000000000e+03 9.741550000000000209e-02
2.887000000000000000e+03 1.035650000000000043e-01
2.892000000000000000e+03 1.096229999999999982e-01
2.897000000000000000e+03 1.156910000000000022e-01
2.902000000000000000e+03 1.216580000000000022e-01
2.907000000000000000e+03 1.274389999999999967e-01
2.912000000000000000e+03 1.329980000000000051e-01
2.917000000000000000e+03 1.381620000000000070e-01
2.922000000000000000e+03 1.430009999999999892e-01
2.927000000000000000e+03 1.474459999999999937e-01
2.932000000000000000e+03 1.515950000000000075e-01
2.937000000000000000e+03 1.553660000000000041e-01
2.942000000000000000e+03 1.588289999999999980e-01
2.947000000000000000e+03 1.620109999999999884e-01
2.952000000000000000e+03 1.648429999999999895e-01
2.957000000000000000e+03 1.673050000000000093e-01
2.962000000000000000e+03 1.693590000000000095e-01
2.967000000000000000e+03 1.710849999999999871e-01
2.972000000000000000e+03 1.724819999999999964e-01
2.977000000000000000e+03 1.742200000000000137e-01
2.982000000000000000e+03 1.761830000000000063e-01
2.987000000000000000e+03 1.781079999999999885e-01
2.992000000000000000e+03 1.798569999999999891e-01
2.997000000000000000e+03 1.814169999999999949e-01
3.002000000000000000e+03 1.824570000000000081e-01
3.007000000000000000e+03 1.833579999999999932e-01
3.012000000000000000e+03 1.840650000000000064e-01
3.017000000000000000e+03 1.845459999999999878e-01
3.022000000000000000e+03 1.849020000000000108e-01
3.027000000000000000e+03 1.852850000000000052e-01
3.032000000000000000e+03 1.858420000000000072e-01
3.037000000000000000e+03 1.864220000000000044e-01
3.042000000000000000e+03 1.871639999999999970e-01
3.047000000000000000e+03 1.881349999999999967e-01
3.052000000000000000e+03 1.890680000000000138e-01
3.057000000000000000e+03 1.900509999999999977e-01
3.062000000000000000e+03 1.914450000000000041e-01
3.067000000000000000e+03 1.933699999999999863e-01
3.072000000000000000e+03 1.961620000000000030e-01
3.077000000000000000e+03 2.005319999999999880e-01
3.082000000000000000e+03 2.079080000000000095e-01
3.087000000000000000e+03 2.194329999999999892e-01
3.092000000000000000e+03 2.390100000000000002e-01
3.097000000000000000e+03 2.673030000000000128e-01
3.102000000000000000e+03 3.102650000000000130e-01
3.107000000000000000e+03 3.670160000000000089e-01
3.112000000000000000e+03 4.383210000000000162e-01
3.117000000000000000e+03 5.234130000000000171e-01
3.122000000000000000e+03 6.124610000000000332e-01
3.127000000000000000e+03 7.030530000000000390e-01
3.132000000000000000e+03 7.847669999999999924e-01
3.137000000000000000e+03 8.517019999999999591e-01
3.142000000000000000e+03 9.012010000000000298e-01
3.147000000000000000e+03 9.284540000000000015e-01
3.152000000000000000e+03 9.432730000000000281e-01
3.157000000000000000e+03 9.508100000000000440e-01
3.162000000000000000e+03 9.546580000000000066e-01
3.167000000000000000e+03 9.582650000000000334e-01
3.172000000000000000e+03 9.627799999999999692e-01
3.177000000000000000e+03 9.729630000000000223e-01
3.182000000000000000e+03 9.830600000000000449e-01
3.187000000000000000e+03 9.919010000000000327e-01
3.192000000000000000e+03 9.981999999999999762e-01
3.197000000000000000e+03 1.000000000000000000e+00
3.202000000000000000e+03 9.994129999999999958e-01
3.207000000000000000e+03 9.956939999999999680e-01
3.212000000000000000e+03 9.909179999999999655e-01
3.217000000000000000e+03 9.866150000000000198e-01
3.222000000000000000e+03 9.831959999999999589e-01
3.227000000000000000e+03 9.821440000000000170e-01
3.232000000000000000e+03 9.797890000000000210e-01
3.237000000000000000e+03 9.731779999999999875e-01
3.242000000000000000e+03 9.621439999999999992e-01
3.247000000000000000e+03 9.375430000000000152e-01
3.252000000000000000e+03 9.027319999999999789e-01
3.257000000000000000e+03 8.467019999999999547e-01
3.262000000000000000e+03 7.793409999999999505e-01
3.267000000000000000e+03 6.976529999999999676e-01
3.272000000000000000e+03 6.082070000000000531e-01
3.277000000000000000e+03 5.209000000000000297e-01
3.282000000000000000e+03 4.375299999999999745e-01
3.287000000000000000e+03 3.688489999999999824e-01
3.292000000000000000e+03 3.143580000000000263e-01
3.297000000000000000e+03 2.732339999999999769e-01
3.302000000000000000e+03 2.450499999999999901e-01
3.307000000000000000e+03 2.255030000000000090e-01
3.312000000000000000e+03 2.131579999999999864e-01
3.317000000000000000e+03 2.041489999999999971e-01
3.322000000000000000e+03 1.977019999999999889e-01
3.327000000000000000e+03 1.924690000000000012e-01
3.332000000000000000e+03 1.883769999999999889e-01
3.337000000000000000e+03 1.853140000000000065e-01
3.342000000000000000e+03 1.821540000000000104e-01
3.347000000000000000e+03 1.792610000000000037e-01
3.352000000000000000e+03 1.771570000000000089e-01
3.357000000000000000e+03 1.754429999999999878e-01
3.362000000000000000e+03 1.738210000000000033e-01
3.367000000000000000e+03 1.725549999999999862e-01
3.372000000000000000e+03 1.715720000000000023e-01
3.377000000000000000e+03 1.703590000000000104e-01
3.382000000000000000e+03 1.691330000000000056e-01
3.387000000000000000e+03 1.675230000000000052e-01
3.392000000000000000e+03 1.658419999999999894e-01
3.397000000000000000e+03 1.643390000000000128e-01
3.402000000000000000e+03 1.627379999999999938e-01
3.407000000000000000e+03 1.610759999999999970e-01
3.412000000000000000e+03 1.592530000000000057e-01
3.417000000000000000e+03 1.572709999999999941e-01
3.422000000000000000e+03 1.550469999999999904e-01
3.427000000000000000e+03 1.526649999999999952e-01
3.432000000000000000e+03 1.502610000000000057e-01
3.437000000000000000e+03 1.477330000000000032e-01
3.442000000000000000e+03 1.452459999999999862e-01
3.447000000000000000e+03 1.429130000000000122e-01
3.452000000000000000e+03 1.406810000000000005e-01
3.457000000000000000e+03 1.380959999999999965e-01
3.462000000000000000e+03 1.353399999999999881e-01
3.467000000000000000e+03 1.321859999999999979e-01
3.472000000000000000e+03 1.288719999999999866e-01
3.477000000000000000e+03 1.252350000000000130e-01
3.482000000000000000e+03 1.212669999999999998e-01
3.487000000000000000e+03 1.167480000000000046e-01
3.492000000000000000e+03 1.116589999999999944e-01
3.497000000000000000e+03 1.059680000000000066e-01
3.502000000000000000e+03 9.984959999999999669e-02
3.507000000000000000e+03 9.326199999999999768e-02
3.512000000000000000e+03 8.629820000000000546e-02
3.517000000000000000e+03 7.919120000000000326e-02
3.522000000000000000e+03 7.197580000000000644e-02
3.527000000000000000e+03 6.490210000000000423e-02
3.532000000000000000e+03 5.791639999999999983e-02
3.537000000000000000e+03 5.134070000000000300e-02
3.542000000000000000e+03 4.516619999999999663e-02
3.547000000000000000e+03 3.959990000000000038e-02
3.552000000000000000e+03 3.462839999999999668e-02
3.557000000000000000e+03 3.025009999999999852e-02
3.562000000000000000e+03 2.650790000000000091e-02
3.567000000000000000e+03 2.325860000000000080e-02
3.572000000000000000e+03 2.057449999999999904e-02
3.577000000000000000e+03 1.827579999999999830e-02
3.582000000000000000e+03 1.642199999999999910e-02
3.587000000000000000e+03 1.482750000000000040e-02
3.592000000000000000e+03 1.353610000000000056e-02
3.597000000000000000e+03 1.241949999999999998e-02
3.602000000000000000e+03 1.149559999999999992e-02
3.607000000000000000e+03 1.068799999999999958e-02
3.612000000000000000e+03 9.968859999999999527e-03
3.617000000000000000e+03 9.297720000000000637e-03
3.622000000000000000e+03 8.694800000000000792e-03
3.627000000000000000e+03 8.145239999999999772e-03
3.632000000000000000e+03 7.595460000000000059e-03
3.637000000000000000e+03 6.938859999999999820e-03
3.642000000000000000e+03 6.247960000000000319e-03
3.647000000000000000e+03 5.709969999999999976e-03
3.652000000000000000e+03 5.240269999999999997e-03
3.657000000000000000e+03 4.782149999999999769e-03
3.662000000000000000e+03 4.304080000000000059e-03
3.667000000000000000e+03 3.704600000000000167e-03
3.672000000000000000e+03 3.267659999999999922e-03
3.677000000000000000e+03 2.959119999999999980e-03
3.682000000000000000e+03 2.667160000000000017e-03
3.687000000000000000e+03 2.394250000000000111e-03
3.692000000000000000e+03 2.125829999999999994e-03
3.697000000000000000e+03 1.877390000000000048e-03
3.702000000000000000e+03 1.626220000000000053e-03
3.707000000000000000e+03 1.402830000000000093e-03
3.712000000000000000e+03 1.217280000000000055e-03
3.717000000000000000e+03 1.034020000000000078e-03
3.722000000000000000e+03 8.881689999999999594e-04
3.727000000000000000e+03 7.554089999999999633e-04
3.732000000000000000e+03 6.241120000000000174e-04
3.737000000000000000e+03 5.135269999999999505e-04
3.742000000000000000e+03 4.130870000000000245e-04
3.747000000000000000e+03 3.449820000000000252e-04
3.752000000000000000e+03 2.909850000000000067e-04
3.757000000000000000e+03 2.356760000000000116e-04
3.762000000000000000e+03 1.892460000000000106e-04
3.767000000000000000e+03 1.487179999999999947e-04
3.772000000000000000e+03 1.213209999999999994e-04
3.777000000000000000e+03 1.028319999999999939e-04
3.782000000000000000e+03 8.473510000000000124e-05
3.787000000000000000e+03 7.228380000000000070e-05
3.792000000000000000e+03 6.210899999999999776e-05
3.797000000000000000e+03 5.287340000000000101e-05
3.802000000000000000e+03 4.696140000000000069e-05
3.807000000000000000e+03 4.133509999999999664e-05
3.812000000000000000e+03 3.698209999999999952e-05
3.817000000000000000e+03 3.374070000000000037e-05
3.822000000000000000e+03 3.061710000000000202e-05
3.827000000000000000e+03 2.870249999999999836e-05
3.832000000000000000e+03 2.705759999999999993e-05
3.837000000000000000e+03 2.572849999999999939e-05
3.842000000000000000e+03 2.497439999999999927e-05
3.847000000000000000e+03 2.420370000000000003e-05
3.852000000000000000e+03 2.346890000000000158e-05
3.857000000000000000e+03 2.264160000000000020e-05
3.862000000000000000e+03 2.206669999999999999e-05
3.867000000000000000e+03 2.182199999999999876e-05
3.872000000000000000e+03 2.125760000000000125e-05
3.877000000000000000e+03 2.048020000000000087e-05
3.882000000000000000e+03 2.000229999999999990e-05
3.887000000000000000e+03 2.002829999999999932e-05
3.892000000000000000e+03 2.032629999999999883e-05
3.897000000000000000e+03 2.065010000000000071e-05
3.902000000000000000e+03 2.103820000000000128e-05
3.907000000000000000e+03 2.123199999999999933e-05
3.912000000000000000e+03 2.159720000000000051e-05
3.917000000000000000e+03 2.188709999999999920e-05
3.922000000000000000e+03 2.192749999999999970e-05
3.927000000000000000e+03 2.183040000000000024e-05
3.932000000000000000e+03 2.143919999999999965e-05
3.937000000000000000e+03 2.100289999999999842e-05
3.942000000000000000e+03 2.062919999999999893e-05
3.947000000000000000e+03 2.036389999999999996e-05
3.952000000000000000e+03 2.015560000000000062e-05
3.957000000000000000e+03 2.010040000000000156e-05
3.962000000000000000e+03 2.008059999999999880e-05
3.967000000000000000e+03 2.005759999999999919e-05
3.972000000000000000e+03 2.015860000000000042e-05
3.977000000000000000e+03 2.027059999999999867e-05
3.982000000000000000e+03 2.047309999999999885e-05
3.987000000000000000e+03 2.073919999999999957e-05
3.992000000000000000e+03 2.093989999999999919e-05
3.997000000000000000e+03 2.111759999999999920e-05
4.002000000000000000e+03 2.129570000000000009e-05
4.007000000000000000e+03 2.147589999999999880e-05
4.012000000000000000e+03 2.168350000000000000e-05
4.017000000000000000e+03 2.191090000000000057e-05
4.022000000000000000e+03 2.209670000000000140e-05
4.027000000000000000e+03 2.219149999999999920e-05
4.032000000000000000e+03 2.226839999999999842e-05
4.037000000000000000e+03 2.235910000000000078e-05
4.042000000000000000e+03 2.244880000000000096e-05
4.047000000000000000e+03 2.261349999999999957e-05
4.052000000000000000e+03 2.277389999999999891e-05
4.057000000000000000e+03 2.292209999999999861e-05
4.062000000000000000e+03 2.310459999999999898e-05
4.067000000000000000e+03 2.336630000000000022e-05
4.072000000000000000e+03 2.371839999999999978e-05
4.077000000000000000e+03 2.412670000000000060e-05
4.082000000000000000e+03 2.454049999999999992e-05
4.087000000000000000e+03 2.488939999999999924e-05
4.092000000000000000e+03 2.521099999999999969e-05
4.097000000000000000e+03 2.552269999999999875e-05
4.102000000000000000e+03 2.576269999999999984e-05
4.107000000000000000e+03 2.595689999999999876e-05
4.112000000000000000e+03 2.609710000000000125e-05
4.117000000000000000e+03 2.609309999999999925e-05
4.122000000000000000e+03 2.605139999999999930e-05
4.127000000000000000e+03 2.600809999999999922e-05
4.132000000000000000e+03 2.596509999999999980e-05
4.137000000000000000e+03 2.591340000000000163e-05
4.142000000000000000e+03 2.587839999999999943e-05
4.147000000000000000e+03 2.574729999999999996e-05
4.152000000000000000e+03 2.564169999999999880e-05
4.157000000000000000e+03 2.336940000000000024e-05
4.162000000000000000e+03 1.951110000000000027e-05
4.167000000000000000e+03 1.787660000000000093e-05
4.172000000000000000e+03 1.771740000000000082e-05
4.177000000000000000e+03 1.463540000000000052e-05
4.182000000000000000e+03 1.009330000000000042e-05
4.187000000000000000e+03 5.538659999999999755e-06
4.192000000000000000e+03 2.396519999999999969e-06
4.197000000000000000e+03 2.110449999999999843e-06
4.202000000000000000e+03 2.108080000000000067e-06
4.207000000000000000e+03 2.105720000000000144e-06
4.212000000000000000e+03 2.103359999999999797e-06
4.217000000000000000e+03 2.100990000000000022e-06
4.222000000000000000e+03 2.098609999999999970e-06
4.227000000000000000e+03 2.096240000000000194e-06
4.232000000000000000e+03 2.093860000000000142e-06
4.237000000000000000e+03 2.091480000000000091e-06
4.242000000000000000e+03 2.088920000000000153e-06
4.247000000000000000e+03 2.086119999999999942e-06
4.252000000000000000e+03 2.086119999999999942e-06
4.257000000000000000e+03 2.128780000000000140e-06
4.262000000000000000e+03 2.184890000000000184e-06
4.267000000000000000e+03 2.248190000000000069e-06
4.272000000000000000e+03 2.332160000000000046e-06
4.277000000000000000e+03 2.417220000000000042e-06
4.282000000000000000e+03 2.501919999999999841e-06
4.287000000000000000e+03 2.586360000000000086e-06
4.292000000000000000e+03 2.670739999999999945e-06
4.297000000000000000e+03 2.754649999999999960e-06
4.302000000000000000e+03 2.838470000000000032e-06
4.307000000000000000e+03 2.910839999999999984e-06
4.312000000000000000e+03 2.965110000000000059e-06
4.317000000000000000e+03 3.017239999999999931e-06
4.322000000000000000e+03 3.028340000000000130e-06
4.327000000000000000e+03 3.024200000000000200e-06
4.332000000000000000e+03 3.007449999999999895e-06
4.337000000000000000e+03 2.948760000000000207e-06
4.342000000000000000e+03 2.886949999999999947e-06
4.347000000000000000e+03 2.857270000000000174e-06
4.352000000000000000e+03 2.853340000000000111e-06
4.357000000000000000e+03 2.849419999999999902e-06
4.362000000000000000e+03 2.845489999999999839e-06
4.367000000000000000e+03 2.841570000000000053e-06
4.372000000000000000e+03 2.837649999999999843e-06
4.377000000000000000e+03 2.833750000000000185e-06
4.382000000000000000e+03 2.829850000000000104e-06
4.387000000000000000e+03 2.825830000000000099e-06
4.392000000000000000e+03 2.821769999999999836e-06
4.397000000000000000e+03 2.817709999999999997e-06
4.402000000000000000e+03 2.813660000000000010e-06
4.407000000000000000e+03 2.809619999999999876e-06
4.412000000000000000e+03 2.805569999999999889e-06
4.417000000000000000e+03 2.801510000000000050e-06
4.422000000000000000e+03 2.797450000000000211e-06
4.427000000000000000e+03 2.793410000000000077e-06
4.432000000000000000e+03 2.789360000000000090e-06
4.437000000000000000e+03 2.802850000000000193e-06
4.442000000000000000e+03 2.853579999999999960e-06
4.447000000000000000e+03 2.904690000000000052e-06
4.452000000000000000e+03 2.922230000000000141e-06
4.457000000000000000e+03 2.922490000000000118e-06
4.462000000000000000e+03 2.926899999999999878e-06
4.467000000000000000e+03 2.950269999999999961e-06
4.472000000000000000e+03 2.975940000000000005e-06
4.477000000000000000e+03 2.976609999999999865e-06
4.482000000000000000e+03 2.948370000000000030e-06
4.487000000000000000e+03 2.924220000000000016e-06
4.492000000000000000e+03 2.948439999999999845e-06
4.497000000000000000e+03 2.986380000000000196e-06
4.502000000000000000e+03 3.031760000000000090e-06
4.507000000000000000e+03 3.095809999999999926e-06
4.512000000000000000e+03 3.160509999999999916e-06
4.517000000000000000e+03 3.209110000000000180e-06
4.522000000000000000e+03 3.248119999999999998e-06
4.527000000000000000e+03 3.290859999999999863e-06
4.532000000000000000e+03 3.354310000000000077e-06
4.537000000000000000e+03 3.420760000000000093e-06
4.542000000000000000e+03 3.464739999999999882e-06
4.547000000000000000e+03 3.477450000000000053e-06
4.552000000000000000e+03 3.490660000000000050e-06
4.557000000000000000e+03 3.512029999999999983e-06
4.562000000000000000e+03 3.536049999999999797e-06
4.567000000000000000e+03 3.553389999999999872e-06
4.572000000000000000e+03 3.550609999999999790e-06
4.577000000000000000e+03 3.546719999999999985e-06
4.582000000000000000e+03 3.590820000000000121e-06
4.587000000000000000e+03 3.668199999999999879e-06
4.592000000000000000e+03 3.742489999999999891e-06
4.597000000000000000e+03 3.795970000000000182e-06
4.602000000000000000e+03 3.845839999999999926e-06
4.607000000000000000e+03 3.885429999999999661e-06
4.612000000000000000e+03 3.908209999999999974e-06
4.617000000000000000e+03 3.933470000000000136e-06
4.622000000000000000e+03 4.014840000000000341e-06
4.627000000000000000e+03 4.117880000000000290e-06
4.632000000000000000e+03 4.215000000000000302e-06
4.637000000000000000e+03 4.291819999999999847e-06
4.642000000000000000e+03 4.366999999999999863e-06
4.647000000000000000e+03 4.396399999999999954e-06
4.652000000000000000e+03 4.387569999999999735e-06
4.657000000000000000e+03 4.380600000000000037e-06
4.662000000000000000e+03 4.388419999999999905e-06
4.667000000000000000e+03 4.399370000000000198e-06
4.672000000000000000e+03 4.408270000000000232e-06
4.677000000000000000e+03 4.413309999999999594e-06
4.682000000000000000e+03 4.419130000000000158e-06
4.687000000000000000e+03 4.449759999999999897e-06
4.692000000000000000e+03 4.491720000000000254e-06
4.697000000000000000e+03 4.538329999999999796e-06
4.702000000000000000e+03 4.603529999999999612e-06
4.707000000000000000e+03 4.670649999999999912e-06
4.712000000000000000e+03 4.738220000000000351e-06
4.717000000000000000e+03 4.806240000000000082e-06
4.722000000000000000e+03 4.870419999999999695e-06
4.727000000000000000e+03 4.897469999999999715e-06
4.732000000000000000e+03 4.915159999999999710e-06
4.737000000000000000e+03 4.947870000000000114e-06
4.742000000000000000e+03 5.013690000000000103e-06
4.747000000000000000e+03 5.080310000000000153e-06
4.752000000000000000e+03 5.130670000000000295e-06
4.757000000000000000e+03 5.172370000000000251e-06
4.762000000000000000e+03 5.214789999999999754e-06
4.767000000000000000e+03 5.260689999999999602e-06
4.772000000000000000e+03 5.307029999999999738e-06
4.777000000000000000e+03 5.376229999999999854e-06
4.782000000000000000e+03 5.472970000000000389e-06
4.787000000000000000e+03 5.566370000000000206e-06
4.792000000000000000e+03 5.617720000000000146e-06
4.797000000000000000e+03 5.656749999999999669e-06
4.802000000000000000e+03 5.695260000000000085e-06
4.807000000000000000e+03 5.732410000000000229e-06
4.812000000000000000e+03 5.769750000000000112e-06
4.817000000000000000e+03 5.837220000000000332e-06
4.822000000000000000e+03 5.923250000000000421e-06
4.827000000000000000e+03 6.005929999999999941e-06
4.832000000000000000e+03 6.069119999999999754e-06
4.837000000000000000e+03 6.129390000000000280e-06
4.842000000000000000e+03 6.179300000000000282e-06
4.847000000000000000e+03 6.214160000000000317e-06
4.852000000000000000e+03 6.250930000000000136e-06
4.857000000000000000e+03 6.322299999999999590e-06
4.862000000000000000e+03 6.405260000000000063e-06
4.867000000000000000e+03 6.482430000000000376e-06
4.872000000000000000e+03 6.541679999999999851e-06
4.877000000000000000e+03 6.599840000000000155e-06
4.882000000000000000e+03 6.685640000000000248e-06
4.887000000000000000e+03 6.791430000000000298e-06
4.892000000000000000e+03 6.899659999999999938e-06
4.897000000000000000e+03 7.024869999999999879e-06
4.902000000000000000e+03 7.153169999999999989e-06
4.907000000000000000e+03 7.280859999999999778e-06
4.912000000000000000e+03 7.407549999999999915e-06
4.917000000000000000e+03 7.533449999999999844e-06
4.922000000000000000e+03 7.641830000000000660e-06
4.927000000000000000e+03 7.743179999999999275e-06
4.932000000000000000e+03 7.834490000000000269e-06
4.937000000000000000e+03 7.890220000000000835e-06
4.942000000000000000e+03 7.942910000000000495e-06
4.947000000000000000e+03 7.449390000000000348e-06
4.952000000000000000e+03 6.480299999999999602e-06
4.957000000000000000e+03 5.625300000000000165e-06
4.962000000000000000e+03 5.713189999999999928e-06
4.967000000000000000e+03 6.009590000000000174e-06
4.972000000000000000e+03 6.203349999999999653e-06
4.977000000000000000e+03 6.196729999999999876e-06
4.982000000000000000e+03 6.199159999999999614e-06
4.987000000000000000e+03 6.642259999999999658e-06
4.992000000000000000e+03 7.293860000000000331e-06
4.997000000000000000e+03 7.925140000000000832e-06
5.002000000000000000e+03 8.472319999999999886e-06
5.007000000000000000e+03 9.010320000000000495e-06
5.012000000000000000e+03 9.288209999999999286e-06
5.017000000000000000e+03 9.294160000000000474e-06
5.022000000000000000e+03 9.296480000000000141e-06
5.027000000000000000e+03 9.261619999999999258e-06
5.032000000000000000e+03 9.217060000000000823e-06
5.037000000000000000e+03 8.142049999999999404e-06
5.042000000000000000e+03 4.711899999999999728e-06
5.047000000000000000e+03 1.235059999999999996e-06
