1.952000000000000000e+03 0.000000000000000000e+00
1.957000000000000000e+03 1.001509999999999920e-06
1.962000000000000000e+03 4.218129999999999880e-06
1.967000000000000000e+03 7.117830000000000256e-06
1.972000000000000000e+03 7.815990000000000361e-06
1.977000000000000000e+03 1.013500000000000037e-05
1.982000000000000000e+03 1.644639999999999893e-05
1.987000000000000000e+03 2.159400000000000027e-05
1.992000000000000000e+03 2.260679999999999843e-05
1.997000000000000000e+03 2.330910000000000016e-05
2.002000000000000000e+03 2.420550000000000059e-05
2.007000000000000000e+03 2.512459999999999997e-05
2.012000000000000000e+03 2.592779999999999933e-05
2.017000000000000000e+03 2.662220000000000068e-05
2.022000000000000000e+03 2.717609999999999888e-05
2.027000000000000000e+03 2.759400000000000042e-05
2.032000000000000000e+03 2.774169999999999902e-05
2.037000000000000000e+03 2.763789999999999842e-05
2.042000000000000000e+03 2.738840000000000022e-05
2.047000000000000000e+03 2.693829999999999922e-05
2.052000000000000000e+03 2.649690000000000037e-05
2.057000000000000000e+03 2.614539999999999874e-05
2.062000000000000000e+03 2.588200000000000055e-05
2.067000000000000000e+03 2.584279999999999930e-05
2.072000000000000000e+03 2.592710000000000118e-05
2.077000000000000000e+03 2.640349999999999886e-05
2.082000000000000000e+03 2.700169999999999933e-05
2.087000000000000000e+03 2.776260000000000080e-05
2.092000000000000000e+03 2.854669999999999894e-05
2.097000000000000000e+03 2.918120000000000108e-05
2.102000000000000000e+03 2.964500000000000162e-05
2.107000000000000000e+03 2.972449999999999976e-05
2.112000000000000000e+03 2.927700000000000108e-05
2.117000000000000000e+03 2.852389999999999976e-05
2.122000000000000000e+03 2.717090000000000103e-05
2.127000000000000000e+03 2.564149999999999836e-05
2.132000000000000000e+03 2.360989999999999904e-05
2.137000000000000000e+03 2.153730000000000130e-05
2.142000000000000000e+03 1.946119999999999927e-05
2.147000000000000000e+03 1.745259999999999956e-05
2.152000000000000000e+03 1.580659999999999872e-05
2.157000000000000000e+03 1.434849999999999993e-05
2.162000000000000000e+03 1.340610000000000028e-05
2.167000000000000000e+03 1.280609999999999924e-05
2.172000000000000000e+03 1.261970000000000049e-05
2.177000000000000000e+03 1.286329999999999931e-05
2.182000000000000000e+03 1.330459999999999964e-05
2.187000000000000000e+03 1.410049999999999993e-05
2.192000000000000000e+03 1.493370000000000069e-05
2.197000000000000000e+03 1.589639999999999912e-05
2.202000000000000000e+03 1.678690000000000016e-05
2.207000000000000000e+03 1.742779999999999940e-05
2.212000000000000000e+03 1.793660000000000035e-05
2.217000000000000000e+03 1.801919999999999851e-05
2.222000000000000000e+03 1.793390000000000121e-05
2.227000000000000000e+03 1.742070000000000077e-05
2.232000000000000000e+03 1.667379999999999950e-05
2.237000000000000000e+03 1.564919999999999918e-05
2.242000000000000000e+03 1.435660000000000075e-05
2.247000000000000000e+03 1.309349999999999924e-05
2.252000000000000000e+03 1.183349999999999944e-05
2.257000000000000000e+03 1.068709999999999971e-05
2.262000000000000000e+03 9.721650000000000341e-06
2.267000000000000000e+03 8.821090000000000276e-06
2.272000000000000000e+03 8.097419999999999461e-06
2.277000000000000000e+03 7.436240000000000313e-06
2.282000000000000000e+03 7.039469999999999705e-06
2.287000000000000000e+03 6.722589999999999954e-06
2.292000000000000000e+03 6.462910000000000265e-06
2.297000000000000000e+03 6.226729999999999589e-06
2.302000000000000000e+03 6.009969999999999652e-06
2.307000000000000000e+03 5.814480000000000275e-06
2.312000000000000000e+03 5.652190000000000004e-06
2.317000000000000000e+03 5.526609999999999590e-06
2.322000000000000000e+03 5.379830000000000125e-06
2.327000000000000000e+03 5.197779999999999894e-06
2.332000000000000000e+03 5.028270000000000225e-06
2.337000000000000000e+03 4.894359999999999842e-06
2.342000000000000000e+03 4.753999999999999715e-06
2.347000000000000000e+03 4.572520000000000395e-06
2.352000000000000000e+03 4.391260000000000372e-06
2.357000000000000000e+03 4.253780000000000123e-06
2.362000000000000000e+03 4.137379999999999849e-06
2.367000000000000000e+03 4.022389999999999955e-06
2.372000000000000000e+03 3.900179999999999816e-06
2.377000000000000000e+03 3.807309999999999805e-06
2.382000000000000000e+03 3.745249999999999844e-06
2.387000000000000000e+03 3.715409999999999889e-06
2.392000000000000000e+03 3.900670000000000213e-06
2.397000000000000000e+03 4.270610000000000096e-06
2.402000000000000000e+03 4.934360000000000306e-06
2.407000000000000000e+03 5.495759999999999708e-06
2.412000000000000000e+03 5.528729999999999665e-06
2.417000000000000000e+03 5.424419999999999812e-06
2.422000000000000000e+03 5.258190000000000050e-06
2.427000000000000000e+03 5.084469999999999788e-06
2.432000000000000000e+03 5.006289999999999971e-06
2.437000000000000000e+03 4.993460000000000299e-06
2.442000000000000000e+03 5.106390000000000080e-06
2.447000000000000000e+03 5.647159999999999647e-06
2.452000000000000000e+03 6.761699999999999991e-06
2.457000000000000000e+03 8.927899999999999682e-06
2.462000000000000000e+03 1.059049999999999965e-05
2.467000000000000000e+03 1.125920000000000055e-05
2.472000000000000000e+03 1.153650000000000042e-05
2.477000000000000000e+03 1.152320000000000006e-05
2.482000000000000000e+03 1.151739999999999920e-05
2.487000000000000000e+03 1.155440000000000071e-05
2.492000000000000000e+03 1.165649999999999927e-05
2.497000000000000000e+03 1.178399999999999932e-05
2.502000000000000000e+03 1.189989999999999935e-05
2.507000000000000000e+03 1.197300000000000039e-05
2.512000000000000000e+03 1.204270000000000076e-05
2.517000000000000000e+03 1.212380000000000071e-05
2.522000000000000000e+03 1.212740000000000013e-05
2.527000000000000000e+03 1.209650000000000014e-05
2.532000000000000000e+03 1.205010000000000004e-05
2.537000000000000000e+03 1.204209999999999944e-05
2.542000000000000000e+03 1.207050000000000073e-05
2.547000000000000000e+03 1.206609999999999955e-05
2.552000000000000000e+03 1.200780000000000047e-05
2.557000000000000000e+03 1.192769999999999932e-05
2.562000000000000000e+03 1.190110000000000029e-05
2.567000000000000000e+03 1.193019999999999972e-05
2.572000000000000000e+03 1.196259999999999961e-05
2.577000000000000000e+03 1.202850000000000012e-05
2.582000000000000000e+03 1.210239999999999953e-05
2.587000000000000000e+03 1.229799999999999982e-05
2.592000000000000000e+03 1.261490000000000013e-05
2.597000000000000000e+03 1.306460000000000024e-05
2.602000000000000000e+03 1.348510000000000070e-05
2.607000000000000000e+03 1.379599999999999971e-05
2.612000000000000000e+03 1.406339999999999989e-05
2.617000000000000000e+03 1.435510000000000085e-05
2.622000000000000000e+03 1.465369999999999999e-05
2.627000000000000000e+03 1.492169999999999979e-05
2.632000000000000000e+03 1.512280000000000029e-05
2.637000000000000000e+03 1.521289999999999965e-05
2.642000000000000000e+03 1.525790000000000006e-05
2.647000000000000000e+03 1.528309999999999941e-05
2.652000000000000000e+03 1.538479999999999880e-05
2.657000000000000000e+03 1.554239999999999878e-05
2.662000000000000000e+03 1.583789999999999959e-05
2.667000000000000000e+03 1.620170000000000109e-05
2.672000000000000000e+03 1.661979999999999968e-05
2.677000000000000000e+03 1.705859999999999961e-05
2.682000000000000000e+03 1.751699999999999847e-05
2.687000000000000000e+03 1.799380000000000041e-05
2.692000000000000000e+03 1.837240000000000048e-05
2.697000000000000000e+03 1.870239999999999902e-05
2.702000000000000000e+03 1.889150000000000031e-05
2.707000000000000000e+03 1.908739999999999957e-05
2.712000000000000000e+03 1.933070000000000112e-05
2.717000000000000000e+03 1.972650000000000163e-05
2.722000000000000000e+03 2.023499999999999854e-05
2.727000000000000000e+03 2.082310000000000058e-05
2.732000000000000000e+03 2.152859999999999916e-05
2.737000000000000000e+03 2.228170000000000047e-05
2.742000000000000000e+03 2.307249999999999975e-05
2.747000000000000000e+03 2.386979999999999972e-05
2.752000000000000000e+03 2.471179999999999945e-05
2.757000000000000000e+03 2.569149999999999957e-05
2.762000000000000000e+03 2.674179999999999865e-05
2.767000000000000000e+03 2.788960000000000145e-05
2.772000000000000000e+03 2.914509999999999985e-05
2.777000000000000000e+03 3.048370000000000089e-05
2.782000000000000000e+03 3.202300000000000155e-05
2.787000000000000000e+03 3.379209999999999788e-05
2.792000000000000000e+03 3.563729999999999844e-05
2.797000000000000000e+03 3.754540000000000140e-05
2.802000000000000000e+03 3.965139999999999783e-05
2.807000000000000000e+03 4.197960000000000038e-05
2.812000000000000000e+03 4.459820000000000272e-05
2.817000000000000000e+03 4.752229999999999730e-05
2.822000000000000000e+03 5.077339999999999740e-05
2.827000000000000000e+03 5.441890000000000171e-05
2.832000000000000000e+03 5.870570000000000275e-05
2.837000000000000000e+03 6.361670000000000367e-05
2.842000000000000000e+03 6.931630000000000582e-05
2.847000000000000000e+03 7.570599999999999650e-05
2.852000000000000000e+03 8.255100000000000296e-05
2.857000000000000000e+03 9.022209999999999800e-05
2.862000000000000000e+03 9.757800000000000664e-05
2.867000000000000000e+03 1.070700000000000032e-04
2.872000000000000000e+03 1.187750000000000004e-04
2.877000000000000000e+03 1.703230000000000022e-04
2.882000000000000000e+03 3.015769999999999757e-04
2.887000000000000000e+03 4.951550000000000526e-04
2.892000000000000000e+03 7.446959999999999864e-04
2.897000000000000000e+03 1.084499999999999961e-03
2.902000000000000000e+03 1.575159999999999928e-03
2.907000000000000000e+03 2.185449999999999806e-03
2.912000000000000000e+03 2.926049999999999918e-03
2.917000000000000000e+03 3.812410000000000018e-03
2.922000000000000000e+03 4.850609999999999991e-03
2.927000000000000000e+03 6.016399999999999873e-03
2.932000000000000000e+03 7.281450000000000075e-03
2.937000000000000000e+03 8.616489999999999219e-03
2.942000000000000000e+03 1.000200000000000047e-02
2.947000000000000000e+03 1.141479999999999925e-02
2.952000000000000000e+03 1.286729999999999992e-02
2.957000000000000000e+03 1.434369999999999916e-02
2.962000000000000000e+03 1.584599999999999898e-02
2.967000000000000000e+03 1.738630000000000037e-02
2.972000000000000000e+03 1.898280000000000106e-02
2.977000000000000000e+03 2.062709999999999891e-02
2.982000000000000000e+03 2.234720000000000109e-02
2.987000000000000000e+03 2.412610000000000102e-02
2.992000000000000000e+03 2.601610000000000034e-02
2.997000000000000000e+03 2.798060000000000130e-02
3.002000000000000000e+03 3.005609999999999879e-02
3.007000000000000000e+03 3.222710000000000158e-02
3.012000000000000000e+03 3.451189999999999813e-02
3.017000000000000000e+03 3.690689999999999943e-02
3.022000000000000000e+03 3.937969999999999665e-02
3.027000000000000000e+03 4.198149999999999799e-02
3.032000000000000000e+03 4.462200000000000194e-02
3.037000000000000000e+03 4.738370000000000082e-02
3.042000000000000000e+03 5.018679999999999669e-02
3.047000000000000000e+03 5.306319999999999787e-02
3.052000000000000000e+03 5.594339999999999730e-02
3.057000000000000000e+03 5.881809999999999816e-02
3.062000000000000000e+03 6.166850000000000109e-02
3.067000000000000000e+03 6.447229999999999628e-02
3.072000000000000000e+03 6.721630000000000660e-02
3.077000000000000000e+03 6.994069999999999454e-02
3.082000000000000000e+03 7.255530000000000312e-02
3.087000000000000000e+03 7.520889999999999520e-02
3.092000000000000000e+03 7.772489999999999954e-02
3.097000000000000000e+03 8.033569999999999600e-02
3.102000000000000000e+03 8.281489999999999685e-02
3.107000000000000000e+03 8.540910000000000168e-02
3.112000000000000000e+03 8.788809999999999678e-02
3.117000000000000000e+03 9.043619999999999437e-02
3.122000000000000000e+03 9.281559999999999810e-02
3.127000000000000000e+03 9.511569999999999747e-02
3.132000000000000000e+03 9.726869999999999961e-02
3.137000000000000000e+03 9.922380000000000089e-02
3.142000000000000000e+03 1.011470000000000008e-01
3.147000000000000000e+03 1.029800000000000021e-01
3.152000000000000000e+03 1.045949999999999935e-01
3.157000000000000000e+03 1.060500000000000054e-01
3.162000000000000000e+03 1.072619999999999962e-01
3.167000000000000000e+03 1.082940000000000014e-01
3.172000000000000000e+03 1.091379999999999989e-01
3.177000000000000000e+03 1.098689999999999944e-01
3.182000000000000000e+03 1.105130000000000001e-01
3.187000000000000000e+03 1.111400000000000027e-01
3.192000000000000000e+03 1.118269999999999958e-01
3.197000000000000000e+03 1.125540000000000013e-01
3.202000000000000000e+03 1.134229999999999960e-01
3.207000000000000000e+03 1.143870000000000026e-01
3.212000000000000000e+03 1.153909999999999936e-01
3.217000000000000000e+03 1.166459999999999997e-01
3.222000000000000000e+03 1.181719999999999993e-01
3.227000000000000000e+03 1.205650000000000055e-01
3.232000000000000000e+03 1.238240000000000035e-01
3.237000000000000000e+03 1.292010000000000103e-01
3.242000000000000000e+03 1.369609999999999994e-01
3.247000000000000000e+03 1.496399999999999952e-01
3.252000000000000000e+03 1.679539999999999922e-01
3.257000000000000000e+03 1.948900000000000077e-01
3.262000000000000000e+03 2.320560000000000123e-01
3.267000000000000000e+03 2.803399999999999781e-01
3.272000000000000000e+03 3.414579999999999838e-01
3.277000000000000000e+03 4.125269999999999770e-01
3.282000000000000000e+03 4.936099999999999932e-01
3.287000000000000000e+03 5.789020000000000277e-01
3.292000000000000000e+03 6.657279999999999864e-01
3.297000000000000000e+03 7.446939999999999671e-01
3.302000000000000000e+03 8.152669999999999639e-01
3.307000000000000000e+03 8.712419999999999609e-01
3.312000000000000000e+03 9.133750000000000480e-01
3.317000000000000000e+03 9.414700000000000291e-01
3.322000000000000000e+03 9.592580000000000551e-01
3.327000000000000000e+03 9.695019999999999749e-01
3.332000000000000000e+03 9.757639999999999647e-01
3.337000000000000000e+03 9.786859999999999449e-01
3.342000000000000000e+03 9.821450000000000458e-01
3.347000000000000000e+03 9.859700000000000131e-01
3.352000000000000000e+03 9.903399999999999981e-01
3.357000000000000000e+03 9.944340000000000401e-01
3.362000000000000000e+03 9.973560000000000203e-01
3.367000000000000000e+03 9.994180000000000286e-01
3.372000000000000000e+03 9.999799999999999800e-01
3.377000000000000000e+03 1.000000000000000000e+00
3.382000000000000000e+03 9.986340000000000217e-01
3.387000000000000000e+03 9.960179999999999589e-01
3.392000000000000000e+03 9.934260000000000312e-01
3.397000000000000000e+03 9.911959999999999660e-01
3.402000000000000000e+03 9.873539999999999539e-01
3.407000000000000000e+03 9.806989999999999874e-01
3.412000000000000000e+03 9.677449999999999664e-01
3.417000000000000000e+03 9.439109999999999445e-01
3.422000000000000000e+03 9.093290000000000539e-01
3.427000000000000000e+03 8.599609999999999754e-01
3.432000000000000000e+03 7.996820000000000039e-01
3.437000000000000000e+03 7.266700000000000381e-01
3.442000000000000000e+03 6.457500000000000462e-01
3.447000000000000000e+03 5.611920000000000242e-01
3.452000000000000000e+03 4.769100000000000006e-01
3.457000000000000000e+03 3.989920000000000133e-01
3.462000000000000000e+03 3.293960000000000221e-01
3.467000000000000000e+03 2.709500000000000242e-01
3.472000000000000000e+03 2.237010000000000109e-01
3.477000000000000000e+03 1.887020000000000086e-01
3.482000000000000000e+03 1.627290000000000125e-01
3.487000000000000000e+03 1.444620000000000071e-01
3.492000000000000000e+03 1.316219999999999890e-01
3.497000000000000000e+03 1.224599999999999994e-01
3.502000000000000000e+03 1.159179999999999933e-01
3.507000000000000000e+03 1.108230000000000048e-01
3.512000000000000000e+03 1.065989999999999993e-01
3.517000000000000000e+03 1.031299999999999994e-01
3.522000000000000000e+03 1.003620000000000068e-01
3.527000000000000000e+03 9.824800000000000200e-02
3.532000000000000000e+03 9.669690000000000230e-02
3.537000000000000000e+03 9.554239999999999955e-02
3.542000000000000000e+03 9.485799999999999788e-02
3.547000000000000000e+03 9.406380000000000297e-02
3.552000000000000000e+03 9.330760000000000443e-02
3.557000000000000000e+03 9.254360000000000364e-02
3.562000000000000000e+03 9.158700000000000174e-02
3.567000000000000000e+03 9.081129999999999758e-02
3.572000000000000000e+03 9.014880000000000115e-02
3.577000000000000000e+03 8.949759999999999660e-02
3.582000000000000000e+03 8.887689999999999479e-02
3.587000000000000000e+03 8.824029999999999374e-02
3.592000000000000000e+03 8.754330000000000445e-02
3.597000000000000000e+03 8.673359999999999403e-02
3.602000000000000000e+03 8.581999999999999351e-02
3.607000000000000000e+03 8.487669999999999937e-02
3.612000000000000000e+03 8.381500000000000061e-02
3.617000000000000000e+03 8.265269999999999562e-02
3.622000000000000000e+03 8.144339999999999913e-02
3.627000000000000000e+03 8.021590000000000664e-02
3.632000000000000000e+03 7.889720000000000066e-02
3.637000000000000000e+03 7.747990000000000432e-02
3.642000000000000000e+03 7.602240000000000386e-02
3.647000000000000000e+03 7.435669999999999780e-02
3.652000000000000000e+03 7.264850000000000474e-02
3.657000000000000000e+03 7.074909999999999533e-02
3.662000000000000000e+03 6.867109999999999881e-02
3.667000000000000000e+03 6.638660000000000394e-02
3.672000000000000000e+03 6.384670000000000623e-02
3.677000000000000000e+03 6.108920000000000322e-02
3.682000000000000000e+03 5.815449999999999786e-02
3.687000000000000000e+03 5.493640000000000329e-02
3.692000000000000000e+03 5.157029999999999947e-02
3.697000000000000000e+03 4.794439999999999813e-02
3.702000000000000000e+03 4.429940000000000266e-02
3.707000000000000000e+03 4.046860000000000041e-02
3.712000000000000000e+03 3.669739999999999808e-02
3.717000000000000000e+03 3.296709999999999918e-02
3.722000000000000000e+03 2.941229999999999886e-02
3.727000000000000000e+03 2.600979999999999959e-02
3.732000000000000000e+03 2.281599999999999948e-02
3.737000000000000000e+03 1.989679999999999921e-02
3.742000000000000000e+03 1.725279999999999869e-02
3.747000000000000000e+03 1.491310000000000031e-02
3.752000000000000000e+03 1.289290000000000054e-02
3.757000000000000000e+03 1.113319999999999935e-02
3.762000000000000000e+03 9.667590000000000211e-03
3.767000000000000000e+03 8.406210000000000765e-03
3.772000000000000000e+03 7.368659999999999967e-03
3.777000000000000000e+03 6.480149999999999626e-03
3.782000000000000000e+03 5.742719999999999769e-03
3.787000000000000000e+03 5.105610000000000009e-03
3.792000000000000000e+03 4.557799999999999872e-03
3.797000000000000000e+03 4.071980000000000217e-03
3.802000000000000000e+03 3.642480000000000023e-03
3.807000000000000000e+03 3.250789999999999930e-03
3.812000000000000000e+03 2.866350000000000148e-03
3.817000000000000000e+03 2.480490000000000125e-03
3.822000000000000000e+03 2.124920000000000194e-03
3.827000000000000000e+03 1.820369999999999974e-03
3.832000000000000000e+03 1.539929999999999901e-03
3.837000000000000000e+03 1.247000000000000062e-03
3.842000000000000000e+03 9.925739999999999737e-04
3.847000000000000000e+03 7.767269999999999513e-04
3.852000000000000000e+03 5.026780000000000007e-04
3.857000000000000000e+03 2.875500000000000235e-04
3.862000000000000000e+03 2.165690000000000063e-04
3.867000000000000000e+03 1.463489999999999908e-04
3.872000000000000000e+03 9.892460000000000489e-05
3.877000000000000000e+03 8.867850000000000146e-05
3.882000000000000000e+03 7.808090000000000657e-05
3.887000000000000000e+03 7.106310000000000068e-05
3.892000000000000000e+03 6.763809999999999874e-05
3.897000000000000000e+03 6.312009999999999897e-05
3.902000000000000000e+03 5.927469999999999679e-05
3.907000000000000000e+03 5.669380000000000258e-05
3.912000000000000000e+03 5.267910000000000187e-05
3.917000000000000000e+03 4.731380000000000091e-05
3.922000000000000000e+03 4.249690000000000303e-05
3.927000000000000000e+03 3.744600000000000028e-05
3.932000000000000000e+03 3.362100000000000217e-05
3.937000000000000000e+03 3.026140000000000134e-05
3.942000000000000000e+03 2.424270000000000084e-05
3.947000000000000000e+03 1.814449999999999882e-05
3.952000000000000000e+03 1.582549999999999951e-05
3.957000000000000000e+03 1.446630000000000073e-05
3.962000000000000000e+03 1.221069999999999983e-05
3.967000000000000000e+03 1.069370000000000063e-05
3.972000000000000000e+03 1.056760000000000026e-05
3.977000000000000000e+03 1.051110000000000004e-05
3.982000000000000000e+03 1.047599999999999931e-05
3.987000000000000000e+03 1.046829999999999937e-05
3.992000000000000000e+03 1.045359999999999932e-05
3.997000000000000000e+03 1.043669999999999953e-05
4.002000000000000000e+03 1.041920000000000012e-05
4.007000000000000000e+03 1.042659999999999941e-05
4.012000000000000000e+03 1.046180000000000036e-05
4.017000000000000000e+03 1.051210000000000054e-05
4.022000000000000000e+03 1.058649999999999935e-05
4.027000000000000000e+03 1.064219999999999951e-05
4.032000000000000000e+03 1.063749999999999937e-05
4.037000000000000000e+03 1.062129999999999943e-05
4.042000000000000000e+03 1.055990000000000032e-05
4.047000000000000000e+03 1.047480000000000007e-05
4.052000000000000000e+03 1.024870000000000066e-05
4.057000000000000000e+03 9.906200000000000124e-06
4.062000000000000000e+03 9.639750000000000328e-06
4.067000000000000000e+03 9.558720000000000191e-06
4.072000000000000000e+03 9.560760000000000599e-06
4.077000000000000000e+03 9.589689999999999998e-06
4.082000000000000000e+03 9.613759999999999922e-06
4.087000000000000000e+03 9.707739999999999656e-06
4.092000000000000000e+03 9.705930000000000091e-06
4.097000000000000000e+03 9.372079999999999891e-06
4.102000000000000000e+03 9.105610000000000391e-06
4.107000000000000000e+03 9.204279999999999566e-06
4.112000000000000000e+03 9.345350000000000233e-06
4.117000000000000000e+03 9.443020000000000604e-06
4.122000000000000000e+03 9.555899999999999429e-06
4.127000000000000000e+03 9.947950000000000190e-06
4.132000000000000000e+03 1.049779999999999968e-05
4.137000000000000000e+03 1.104670000000000047e-05
4.142000000000000000e+03 1.158539999999999923e-05
4.147000000000000000e+03 1.193879999999999994e-05
4.152000000000000000e+03 1.206250000000000013e-05
4.157000000000000000e+03 1.216630000000000073e-05
4.162000000000000000e+03 1.225650000000000030e-05
4.167000000000000000e+03 1.236189999999999933e-05
4.172000000000000000e+03 1.250029999999999956e-05
4.177000000000000000e+03 1.263450000000000075e-05
4.182000000000000000e+03 1.273189999999999917e-05
4.187000000000000000e+03 1.282309999999999925e-05
4.192000000000000000e+03 1.296379999999999944e-05
4.197000000000000000e+03 1.313169999999999999e-05
4.202000000000000000e+03 1.334149999999999923e-05
4.207000000000000000e+03 1.357600000000000012e-05
4.212000000000000000e+03 1.376140000000000008e-05
4.217000000000000000e+03 1.389520000000000039e-05
4.222000000000000000e+03 1.401490000000000027e-05
4.227000000000000000e+03 1.411889999999999962e-05
4.232000000000000000e+03 1.422769999999999932e-05
4.237000000000000000e+03 1.435040000000000070e-05
4.242000000000000000e+03 1.446259999999999939e-05
4.247000000000000000e+03 1.454250000000000010e-05
4.252000000000000000e+03 1.461820000000000007e-05
4.257000000000000000e+03 1.470870000000000031e-05
4.262000000000000000e+03 1.480530000000000036e-05
4.267000000000000000e+03 1.494730000000000002e-05
4.272000000000000000e+03 1.510910000000000074e-05
4.277000000000000000e+03 1.522550000000000017e-05
4.282000000000000000e+03 1.529170000000000133e-05
4.287000000000000000e+03 1.534639999999999930e-05
4.292000000000000000e+03 1.539010000000000025e-05
4.297000000000000000e+03 1.544460000000000117e-05
4.302000000000000000e+03 1.555710000000000052e-05
4.307000000000000000e+03 1.567989999999999873e-05
4.312000000000000000e+03 1.582750000000000050e-05
4.317000000000000000e+03 1.598889999999999865e-05
4.322000000000000000e+03 1.618600000000000054e-05
4.327000000000000000e+03 1.638179999999999958e-05
4.332000000000000000e+03 1.648499999999999887e-05
4.337000000000000000e+03 1.655039999999999997e-05
4.342000000000000000e+03 1.658519999999999835e-05
4.347000000000000000e+03 1.659720000000000094e-05
4.352000000000000000e+03 1.667290000000000091e-05
4.357000000000000000e+03 1.679089999999999877e-05
4.362000000000000000e+03 1.690750000000000033e-05
4.367000000000000000e+03 1.703000000000000127e-05
4.372000000000000000e+03 1.610720000000000055e-05
4.377000000000000000e+03 1.379620000000000015e-05
4.382000000000000000e+03 1.165770000000000021e-05
4.387000000000000000e+03 1.086810000000000018e-05
4.392000000000000000e+03 1.061780000000000022e-05
4.397000000000000000e+03 1.070820000000000024e-05
4.402000000000000000e+03 1.083909999999999927e-05
4.407000000000000000e+03 1.090530000000000043e-05
4.412000000000000000e+03 1.090269999999999982e-05
4.417000000000000000e+03 8.641709999999999632e-06
4.422000000000000000e+03 3.739529999999999923e-06
4.427000000000000000e+03 3.134240000000000145e-07
