2.013900000000000000e+04 0.000000000000000000e+00
2.018600000000000000e+04 1.150600000000000046e-06
2.023300000000000000e+04 4.431609999999999910e-06
2.028000000000000000e+04 7.528210000000000044e-06
2.032700000000000000e+04 1.025269999999999926e-05
2.037400000000000000e+04 1.032570000000000009e-05
2.042100000000000000e+04 8.699749999999999164e-06
2.046800000000000000e+04 7.855719999999999725e-06
2.051500000000000000e+04 7.323639999999999900e-06
2.056200000000000000e+04 6.823849999999999896e-06
2.060900000000000000e+04 6.625160000000000279e-06
2.065600000000000000e+04 7.595330000000000343e-06
2.070300000000000000e+04 7.983570000000000542e-06
2.075000000000000000e+04 6.638279999999999909e-06
2.079700000000000000e+04 6.967259999999999934e-06
2.084400000000000000e+04 9.834480000000000749e-06
2.089100000000000000e+04 1.345270000000000081e-05
2.093800000000000000e+04 1.720120000000000058e-05
2.098500000000000000e+04 2.134659999999999989e-05
2.103200000000000000e+04 2.633249999999999903e-05
2.107900000000000000e+04 3.736839999999999953e-05
2.112600000000000000e+04 6.261309999999999857e-05
2.117300000000000000e+04 1.510829999999999899e-04
2.122000000000000000e+04 3.289319999999999874e-04
2.126700000000000000e+04 7.427990000000000417e-04
2.131400000000000000e+04 1.288480000000000051e-03
2.136100000000000000e+04 2.032790000000000031e-03
2.140800000000000000e+04 2.850989999999999861e-03
2.145500000000000000e+04 3.737419999999999978e-03
2.150200000000000000e+04 4.556509999999999727e-03
2.154900000000000000e+04 5.308410000000000385e-03
2.159600000000000000e+04 5.744319999999999808e-03
2.164300000000000000e+04 6.061290000000000427e-03
2.169000000000000000e+04 6.397749999999999791e-03
2.173700000000000000e+04 6.727610000000000187e-03
2.178400000000000000e+04 7.016579999999999692e-03
2.183100000000000000e+04 7.253800000000000352e-03
2.187800000000000000e+04 7.408559999999999798e-03
2.192500000000000000e+04 7.554029999999999773e-03
2.197200000000000000e+04 7.780429999999999638e-03
2.201900000000000000e+04 8.028860000000000510e-03
2.206600000000000000e+04 8.365070000000000491e-03
2.211300000000000000e+04 8.704419999999999172e-03
2.216000000000000000e+04 9.075339999999999449e-03
2.220700000000000000e+04 9.419910000000000089e-03
2.225400000000000000e+04 9.705540000000000347e-03
2.230100000000000000e+04 9.865789999999999282e-03
2.234800000000000000e+04 9.931000000000000591e-03
2.239500000000000000e+04 1.019270000000000072e-02
2.244200000000000000e+04 1.050369999999999950e-02
2.248900000000000000e+04 1.084260000000000085e-02
2.253600000000000000e+04 1.109180000000000062e-02
2.258300000000000000e+04 1.122470000000000065e-02
2.263000000000000000e+04 1.139560000000000052e-02
2.267700000000000000e+04 1.160109999999999961e-02
2.272400000000000000e+04 1.188890000000000086e-02
2.277100000000000000e+04 1.220489999999999943e-02
2.281800000000000000e+04 1.257729999999999959e-02
2.286500000000000000e+04 1.294960000000000035e-02
2.291200000000000000e+04 1.336900000000000067e-02
2.295900000000000000e+04 1.391790000000000041e-02
2.300600000000000000e+04 1.454770000000000021e-02
2.305300000000000000e+04 1.546589999999999944e-02
2.310000000000000000e+04 1.650770000000000015e-02
2.314700000000000000e+04 1.821309999999999943e-02
2.319400000000000000e+04 2.045550000000000146e-02
2.324100000000000000e+04 2.340280000000000138e-02
2.328800000000000000e+04 2.692579999999999973e-02
2.333500000000000000e+04 3.104969999999999952e-02
2.338200000000000000e+04 3.549379999999999896e-02
2.342900000000000000e+04 4.052879999999999677e-02
2.347600000000000000e+04 4.590650000000000286e-02
2.352300000000000000e+04 5.207160000000000261e-02
2.357000000000000000e+04 5.891649999999999665e-02
2.361700000000000000e+04 6.721689999999999610e-02
2.366400000000000000e+04 7.720799999999999885e-02
2.371100000000000000e+04 9.024139999999999939e-02
2.375800000000000000e+04 1.061949999999999977e-01
2.380500000000000000e+04 1.261089999999999989e-01
2.385200000000000000e+04 1.480829999999999924e-01
2.389900000000000000e+04 1.725929999999999964e-01
2.394600000000000000e+04 1.970399999999999929e-01
2.399300000000000000e+04 2.209150000000000003e-01
2.404000000000000000e+04 2.428720000000000045e-01
2.408700000000000000e+04 2.610210000000000030e-01
2.413400000000000000e+04 2.756859999999999866e-01
2.418100000000000000e+04 2.857609999999999872e-01
2.422800000000000000e+04 2.929709999999999814e-01
2.427500000000000000e+04 2.977790000000000159e-01
2.432200000000000000e+04 3.022199999999999886e-01
2.436900000000000000e+04 3.068139999999999756e-01
2.441600000000000000e+04 3.133329999999999727e-01
2.446300000000000000e+04 3.212840000000000140e-01
2.451000000000000000e+04 3.327280000000000237e-01
2.455700000000000000e+04 3.460469999999999935e-01
2.460400000000000000e+04 3.617699999999999805e-01
2.465100000000000000e+04 3.788569999999999993e-01
2.469800000000000000e+04 3.969880000000000075e-01
2.474500000000000000e+04 4.160769999999999746e-01
2.479200000000000000e+04 4.356410000000000005e-01
2.483900000000000000e+04 4.560420000000000029e-01
2.488600000000000000e+04 4.766500000000000181e-01
2.493300000000000000e+04 4.977880000000000082e-01
2.498000000000000000e+04 5.189920000000000089e-01
2.502700000000000000e+04 5.398880000000000345e-01
2.507400000000000000e+04 5.600549999999999695e-01
2.512100000000000000e+04 5.796109999999999873e-01
2.516800000000000000e+04 5.977639999999999620e-01
2.521500000000000000e+04 6.149850000000000039e-01
2.526200000000000000e+04 6.303480000000000194e-01
2.530900000000000000e+04 6.440709999999999491e-01
2.535600000000000000e+04 6.553379999999999761e-01
2.540300000000000000e+04 6.652059999999999640e-01
2.545000000000000000e+04 6.739030000000000298e-01
2.549700000000000000e+04 6.828159999999999785e-01
2.554400000000000000e+04 6.927419999999999689e-01
2.559100000000000000e+04 7.041230000000000544e-01
2.563800000000000000e+04 7.172579999999999512e-01
2.568500000000000000e+04 7.318320000000000380e-01
2.573200000000000000e+04 7.482299999999999507e-01
2.577900000000000000e+04 7.651010000000000311e-01
2.582600000000000000e+04 7.823529999999999651e-01
2.587300000000000000e+04 7.988220000000000320e-01
2.592000000000000000e+04 8.132300000000000084e-01
2.596700000000000000e+04 8.255320000000000435e-01
2.601400000000000000e+04 8.357830000000000537e-01
2.606100000000000000e+04 8.444599999999999884e-01
2.610800000000000000e+04 8.529539999999999900e-01
2.615500000000000000e+04 8.614270000000000538e-01
2.620200000000000000e+04 8.711330000000000462e-01
2.624900000000000000e+04 8.812250000000000361e-01
2.629600000000000000e+04 8.919399999999999551e-01
2.634300000000000000e+04 9.023210000000000397e-01
2.639000000000000000e+04 9.116189999999999571e-01
2.643700000000000000e+04 9.199669999999999792e-01
2.648400000000000000e+04 9.263590000000000435e-01
2.653100000000000000e+04 9.316320000000000157e-01
2.657800000000000000e+04 9.355590000000000295e-01
2.662500000000000000e+04 9.385609999999999786e-01
2.667200000000000000e+04 9.409729999999999484e-01
2.671900000000000000e+04 9.430070000000000396e-01
2.676600000000000000e+04 9.450300000000000367e-01
2.681300000000000000e+04 9.472420000000000284e-01
2.686000000000000000e+04 9.494820000000000482e-01
2.690700000000000000e+04 9.518820000000000059e-01
2.695400000000000000e+04 9.542289999999999939e-01
2.700100000000000000e+04 9.566019999999999524e-01
2.704800000000000000e+04 9.588489999999999513e-01
2.709500000000000000e+04 9.606959999999999944e-01
2.714200000000000000e+04 9.619499999999999718e-01
2.718900000000000000e+04 9.625160000000000382e-01
2.723600000000000000e+04 9.628609999999999669e-01
2.728300000000000000e+04 9.632190000000000474e-01
2.733000000000000000e+04 9.642749999999999932e-01
2.737700000000000000e+04 9.660969999999999835e-01
2.742400000000000000e+04 9.686919999999999975e-01
2.747100000000000000e+04 9.717689999999999939e-01
2.751800000000000000e+04 9.746299999999999963e-01
2.756500000000000000e+04 9.772260000000000391e-01
2.761200000000000000e+04 9.789930000000000021e-01
2.765900000000000000e+04 9.802349999999999675e-01
2.770600000000000000e+04 9.809269999999999934e-01
2.775300000000000000e+04 9.812959999999999461e-01
2.780000000000000000e+04 9.818869999999999543e-01
2.784700000000000000e+04 9.828289999999999527e-01
2.789400000000000000e+04 9.843950000000000200e-01
2.794100000000000000e+04 9.862400000000000055e-01
2.798800000000000000e+04 9.885460000000000358e-01
2.803500000000000000e+04 9.906439999999999690e-01
2.808200000000000000e+04 9.923589999999999911e-01
2.812900000000000000e+04 9.940529999999999644e-01
2.817600000000000000e+04 9.953819999999999890e-01
2.822300000000000000e+04 9.968270000000000186e-01
2.827000000000000000e+04 9.981280000000000152e-01
2.831700000000000000e+04 9.991619999999999946e-01
2.836400000000000000e+04 9.998580000000000245e-01
2.841100000000000000e+04 1.000000000000000000e+00
2.845800000000000000e+04 9.996599999999999930e-01
2.850500000000000000e+04 9.992229999999999723e-01
2.855200000000000000e+04 9.985650000000000359e-01
2.859900000000000000e+04 9.981219999999999537e-01
2.864600000000000000e+04 9.980050000000000310e-01
2.869300000000000000e+04 9.977850000000000330e-01
2.874000000000000000e+04 9.976279999999999593e-01
2.878700000000000000e+04 9.973009999999999931e-01
2.883400000000000000e+04 9.968939999999999468e-01
2.888100000000000000e+04 9.966099999999999959e-01
2.892800000000000000e+04 9.964030000000000387e-01
2.897500000000000000e+04 9.961339999999999639e-01
2.902200000000000000e+04 9.960849999999999982e-01
2.906900000000000000e+04 9.959280000000000355e-01
2.911600000000000000e+04 9.958510000000000417e-01
2.916300000000000000e+04 9.961149999999999727e-01
2.921000000000000000e+04 9.962020000000000319e-01
2.925700000000000000e+04 9.962389999999999857e-01
2.930400000000000000e+04 9.958879999999999955e-01
2.935100000000000000e+04 9.949789999999999468e-01
2.939800000000000000e+04 9.935530000000000195e-01
2.944500000000000000e+04 9.915950000000000042e-01
2.949200000000000000e+04 9.893119999999999692e-01
2.953900000000000000e+04 9.869679999999999565e-01
2.958600000000000000e+04 9.842699999999999783e-01
2.963300000000000000e+04 9.811490000000000489e-01
2.968000000000000000e+04 9.769579999999999931e-01
2.972700000000000000e+04 9.709830000000000405e-01
2.977400000000000000e+04 9.622920000000000362e-01
2.982100000000000000e+04 9.512070000000000247e-01
2.986800000000000000e+04 9.360009999999999719e-01
2.991500000000000000e+04 9.193029999999999813e-01
2.996200000000000000e+04 9.007380000000000386e-01
3.000900000000000000e+04 8.803790000000000227e-01
3.005600000000000000e+04 8.599860000000000282e-01
3.010300000000000000e+04 8.378250000000000419e-01
3.015000000000000000e+04 8.146179999999999533e-01
3.019700000000000000e+04 7.922190000000000065e-01
3.024400000000000000e+04 7.712240000000000206e-01
3.029100000000000000e+04 7.525079999999999547e-01
3.033800000000000000e+04 7.374500000000000499e-01
3.038500000000000000e+04 7.248839999999999728e-01
3.043200000000000000e+04 7.138999999999999790e-01
3.047900000000000000e+04 7.043230000000000324e-01
3.052600000000000000e+04 6.950840000000000352e-01
3.057300000000000000e+04 6.870889999999999498e-01
3.062000000000000000e+04 6.796959999999999669e-01
3.066700000000000000e+04 6.723660000000000192e-01
3.071400000000000000e+04 6.647800000000000376e-01
3.076100000000000000e+04 6.558199999999999585e-01
3.080800000000000000e+04 6.464170000000000194e-01
3.085500000000000000e+04 6.364189999999999570e-01
3.090200000000000000e+04 6.269930000000000225e-01
3.094900000000000000e+04 6.190430000000000099e-01
3.099600000000000000e+04 6.127719999999999834e-01
3.104300000000000000e+04 6.077500000000000124e-01
3.109000000000000000e+04 6.033429999999999627e-01
3.113700000000000000e+04 5.987489999999999757e-01
3.118400000000000000e+04 5.937230000000000008e-01
3.123100000000000000e+04 5.866869999999999585e-01
3.127800000000000000e+04 5.787609999999999699e-01
3.132500000000000000e+04 5.702439999999999731e-01
3.137200000000000000e+04 5.612880000000000091e-01
3.141900000000000000e+04 5.525240000000000151e-01
3.146600000000000000e+04 5.430840000000000112e-01
3.151300000000000000e+04 5.321169999999999511e-01
3.156000000000000000e+04 5.191940000000000444e-01
3.160700000000000000e+04 5.056840000000000224e-01
3.165400000000000000e+04 4.905280000000000196e-01
3.170100000000000000e+04 4.742839999999999834e-01
3.174800000000000000e+04 4.577109999999999790e-01
3.179500000000000000e+04 4.405600000000000072e-01
3.184200000000000000e+04 4.231590000000000074e-01
3.188900000000000000e+04 4.069119999999999959e-01
3.193600000000000000e+04 3.912370000000000014e-01
3.198300000000000000e+04 3.765600000000000058e-01
3.203000000000000000e+04 3.628939999999999944e-01
3.207700000000000000e+04 3.492899999999999894e-01
3.212400000000000000e+04 3.361199999999999743e-01
3.217100000000000000e+04 3.229710000000000081e-01
3.221800000000000000e+04 3.103850000000000220e-01
3.226500000000000000e+04 2.983399999999999941e-01
3.231200000000000000e+04 2.867310000000000136e-01
3.235900000000000000e+04 2.747749999999999915e-01
3.240600000000000000e+04 2.633539999999999770e-01
3.245300000000000000e+04 2.518770000000000175e-01
3.250000000000000000e+04 2.418619999999999937e-01
3.254700000000000000e+04 2.331020000000000036e-01
3.259400000000000000e+04 2.247689999999999966e-01
3.264100000000000000e+04 2.166130000000000000e-01
3.268800000000000000e+04 2.071729999999999960e-01
3.273500000000000000e+04 1.966930000000000067e-01
3.278200000000000000e+04 1.849179999999999990e-01
3.282900000000000000e+04 1.719660000000000077e-01
3.287600000000000000e+04 1.593320000000000014e-01
3.292300000000000000e+04 1.469429999999999903e-01
3.297000000000000000e+04 1.348699999999999899e-01
3.301700000000000000e+04 1.227639999999999981e-01
3.306400000000000000e+04 1.100379999999999969e-01
3.311100000000000000e+04 9.749420000000000308e-02
3.315800000000000000e+04 8.530219999999999470e-02
3.320500000000000000e+04 7.378329999999999611e-02
3.325200000000000000e+04 6.346880000000000577e-02
3.329900000000000000e+04 5.399260000000000170e-02
3.334600000000000000e+04 4.520409999999999706e-02
3.339300000000000000e+04 3.742000000000000187e-02
3.344000000000000000e+04 3.102399999999999949e-02
3.348700000000000000e+04 2.584670000000000023e-02
3.353400000000000000e+04 2.209909999999999999e-02
3.358100000000000000e+04 1.947110000000000160e-02
3.362800000000000000e+04 1.769079999999999958e-02
3.367500000000000000e+04 1.659319999999999892e-02
3.372200000000000000e+04 1.577359999999999873e-02
3.376900000000000000e+04 1.518440000000000067e-02
3.381600000000000000e+04 1.466980000000000020e-02
3.386300000000000000e+04 1.421670000000000052e-02
3.391000000000000000e+04 1.376469999999999951e-02
3.395700000000000000e+04 1.332350000000000027e-02
3.400400000000000000e+04 1.288749999999999965e-02
3.405100000000000000e+04 1.247039999999999954e-02
3.409800000000000000e+04 1.205490000000000034e-02
3.414500000000000000e+04 1.160920000000000007e-02
3.419200000000000000e+04 1.115099999999999945e-02
3.423900000000000000e+04 1.066330000000000056e-02
3.428600000000000000e+04 1.017790000000000014e-02
3.433300000000000000e+04 9.679349999999999760e-03
3.438000000000000000e+04 9.187060000000000365e-03
3.442700000000000000e+04 8.678530000000000272e-03
3.447400000000000000e+04 8.170480000000000798e-03
3.452100000000000000e+04 7.661829999999999682e-03
3.456800000000000000e+04 7.148869999999999877e-03
3.461500000000000000e+04 6.678599999999999814e-03
3.466200000000000000e+04 6.228589999999999995e-03
3.470900000000000000e+04 5.804039999999999894e-03
3.475600000000000000e+04 5.399199999999999833e-03
3.480300000000000000e+04 4.987410000000000281e-03
3.485000000000000000e+04 4.572930000000000224e-03
3.489700000000000000e+04 4.141989999999999908e-03
3.494400000000000000e+04 3.697419999999999873e-03
3.499100000000000000e+04 3.270190000000000076e-03
3.503800000000000000e+04 2.872420000000000095e-03
3.508500000000000000e+04 2.508460000000000117e-03
3.513200000000000000e+04 2.190239999999999982e-03
3.517900000000000000e+04 1.883839999999999907e-03
3.522600000000000000e+04 1.601060000000000070e-03
3.527300000000000000e+04 1.330470000000000047e-03
3.532000000000000000e+04 1.086479999999999911e-03
3.536700000000000000e+04 8.628849999999999758e-04
3.541400000000000000e+04 6.802590000000000069e-04
3.546100000000000000e+04 5.198019999999999811e-04
3.550800000000000000e+04 4.126539999999999831e-04
3.555500000000000000e+04 3.193760000000000132e-04
3.560200000000000000e+04 2.567900000000000130e-04
3.564900000000000000e+04 2.024980000000000118e-04
3.569600000000000000e+04 1.712429999999999866e-04
3.574300000000000000e+04 1.453389999999999988e-04
3.579000000000000000e+04 1.262129999999999925e-04
3.583700000000000000e+04 1.094050000000000003e-04
3.588400000000000000e+04 9.317879999999999631e-05
3.593100000000000000e+04 7.578249999999999483e-05
3.597800000000000000e+04 6.112769999999999413e-05
3.602500000000000000e+04 4.829060000000000145e-05
3.607200000000000000e+04 4.511849999999999840e-05
3.611900000000000000e+04 4.548440000000000111e-05
3.616600000000000000e+04 4.577319999999999740e-05
3.621300000000000000e+04 4.563699999999999690e-05
3.626000000000000000e+04 4.039569999999999679e-05
3.630700000000000000e+04 3.359479999999999894e-05
3.635400000000000000e+04 2.876599999999999868e-05
3.640100000000000000e+04 2.348299999999999861e-05
3.644800000000000000e+04 2.043250000000000131e-05
3.649500000000000000e+04 1.975649999999999965e-05
3.654200000000000000e+04 2.014790000000000068e-05
3.658900000000000000e+04 2.147579999999999859e-05
3.663600000000000000e+04 2.004730000000000032e-05
3.668300000000000000e+04 1.636420000000000165e-05
3.673000000000000000e+04 1.457099999999999991e-05
3.677700000000000000e+04 1.467480000000000051e-05
3.682400000000000000e+04 1.519380000000000012e-05
3.687100000000000000e+04 1.613360000000000084e-05
3.691800000000000000e+04 1.750300000000000166e-05
3.696500000000000000e+04 1.889980000000000156e-05
3.701200000000000000e+04 1.720849999999999965e-05
3.705900000000000000e+04 1.200199999999999961e-05
3.710600000000000000e+04 8.709650000000000543e-06
3.715300000000000000e+04 8.035979999999999249e-06
3.720000000000000000e+04 7.578910000000000253e-06
3.724700000000000000e+04 7.469129999999999755e-06
3.729400000000000000e+04 7.796319999999999921e-06
3.734100000000000000e+04 9.640120000000000801e-06
3.738800000000000000e+04 1.049089999999999979e-05
3.743500000000000000e+04 5.787730000000000065e-06
3.748200000000000000e+04 8.554679999999999679e-07
