8.695000000000000000e+03 0.000000000000000000e+00
8.712000000000000000e+03 6.544389999999999483e-08
8.729000000000000000e+03 2.316719999999999903e-06
8.746000000000000000e+03 1.144360000000000001e-05
8.763000000000000000e+03 2.807109999999999963e-05
8.780000000000000000e+03 4.592489999999999799e-05
8.797000000000000000e+03 5.889050000000000139e-05
8.814000000000000000e+03 6.499180000000000343e-05
8.831000000000000000e+03 6.768430000000000518e-05
8.848000000000000000e+03 7.164229999999999676e-05
8.865000000000000000e+03 8.075450000000000076e-05
8.882000000000000000e+03 9.384070000000000432e-05
8.899000000000000000e+03 1.040089999999999998e-04
8.916000000000000000e+03 1.138459999999999939e-04
8.933000000000000000e+03 1.234499999999999920e-04
8.950000000000000000e+03 1.326549999999999962e-04
8.967000000000000000e+03 1.441849999999999892e-04
8.984000000000000000e+03 1.547929999999999933e-04
9.001000000000000000e+03 1.628370000000000132e-04
9.018000000000000000e+03 1.753249999999999926e-04
9.035000000000000000e+03 1.960639999999999985e-04
9.052000000000000000e+03 2.199430000000000048e-04
9.069000000000000000e+03 2.615590000000000211e-04
9.086000000000000000e+03 3.317460000000000049e-04
9.103000000000000000e+03 4.308469999999999900e-04
9.120000000000000000e+03 5.557039999999999636e-04
9.137000000000000000e+03 8.041689999999999776e-04
9.154000000000000000e+03 1.172099999999999921e-03
9.171000000000000000e+03 1.846540000000000030e-03
9.188000000000000000e+03 2.755099999999999910e-03
9.205000000000000000e+03 4.060669999999999731e-03
9.222000000000000000e+03 5.548169999999999838e-03
9.239000000000000000e+03 7.916329999999999201e-03
9.256000000000000000e+03 1.097330000000000007e-02
9.273000000000000000e+03 1.525989999999999985e-02
9.290000000000000000e+03 1.983419999999999975e-02
9.307000000000000000e+03 2.373770000000000047e-02
9.324000000000000000e+03 2.903259999999999869e-02
9.341000000000000000e+03 3.652629999999999766e-02
9.358000000000000000e+03 4.351700000000000013e-02
9.375000000000000000e+03 4.820080000000000198e-02
9.392000000000000000e+03 5.409470000000000250e-02
9.409000000000000000e+03 6.184610000000000107e-02
9.426000000000000000e+03 7.014410000000000089e-02
9.443000000000000000e+03 8.123719999999999553e-02
9.460000000000000000e+03 9.588660000000000239e-02
9.477000000000000000e+03 1.150110000000000021e-01
9.494000000000000000e+03 1.400059999999999916e-01
9.511000000000000000e+03 1.730659999999999976e-01
9.528000000000000000e+03 2.099749999999999950e-01
9.545000000000000000e+03 2.452370000000000105e-01
9.562000000000000000e+03 2.807520000000000016e-01
9.579000000000000000e+03 3.143599999999999728e-01
9.596000000000000000e+03 3.454920000000000213e-01
9.613000000000000000e+03 3.743719999999999826e-01
9.630000000000000000e+03 4.025440000000000129e-01
9.647000000000000000e+03 4.298460000000000059e-01
9.664000000000000000e+03 4.603169999999999762e-01
9.681000000000000000e+03 4.924760000000000248e-01
9.698000000000000000e+03 5.248509999999999565e-01
9.715000000000000000e+03 5.601570000000000160e-01
9.732000000000000000e+03 5.976569999999999938e-01
9.749000000000000000e+03 6.363600000000000367e-01
9.766000000000000000e+03 6.719850000000000545e-01
9.783000000000000000e+03 7.058320000000000149e-01
9.800000000000000000e+03 7.361529999999999463e-01
9.817000000000000000e+03 7.647420000000000329e-01
9.834000000000000000e+03 7.892430000000000279e-01
9.851000000000000000e+03 8.030429999999999513e-01
9.868000000000000000e+03 8.134289999999999576e-01
9.885000000000000000e+03 8.247809999999999864e-01
9.902000000000000000e+03 8.359509999999999996e-01
9.919000000000000000e+03 8.489929999999999977e-01
9.936000000000000000e+03 8.643269999999999564e-01
9.953000000000000000e+03 8.851499999999999924e-01
9.970000000000000000e+03 9.060719999999999885e-01
9.987000000000000000e+03 9.241880000000000095e-01
1.000400000000000000e+04 9.404240000000000377e-01
1.002100000000000000e+04 9.507280000000000175e-01
1.003800000000000000e+04 9.585860000000000491e-01
1.005500000000000000e+04 9.647189999999999932e-01
1.007200000000000000e+04 9.694810000000000372e-01
1.008900000000000000e+04 9.719750000000000334e-01
1.010600000000000000e+04 9.726989999999999803e-01
1.012300000000000000e+04 9.725420000000000176e-01
1.014000000000000000e+04 9.713850000000000540e-01
1.015700000000000000e+04 9.738900000000000334e-01
1.017400000000000000e+04 9.776629999999999487e-01
1.019100000000000000e+04 9.808400000000000452e-01
1.020800000000000000e+04 9.842739999999999823e-01
1.022500000000000000e+04 9.885460000000000358e-01
1.024200000000000000e+04 9.927570000000000006e-01
1.025900000000000000e+04 9.951499999999999790e-01
1.027600000000000000e+04 9.964939999999999909e-01
1.029300000000000000e+04 9.975610000000000310e-01
1.031000000000000000e+04 9.982320000000000082e-01
1.032700000000000000e+04 9.985859999999999737e-01
1.034400000000000000e+04 9.994990000000000263e-01
1.036100000000000000e+04 1.000000000000000000e+00
1.037800000000000000e+04 9.986180000000000057e-01
1.039500000000000000e+04 9.966960000000000264e-01
1.041200000000000000e+04 9.953959999999999475e-01
1.042900000000000000e+04 9.926160000000000538e-01
1.044600000000000000e+04 9.880529999999999591e-01
1.046300000000000000e+04 9.833349999999999591e-01
1.048000000000000000e+04 9.787019999999999609e-01
1.049700000000000000e+04 9.728560000000000541e-01
1.051400000000000000e+04 9.626719999999999722e-01
1.053100000000000000e+04 9.481070000000000331e-01
1.054800000000000000e+04 9.294470000000000232e-01
1.056500000000000000e+04 9.037969999999999615e-01
1.058200000000000000e+04 8.727819999999999467e-01
1.059900000000000000e+04 8.419980000000000242e-01
1.061600000000000000e+04 8.136759999999999549e-01
1.063300000000000000e+04 7.871909999999999741e-01
1.065000000000000000e+04 7.637939999999999729e-01
1.066700000000000000e+04 7.427319999999999478e-01
1.068400000000000000e+04 7.214199999999999502e-01
1.070100000000000000e+04 6.984810000000000185e-01
1.071800000000000000e+04 6.723810000000000064e-01
1.073500000000000000e+04 6.464999999999999636e-01
1.075200000000000000e+04 6.209660000000000180e-01
1.076900000000000000e+04 5.934930000000000483e-01
1.078600000000000000e+04 5.656639999999999446e-01
1.080300000000000000e+04 5.384299999999999642e-01
1.082000000000000000e+04 5.121229999999999949e-01
1.083700000000000000e+04 4.859439999999999871e-01
1.085400000000000000e+04 4.603860000000000174e-01
1.087100000000000000e+04 4.360709999999999864e-01
1.088800000000000000e+04 4.136650000000000049e-01
1.090500000000000000e+04 3.898320000000000118e-01
1.092200000000000000e+04 3.667920000000000069e-01
1.093900000000000000e+04 3.463499999999999912e-01
1.095600000000000000e+04 3.275500000000000078e-01
1.097300000000000000e+04 3.121349999999999958e-01
1.099000000000000000e+04 2.973239999999999772e-01
1.100700000000000000e+04 2.848220000000000196e-01
1.102400000000000000e+04 2.736439999999999984e-01
1.104100000000000000e+04 2.633309999999999818e-01
1.105800000000000000e+04 2.529460000000000042e-01
1.107500000000000000e+04 2.426879999999999871e-01
1.109200000000000000e+04 2.339150000000000118e-01
1.110900000000000000e+04 2.253390000000000115e-01
1.112600000000000000e+04 2.163410000000000055e-01
1.114300000000000000e+04 2.069400000000000128e-01
1.116000000000000000e+04 1.969450000000000089e-01
1.117700000000000000e+04 1.865999999999999881e-01
1.119400000000000000e+04 1.764060000000000072e-01
1.121100000000000000e+04 1.668939999999999868e-01
1.122800000000000000e+04 1.588960000000000095e-01
1.124500000000000000e+04 1.528420000000000056e-01
1.126200000000000000e+04 1.475849999999999940e-01
1.127900000000000000e+04 1.439070000000000071e-01
1.129600000000000000e+04 1.409829999999999972e-01
1.131300000000000000e+04 1.385790000000000077e-01
1.133000000000000000e+04 1.353330000000000088e-01
1.134700000000000000e+04 1.312589999999999868e-01
1.136400000000000000e+04 1.265850000000000031e-01
1.138100000000000000e+04 1.209130000000000066e-01
1.139800000000000000e+04 1.116970000000000046e-01
1.141500000000000000e+04 9.896430000000000504e-02
1.143200000000000000e+04 8.540860000000000118e-02
1.144900000000000000e+04 7.106880000000000142e-02
1.146600000000000000e+04 5.664919999999999678e-02
1.148300000000000000e+04 4.383349999999999747e-02
1.150000000000000000e+04 3.262929999999999997e-02
1.151700000000000000e+04 2.370490000000000097e-02
1.153400000000000000e+04 1.680670000000000081e-02
1.155100000000000000e+04 1.172959999999999975e-02
1.156800000000000000e+04 8.051620000000000651e-03
1.158500000000000000e+04 5.132880000000000255e-03
1.160200000000000000e+04 3.195540000000000186e-03
1.161900000000000000e+04 2.125339999999999868e-03
1.163600000000000000e+04 1.373899999999999948e-03
1.165300000000000000e+04 8.556640000000000123e-04
1.167000000000000000e+04 6.032569999999999469e-04
1.168700000000000000e+04 4.253819999999999737e-04
1.170400000000000000e+04 3.070829999999999870e-04
1.172100000000000000e+04 2.306250000000000086e-04
1.173800000000000000e+04 1.476080000000000003e-04
1.175500000000000000e+04 5.894860000000000003e-05
1.177200000000000000e+04 9.932539999999999604e-06
1.178900000000000000e+04 1.146180000000000010e-06
