8.933000000000000000e+03 0.000000000000000000e+00
8.950000000000000000e+03 4.733019999999999854e-08
8.967000000000000000e+03 5.579079999999999954e-06
8.984000000000000000e+03 1.474249999999999988e-05
9.001000000000000000e+03 1.836749999999999990e-05
9.018000000000000000e+03 2.333230000000000021e-05
9.035000000000000000e+03 3.155640000000000165e-05
9.052000000000000000e+03 3.461340000000000304e-05
9.069000000000000000e+03 3.618270000000000172e-05
9.086000000000000000e+03 4.149079999999999923e-05
9.103000000000000000e+03 5.466030000000000248e-05
9.120000000000000000e+03 7.941049999999999465e-05
9.137000000000000000e+03 1.030020000000000008e-04
9.154000000000000000e+03 1.154380000000000017e-04
9.171000000000000000e+03 1.235280000000000004e-04
9.188000000000000000e+03 1.265949999999999899e-04
9.205000000000000000e+03 1.283090000000000077e-04
9.222000000000000000e+03 1.333519999999999931e-04
9.239000000000000000e+03 1.353559999999999963e-04
9.256000000000000000e+03 1.369850000000000039e-04
9.273000000000000000e+03 1.411229999999999971e-04
9.290000000000000000e+03 1.419509999999999967e-04
9.307000000000000000e+03 1.406939999999999916e-04
9.324000000000000000e+03 1.445879999999999919e-04
9.341000000000000000e+03 1.624080000000000077e-04
9.358000000000000000e+03 1.821009999999999968e-04
9.375000000000000000e+03 1.886090000000000097e-04
9.392000000000000000e+03 1.894230000000000057e-04
9.409000000000000000e+03 1.903589999999999980e-04
9.426000000000000000e+03 1.933799999999999950e-04
9.443000000000000000e+03 2.016909999999999905e-04
9.460000000000000000e+03 2.144810000000000087e-04
9.477000000000000000e+03 2.289399999999999866e-04
9.494000000000000000e+03 2.500509999999999951e-04
9.511000000000000000e+03 2.795699999999999813e-04
9.528000000000000000e+03 3.201650000000000221e-04
9.545000000000000000e+03 4.161360000000000016e-04
9.562000000000000000e+03 5.926749999999999727e-04
9.579000000000000000e+03 8.474399999999999772e-04
9.596000000000000000e+03 1.272729999999999912e-03
9.613000000000000000e+03 2.092269999999999807e-03
9.630000000000000000e+03 3.231589999999999897e-03
9.647000000000000000e+03 4.865890000000000319e-03
9.664000000000000000e+03 7.570549999999999675e-03
9.681000000000000000e+03 1.198280000000000005e-02
9.698000000000000000e+03 1.958079999999999890e-02
9.715000000000000000e+03 3.157469999999999721e-02
9.732000000000000000e+03 4.994330000000000297e-02
9.749000000000000000e+03 7.606920000000000348e-02
9.766000000000000000e+03 1.099249999999999949e-01
9.783000000000000000e+03 1.505670000000000064e-01
9.800000000000000000e+03 1.910070000000000101e-01
9.817000000000000000e+03 2.387360000000000038e-01
9.834000000000000000e+03 2.835840000000000027e-01
9.851000000000000000e+03 3.055939999999999768e-01
9.868000000000000000e+03 3.278420000000000223e-01
9.885000000000000000e+03 3.694319999999999826e-01
9.902000000000000000e+03 4.249290000000000012e-01
9.919000000000000000e+03 4.872319999999999984e-01
9.936000000000000000e+03 5.510939999999999728e-01
9.953000000000000000e+03 6.249489999999999768e-01
9.970000000000000000e+03 6.974280000000000479e-01
9.987000000000000000e+03 7.590649999999999897e-01
1.000400000000000000e+04 8.057520000000000238e-01
1.002100000000000000e+04 8.295090000000000519e-01
1.003800000000000000e+04 8.388539999999999885e-01
1.005500000000000000e+04 8.419159999999999977e-01
1.007200000000000000e+04 8.388999999999999790e-01
1.008900000000000000e+04 8.270520000000000094e-01
1.010600000000000000e+04 8.147339999999999582e-01
1.012300000000000000e+04 8.062310000000000310e-01
1.014000000000000000e+04 8.074010000000000353e-01
1.015700000000000000e+04 8.239379999999999482e-01
1.017400000000000000e+04 8.518980000000000441e-01
1.019100000000000000e+04 8.747500000000000275e-01
1.020800000000000000e+04 8.934159999999999879e-01
1.022500000000000000e+04 9.169570000000000221e-01
1.024200000000000000e+04 9.395000000000000018e-01
1.025900000000000000e+04 9.555069999999999952e-01
1.027600000000000000e+04 9.637480000000000491e-01
1.029300000000000000e+04 9.707360000000000433e-01
1.031000000000000000e+04 9.760159999999999947e-01
1.032700000000000000e+04 9.812039999999999651e-01
1.034400000000000000e+04 9.854039999999999466e-01
1.036100000000000000e+04 9.887829999999999675e-01
1.037800000000000000e+04 9.927430000000000421e-01
1.039500000000000000e+04 9.958399999999999475e-01
1.041200000000000000e+04 9.973910000000000275e-01
1.042900000000000000e+04 9.975789999999999935e-01
1.044600000000000000e+04 9.966180000000000039e-01
1.046300000000000000e+04 9.967920000000000114e-01
1.048000000000000000e+04 9.987409999999999899e-01
1.049700000000000000e+04 9.999489999999999768e-01
1.051400000000000000e+04 1.000000000000000000e+00
1.053100000000000000e+04 9.994439999999999991e-01
1.054800000000000000e+04 9.973790000000000155e-01
1.056500000000000000e+04 9.946409999999999973e-01
1.058200000000000000e+04 9.904849999999999488e-01
1.059900000000000000e+04 9.862159999999999815e-01
1.061600000000000000e+04 9.828970000000000207e-01
1.063300000000000000e+04 9.796500000000000208e-01
1.065000000000000000e+04 9.768320000000000336e-01
1.066700000000000000e+04 9.758489999999999664e-01
1.068400000000000000e+04 9.741990000000000371e-01
1.070100000000000000e+04 9.691140000000000310e-01
1.071800000000000000e+04 9.655519999999999659e-01
1.073500000000000000e+04 9.658449999999999536e-01
1.075200000000000000e+04 9.635000000000000231e-01
1.076900000000000000e+04 9.575329999999999675e-01
1.078600000000000000e+04 9.506670000000000398e-01
1.080300000000000000e+04 9.397060000000000413e-01
1.082000000000000000e+04 9.256910000000000416e-01
1.083700000000000000e+04 9.115090000000000137e-01
1.085400000000000000e+04 8.936739999999999684e-01
1.087100000000000000e+04 8.731189999999999785e-01
1.088800000000000000e+04 8.596989999999999910e-01
1.090500000000000000e+04 8.490520000000000289e-01
1.092200000000000000e+04 8.330300000000000482e-01
1.093900000000000000e+04 8.115480000000000471e-01
1.095600000000000000e+04 7.894489999999999563e-01
1.097300000000000000e+04 7.626270000000000548e-01
1.099000000000000000e+04 7.332710000000000061e-01
1.100700000000000000e+04 7.044230000000000214e-01
1.102400000000000000e+04 6.739540000000000530e-01
1.104100000000000000e+04 6.478169999999999762e-01
1.105800000000000000e+04 6.241989999999999483e-01
1.107500000000000000e+04 6.036759999999999904e-01
1.109200000000000000e+04 5.914660000000000473e-01
1.110900000000000000e+04 5.846879999999999855e-01
1.112600000000000000e+04 5.775080000000000213e-01
1.114300000000000000e+04 5.677090000000000192e-01
1.116000000000000000e+04 5.618389999999999773e-01
1.117700000000000000e+04 5.594630000000000436e-01
1.119400000000000000e+04 5.562570000000000014e-01
1.121100000000000000e+04 5.514069999999999805e-01
1.122800000000000000e+04 5.451740000000000475e-01
1.124500000000000000e+04 5.350759999999999961e-01
1.126200000000000000e+04 5.216290000000000093e-01
1.127900000000000000e+04 5.055229999999999446e-01
1.129600000000000000e+04 4.907480000000000175e-01
1.131300000000000000e+04 4.779360000000000275e-01
1.133000000000000000e+04 4.626730000000000009e-01
1.134700000000000000e+04 4.465500000000000025e-01
1.136400000000000000e+04 4.305249999999999910e-01
1.138100000000000000e+04 4.112029999999999852e-01
1.139800000000000000e+04 3.817670000000000230e-01
1.141500000000000000e+04 3.410179999999999878e-01
1.143200000000000000e+04 2.986469999999999958e-01
1.144900000000000000e+04 2.561309999999999976e-01
1.146600000000000000e+04 2.147080000000000100e-01
1.148300000000000000e+04 1.766109999999999902e-01
1.150000000000000000e+04 1.405929999999999958e-01
1.151700000000000000e+04 1.084299999999999986e-01
1.153400000000000000e+04 8.063839999999999897e-02
1.155100000000000000e+04 5.958909999999999901e-02
1.156800000000000000e+04 4.168530000000000152e-02
1.158500000000000000e+04 2.894319999999999879e-02
1.160200000000000000e+04 1.887029999999999957e-02
1.161900000000000000e+04 1.365869999999999931e-02
1.163600000000000000e+04 9.499610000000000345e-03
1.165300000000000000e+04 7.009389999999999891e-03
1.167000000000000000e+04 4.835869999999999926e-03
1.168700000000000000e+04 3.161610000000000028e-03
1.170400000000000000e+04 1.848899999999999893e-03
1.172100000000000000e+04 1.386220000000000074e-03
1.173800000000000000e+04 9.350800000000000257e-04
1.175500000000000000e+04 4.098390000000000041e-04
1.177200000000000000e+04 3.088469999999999925e-05
