3.314000000000000000e+03 0.000000000000000000e+00
3.321000000000000000e+03 8.867660000000000407e-07
3.328000000000000000e+03 3.178070000000000135e-06
3.335000000000000000e+03 4.850829999999999769e-06
3.342000000000000000e+03 4.823309999999999904e-06
3.349000000000000000e+03 6.249569999999999865e-06
3.356000000000000000e+03 8.297530000000000159e-06
3.363000000000000000e+03 8.963650000000000144e-06
3.370000000000000000e+03 8.719330000000000084e-06
3.377000000000000000e+03 8.505460000000000724e-06
3.384000000000000000e+03 8.274310000000000405e-06
3.391000000000000000e+03 8.195809999999999378e-06
3.398000000000000000e+03 1.194370000000000052e-05
3.405000000000000000e+03 1.735339999999999889e-05
3.412000000000000000e+03 2.319299999999999969e-05
3.419000000000000000e+03 3.655199999999999834e-05
3.426000000000000000e+03 5.281049999999999861e-05
3.433000000000000000e+03 5.960679999999999993e-05
3.440000000000000000e+03 5.979600000000000144e-05
3.447000000000000000e+03 6.003360000000000066e-05
3.454000000000000000e+03 6.042159999999999762e-05
3.461000000000000000e+03 6.081099999999999765e-05
3.468000000000000000e+03 6.151610000000000552e-05
3.475000000000000000e+03 6.268999999999999779e-05
3.482000000000000000e+03 6.402220000000000512e-05
3.489000000000000000e+03 6.513710000000000355e-05
3.496000000000000000e+03 6.641590000000000221e-05
3.503000000000000000e+03 6.786419999999999985e-05
3.510000000000000000e+03 6.873180000000000489e-05
3.517000000000000000e+03 6.888310000000000461e-05
3.524000000000000000e+03 6.936749999999999611e-05
3.531000000000000000e+03 7.007590000000000444e-05
3.538000000000000000e+03 7.044260000000000213e-05
3.545000000000000000e+03 7.044619999999999647e-05
3.552000000000000000e+03 7.033390000000000095e-05
3.559000000000000000e+03 7.014800000000000668e-05
3.566000000000000000e+03 6.999510000000000345e-05
3.573000000000000000e+03 6.986650000000000607e-05
3.580000000000000000e+03 6.997400000000000462e-05
3.587000000000000000e+03 7.036719999999999943e-05
3.594000000000000000e+03 7.126199999999999635e-05
3.601000000000000000e+03 7.280659999999999508e-05
3.608000000000000000e+03 7.498660000000000470e-05
3.615000000000000000e+03 7.742660000000000167e-05
3.622000000000000000e+03 7.982119999999999396e-05
3.629000000000000000e+03 8.176830000000000112e-05
3.636000000000000000e+03 8.325520000000000208e-05
3.643000000000000000e+03 8.449379999999999391e-05
3.650000000000000000e+03 8.551470000000000306e-05
3.657000000000000000e+03 8.667320000000000222e-05
3.664000000000000000e+03 8.759839999999999803e-05
3.671000000000000000e+03 8.803019999999999617e-05
3.678000000000000000e+03 8.824539999999999370e-05
3.685000000000000000e+03 8.872500000000000178e-05
3.692000000000000000e+03 8.961219999999999559e-05
3.699000000000000000e+03 9.117309999999999618e-05
3.706000000000000000e+03 9.345320000000000168e-05
3.713000000000000000e+03 9.664900000000000249e-05
3.720000000000000000e+03 9.998939999999999510e-05
3.727000000000000000e+03 1.032140000000000049e-04
3.734000000000000000e+03 1.065849999999999968e-04
3.741000000000000000e+03 1.094860000000000017e-04
3.748000000000000000e+03 1.116839999999999966e-04
3.755000000000000000e+03 1.128680000000000042e-04
3.762000000000000000e+03 1.136119999999999958e-04
3.769000000000000000e+03 1.140819999999999963e-04
3.776000000000000000e+03 1.147629999999999988e-04
3.783000000000000000e+03 1.162300000000000036e-04
3.790000000000000000e+03 1.187729999999999960e-04
3.797000000000000000e+03 1.218370000000000060e-04
3.804000000000000000e+03 1.251880000000000083e-04
3.811000000000000000e+03 1.285880000000000096e-04
3.818000000000000000e+03 1.320050000000000075e-04
3.825000000000000000e+03 1.355209999999999922e-04
3.832000000000000000e+03 1.391870000000000075e-04
3.839000000000000000e+03 1.431410000000000039e-04
3.846000000000000000e+03 1.473110000000000131e-04
3.853000000000000000e+03 1.517900000000000087e-04
3.860000000000000000e+03 1.564889999999999988e-04
3.867000000000000000e+03 1.609520000000000135e-04
3.874000000000000000e+03 1.657879999999999922e-04
3.881000000000000000e+03 1.718179999999999870e-04
3.888000000000000000e+03 1.782689999999999969e-04
3.895000000000000000e+03 1.839660000000000069e-04
3.902000000000000000e+03 1.897500000000000044e-04
3.909000000000000000e+03 1.955209999999999869e-04
3.916000000000000000e+03 2.015209999999999972e-04
3.923000000000000000e+03 2.074119999999999989e-04
3.930000000000000000e+03 2.135899999999999930e-04
3.937000000000000000e+03 2.201299999999999947e-04
3.944000000000000000e+03 2.277989999999999919e-04
3.951000000000000000e+03 2.367369999999999934e-04
3.958000000000000000e+03 2.441119999999999965e-04
3.965000000000000000e+03 2.495209999999999984e-04
3.972000000000000000e+03 2.566989999999999897e-04
3.979000000000000000e+03 2.611280000000000111e-04
3.986000000000000000e+03 2.599689999999999770e-04
3.993000000000000000e+03 2.607600000000000174e-04
4.000000000000000000e+03 2.745620000000000048e-04
4.007000000000000000e+03 2.975380000000000234e-04
4.014000000000000000e+03 3.263289999999999854e-04
4.021000000000000000e+03 3.647389999999999920e-04
4.028000000000000000e+03 4.098060000000000266e-04
4.035000000000000000e+03 4.562200000000000196e-04
4.042000000000000000e+03 4.982250000000000350e-04
4.049000000000000000e+03 5.420499999999999754e-04
4.056000000000000000e+03 5.888700000000000184e-04
4.063000000000000000e+03 6.396579999999999801e-04
4.070000000000000000e+03 6.999289999999999592e-04
4.077000000000000000e+03 7.669309999999999929e-04
4.084000000000000000e+03 8.501449999999999589e-04
4.091000000000000000e+03 1.021690000000000011e-03
4.098000000000000000e+03 1.345389999999999911e-03
4.105000000000000000e+03 1.716360000000000108e-03
4.112000000000000000e+03 2.105329999999999875e-03
4.119000000000000000e+03 2.534670000000000152e-03
4.126000000000000000e+03 3.276149999999999809e-03
4.133000000000000000e+03 4.149279999999999982e-03
4.140000000000000000e+03 5.275150000000000151e-03
4.147000000000000000e+03 6.494520000000000154e-03
4.154000000000000000e+03 8.014000000000000290e-03
4.161000000000000000e+03 9.792010000000000297e-03
4.168000000000000000e+03 1.184480000000000081e-02
4.175000000000000000e+03 1.427980000000000048e-02
4.182000000000000000e+03 1.690509999999999929e-02
4.189000000000000000e+03 1.998820000000000111e-02
4.196000000000000000e+03 2.323710000000000012e-02
4.203000000000000000e+03 2.695140000000000036e-02
4.210000000000000000e+03 3.090649999999999994e-02
4.217000000000000000e+03 3.525890000000000274e-02
4.224000000000000000e+03 3.999679999999999902e-02
4.231000000000000000e+03 4.492369999999999697e-02
4.238000000000000000e+03 5.034600000000000186e-02
4.245000000000000000e+03 5.599219999999999892e-02
4.252000000000000000e+03 6.233520000000000033e-02
4.259000000000000000e+03 6.902679999999999927e-02
4.266000000000000000e+03 7.632279999999999620e-02
4.273000000000000000e+03 8.438869999999999705e-02
4.280000000000000000e+03 9.336899999999999367e-02
4.287000000000000000e+03 1.037239999999999968e-01
4.294000000000000000e+03 1.154690000000000022e-01
4.301000000000000000e+03 1.294410000000000005e-01
4.308000000000000000e+03 1.457549999999999957e-01
4.315000000000000000e+03 1.648840000000000028e-01
4.322000000000000000e+03 1.867000000000000048e-01
4.329000000000000000e+03 2.104989999999999917e-01
4.336000000000000000e+03 2.365869999999999918e-01
4.343000000000000000e+03 2.626729999999999898e-01
4.350000000000000000e+03 2.897770000000000068e-01
4.357000000000000000e+03 3.149049999999999905e-01
4.364000000000000000e+03 3.368240000000000123e-01
4.371000000000000000e+03 3.562109999999999999e-01
4.378000000000000000e+03 3.719489999999999741e-01
4.385000000000000000e+03 3.856800000000000228e-01
4.392000000000000000e+03 3.980259999999999909e-01
4.399000000000000000e+03 4.083339999999999748e-01
4.406000000000000000e+03 4.176159999999999872e-01
4.413000000000000000e+03 4.244740000000000180e-01
4.420000000000000000e+03 4.296269999999999811e-01
4.427000000000000000e+03 4.328609999999999958e-01
4.434000000000000000e+03 4.337739999999999929e-01
4.441000000000000000e+03 4.346079999999999943e-01
4.448000000000000000e+03 4.368690000000000073e-01
4.455000000000000000e+03 4.397139999999999938e-01
4.462000000000000000e+03 4.430950000000000166e-01
4.469000000000000000e+03 4.450140000000000207e-01
4.476000000000000000e+03 4.437289999999999845e-01
4.483000000000000000e+03 4.434679999999999733e-01
4.490000000000000000e+03 4.445350000000000135e-01
4.497000000000000000e+03 4.464299999999999935e-01
4.504000000000000000e+03 4.492700000000000027e-01
4.511000000000000000e+03 4.523289999999999811e-01
4.518000000000000000e+03 4.574889999999999790e-01
4.525000000000000000e+03 4.648900000000000254e-01
4.532000000000000000e+03 4.773950000000000138e-01
4.539000000000000000e+03 4.961940000000000239e-01
4.546000000000000000e+03 5.206399999999999917e-01
4.553000000000000000e+03 5.561730000000000285e-01
4.560000000000000000e+03 5.982469999999999732e-01
4.567000000000000000e+03 6.495049999999999990e-01
4.574000000000000000e+03 7.085609999999999964e-01
4.581000000000000000e+03 7.671470000000000233e-01
4.588000000000000000e+03 8.267700000000000049e-01
4.595000000000000000e+03 8.732560000000000322e-01
4.602000000000000000e+03 9.108020000000000005e-01
4.609000000000000000e+03 9.386210000000000386e-01
4.616000000000000000e+03 9.588219999999999521e-01
4.623000000000000000e+03 9.719389999999999974e-01
4.630000000000000000e+03 9.782509999999999817e-01
4.637000000000000000e+03 9.801619999999999777e-01
4.644000000000000000e+03 9.823699999999999655e-01
4.651000000000000000e+03 9.840360000000000218e-01
4.658000000000000000e+03 9.847339999999999982e-01
4.665000000000000000e+03 9.871529999999999472e-01
4.672000000000000000e+03 9.896719999999999962e-01
4.679000000000000000e+03 9.932760000000000478e-01
4.686000000000000000e+03 9.973279999999999923e-01
4.693000000000000000e+03 9.992769999999999708e-01
4.700000000000000000e+03 1.000000000000000000e+00
4.707000000000000000e+03 9.980809999999999960e-01
4.714000000000000000e+03 9.929059999999999553e-01
4.721000000000000000e+03 9.847550000000000470e-01
4.728000000000000000e+03 9.737519999999999509e-01
4.735000000000000000e+03 9.591070000000000428e-01
4.742000000000000000e+03 9.391810000000000436e-01
4.749000000000000000e+03 9.142500000000000071e-01
4.756000000000000000e+03 8.808859999999999468e-01
4.763000000000000000e+03 8.423180000000000112e-01
4.770000000000000000e+03 7.988629999999999898e-01
4.777000000000000000e+03 7.544020000000000170e-01
4.784000000000000000e+03 7.100870000000000237e-01
4.791000000000000000e+03 6.633499999999999952e-01
4.798000000000000000e+03 6.151550000000000074e-01
4.805000000000000000e+03 5.643270000000000231e-01
4.812000000000000000e+03 5.132989999999999498e-01
4.819000000000000000e+03 4.633639999999999981e-01
4.826000000000000000e+03 4.216619999999999813e-01
4.833000000000000000e+03 3.881189999999999918e-01
4.840000000000000000e+03 3.636280000000000068e-01
4.847000000000000000e+03 3.461710000000000065e-01
4.854000000000000000e+03 3.341450000000000253e-01
4.861000000000000000e+03 3.247590000000000199e-01
4.868000000000000000e+03 3.173610000000000042e-01
4.875000000000000000e+03 3.107849999999999779e-01
4.882000000000000000e+03 3.042960000000000109e-01
4.889000000000000000e+03 2.981329999999999814e-01
4.896000000000000000e+03 2.911179999999999879e-01
4.903000000000000000e+03 2.848140000000000116e-01
4.910000000000000000e+03 2.789440000000000253e-01
4.917000000000000000e+03 2.737390000000000101e-01
4.924000000000000000e+03 2.682800000000000185e-01
4.931000000000000000e+03 2.629650000000000043e-01
4.938000000000000000e+03 2.584330000000000238e-01
4.945000000000000000e+03 2.529390000000000249e-01
4.952000000000000000e+03 2.464079999999999881e-01
4.959000000000000000e+03 2.393750000000000044e-01
4.966000000000000000e+03 2.333959999999999924e-01
4.973000000000000000e+03 2.288479999999999959e-01
4.980000000000000000e+03 2.258130000000000137e-01
4.987000000000000000e+03 2.225250000000000006e-01
4.994000000000000000e+03 2.190469999999999917e-01
5.001000000000000000e+03 2.128659999999999997e-01
5.008000000000000000e+03 2.048609999999999876e-01
5.015000000000000000e+03 1.961859999999999993e-01
5.022000000000000000e+03 1.876069999999999960e-01
5.029000000000000000e+03 1.795549999999999924e-01
5.036000000000000000e+03 1.715460000000000040e-01
5.043000000000000000e+03 1.649140000000000050e-01
5.050000000000000000e+03 1.589409999999999989e-01
5.057000000000000000e+03 1.543940000000000035e-01
5.064000000000000000e+03 1.493879999999999930e-01
5.071000000000000000e+03 1.445919999999999983e-01
5.078000000000000000e+03 1.398179999999999978e-01
5.085000000000000000e+03 1.350069999999999881e-01
5.092000000000000000e+03 1.302889999999999882e-01
5.099000000000000000e+03 1.255969999999999864e-01
5.106000000000000000e+03 1.202030000000000043e-01
5.113000000000000000e+03 1.144440000000000041e-01
5.120000000000000000e+03 1.083469999999999989e-01
5.127000000000000000e+03 1.024779999999999996e-01
5.134000000000000000e+03 9.678649999999999753e-02
5.141000000000000000e+03 9.137489999999999502e-02
5.148000000000000000e+03 8.612809999999999910e-02
5.155000000000000000e+03 8.111780000000000379e-02
5.162000000000000000e+03 7.622379999999999434e-02
5.169000000000000000e+03 7.139009999999999800e-02
5.176000000000000000e+03 6.667599999999999916e-02
5.183000000000000000e+03 6.213099999999999873e-02
5.190000000000000000e+03 5.783169999999999977e-02
5.197000000000000000e+03 5.369850000000000317e-02
5.204000000000000000e+03 4.975460000000000299e-02
5.211000000000000000e+03 4.603489999999999666e-02
5.218000000000000000e+03 4.251850000000000074e-02
5.225000000000000000e+03 3.928419999999999829e-02
5.232000000000000000e+03 3.629149999999999737e-02
5.239000000000000000e+03 3.354139999999999899e-02
5.246000000000000000e+03 3.100189999999999890e-02
5.253000000000000000e+03 2.861920000000000089e-02
5.260000000000000000e+03 2.645120000000000110e-02
5.267000000000000000e+03 2.439310000000000089e-02
5.274000000000000000e+03 2.251529999999999851e-02
5.281000000000000000e+03 2.068940000000000015e-02
5.288000000000000000e+03 1.894360000000000141e-02
5.295000000000000000e+03 1.724969999999999976e-02
5.302000000000000000e+03 1.561880000000000039e-02
5.309000000000000000e+03 1.406699999999999964e-02
5.316000000000000000e+03 1.258210000000000058e-02
5.323000000000000000e+03 1.116070000000000083e-02
5.330000000000000000e+03 9.531400000000000636e-03
5.337000000000000000e+03 7.789400000000000143e-03
5.344000000000000000e+03 6.501769999999999598e-03
5.351000000000000000e+03 5.337910000000000398e-03
5.358000000000000000e+03 3.982529999999999751e-03
5.365000000000000000e+03 2.552739999999999957e-03
5.372000000000000000e+03 1.059290000000000058e-03
5.379000000000000000e+03 2.757290000000000023e-04
5.386000000000000000e+03 2.393229999999999988e-04
5.393000000000000000e+03 2.224899999999999925e-04
5.400000000000000000e+03 2.098489999999999893e-04
5.407000000000000000e+03 1.935890000000000061e-04
5.414000000000000000e+03 1.672199999999999880e-04
5.421000000000000000e+03 1.453749999999999964e-04
5.428000000000000000e+03 1.404889999999999893e-04
5.435000000000000000e+03 1.372880000000000042e-04
5.442000000000000000e+03 1.336649999999999882e-04
5.449000000000000000e+03 1.297310000000000086e-04
5.456000000000000000e+03 1.152410000000000034e-04
5.463000000000000000e+03 9.442110000000000303e-05
5.470000000000000000e+03 8.134449999999999342e-05
5.477000000000000000e+03 7.875999999999999809e-05
5.484000000000000000e+03 7.006500000000000087e-05
5.491000000000000000e+03 5.326330000000000214e-05
5.498000000000000000e+03 3.244030000000000177e-05
5.505000000000000000e+03 1.148109999999999922e-05
