1.711000000000000000e+03 0.000000000000000000e+00
1.714000000000000000e+03 1.887499999999999944e-11
1.717000000000000000e+03 6.474060000000000079e-10
1.720000000000000000e+03 1.921849999999999934e-09
1.723000000000000000e+03 3.785939999999999853e-09
1.726000000000000000e+03 6.367839999999999798e-09
1.729000000000000000e+03 7.567300000000000535e-09
1.732000000000000000e+03 7.621610000000000112e-09
1.735000000000000000e+03 6.605550000000000211e-09
1.738000000000000000e+03 4.544429999999999785e-09
1.741000000000000000e+03 3.230630000000000041e-09
1.744000000000000000e+03 2.452760000000000120e-09
1.747000000000000000e+03 1.853210000000000056e-09
1.750000000000000000e+03 1.312100000000000050e-09
1.753000000000000000e+03 7.709740000000000096e-10
1.756000000000000000e+03 2.298430000000000044e-10
1.759000000000000000e+03 5.734470000000000303e-12
1.762000000000000000e+03 6.293749999999999915e-12
1.765000000000000000e+03 6.846359999999999920e-12
1.768000000000000000e+03 7.394790000000000644e-12
1.771000000000000000e+03 7.930910000000000585e-12
1.774000000000000000e+03 8.459110000000000697e-12
1.777000000000000000e+03 8.983109999999999676e-12
1.780000000000000000e+03 9.503810000000000072e-12
1.783000000000000000e+03 1.001599999999999933e-11
1.786000000000000000e+03 1.052310000000000067e-11
1.789000000000000000e+03 1.102720000000000051e-11
1.792000000000000000e+03 1.152860000000000078e-11
1.795000000000000000e+03 2.830959999999999828e-06
1.798000000000000000e+03 1.557169999999999865e-04
1.801000000000000000e+03 3.873589999999999889e-04
1.804000000000000000e+03 4.960470000000000027e-04
1.807000000000000000e+03 5.998299999999999813e-04
1.810000000000000000e+03 7.379860000000000456e-04
1.813000000000000000e+03 9.096189999999999658e-04
1.816000000000000000e+03 1.138750000000000005e-03
1.819000000000000000e+03 1.370689999999999929e-03
1.822000000000000000e+03 1.605139999999999909e-03
1.825000000000000000e+03 1.873679999999999964e-03
1.828000000000000000e+03 2.180800000000000100e-03
1.831000000000000000e+03 2.520500000000000171e-03
1.834000000000000000e+03 2.912779999999999796e-03
1.837000000000000000e+03 3.356039999999999805e-03
1.840000000000000000e+03 3.857649999999999794e-03
1.843000000000000000e+03 4.434010000000000382e-03
1.846000000000000000e+03 5.056449999999999660e-03
1.849000000000000000e+03 5.730670000000000208e-03
1.852000000000000000e+03 6.442090000000000143e-03
1.855000000000000000e+03 7.195410000000000174e-03
1.858000000000000000e+03 7.985990000000000102e-03
1.861000000000000000e+03 8.799269999999999661e-03
1.864000000000000000e+03 9.620810000000000473e-03
1.867000000000000000e+03 1.045369999999999980e-02
1.870000000000000000e+03 1.129770000000000080e-02
1.873000000000000000e+03 1.214490000000000014e-02
1.876000000000000000e+03 1.298960000000000045e-02
1.879000000000000000e+03 1.382260000000000086e-02
1.882000000000000000e+03 1.466879999999999920e-02
1.885000000000000000e+03 1.554059999999999990e-02
1.888000000000000000e+03 1.650160000000000168e-02
1.891000000000000000e+03 1.756490000000000135e-02
1.894000000000000000e+03 1.869490000000000041e-02
1.897000000000000000e+03 1.994589999999999905e-02
1.900000000000000000e+03 2.137920000000000098e-02
1.903000000000000000e+03 2.303140000000000048e-02
1.906000000000000000e+03 2.480049999999999963e-02
1.909000000000000000e+03 2.673210000000000169e-02
1.912000000000000000e+03 2.892629999999999854e-02
1.915000000000000000e+03 3.125399999999999706e-02
1.918000000000000000e+03 3.364070000000000255e-02
1.921000000000000000e+03 3.614679999999999976e-02
1.924000000000000000e+03 3.883249999999999896e-02
1.927000000000000000e+03 4.159240000000000159e-02
1.930000000000000000e+03 4.442870000000000152e-02
1.933000000000000000e+03 4.742400000000000088e-02
1.936000000000000000e+03 5.054739999999999928e-02
1.939000000000000000e+03 5.369399999999999867e-02
1.942000000000000000e+03 5.685599999999999682e-02
1.945000000000000000e+03 6.008360000000000090e-02
1.948000000000000000e+03 6.330679999999999641e-02
1.951000000000000000e+03 6.652439999999999742e-02
1.954000000000000000e+03 6.973859999999999781e-02
1.957000000000000000e+03 7.296719999999999595e-02
1.960000000000000000e+03 7.611569999999999447e-02
1.963000000000000000e+03 7.919610000000000538e-02
1.966000000000000000e+03 8.231020000000000003e-02
1.969000000000000000e+03 8.532380000000000519e-02
1.972000000000000000e+03 8.816459999999999575e-02
1.975000000000000000e+03 9.087610000000000132e-02
1.978000000000000000e+03 9.353499999999999315e-02
1.981000000000000000e+03 9.615899999999999448e-02
1.984000000000000000e+03 9.887709999999999555e-02
1.987000000000000000e+03 1.016520000000000062e-01
1.990000000000000000e+03 1.044510000000000022e-01
1.993000000000000000e+03 1.072110000000000007e-01
1.996000000000000000e+03 1.099340000000000039e-01
1.999000000000000000e+03 1.126879999999999965e-01
2.002000000000000000e+03 1.155329999999999968e-01
2.005000000000000000e+03 1.184889999999999971e-01
2.008000000000000000e+03 1.215070000000000039e-01
2.011000000000000000e+03 1.245850000000000013e-01
2.014000000000000000e+03 1.277069999999999872e-01
2.017000000000000000e+03 1.308350000000000068e-01
2.020000000000000000e+03 1.339359999999999995e-01
2.023000000000000000e+03 1.370119999999999949e-01
2.026000000000000000e+03 1.400689999999999991e-01
2.029000000000000000e+03 1.430710000000000037e-01
2.032000000000000000e+03 1.460079999999999989e-01
2.035000000000000000e+03 1.488659999999999983e-01
2.038000000000000000e+03 1.516240000000000088e-01
2.041000000000000000e+03 1.543049999999999977e-01
2.044000000000000000e+03 1.569119999999999959e-01
2.047000000000000000e+03 1.593789999999999929e-01
2.050000000000000000e+03 1.616019999999999956e-01
2.053000000000000000e+03 1.636499999999999899e-01
2.056000000000000000e+03 1.655949999999999922e-01
2.059000000000000000e+03 1.674940000000000040e-01
2.062000000000000000e+03 1.692869999999999930e-01
2.065000000000000000e+03 1.711070000000000091e-01
2.068000000000000000e+03 1.729150000000000131e-01
2.071000000000000000e+03 1.746540000000000037e-01
2.074000000000000000e+03 1.762170000000000125e-01
2.077000000000000000e+03 1.776189999999999991e-01
2.080000000000000000e+03 1.788869999999999905e-01
2.083000000000000000e+03 1.801319999999999866e-01
2.086000000000000000e+03 1.812749999999999917e-01
2.089000000000000000e+03 1.823299999999999921e-01
2.092000000000000000e+03 1.833220000000000127e-01
2.095000000000000000e+03 1.842409999999999881e-01
2.098000000000000000e+03 1.851049999999999918e-01
2.101000000000000000e+03 1.860090000000000077e-01
2.104000000000000000e+03 1.868809999999999916e-01
2.107000000000000000e+03 1.876249999999999862e-01
2.110000000000000000e+03 1.881960000000000022e-01
2.113000000000000000e+03 1.887060000000000126e-01
2.116000000000000000e+03 1.892230000000000023e-01
2.119000000000000000e+03 1.897830000000000072e-01
2.122000000000000000e+03 1.902999999999999969e-01
2.125000000000000000e+03 1.908509999999999929e-01
2.128000000000000000e+03 1.915119999999999878e-01
2.131000000000000000e+03 1.923670000000000102e-01
2.134000000000000000e+03 1.936549999999999938e-01
2.137000000000000000e+03 1.954849999999999921e-01
2.140000000000000000e+03 1.982150000000000023e-01
2.143000000000000000e+03 2.029549999999999965e-01
2.146000000000000000e+03 2.095879999999999965e-01
2.149000000000000000e+03 2.198229999999999906e-01
2.152000000000000000e+03 2.329080000000000039e-01
2.155000000000000000e+03 2.512650000000000161e-01
2.158000000000000000e+03 2.735969999999999791e-01
2.161000000000000000e+03 3.024229999999999974e-01
2.164000000000000000e+03 3.373079999999999967e-01
2.167000000000000000e+03 3.802499999999999769e-01
2.170000000000000000e+03 4.305640000000000023e-01
2.173000000000000000e+03 4.887839999999999963e-01
2.176000000000000000e+03 5.517450000000000410e-01
2.179000000000000000e+03 6.177820000000000533e-01
2.182000000000000000e+03 6.828089999999999993e-01
2.185000000000000000e+03 7.443450000000000344e-01
2.188000000000000000e+03 7.972949999999999759e-01
2.191000000000000000e+03 8.422220000000000262e-01
2.194000000000000000e+03 8.763069999999999471e-01
2.197000000000000000e+03 9.010880000000000001e-01
2.200000000000000000e+03 9.186729999999999619e-01
2.203000000000000000e+03 9.286980000000000235e-01
2.206000000000000000e+03 9.361660000000000537e-01
2.209000000000000000e+03 9.418579999999999730e-01
2.212000000000000000e+03 9.469220000000000415e-01
2.215000000000000000e+03 9.517989999999999506e-01
2.218000000000000000e+03 9.570699999999999763e-01
2.221000000000000000e+03 9.628710000000000324e-01
2.224000000000000000e+03 9.689579999999999860e-01
2.227000000000000000e+03 9.750670000000000170e-01
2.230000000000000000e+03 9.809400000000000341e-01
2.233000000000000000e+03 9.863049999999999873e-01
2.236000000000000000e+03 9.911790000000000322e-01
2.239000000000000000e+03 9.954690000000000483e-01
2.242000000000000000e+03 9.984079999999999622e-01
2.245000000000000000e+03 1.000000000000000000e+00
2.248000000000000000e+03 9.994049999999999878e-01
2.251000000000000000e+03 9.973889999999999700e-01
2.254000000000000000e+03 9.946439999999999726e-01
2.257000000000000000e+03 9.880309999999999926e-01
2.260000000000000000e+03 9.786179999999999879e-01
2.263000000000000000e+03 9.647200000000000220e-01
2.266000000000000000e+03 9.432949999999999946e-01
2.269000000000000000e+03 9.159880000000000244e-01
2.272000000000000000e+03 8.774809999999999555e-01
2.275000000000000000e+03 8.319630000000000081e-01
2.278000000000000000e+03 7.768669999999999742e-01
2.281000000000000000e+03 7.160830000000000251e-01
2.284000000000000000e+03 6.513219999999999565e-01
2.287000000000000000e+03 5.861410000000000231e-01
2.290000000000000000e+03 5.225750000000000117e-01
2.293000000000000000e+03 4.656549999999999856e-01
2.296000000000000000e+03 4.143240000000000256e-01
2.299000000000000000e+03 3.739750000000000019e-01
2.302000000000000000e+03 3.405299999999999994e-01
2.305000000000000000e+03 3.168790000000000218e-01
2.308000000000000000e+03 2.996269999999999767e-01
2.311000000000000000e+03 2.884030000000000205e-01
2.314000000000000000e+03 2.810759999999999925e-01
2.317000000000000000e+03 2.764030000000000098e-01
2.320000000000000000e+03 2.738570000000000171e-01
2.323000000000000000e+03 2.721709999999999963e-01
2.326000000000000000e+03 2.705520000000000147e-01
2.329000000000000000e+03 2.687970000000000081e-01
2.332000000000000000e+03 2.673320000000000141e-01
2.335000000000000000e+03 2.662840000000000207e-01
2.338000000000000000e+03 2.650399999999999978e-01
2.341000000000000000e+03 2.633659999999999890e-01
2.344000000000000000e+03 2.615160000000000262e-01
2.347000000000000000e+03 2.597070000000000212e-01
2.350000000000000000e+03 2.570779999999999732e-01
2.353000000000000000e+03 2.537429999999999963e-01
2.356000000000000000e+03 2.500839999999999730e-01
2.359000000000000000e+03 2.461770000000000069e-01
2.362000000000000000e+03 2.416250000000000064e-01
2.365000000000000000e+03 2.366759999999999975e-01
2.368000000000000000e+03 2.315329999999999888e-01
2.371000000000000000e+03 2.261410000000000087e-01
2.374000000000000000e+03 2.202830000000000066e-01
2.377000000000000000e+03 2.140880000000000005e-01
2.380000000000000000e+03 2.076629999999999865e-01
2.383000000000000000e+03 2.010369999999999935e-01
2.386000000000000000e+03 1.941730000000000123e-01
2.389000000000000000e+03 1.868889999999999996e-01
2.392000000000000000e+03 1.792259999999999964e-01
2.395000000000000000e+03 1.712390000000000023e-01
2.398000000000000000e+03 1.631559999999999955e-01
2.401000000000000000e+03 1.544669999999999932e-01
2.404000000000000000e+03 1.454789999999999972e-01
2.407000000000000000e+03 1.363510000000000000e-01
2.410000000000000000e+03 1.271859999999999935e-01
2.413000000000000000e+03 1.178460000000000063e-01
2.416000000000000000e+03 1.083100000000000035e-01
2.419000000000000000e+03 9.917529999999999402e-02
2.422000000000000000e+03 9.027739999999999376e-02
2.425000000000000000e+03 8.173139999999999572e-02
2.428000000000000000e+03 7.332750000000000379e-02
2.431000000000000000e+03 6.563460000000000127e-02
2.434000000000000000e+03 5.842109999999999664e-02
2.437000000000000000e+03 5.171850000000000058e-02
2.440000000000000000e+03 4.549759999999999915e-02
2.443000000000000000e+03 3.990269999999999928e-02
2.446000000000000000e+03 3.490050000000000097e-02
2.449000000000000000e+03 3.040270000000000125e-02
2.452000000000000000e+03 2.632059999999999955e-02
2.455000000000000000e+03 2.281230000000000063e-02
2.458000000000000000e+03 1.971209999999999976e-02
2.461000000000000000e+03 1.702539999999999956e-02
2.464000000000000000e+03 1.465690000000000048e-02
2.467000000000000000e+03 1.263680000000000012e-02
2.470000000000000000e+03 1.090610000000000017e-02
2.473000000000000000e+03 9.411569999999999311e-03
2.476000000000000000e+03 8.129400000000000168e-03
2.479000000000000000e+03 7.048300000000000398e-03
2.482000000000000000e+03 6.130639999999999701e-03
2.485000000000000000e+03 5.343829999999999934e-03
2.488000000000000000e+03 4.674990000000000395e-03
2.491000000000000000e+03 4.111280000000000143e-03
2.494000000000000000e+03 3.633720000000000006e-03
2.497000000000000000e+03 3.223919999999999911e-03
2.500000000000000000e+03 2.874629999999999980e-03
2.503000000000000000e+03 2.580579999999999853e-03
2.506000000000000000e+03 2.329599999999999813e-03
2.509000000000000000e+03 2.112140000000000198e-03
2.512000000000000000e+03 1.927569999999999978e-03
2.515000000000000000e+03 1.766729999999999993e-03
2.518000000000000000e+03 1.627329999999999966e-03
2.521000000000000000e+03 1.503420000000000104e-03
2.524000000000000000e+03 1.396000000000000105e-03
2.527000000000000000e+03 1.301459999999999943e-03
2.530000000000000000e+03 1.216140000000000103e-03
2.533000000000000000e+03 1.139150000000000015e-03
2.536000000000000000e+03 1.070090000000000104e-03
2.539000000000000000e+03 1.008089999999999898e-03
2.542000000000000000e+03 9.515450000000000384e-04
2.545000000000000000e+03 8.995350000000000264e-04
2.548000000000000000e+03 8.514189999999999606e-04
2.551000000000000000e+03 8.058349999999999715e-04
2.554000000000000000e+03 7.624370000000000322e-04
2.557000000000000000e+03 7.215449999999999772e-04
2.560000000000000000e+03 6.831689999999999638e-04
2.563000000000000000e+03 6.476989999999999527e-04
2.566000000000000000e+03 6.145190000000000027e-04
2.569000000000000000e+03 5.855009999999999902e-04
2.572000000000000000e+03 5.266840000000000280e-04
2.575000000000000000e+03 4.297099999999999770e-04
2.578000000000000000e+03 3.858619999999999997e-04
2.581000000000000000e+03 3.686429999999999872e-04
2.584000000000000000e+03 3.520059999999999769e-04
2.587000000000000000e+03 3.362749999999999745e-04
2.590000000000000000e+03 3.214979999999999769e-04
2.593000000000000000e+03 3.041939999999999813e-04
2.596000000000000000e+03 2.659369999999999985e-04
2.599000000000000000e+03 2.263880000000000016e-04
2.602000000000000000e+03 2.132620000000000056e-04
2.605000000000000000e+03 2.033819999999999985e-04
2.608000000000000000e+03 1.936089999999999957e-04
2.611000000000000000e+03 1.840009999999999888e-04
2.614000000000000000e+03 1.746709999999999951e-04
2.617000000000000000e+03 1.658200000000000082e-04
2.620000000000000000e+03 1.570870000000000090e-04
2.623000000000000000e+03 1.485590000000000120e-04
2.626000000000000000e+03 1.405749999999999882e-04
2.629000000000000000e+03 1.331170000000000064e-04
2.632000000000000000e+03 1.258210000000000003e-04
2.635000000000000000e+03 1.187200000000000017e-04
2.638000000000000000e+03 1.125290000000000063e-04
2.641000000000000000e+03 1.069950000000000013e-04
2.644000000000000000e+03 1.020390000000000034e-04
2.647000000000000000e+03 9.745050000000000489e-05
2.650000000000000000e+03 9.368519999999999539e-05
2.653000000000000000e+03 9.019450000000000525e-05
2.656000000000000000e+03 8.686259999999999739e-05
2.659000000000000000e+03 8.365829999999999827e-05
2.662000000000000000e+03 8.092319999999999798e-05
2.665000000000000000e+03 7.842380000000000629e-05
2.668000000000000000e+03 7.662909999999999448e-05
2.671000000000000000e+03 7.513679999999999524e-05
2.674000000000000000e+03 7.431980000000000628e-05
2.677000000000000000e+03 7.359939999999999874e-05
2.680000000000000000e+03 7.296389999999999441e-05
2.683000000000000000e+03 7.240590000000000416e-05
2.686000000000000000e+03 7.200999999999999665e-05
2.689000000000000000e+03 7.171680000000000426e-05
2.692000000000000000e+03 7.166319999999999516e-05
2.695000000000000000e+03 7.161880000000000622e-05
2.698000000000000000e+03 7.157489999999999805e-05
2.701000000000000000e+03 7.157469999999999761e-05
2.704000000000000000e+03 7.165540000000000516e-05
2.707000000000000000e+03 7.186090000000000175e-05
2.710000000000000000e+03 7.217119999999999775e-05
2.713000000000000000e+03 7.254719999999999550e-05
2.716000000000000000e+03 7.299890000000000339e-05
2.719000000000000000e+03 7.375799999999999414e-05
2.722000000000000000e+03 7.467140000000000474e-05
2.725000000000000000e+03 7.566709999999999929e-05
2.728000000000000000e+03 7.671680000000000383e-05
2.731000000000000000e+03 7.794509999999999340e-05
2.734000000000000000e+03 7.922819999999999472e-05
2.737000000000000000e+03 8.059329999999999966e-05
2.740000000000000000e+03 8.204210000000000517e-05
2.743000000000000000e+03 8.365919999999999346e-05
2.746000000000000000e+03 8.533030000000000530e-05
2.749000000000000000e+03 8.718479999999999915e-05
2.752000000000000000e+03 8.912979999999999492e-05
2.755000000000000000e+03 9.125739999999999807e-05
2.758000000000000000e+03 9.340159999999999695e-05
2.761000000000000000e+03 9.554909999999999630e-05
2.764000000000000000e+03 9.769989999999999610e-05
2.767000000000000000e+03 9.985609999999999419e-05
2.770000000000000000e+03 1.020349999999999946e-04
2.773000000000000000e+03 1.043279999999999945e-04
2.776000000000000000e+03 1.070109999999999958e-04
2.779000000000000000e+03 1.100300000000000019e-04
2.782000000000000000e+03 1.132310000000000006e-04
2.785000000000000000e+03 1.166800000000000009e-04
2.788000000000000000e+03 1.210080000000000042e-04
2.791000000000000000e+03 1.259020000000000018e-04
2.794000000000000000e+03 1.310279999999999930e-04
2.797000000000000000e+03 1.364919999999999935e-04
2.800000000000000000e+03 1.434440000000000042e-04
2.803000000000000000e+03 1.509919999999999936e-04
2.806000000000000000e+03 1.592359999999999913e-04
2.809000000000000000e+03 1.685880000000000061e-04
2.812000000000000000e+03 1.812320000000000023e-04
2.815000000000000000e+03 1.947669999999999870e-04
2.818000000000000000e+03 2.097400000000000078e-04
2.821000000000000000e+03 2.267539999999999909e-04
2.824000000000000000e+03 2.486969999999999806e-04
2.827000000000000000e+03 2.716910000000000115e-04
2.830000000000000000e+03 2.967070000000000037e-04
2.833000000000000000e+03 3.262450000000000181e-04
2.836000000000000000e+03 3.629050000000000093e-04
2.839000000000000000e+03 4.012549999999999928e-04
2.842000000000000000e+03 4.437290000000000201e-04
2.845000000000000000e+03 4.933970000000000196e-04
2.848000000000000000e+03 5.520240000000000260e-04
2.851000000000000000e+03 6.127139999999999887e-04
2.854000000000000000e+03 6.780830000000000060e-04
2.857000000000000000e+03 7.538300000000000382e-04
2.860000000000000000e+03 8.379410000000000330e-04
2.863000000000000000e+03 9.255399999999999782e-04
2.866000000000000000e+03 1.019289999999999953e-03
2.869000000000000000e+03 1.124269999999999914e-03
2.872000000000000000e+03 1.235269999999999901e-03
2.875000000000000000e+03 1.349610000000000002e-03
2.878000000000000000e+03 1.468380000000000032e-03
2.881000000000000000e+03 1.592939999999999938e-03
2.884000000000000000e+03 1.719639999999999927e-03
2.887000000000000000e+03 1.848400000000000043e-03
2.890000000000000000e+03 1.978999999999999856e-03
2.893000000000000000e+03 2.106300000000000186e-03
2.896000000000000000e+03 2.232759999999999866e-03
2.899000000000000000e+03 2.358090000000000186e-03
2.902000000000000000e+03 2.477519999999999983e-03
2.905000000000000000e+03 2.582870000000000131e-03
2.908000000000000000e+03 2.684980000000000006e-03
2.911000000000000000e+03 2.780869999999999957e-03
2.914000000000000000e+03 2.861789999999999907e-03
2.917000000000000000e+03 2.920489999999999978e-03
2.920000000000000000e+03 2.974329999999999856e-03
2.923000000000000000e+03 3.017240000000000026e-03
2.926000000000000000e+03 3.039029999999999856e-03
2.929000000000000000e+03 3.038369999999999873e-03
2.932000000000000000e+03 3.032149999999999949e-03
2.935000000000000000e+03 3.012910000000000154e-03
2.938000000000000000e+03 2.971779999999999821e-03
2.941000000000000000e+03 2.915529999999999945e-03
2.944000000000000000e+03 2.853609999999999914e-03
2.947000000000000000e+03 2.779250000000000036e-03
2.950000000000000000e+03 2.688859999999999948e-03
2.953000000000000000e+03 2.591439999999999976e-03
2.956000000000000000e+03 2.490140000000000062e-03
2.959000000000000000e+03 2.379950000000000034e-03
2.962000000000000000e+03 2.264519999999999901e-03
2.965000000000000000e+03 2.147440000000000026e-03
2.968000000000000000e+03 2.029159999999999905e-03
2.971000000000000000e+03 1.907770000000000039e-03
2.974000000000000000e+03 1.790039999999999904e-03
2.977000000000000000e+03 1.673280000000000080e-03
2.980000000000000000e+03 1.557840000000000006e-03
2.983000000000000000e+03 1.444729999999999973e-03
2.986000000000000000e+03 1.339499999999999979e-03
2.989000000000000000e+03 1.236010000000000060e-03
2.992000000000000000e+03 1.135809999999999901e-03
2.995000000000000000e+03 1.042589999999999923e-03
2.998000000000000000e+03 9.580430000000000022e-04
3.001000000000000000e+03 8.754280000000000351e-04
3.004000000000000000e+03 7.976069999999999818e-04
3.007000000000000000e+03 7.289049999999999609e-04
3.010000000000000000e+03 6.676050000000000430e-04
3.013000000000000000e+03 6.084480000000000400e-04
3.016000000000000000e+03 5.543320000000000452e-04
3.019000000000000000e+03 5.093349999999999744e-04
3.022000000000000000e+03 4.691809999999999926e-04
3.025000000000000000e+03 4.311450000000000200e-04
3.028000000000000000e+03 3.982100000000000244e-04
3.031000000000000000e+03 3.731359999999999864e-04
3.034000000000000000e+03 3.508760000000000199e-04
3.037000000000000000e+03 3.306510000000000026e-04
3.040000000000000000e+03 3.148599999999999771e-04
3.043000000000000000e+03 3.046789999999999742e-04
3.046000000000000000e+03 2.959910000000000058e-04
3.049000000000000000e+03 2.886629999999999838e-04
3.052000000000000000e+03 2.848980000000000089e-04
3.055000000000000000e+03 2.843699999999999895e-04
3.058000000000000000e+03 2.845160000000000115e-04
3.061000000000000000e+03 2.858739999999999806e-04
3.064000000000000000e+03 2.895309999999999898e-04
3.067000000000000000e+03 2.949750000000000007e-04
3.070000000000000000e+03 3.006239999999999867e-04
3.073000000000000000e+03 3.066270000000000172e-04
3.076000000000000000e+03 3.131049999999999914e-04
3.079000000000000000e+03 3.195559999999999742e-04
3.082000000000000000e+03 3.258350000000000135e-04
3.085000000000000000e+03 3.320770000000000124e-04
3.088000000000000000e+03 3.378130000000000130e-04
3.091000000000000000e+03 3.428239999999999825e-04
3.094000000000000000e+03 3.474320000000000034e-04
3.097000000000000000e+03 3.514799999999999891e-04
3.100000000000000000e+03 3.539400000000000163e-04
3.103000000000000000e+03 3.555729999999999785e-04
3.106000000000000000e+03 3.566649999999999877e-04
3.109000000000000000e+03 3.569369999999999878e-04
3.112000000000000000e+03 3.554729999999999761e-04
3.115000000000000000e+03 3.533699999999999862e-04
3.118000000000000000e+03 3.508779999999999972e-04
3.121000000000000000e+03 3.481599999999999734e-04
3.124000000000000000e+03 3.449060000000000212e-04
3.127000000000000000e+03 3.415100000000000015e-04
3.130000000000000000e+03 3.383810000000000116e-04
3.133000000000000000e+03 3.350879999999999874e-04
3.136000000000000000e+03 3.324269999999999938e-04
3.139000000000000000e+03 3.299490000000000083e-04
3.142000000000000000e+03 3.277840000000000181e-04
3.145000000000000000e+03 3.265340000000000148e-04
3.148000000000000000e+03 3.262559999999999744e-04
3.151000000000000000e+03 3.264140000000000227e-04
3.154000000000000000e+03 3.277379999999999985e-04
3.157000000000000000e+03 3.320439999999999807e-04
3.160000000000000000e+03 3.384910000000000089e-04
3.163000000000000000e+03 3.458889999999999946e-04
3.166000000000000000e+03 3.545660000000000066e-04
3.169000000000000000e+03 3.660410000000000009e-04
3.172000000000000000e+03 3.797559999999999738e-04
3.175000000000000000e+03 3.941570000000000143e-04
3.178000000000000000e+03 4.098010000000000021e-04
3.181000000000000000e+03 4.282380000000000019e-04
3.184000000000000000e+03 4.477729999999999970e-04
3.187000000000000000e+03 4.670400000000000007e-04
3.190000000000000000e+03 4.623559999999999758e-04
3.193000000000000000e+03 4.300740000000000162e-04
3.196000000000000000e+03 3.924949999999999750e-04
3.199000000000000000e+03 3.346870000000000162e-04
3.202000000000000000e+03 2.960910000000000083e-04
3.205000000000000000e+03 2.373970000000000041e-04
3.208000000000000000e+03 1.726250000000000083e-04
3.211000000000000000e+03 1.256399999999999965e-04
3.214000000000000000e+03 8.655760000000000624e-05
3.217000000000000000e+03 8.449069999999999389e-05
3.220000000000000000e+03 8.869139999999999587e-05
3.223000000000000000e+03 9.148709999999999351e-05
3.226000000000000000e+03 7.397989999999999959e-05
3.229000000000000000e+03 4.983350000000000323e-05
3.232000000000000000e+03 2.568699999999999987e-05
3.235000000000000000e+03 3.710000000000000054e-06
