2.336500000000000000e+03 0.000000000000000000e+00
2.342500000000000000e+03 5.409820000000000197e-07
2.348500000000000000e+03 6.325870000000000303e-06
2.354500000000000000e+03 1.678550000000000048e-05
2.360500000000000000e+03 2.679909999999999893e-05
2.366500000000000000e+03 3.768009999999999860e-05
2.372500000000000000e+03 4.519189999999999671e-05
2.378500000000000000e+03 4.807629999999999911e-05
2.384500000000000000e+03 4.979580000000000188e-05
2.390500000000000000e+03 5.175919999999999734e-05
2.396500000000000000e+03 5.382210000000000092e-05
2.402500000000000000e+03 5.585179999999999946e-05
2.408500000000000000e+03 5.770899999999999923e-05
2.414500000000000000e+03 5.915060000000000250e-05
2.420500000000000000e+03 6.010009999999999739e-05
2.426500000000000000e+03 6.045919999999999875e-05
2.432500000000000000e+03 6.014200000000000118e-05
2.438500000000000000e+03 5.946800000000000051e-05
2.444500000000000000e+03 5.837359999999999961e-05
2.450500000000000000e+03 5.721890000000000201e-05
2.456500000000000000e+03 5.601259999999999968e-05
2.462500000000000000e+03 5.520640000000000052e-05
2.468500000000000000e+03 5.479689999999999708e-05
2.474500000000000000e+03 5.509729999999999847e-05
2.480500000000000000e+03 5.608919999999999824e-05
2.486500000000000000e+03 5.772190000000000041e-05
2.492500000000000000e+03 5.973229999999999729e-05
2.498500000000000000e+03 6.192159999999999342e-05
2.504500000000000000e+03 6.377690000000000258e-05
2.510500000000000000e+03 6.512020000000000037e-05
2.516500000000000000e+03 6.557249999999999602e-05
2.522500000000000000e+03 6.491869999999999900e-05
2.528500000000000000e+03 6.314739999999999785e-05
2.534500000000000000e+03 6.013310000000000199e-05
2.540500000000000000e+03 5.630849999999999799e-05
2.546500000000000000e+03 5.163959999999999937e-05
2.552500000000000000e+03 4.675989999999999932e-05
2.558500000000000000e+03 4.178180000000000034e-05
2.564500000000000000e+03 3.724650000000000329e-05
2.570500000000000000e+03 3.320290000000000020e-05
2.576500000000000000e+03 3.007870000000000053e-05
2.582500000000000000e+03 2.775449999999999998e-05
2.588500000000000000e+03 2.657600000000000102e-05
2.594500000000000000e+03 2.618470000000000021e-05
2.600500000000000000e+03 2.685750000000000162e-05
2.606500000000000000e+03 2.809330000000000087e-05
2.612500000000000000e+03 3.004529999999999845e-05
2.618500000000000000e+03 3.218110000000000263e-05
2.624500000000000000e+03 3.453890000000000231e-05
2.630500000000000000e+03 3.668090000000000315e-05
2.636500000000000000e+03 3.858370000000000126e-05
2.642500000000000000e+03 3.976229999999999706e-05
2.648500000000000000e+03 4.033870000000000055e-05
2.654500000000000000e+03 3.985990000000000101e-05
2.660500000000000000e+03 3.860029999999999701e-05
2.666500000000000000e+03 3.644810000000000091e-05
2.672500000000000000e+03 3.391120000000000153e-05
2.678500000000000000e+03 3.094239999999999702e-05
2.684500000000000000e+03 2.801689999999999937e-05
2.690500000000000000e+03 2.519430000000000034e-05
2.696500000000000000e+03 2.259220000000000030e-05
2.702500000000000000e+03 2.033480000000000053e-05
2.708500000000000000e+03 1.847409999999999986e-05
2.714500000000000000e+03 1.704210000000000070e-05
2.720500000000000000e+03 1.588579999999999959e-05
2.726500000000000000e+03 1.504170000000000034e-05
2.732500000000000000e+03 1.438200000000000054e-05
2.738500000000000000e+03 1.379909999999999973e-05
2.744500000000000000e+03 1.332839999999999931e-05
2.750500000000000000e+03 1.292229999999999993e-05
2.756500000000000000e+03 1.256780000000000019e-05
2.762500000000000000e+03 1.221609999999999981e-05
2.768500000000000000e+03 1.188800000000000036e-05
2.774500000000000000e+03 1.156779999999999960e-05
2.780500000000000000e+03 1.123009999999999943e-05
2.786500000000000000e+03 1.087569999999999990e-05
2.792500000000000000e+03 1.053130000000000029e-05
2.798500000000000000e+03 1.020249999999999930e-05
2.804500000000000000e+03 9.858350000000000235e-06
2.810500000000000000e+03 9.491269999999999677e-06
2.816500000000000000e+03 9.135420000000000365e-06
2.822500000000000000e+03 8.813159999999999489e-06
2.828500000000000000e+03 8.497429999999999719e-06
2.834500000000000000e+03 8.262169999999999874e-06
2.840500000000000000e+03 9.465170000000000045e-06
2.846500000000000000e+03 1.306920000000000016e-05
2.852500000000000000e+03 1.588500000000000122e-05
2.858500000000000000e+03 1.593689999999999983e-05
2.864500000000000000e+03 1.559979999999999928e-05
2.870500000000000000e+03 1.517279999999999981e-05
2.876500000000000000e+03 1.469080000000000002e-05
2.882500000000000000e+03 1.439469999999999959e-05
2.888500000000000000e+03 1.422399999999999968e-05
2.894500000000000000e+03 1.404280000000000046e-05
2.900500000000000000e+03 1.390579999999999991e-05
2.906500000000000000e+03 1.392969999999999980e-05
2.912500000000000000e+03 1.407530000000000058e-05
2.918500000000000000e+03 1.430870000000000075e-05
2.924500000000000000e+03 1.465489999999999923e-05
2.930500000000000000e+03 1.495409999999999968e-05
2.936500000000000000e+03 1.508660000000000053e-05
2.942500000000000000e+03 1.515900000000000004e-05
2.948500000000000000e+03 1.514380000000000060e-05
2.954500000000000000e+03 1.510800000000000002e-05
2.960500000000000000e+03 1.497160000000000079e-05
2.966500000000000000e+03 1.479939999999999929e-05
2.972500000000000000e+03 1.446729999999999953e-05
2.978500000000000000e+03 1.402999999999999950e-05
2.984500000000000000e+03 1.368469999999999961e-05
2.990500000000000000e+03 1.340610000000000028e-05
2.996500000000000000e+03 1.320450000000000038e-05
3.002500000000000000e+03 1.304080000000000057e-05
3.008500000000000000e+03 1.283530000000000059e-05
3.014500000000000000e+03 1.262130000000000061e-05
3.020500000000000000e+03 1.240120000000000080e-05
3.026500000000000000e+03 1.216710000000000079e-05
3.032500000000000000e+03 1.195649999999999979e-05
3.038500000000000000e+03 1.187940000000000014e-05
3.044500000000000000e+03 1.185129999999999951e-05
3.050500000000000000e+03 1.186160000000000007e-05
3.056500000000000000e+03 1.187209999999999938e-05
3.062500000000000000e+03 1.190619999999999961e-05
3.068500000000000000e+03 1.190529999999999933e-05
3.074500000000000000e+03 1.186180000000000051e-05
3.080500000000000000e+03 1.186100000000000045e-05
3.086500000000000000e+03 1.187749999999999936e-05
3.092500000000000000e+03 1.191910000000000079e-05
3.098500000000000000e+03 1.202090000000000039e-05
3.104500000000000000e+03 1.226580000000000037e-05
3.110500000000000000e+03 1.254240000000000040e-05
3.116500000000000000e+03 1.284889999999999992e-05
3.122500000000000000e+03 1.316530000000000082e-05
3.128500000000000000e+03 1.346669999999999932e-05
3.134500000000000000e+03 1.372879999999999974e-05
3.140500000000000000e+03 1.387489999999999992e-05
3.146500000000000000e+03 1.398659999999999921e-05
3.152500000000000000e+03 1.402730000000000036e-05
3.158500000000000000e+03 1.404619999999999945e-05
3.164500000000000000e+03 1.405629999999999957e-05
3.170500000000000000e+03 1.406169999999999956e-05
3.176500000000000000e+03 1.406760000000000063e-05
3.182500000000000000e+03 1.407540000000000080e-05
3.188500000000000000e+03 1.413649999999999925e-05
3.194500000000000000e+03 1.443380000000000062e-05
3.200500000000000000e+03 1.479130000000000016e-05
3.206500000000000000e+03 1.515850000000000064e-05
3.212500000000000000e+03 1.552749999999999999e-05
3.218500000000000000e+03 1.592089999999999863e-05
3.224500000000000000e+03 1.630820000000000083e-05
3.230500000000000000e+03 1.692249999999999934e-05
3.236500000000000000e+03 1.768749999999999964e-05
3.242500000000000000e+03 1.855920000000000012e-05
3.248500000000000000e+03 1.948320000000000008e-05
3.254500000000000000e+03 2.037929999999999985e-05
3.260500000000000000e+03 2.121339999999999920e-05
3.266500000000000000e+03 2.210750000000000136e-05
3.272500000000000000e+03 2.321119999999999894e-05
3.278500000000000000e+03 2.439870000000000070e-05
3.284500000000000000e+03 2.575270000000000163e-05
3.290500000000000000e+03 2.721870000000000081e-05
3.296500000000000000e+03 2.914759999999999855e-05
3.302500000000000000e+03 3.127009999999999729e-05
3.308500000000000000e+03 3.368459999999999933e-05
3.314500000000000000e+03 3.620509999999999663e-05
3.320500000000000000e+03 3.904929999999999897e-05
3.326500000000000000e+03 4.215529999999999939e-05
3.332500000000000000e+03 4.572159999999999945e-05
3.338500000000000000e+03 4.983520000000000018e-05
3.344500000000000000e+03 5.445530000000000021e-05
3.350500000000000000e+03 5.973239999999999751e-05
3.356500000000000000e+03 6.556270000000000164e-05
3.362500000000000000e+03 7.236159999999999511e-05
3.368500000000000000e+03 7.979230000000000513e-05
3.374500000000000000e+03 8.889929999999999772e-05
3.380500000000000000e+03 9.887630000000000063e-05
3.386500000000000000e+03 1.109309999999999989e-04
3.392500000000000000e+03 1.239199999999999926e-04
3.398500000000000000e+03 1.398360000000000076e-04
3.404500000000000000e+03 1.573540000000000117e-04
3.410500000000000000e+03 1.784350000000000085e-04
3.416500000000000000e+03 2.019289999999999974e-04
3.422500000000000000e+03 2.295769999999999875e-04
3.428500000000000000e+03 2.608859999999999955e-04
3.434500000000000000e+03 2.972219999999999810e-04
3.440500000000000000e+03 3.398070000000000214e-04
3.446500000000000000e+03 3.884609999999999929e-04
3.452500000000000000e+03 4.475820000000000254e-04
3.458500000000000000e+03 5.142070000000000321e-04
3.464500000000000000e+03 5.973639999999999679e-04
3.470500000000000000e+03 7.219970000000000467e-04
3.476500000000000000e+03 1.001090000000000053e-03
3.482500000000000000e+03 1.308759999999999958e-03
3.488500000000000000e+03 1.666780000000000084e-03
3.494500000000000000e+03 2.067629999999999989e-03
3.500500000000000000e+03 2.800360000000000002e-03
3.506500000000000000e+03 3.723230000000000116e-03
3.512500000000000000e+03 4.846129999999999709e-03
3.518500000000000000e+03 6.104029999999999873e-03
3.524500000000000000e+03 7.654750000000000096e-03
3.530500000000000000e+03 9.569549999999999584e-03
3.536500000000000000e+03 1.167119999999999963e-02
3.542500000000000000e+03 1.414999999999999938e-02
3.548500000000000000e+03 1.680699999999999902e-02
3.554500000000000000e+03 1.984350000000000003e-02
3.560500000000000000e+03 2.308460000000000026e-02
3.566500000000000000e+03 2.676320000000000088e-02
3.572500000000000000e+03 3.072830000000000006e-02
3.578500000000000000e+03 3.506700000000000095e-02
3.584500000000000000e+03 3.973610000000000336e-02
3.590500000000000000e+03 4.467920000000000225e-02
3.596500000000000000e+03 4.992760000000000253e-02
3.602500000000000000e+03 5.538760000000000211e-02
3.608500000000000000e+03 6.113860000000000128e-02
3.614500000000000000e+03 6.706170000000000186e-02
3.620500000000000000e+03 7.308030000000000082e-02
3.626500000000000000e+03 7.921129999999999838e-02
3.632500000000000000e+03 8.534500000000000419e-02
3.638500000000000000e+03 9.150010000000000088e-02
3.644500000000000000e+03 9.755999999999999395e-02
3.650500000000000000e+03 1.035370000000000040e-01
3.656500000000000000e+03 1.092999999999999944e-01
3.662500000000000000e+03 1.148369999999999946e-01
3.668500000000000000e+03 1.200439999999999979e-01
3.674500000000000000e+03 1.248589999999999978e-01
3.680500000000000000e+03 1.292030000000000123e-01
3.686500000000000000e+03 1.331140000000000101e-01
3.692500000000000000e+03 1.364070000000000005e-01
3.698500000000000000e+03 1.390170000000000017e-01
3.704500000000000000e+03 1.409050000000000025e-01
3.710500000000000000e+03 1.419819999999999971e-01
3.716500000000000000e+03 1.424989999999999868e-01
3.722500000000000000e+03 1.435279999999999889e-01
3.728500000000000000e+03 1.450269999999999893e-01
3.734500000000000000e+03 1.467449999999999866e-01
3.740500000000000000e+03 1.487700000000000133e-01
3.746500000000000000e+03 1.506190000000000029e-01
3.752500000000000000e+03 1.522969999999999879e-01
3.758500000000000000e+03 1.539629999999999888e-01
3.764500000000000000e+03 1.555920000000000081e-01
3.770500000000000000e+03 1.573140000000000094e-01
3.776500000000000000e+03 1.590239999999999987e-01
3.782500000000000000e+03 1.608549999999999980e-01
3.788500000000000000e+03 1.627339999999999898e-01
3.794500000000000000e+03 1.646940000000000071e-01
3.800500000000000000e+03 1.665210000000000024e-01
3.806500000000000000e+03 1.681519999999999959e-01
3.812500000000000000e+03 1.695649999999999935e-01
3.818500000000000000e+03 1.704970000000000097e-01
3.824500000000000000e+03 1.716139999999999888e-01
3.830500000000000000e+03 1.727480000000000127e-01
3.836500000000000000e+03 1.742910000000000015e-01
3.842500000000000000e+03 1.760519999999999863e-01
3.848500000000000000e+03 1.790650000000000019e-01
3.854500000000000000e+03 1.832809999999999995e-01
3.860500000000000000e+03 1.904609999999999914e-01
3.866500000000000000e+03 2.010540000000000105e-01
3.872500000000000000e+03 2.178440000000000099e-01
3.878500000000000000e+03 2.405249999999999888e-01
3.884500000000000000e+03 2.738280000000000158e-01
3.890500000000000000e+03 3.138340000000000019e-01
3.896500000000000000e+03 3.651360000000000161e-01
3.902500000000000000e+03 4.242170000000000107e-01
3.908500000000000000e+03 4.891759999999999997e-01
3.914500000000000000e+03 5.605649999999999800e-01
3.920500000000000000e+03 6.327679999999999971e-01
3.926500000000000000e+03 7.017750000000000377e-01
3.932500000000000000e+03 7.647629999999999706e-01
3.938500000000000000e+03 8.177689999999999682e-01
3.944500000000000000e+03 8.627770000000000161e-01
3.950500000000000000e+03 9.006589999999999874e-01
3.956500000000000000e+03 9.251249999999999751e-01
3.962500000000000000e+03 9.445719999999999672e-01
3.968500000000000000e+03 9.569400000000000128e-01
3.974500000000000000e+03 9.694279999999999564e-01
3.980500000000000000e+03 9.810950000000000504e-01
3.986500000000000000e+03 9.870069999999999677e-01
3.992500000000000000e+03 9.922079999999999789e-01
3.998500000000000000e+03 9.960999999999999854e-01
4.004500000000000000e+03 9.985870000000000024e-01
4.010500000000000000e+03 1.000000000000000000e+00
4.016500000000000000e+03 9.972550000000000026e-01
4.022500000000000000e+03 9.954600000000000115e-01
4.028500000000000000e+03 9.931470000000000020e-01
4.034500000000000000e+03 9.896230000000000304e-01
4.040500000000000000e+03 9.880269999999999886e-01
4.046500000000000000e+03 9.838259999999999783e-01
4.052500000000000000e+03 9.780510000000000037e-01
4.058500000000000000e+03 9.704570000000000141e-01
4.064500000000000000e+03 9.569370000000000376e-01
4.070500000000000000e+03 9.374339999999999895e-01
4.076500000000000000e+03 9.083069999999999755e-01
4.082500000000000000e+03 8.698240000000000416e-01
4.088500000000000000e+03 8.210760000000000280e-01
4.094500000000000000e+03 7.582339999999999636e-01
4.100500000000000000e+03 6.905970000000000164e-01
4.106500000000000000e+03 6.156350000000000433e-01
4.112500000000000000e+03 5.399749999999999828e-01
4.118500000000000000e+03 4.682109999999999883e-01
4.124500000000000000e+03 4.013999999999999790e-01
4.130500000000000000e+03 3.456250000000000155e-01
4.136500000000000000e+03 2.990970000000000018e-01
4.142500000000000000e+03 2.609630000000000005e-01
4.148500000000000000e+03 2.322680000000000022e-01
4.154500000000000000e+03 2.113269999999999871e-01
4.160500000000000000e+03 1.950679999999999914e-01
4.166500000000000000e+03 1.831430000000000002e-01
4.172500000000000000e+03 1.733399999999999941e-01
4.178500000000000000e+03 1.661950000000000094e-01
4.184500000000000000e+03 1.606229999999999880e-01
4.190500000000000000e+03 1.568400000000000072e-01
4.196500000000000000e+03 1.535749999999999893e-01
4.202500000000000000e+03 1.506170000000000009e-01
4.208500000000000000e+03 1.478919999999999957e-01
4.214500000000000000e+03 1.457680000000000087e-01
4.220500000000000000e+03 1.436709999999999932e-01
4.226500000000000000e+03 1.419289999999999996e-01
4.232500000000000000e+03 1.404690000000000105e-01
4.238500000000000000e+03 1.391689999999999872e-01
4.244500000000000000e+03 1.377909999999999968e-01
4.250500000000000000e+03 1.363119999999999887e-01
4.256500000000000000e+03 1.347949999999999982e-01
4.262500000000000000e+03 1.332750000000000046e-01
4.268500000000000000e+03 1.317010000000000125e-01
4.274500000000000000e+03 1.300699999999999912e-01
4.280500000000000000e+03 1.283860000000000001e-01
4.286500000000000000e+03 1.267099999999999893e-01
4.292500000000000000e+03 1.248849999999999960e-01
4.298500000000000000e+03 1.230249999999999955e-01
4.304500000000000000e+03 1.213390000000000024e-01
4.310500000000000000e+03 1.199370000000000019e-01
4.316500000000000000e+03 1.186180000000000012e-01
4.322500000000000000e+03 1.174650000000000000e-01
4.328500000000000000e+03 1.162279999999999980e-01
4.334500000000000000e+03 1.147439999999999988e-01
4.340500000000000000e+03 1.131739999999999968e-01
4.346500000000000000e+03 1.112289999999999945e-01
4.352500000000000000e+03 1.091879999999999934e-01
4.358500000000000000e+03 1.066740000000000049e-01
4.364500000000000000e+03 1.039790000000000020e-01
4.370500000000000000e+03 1.006699999999999956e-01
4.376500000000000000e+03 9.698120000000000351e-02
4.382500000000000000e+03 9.285999999999999810e-02
4.388500000000000000e+03 8.820519999999999750e-02
4.394500000000000000e+03 8.328699999999999992e-02
4.400500000000000000e+03 7.783320000000000516e-02
4.406500000000000000e+03 7.216290000000000204e-02
4.412500000000000000e+03 6.628420000000000145e-02
4.418500000000000000e+03 6.018380000000000257e-02
4.424500000000000000e+03 5.416289999999999993e-02
4.430500000000000000e+03 4.804959999999999787e-02
4.436500000000000000e+03 4.225679999999999714e-02
4.442500000000000000e+03 3.663419999999999871e-02
4.448500000000000000e+03 3.147640000000000160e-02
4.454500000000000000e+03 2.668850000000000042e-02
4.460500000000000000e+03 2.237089999999999912e-02
4.466500000000000000e+03 1.864280000000000104e-02
4.472500000000000000e+03 1.533589999999999953e-02
4.478500000000000000e+03 1.262180000000000073e-02
4.484500000000000000e+03 1.031460000000000016e-02
4.490500000000000000e+03 8.444439999999999238e-03
4.496500000000000000e+03 6.913510000000000315e-03
4.502500000000000000e+03 5.689819999999999947e-03
4.508500000000000000e+03 4.707140000000000282e-03
4.514500000000000000e+03 3.900869999999999858e-03
4.520500000000000000e+03 3.223699999999999916e-03
4.526500000000000000e+03 2.690919999999999857e-03
4.532500000000000000e+03 2.254690000000000166e-03
4.538500000000000000e+03 1.919160000000000050e-03
4.544500000000000000e+03 1.639489999999999958e-03
4.550500000000000000e+03 1.411900000000000004e-03
4.556500000000000000e+03 1.223190000000000085e-03
4.562500000000000000e+03 1.076169999999999991e-03
4.568500000000000000e+03 9.395729999999999707e-04
4.574500000000000000e+03 8.189160000000000449e-04
4.580500000000000000e+03 7.178899999999999995e-04
4.586500000000000000e+03 6.318810000000000442e-04
4.592500000000000000e+03 5.453230000000000100e-04
4.598500000000000000e+03 4.270820000000000150e-04
4.604500000000000000e+03 2.784169999999999874e-04
4.610500000000000000e+03 1.757720000000000105e-04
4.616500000000000000e+03 1.611729999999999966e-04
4.622500000000000000e+03 1.533410000000000079e-04
4.628500000000000000e+03 1.459839999999999901e-04
4.634500000000000000e+03 1.394190000000000013e-04
4.640500000000000000e+03 1.328029999999999955e-04
4.646500000000000000e+03 1.257789999999999896e-04
4.652500000000000000e+03 1.192119999999999964e-04
4.658500000000000000e+03 1.131539999999999944e-04
4.664500000000000000e+03 9.839880000000000393e-05
4.670500000000000000e+03 6.581529999999999987e-05
4.676500000000000000e+03 3.586339999999999954e-05
4.682500000000000000e+03 2.715179999999999981e-05
4.688500000000000000e+03 2.621610000000000129e-05
4.694500000000000000e+03 2.547469999999999853e-05
4.700500000000000000e+03 2.490809999999999959e-05
4.706500000000000000e+03 2.436490000000000113e-05
4.712500000000000000e+03 2.398199999999999841e-05
4.718500000000000000e+03 2.365380000000000043e-05
4.724500000000000000e+03 2.332970000000000128e-05
4.730500000000000000e+03 2.309950000000000135e-05
4.736500000000000000e+03 2.287629999999999983e-05
4.742500000000000000e+03 2.263639999999999896e-05
4.748500000000000000e+03 2.246379999999999997e-05
4.754500000000000000e+03 2.237349999999999848e-05
4.760500000000000000e+03 2.233179999999999852e-05
4.766500000000000000e+03 2.237189999999999836e-05
4.772500000000000000e+03 2.248679999999999958e-05
4.778500000000000000e+03 2.258340000000000133e-05
4.784500000000000000e+03 2.266040000000000076e-05
4.790500000000000000e+03 2.278909999999999836e-05
4.796500000000000000e+03 2.285899999999999917e-05
4.802500000000000000e+03 2.291899999999999859e-05
4.808500000000000000e+03 2.298569999999999916e-05
4.814500000000000000e+03 2.299009999999999864e-05
4.820500000000000000e+03 2.294660000000000151e-05
4.826500000000000000e+03 2.289619999999999942e-05
4.832500000000000000e+03 2.283399999999999856e-05
4.838500000000000000e+03 2.276670000000000007e-05
4.844500000000000000e+03 2.260290000000000004e-05
4.850500000000000000e+03 2.239650000000000148e-05
4.856500000000000000e+03 2.179909999999999937e-05
4.862500000000000000e+03 2.086970000000000112e-05
4.868500000000000000e+03 2.031820000000000140e-05
4.874500000000000000e+03 1.975499999999999975e-05
4.880500000000000000e+03 1.895650000000000053e-05
4.886500000000000000e+03 1.865589999999999870e-05
4.892500000000000000e+03 1.843079999999999979e-05
4.898500000000000000e+03 1.833520000000000023e-05
4.904500000000000000e+03 1.866519999999999876e-05
4.910500000000000000e+03 1.960009999999999891e-05
4.916500000000000000e+03 2.079550000000000105e-05
4.922500000000000000e+03 2.162380000000000123e-05
4.928500000000000000e+03 2.247630000000000027e-05
4.934500000000000000e+03 2.354400000000000023e-05
4.940500000000000000e+03 2.423609999999999992e-05
4.946500000000000000e+03 2.492669999999999971e-05
4.952500000000000000e+03 2.555600000000000062e-05
4.958500000000000000e+03 2.578729999999999957e-05
4.964500000000000000e+03 2.597210000000000160e-05
4.970500000000000000e+03 2.615639999999999914e-05
4.976500000000000000e+03 2.633589999999999971e-05
4.982500000000000000e+03 2.658719999999999847e-05
4.988500000000000000e+03 2.696680000000000073e-05
4.994500000000000000e+03 2.734479999999999948e-05
5.000500000000000000e+03 2.767229999999999931e-05
5.006500000000000000e+03 2.806029999999999966e-05
5.012500000000000000e+03 2.842449999999999865e-05
5.018500000000000000e+03 2.874149999999999917e-05
5.024500000000000000e+03 2.917269999999999938e-05
5.030500000000000000e+03 2.957409999999999862e-05
5.036500000000000000e+03 2.987859999999999884e-05
5.042500000000000000e+03 3.021610000000000027e-05
5.048500000000000000e+03 3.050040000000000024e-05
5.054500000000000000e+03 3.072709999999999927e-05
5.060500000000000000e+03 3.102039999999999865e-05
5.066500000000000000e+03 3.133990000000000126e-05
5.072500000000000000e+03 3.157220000000000241e-05
5.078500000000000000e+03 3.172839999999999932e-05
5.084500000000000000e+03 3.189179999999999847e-05
5.090500000000000000e+03 3.197749999999999665e-05
5.096500000000000000e+03 3.201940000000000043e-05
5.102500000000000000e+03 3.220139999999999971e-05
5.108500000000000000e+03 3.237719999999999894e-05
5.114500000000000000e+03 3.249890000000000152e-05
5.120500000000000000e+03 3.271929999999999690e-05
5.126500000000000000e+03 3.297770000000000107e-05
5.132500000000000000e+03 3.326860000000000196e-05
5.138500000000000000e+03 3.362499999999999739e-05
5.144500000000000000e+03 3.402260000000000185e-05
5.150500000000000000e+03 3.439249999999999979e-05
5.156500000000000000e+03 3.469429999999999747e-05
5.162500000000000000e+03 3.500999999999999853e-05
5.168500000000000000e+03 3.531929999999999911e-05
5.174500000000000000e+03 3.557960000000000067e-05
5.180500000000000000e+03 3.585289999999999685e-05
5.186500000000000000e+03 3.608199999999999776e-05
5.192500000000000000e+03 3.609129999999999782e-05
5.198500000000000000e+03 3.613670000000000250e-05
5.204500000000000000e+03 3.625660000000000113e-05
5.210500000000000000e+03 3.623900000000000320e-05
5.216500000000000000e+03 3.636740000000000014e-05
5.222500000000000000e+03 3.660689999999999674e-05
5.228500000000000000e+03 3.662170000000000209e-05
5.234500000000000000e+03 3.661329999999999723e-05
5.240500000000000000e+03 3.316509999999999863e-05
5.246500000000000000e+03 2.739289999999999992e-05
5.252500000000000000e+03 2.444850000000000148e-05
5.258500000000000000e+03 2.153270000000000138e-05
5.264500000000000000e+03 1.585299999999999882e-05
5.270500000000000000e+03 1.236490000000000083e-05
5.276500000000000000e+03 1.121489999999999998e-05
5.282500000000000000e+03 5.858339999999999716e-06
5.288500000000000000e+03 7.742059999999999910e-07
