1.693500000000000000e+03 0.000000000000000000e+00
1.697500000000000000e+03 3.308609999999999820e-06
1.701500000000000000e+03 1.026819999999999937e-05
1.705500000000000000e+03 1.581939999999999968e-05
1.709500000000000000e+03 1.652359999999999880e-05
1.713500000000000000e+03 1.688869999999999976e-05
1.717500000000000000e+03 1.749500000000000106e-05
1.721500000000000000e+03 1.817099999999999933e-05
1.725500000000000000e+03 1.885969999999999834e-05
1.729500000000000000e+03 1.955999999999999907e-05
1.733500000000000000e+03 2.024360000000000046e-05
1.737500000000000000e+03 2.088030000000000064e-05
1.741500000000000000e+03 2.147850000000000112e-05
1.745500000000000000e+03 2.170210000000000013e-05
1.749500000000000000e+03 2.183680000000000072e-05
1.753500000000000000e+03 2.172209999999999994e-05
1.757500000000000000e+03 2.142479999999999857e-05
1.761500000000000000e+03 2.108389999999999985e-05
1.765500000000000000e+03 2.063950000000000119e-05
1.769500000000000000e+03 2.019930000000000157e-05
1.773500000000000000e+03 1.982129999999999943e-05
1.777500000000000000e+03 1.945550000000000033e-05
1.781500000000000000e+03 1.943619999999999867e-05
1.785500000000000000e+03 1.962430000000000115e-05
1.789500000000000000e+03 1.998380000000000000e-05
1.793500000000000000e+03 2.068639999999999899e-05
1.797500000000000000e+03 2.141109999999999902e-05
1.801500000000000000e+03 2.222069999999999886e-05
1.805500000000000000e+03 2.303750000000000093e-05
1.809500000000000000e+03 2.350449999999999832e-05
1.813500000000000000e+03 2.379170000000000126e-05
1.817500000000000000e+03 2.376939999999999980e-05
1.821500000000000000e+03 2.321200000000000070e-05
1.825500000000000000e+03 2.251990000000000101e-05
1.829500000000000000e+03 2.115830000000000035e-05
1.833500000000000000e+03 1.969729999999999859e-05
1.837500000000000000e+03 1.802089999999999885e-05
1.841500000000000000e+03 1.625019999999999901e-05
1.845500000000000000e+03 1.456709999999999983e-05
1.849500000000000000e+03 1.300849999999999920e-05
1.853500000000000000e+03 1.155779999999999969e-05
1.857500000000000000e+03 1.057450000000000015e-05
1.861500000000000000e+03 9.667960000000000182e-06
1.865500000000000000e+03 9.348330000000000330e-06
1.869500000000000000e+03 9.549910000000000525e-06
1.873500000000000000e+03 1.020889999999999978e-05
1.877500000000000000e+03 1.134500000000000065e-05
1.881500000000000000e+03 1.267329999999999943e-05
1.885500000000000000e+03 1.432940000000000040e-05
1.889500000000000000e+03 1.601610000000000070e-05
1.893500000000000000e+03 1.758999999999999930e-05
1.897500000000000000e+03 1.911140000000000137e-05
1.901500000000000000e+03 2.046059999999999855e-05
1.905500000000000000e+03 2.171699999999999892e-05
1.909500000000000000e+03 2.283320000000000019e-05
1.913500000000000000e+03 2.347030000000000126e-05
1.917500000000000000e+03 2.406749999999999954e-05
1.921500000000000000e+03 2.416149999999999898e-05
1.925500000000000000e+03 2.415770000000000081e-05
1.929500000000000000e+03 2.415010000000000109e-05
1.933500000000000000e+03 2.412680000000000082e-05
1.937500000000000000e+03 2.435459999999999887e-05
1.941500000000000000e+03 2.507799999999999943e-05
1.945500000000000000e+03 2.604689999999999959e-05
1.949500000000000000e+03 2.731199999999999871e-05
1.953500000000000000e+03 2.865929999999999850e-05
1.957500000000000000e+03 3.026770000000000160e-05
1.961500000000000000e+03 3.167430000000000267e-05
1.965500000000000000e+03 3.258699999999999818e-05
1.969500000000000000e+03 3.322939999999999732e-05
1.973500000000000000e+03 3.380670000000000279e-05
1.977500000000000000e+03 3.446500000000000290e-05
1.981500000000000000e+03 3.515239999999999907e-05
1.985500000000000000e+03 3.587640000000000094e-05
1.989500000000000000e+03 3.661349999999999766e-05
1.993500000000000000e+03 3.732970000000000277e-05
1.997500000000000000e+03 3.800459999999999863e-05
2.001500000000000000e+03 3.867380000000000232e-05
2.005500000000000000e+03 3.936580000000000179e-05
2.009500000000000000e+03 4.014309999999999856e-05
2.013500000000000000e+03 4.095700000000000106e-05
2.017500000000000000e+03 4.181050000000000229e-05
2.021500000000000000e+03 4.267049999999999744e-05
2.025500000000000000e+03 4.354120000000000250e-05
2.029500000000000000e+03 4.439279999999999957e-05
2.033500000000000000e+03 4.520990000000000230e-05
2.037500000000000000e+03 4.602629999999999672e-05
2.041500000000000000e+03 4.689289999999999957e-05
2.045500000000000000e+03 4.789359999999999830e-05
2.049500000000000000e+03 4.899139999999999989e-05
2.053500000000000000e+03 5.020489999999999767e-05
2.057500000000000000e+03 5.159239999999999752e-05
2.061500000000000000e+03 5.306840000000000168e-05
2.065500000000000000e+03 5.462789999999999920e-05
2.069500000000000000e+03 5.614419999999999686e-05
2.073500000000000000e+03 5.782490000000000264e-05
2.077500000000000000e+03 6.086610000000000327e-05
2.081500000000000000e+03 6.444559999999999839e-05
2.085500000000000000e+03 6.700780000000000581e-05
2.089500000000000000e+03 6.910450000000000219e-05
2.093500000000000000e+03 7.233420000000000279e-05
2.097500000000000000e+03 7.601080000000000076e-05
2.101500000000000000e+03 7.971250000000000633e-05
2.105500000000000000e+03 8.039540000000000618e-05
2.109500000000000000e+03 7.992070000000000207e-05
2.113500000000000000e+03 7.799020000000000420e-05
2.117500000000000000e+03 7.578759999999999924e-05
2.121500000000000000e+03 7.351409999999999466e-05
2.125500000000000000e+03 7.103529999999999393e-05
2.129500000000000000e+03 6.803070000000000579e-05
2.133500000000000000e+03 6.493399999999999866e-05
2.137500000000000000e+03 6.123719999999999706e-05
2.141500000000000000e+03 5.601900000000000016e-05
2.145500000000000000e+03 5.019710000000000090e-05
2.149500000000000000e+03 4.474540000000000022e-05
2.153500000000000000e+03 4.223090000000000253e-05
2.157500000000000000e+03 4.084660000000000293e-05
2.161500000000000000e+03 4.056249999999999662e-05
2.165500000000000000e+03 4.022740000000000045e-05
2.169500000000000000e+03 3.979399999999999881e-05
2.173500000000000000e+03 3.920200000000000176e-05
2.177500000000000000e+03 3.870979999999999994e-05
2.181500000000000000e+03 3.839570000000000239e-05
2.185500000000000000e+03 3.809159999999999966e-05
2.189500000000000000e+03 3.775469999999999954e-05
2.193500000000000000e+03 3.742820000000000191e-05
2.197500000000000000e+03 3.717269999999999732e-05
2.201500000000000000e+03 3.707270000000000167e-05
2.205500000000000000e+03 3.700510000000000252e-05
2.209500000000000000e+03 3.700259999999999704e-05
2.213500000000000000e+03 3.709959999999999967e-05
2.217500000000000000e+03 3.721569999999999674e-05
2.221500000000000000e+03 3.729399999999999903e-05
2.225500000000000000e+03 3.736310000000000146e-05
2.229500000000000000e+03 3.746150000000000039e-05
2.233500000000000000e+03 3.764909999999999839e-05
2.237500000000000000e+03 3.792520000000000071e-05
2.241500000000000000e+03 3.827929999999999788e-05
2.245500000000000000e+03 3.888869999999999919e-05
2.249500000000000000e+03 3.963569999999999729e-05
2.253500000000000000e+03 4.043619999999999750e-05
2.257500000000000000e+03 4.128420000000000023e-05
2.261500000000000000e+03 4.214390000000000150e-05
2.265500000000000000e+03 4.297759999999999997e-05
2.269500000000000000e+03 4.413050000000000040e-05
2.273500000000000000e+03 4.546260000000000074e-05
2.277500000000000000e+03 4.698030000000000148e-05
2.281500000000000000e+03 4.874570000000000324e-05
2.285500000000000000e+03 5.060900000000000283e-05
2.289500000000000000e+03 5.259850000000000132e-05
2.293500000000000000e+03 5.500370000000000329e-05
2.297500000000000000e+03 5.758139999999999727e-05
2.301500000000000000e+03 6.043079999999999746e-05
2.305500000000000000e+03 6.417859999999999570e-05
2.309500000000000000e+03 6.827329999999999564e-05
2.313500000000000000e+03 7.292939999999999330e-05
2.317500000000000000e+03 7.883259999999999465e-05
2.321500000000000000e+03 8.518039999999999510e-05
2.325500000000000000e+03 9.237639999999999870e-05
2.329500000000000000e+03 1.017459999999999979e-04
2.333500000000000000e+03 1.119179999999999947e-04
2.337500000000000000e+03 1.235510000000000102e-04
2.341500000000000000e+03 1.386100000000000027e-04
2.345500000000000000e+03 1.546899999999999979e-04
2.349500000000000000e+03 1.735060000000000020e-04
2.353500000000000000e+03 1.987760000000000091e-04
2.357500000000000000e+03 2.257709999999999904e-04
2.361500000000000000e+03 2.592900000000000196e-04
2.365500000000000000e+03 3.086820000000000102e-04
2.369500000000000000e+03 3.623049999999999947e-04
2.373500000000000000e+03 4.501740000000000168e-04
2.377500000000000000e+03 6.116539999999999954e-04
2.381500000000000000e+03 7.571509999999999612e-04
2.385500000000000000e+03 9.232440000000000395e-04
2.389500000000000000e+03 1.160419999999999898e-03
2.393500000000000000e+03 1.417960000000000010e-03
2.397500000000000000e+03 1.750339999999999969e-03
2.401500000000000000e+03 2.205949999999999925e-03
2.405500000000000000e+03 2.696950000000000042e-03
2.409500000000000000e+03 3.320800000000000054e-03
2.413500000000000000e+03 4.124430000000000110e-03
2.417500000000000000e+03 4.981649999999999794e-03
2.421500000000000000e+03 6.027949999999999801e-03
2.425500000000000000e+03 7.279439999999999869e-03
2.429500000000000000e+03 8.603519999999999918e-03
2.433500000000000000e+03 1.013419999999999946e-02
2.437500000000000000e+03 1.184130000000000078e-02
2.441500000000000000e+03 1.361350000000000060e-02
2.445500000000000000e+03 1.550550000000000019e-02
2.449500000000000000e+03 1.745069999999999955e-02
2.453500000000000000e+03 1.941850000000000173e-02
2.457500000000000000e+03 2.135060000000000083e-02
2.461500000000000000e+03 2.320739999999999956e-02
2.465500000000000000e+03 2.503309999999999910e-02
2.469500000000000000e+03 2.667270000000000058e-02
2.473500000000000000e+03 2.815660000000000038e-02
2.477500000000000000e+03 2.956369999999999831e-02
2.481500000000000000e+03 3.069409999999999847e-02
2.485500000000000000e+03 3.166039999999999827e-02
2.489500000000000000e+03 3.253410000000000329e-02
2.493500000000000000e+03 3.321169999999999678e-02
2.497500000000000000e+03 3.392250000000000126e-02
2.501500000000000000e+03 3.462060000000000137e-02
2.505500000000000000e+03 3.524229999999999724e-02
2.509500000000000000e+03 3.585010000000000280e-02
2.513500000000000000e+03 3.650529999999999747e-02
2.517500000000000000e+03 3.731700000000000295e-02
2.521500000000000000e+03 3.816750000000000004e-02
2.525500000000000000e+03 3.917079999999999868e-02
2.529500000000000000e+03 4.022640000000000243e-02
2.533500000000000000e+03 4.135969999999999924e-02
2.537500000000000000e+03 4.253200000000000036e-02
2.541500000000000000e+03 4.371440000000000048e-02
2.545500000000000000e+03 4.490399999999999947e-02
2.549500000000000000e+03 4.610179999999999834e-02
2.553500000000000000e+03 4.727169999999999983e-02
2.557500000000000000e+03 4.861420000000000324e-02
2.561500000000000000e+03 5.005740000000000189e-02
2.565500000000000000e+03 5.157309999999999672e-02
2.569500000000000000e+03 5.317360000000000142e-02
2.573500000000000000e+03 5.486440000000000067e-02
2.577500000000000000e+03 5.680480000000000251e-02
2.581500000000000000e+03 5.901739999999999764e-02
2.585500000000000000e+03 6.146240000000000037e-02
2.589500000000000000e+03 6.423860000000000681e-02
2.593500000000000000e+03 6.712540000000000173e-02
2.597500000000000000e+03 7.038179999999999437e-02
2.601500000000000000e+03 7.374590000000000312e-02
2.605500000000000000e+03 7.739719999999999933e-02
2.609500000000000000e+03 8.120339999999999503e-02
2.613500000000000000e+03 8.514180000000000359e-02
2.617500000000000000e+03 8.928659999999999375e-02
2.621500000000000000e+03 9.346939999999999416e-02
2.625500000000000000e+03 9.776630000000000043e-02
2.629500000000000000e+03 1.020680000000000059e-01
2.633500000000000000e+03 1.063400000000000040e-01
2.637500000000000000e+03 1.106030000000000069e-01
2.641500000000000000e+03 1.147559999999999969e-01
2.645500000000000000e+03 1.187200000000000061e-01
2.649500000000000000e+03 1.226219999999999949e-01
2.653500000000000000e+03 1.261879999999999946e-01
2.657500000000000000e+03 1.297000000000000097e-01
2.661500000000000000e+03 1.328920000000000101e-01
2.665500000000000000e+03 1.359299999999999953e-01
2.669500000000000000e+03 1.387639999999999985e-01
2.673500000000000000e+03 1.412970000000000059e-01
2.677500000000000000e+03 1.437060000000000004e-01
2.681500000000000000e+03 1.458029999999999882e-01
2.685500000000000000e+03 1.477289999999999992e-01
2.689500000000000000e+03 1.495180000000000120e-01
2.693500000000000000e+03 1.510489999999999888e-01
2.697500000000000000e+03 1.525380000000000069e-01
2.701500000000000000e+03 1.535950000000000093e-01
2.705500000000000000e+03 1.544830000000000092e-01
2.709500000000000000e+03 1.550519999999999954e-01
2.713500000000000000e+03 1.552820000000000034e-01
2.717500000000000000e+03 1.556669999999999998e-01
2.721500000000000000e+03 1.563869999999999982e-01
2.725500000000000000e+03 1.571420000000000039e-01
2.729500000000000000e+03 1.580509999999999970e-01
2.733500000000000000e+03 1.589170000000000027e-01
2.737500000000000000e+03 1.596539999999999904e-01
2.741500000000000000e+03 1.601480000000000126e-01
2.745500000000000000e+03 1.605640000000000123e-01
2.749500000000000000e+03 1.608700000000000130e-01
2.753500000000000000e+03 1.611329999999999985e-01
2.757500000000000000e+03 1.613600000000000034e-01
2.761500000000000000e+03 1.616350000000000009e-01
2.765500000000000000e+03 1.621620000000000006e-01
2.769500000000000000e+03 1.629029999999999923e-01
2.773500000000000000e+03 1.636360000000000037e-01
2.777500000000000000e+03 1.644239999999999868e-01
2.781500000000000000e+03 1.654789999999999872e-01
2.785500000000000000e+03 1.667220000000000091e-01
2.789500000000000000e+03 1.684910000000000019e-01
2.793500000000000000e+03 1.707420000000000049e-01
2.797500000000000000e+03 1.739920000000000078e-01
2.801500000000000000e+03 1.786480000000000012e-01
2.805500000000000000e+03 1.858559999999999934e-01
2.809500000000000000e+03 1.971719999999999862e-01
2.813500000000000000e+03 2.149109999999999909e-01
2.817500000000000000e+03 2.425549999999999928e-01
2.821500000000000000e+03 2.812959999999999905e-01
2.825500000000000000e+03 3.352080000000000060e-01
2.829500000000000000e+03 4.023260000000000169e-01
2.833500000000000000e+03 4.808509999999999729e-01
2.837500000000000000e+03 5.660380000000000411e-01
2.841500000000000000e+03 6.505959999999999521e-01
2.845500000000000000e+03 7.281300000000000550e-01
2.849500000000000000e+03 7.941139999999999866e-01
2.853500000000000000e+03 8.490830000000000322e-01
2.857500000000000000e+03 8.885769999999999502e-01
2.861500000000000000e+03 9.195900000000000185e-01
2.865500000000000000e+03 9.406409999999999494e-01
2.869500000000000000e+03 9.529900000000000038e-01
2.873500000000000000e+03 9.589280000000000026e-01
2.877500000000000000e+03 9.603209999999999802e-01
2.881500000000000000e+03 9.626580000000000137e-01
2.885500000000000000e+03 9.641570000000000418e-01
2.889500000000000000e+03 9.665470000000000450e-01
2.893500000000000000e+03 9.699489999999999501e-01
2.897500000000000000e+03 9.738970000000000127e-01
2.901500000000000000e+03 9.804370000000000029e-01
2.905500000000000000e+03 9.874859999999999749e-01
2.909500000000000000e+03 9.928040000000000198e-01
2.913500000000000000e+03 9.966599999999999904e-01
2.917500000000000000e+03 9.992180000000000506e-01
2.921500000000000000e+03 1.000000000000000000e+00
2.925500000000000000e+03 9.994349999999999623e-01
2.929500000000000000e+03 9.979170000000000540e-01
2.933500000000000000e+03 9.959890000000000132e-01
2.937500000000000000e+03 9.939789999999999459e-01
2.941500000000000000e+03 9.900970000000000049e-01
2.945500000000000000e+03 9.823150000000000492e-01
2.949500000000000000e+03 9.684450000000000003e-01
2.953500000000000000e+03 9.440730000000000510e-01
2.957500000000000000e+03 9.108030000000000292e-01
2.961500000000000000e+03 8.651269999999999794e-01
2.965500000000000000e+03 8.076860000000000150e-01
2.969500000000000000e+03 7.415399999999999769e-01
2.973500000000000000e+03 6.653120000000000145e-01
2.977500000000000000e+03 5.882270000000000554e-01
2.981500000000000000e+03 5.109489999999999865e-01
2.985500000000000000e+03 4.404970000000000274e-01
2.989500000000000000e+03 3.762280000000000069e-01
2.993500000000000000e+03 3.241290000000000004e-01
2.997500000000000000e+03 2.812239999999999740e-01
3.001500000000000000e+03 2.492870000000000086e-01
3.005500000000000000e+03 2.263060000000000072e-01
3.009500000000000000e+03 2.094449999999999923e-01
3.013500000000000000e+03 1.975679999999999936e-01
3.017500000000000000e+03 1.889490000000000058e-01
3.021500000000000000e+03 1.833359999999999990e-01
3.025500000000000000e+03 1.795219999999999871e-01
3.029500000000000000e+03 1.769040000000000057e-01
3.033500000000000000e+03 1.751010000000000066e-01
3.037500000000000000e+03 1.731499999999999984e-01
3.041500000000000000e+03 1.711729999999999918e-01
3.045500000000000000e+03 1.695909999999999918e-01
3.049500000000000000e+03 1.685750000000000026e-01
3.053500000000000000e+03 1.678000000000000047e-01
3.057500000000000000e+03 1.671269999999999978e-01
3.061500000000000000e+03 1.664839999999999931e-01
3.065500000000000000e+03 1.658030000000000059e-01
3.069500000000000000e+03 1.649879999999999958e-01
3.073500000000000000e+03 1.641990000000000116e-01
3.077500000000000000e+03 1.634579999999999922e-01
3.081500000000000000e+03 1.627709999999999990e-01
3.085500000000000000e+03 1.621769999999999878e-01
3.089500000000000000e+03 1.617329999999999879e-01
3.093500000000000000e+03 1.613390000000000102e-01
3.097500000000000000e+03 1.608749999999999902e-01
3.101500000000000000e+03 1.603459999999999885e-01
3.105500000000000000e+03 1.595209999999999961e-01
3.109500000000000000e+03 1.584289999999999865e-01
3.113500000000000000e+03 1.570320000000000049e-01
3.117500000000000000e+03 1.553789999999999893e-01
3.121500000000000000e+03 1.533609999999999973e-01
3.125500000000000000e+03 1.511139999999999983e-01
3.129500000000000000e+03 1.486319999999999864e-01
3.133500000000000000e+03 1.459040000000000059e-01
3.137500000000000000e+03 1.431209999999999982e-01
3.141500000000000000e+03 1.401300000000000046e-01
3.145500000000000000e+03 1.372019999999999906e-01
3.149500000000000000e+03 1.342859999999999887e-01
3.153500000000000000e+03 1.313320000000000043e-01
3.157500000000000000e+03 1.284019999999999884e-01
3.161500000000000000e+03 1.253279999999999950e-01
3.165500000000000000e+03 1.219520000000000048e-01
3.169500000000000000e+03 1.186090000000000061e-01
3.173500000000000000e+03 1.148450000000000026e-01
3.177500000000000000e+03 1.109880000000000033e-01
3.181500000000000000e+03 1.067860000000000059e-01
3.185500000000000000e+03 1.023889999999999939e-01
3.189500000000000000e+03 9.780279999999999530e-02
3.193500000000000000e+03 9.301769999999999483e-02
3.197500000000000000e+03 8.819979999999999487e-02
3.201500000000000000e+03 8.329830000000000567e-02
3.205500000000000000e+03 7.831319999999999948e-02
3.209500000000000000e+03 7.361090000000000688e-02
3.213500000000000000e+03 6.886720000000000341e-02
3.217500000000000000e+03 6.436930000000000429e-02
3.221500000000000000e+03 6.017709999999999726e-02
3.225500000000000000e+03 5.614829999999999821e-02
3.229500000000000000e+03 5.251820000000000099e-02
3.233500000000000000e+03 4.913069999999999937e-02
3.237500000000000000e+03 4.607359999999999928e-02
3.241500000000000000e+03 4.335080000000000183e-02
3.245500000000000000e+03 4.086329999999999824e-02
3.249500000000000000e+03 3.870980000000000254e-02
3.253500000000000000e+03 3.679720000000000213e-02
3.257500000000000000e+03 3.505559999999999926e-02
3.261500000000000000e+03 3.360860000000000236e-02
3.265500000000000000e+03 3.227349999999999663e-02
3.269500000000000000e+03 3.112840000000000051e-02
3.273500000000000000e+03 3.007160000000000041e-02
3.277500000000000000e+03 2.908289999999999834e-02
3.281500000000000000e+03 2.819409999999999972e-02
3.285500000000000000e+03 2.722770000000000051e-02
3.289500000000000000e+03 2.631879999999999983e-02
3.293500000000000000e+03 2.541070000000000134e-02
3.297500000000000000e+03 2.437769999999999868e-02
3.301500000000000000e+03 2.333440000000000167e-02
3.305500000000000000e+03 2.225219999999999976e-02
3.309500000000000000e+03 2.100020000000000012e-02
3.313500000000000000e+03 1.974439999999999876e-02
3.317500000000000000e+03 1.857810000000000017e-02
3.321500000000000000e+03 1.735070000000000015e-02
3.325500000000000000e+03 1.611889999999999851e-02
3.329500000000000000e+03 1.488979999999999991e-02
3.333500000000000000e+03 1.366179999999999999e-02
3.337500000000000000e+03 1.243469999999999992e-02
3.341500000000000000e+03 1.123129999999999962e-02
3.345500000000000000e+03 1.011850000000000076e-02
3.349500000000000000e+03 9.019640000000000643e-03
3.353500000000000000e+03 7.966579999999999148e-03
3.357500000000000000e+03 7.044309999999999808e-03
3.361500000000000000e+03 6.138420000000000334e-03
3.365500000000000000e+03 5.312930000000000430e-03
3.369500000000000000e+03 4.642809999999999819e-03
3.373500000000000000e+03 3.979439999999999887e-03
3.377500000000000000e+03 3.376189999999999834e-03
3.381500000000000000e+03 2.911410000000000126e-03
3.385500000000000000e+03 2.455440000000000140e-03
3.389500000000000000e+03 2.055470000000000214e-03
3.393500000000000000e+03 1.762129999999999990e-03
3.397500000000000000e+03 1.468880000000000099e-03
3.401500000000000000e+03 1.211370000000000025e-03
3.405500000000000000e+03 1.030120000000000037e-03
3.409500000000000000e+03 8.456610000000000472e-04
3.413500000000000000e+03 6.879839999999999914e-04
3.417500000000000000e+03 5.730410000000000451e-04
3.421500000000000000e+03 4.706600000000000237e-04
3.425500000000000000e+03 3.909189999999999887e-04
3.429500000000000000e+03 3.328989999999999987e-04
3.433500000000000000e+03 2.752960000000000151e-04
3.437500000000000000e+03 2.315519999999999948e-04
3.441500000000000000e+03 1.993250000000000067e-04
3.445500000000000000e+03 1.673590000000000082e-04
3.449500000000000000e+03 1.434180000000000014e-04
3.453500000000000000e+03 1.253930000000000105e-04
3.457500000000000000e+03 1.074960000000000021e-04
3.461500000000000000e+03 9.456180000000000661e-05
3.465500000000000000e+03 8.499539999999999602e-05
3.469500000000000000e+03 7.554059999999999974e-05
3.473500000000000000e+03 6.936319999999999346e-05
3.477500000000000000e+03 6.505650000000000300e-05
3.481500000000000000e+03 6.083420000000000109e-05
3.485500000000000000e+03 5.830060000000000217e-05
3.489500000000000000e+03 5.655329999999999944e-05
3.493500000000000000e+03 5.485410000000000053e-05
3.497500000000000000e+03 5.398870000000000031e-05
3.501500000000000000e+03 5.346460000000000307e-05
3.505500000000000000e+03 5.284920000000000215e-05
3.509500000000000000e+03 5.219360000000000118e-05
3.513500000000000000e+03 5.121249999999999799e-05
3.517500000000000000e+03 4.988160000000000028e-05
3.521500000000000000e+03 4.845279999999999796e-05
3.525500000000000000e+03 4.756110000000000106e-05
3.529500000000000000e+03 4.666210000000000171e-05
3.533500000000000000e+03 4.525650000000000283e-05
3.537500000000000000e+03 4.369460000000000005e-05
3.541500000000000000e+03 4.233800000000000020e-05
3.545500000000000000e+03 4.091430000000000229e-05
3.549500000000000000e+03 3.942659999999999958e-05
3.553500000000000000e+03 3.791340000000000194e-05
3.557500000000000000e+03 3.626829999999999968e-05
3.561500000000000000e+03 3.422090000000000299e-05
3.565500000000000000e+03 3.210980000000000214e-05
3.569500000000000000e+03 3.013020000000000165e-05
3.573500000000000000e+03 2.815500000000000064e-05
3.577500000000000000e+03 2.630319999999999916e-05
3.581500000000000000e+03 2.496189999999999897e-05
3.585500000000000000e+03 2.368689999999999847e-05
3.589500000000000000e+03 2.248959999999999894e-05
3.593500000000000000e+03 2.166370000000000063e-05
3.597500000000000000e+03 2.091470000000000154e-05
3.601500000000000000e+03 2.029970000000000149e-05
3.605500000000000000e+03 2.007749999999999878e-05
3.609500000000000000e+03 1.995170000000000076e-05
3.613500000000000000e+03 1.988660000000000032e-05
3.617500000000000000e+03 1.994700000000000062e-05
3.621500000000000000e+03 2.000770000000000158e-05
3.625500000000000000e+03 2.004849999999999956e-05
3.629500000000000000e+03 2.010350000000000158e-05
3.633500000000000000e+03 2.018850000000000161e-05
3.637500000000000000e+03 2.032440000000000144e-05
3.641500000000000000e+03 2.045449999999999872e-05
3.645500000000000000e+03 2.055270000000000060e-05
3.649500000000000000e+03 2.064420000000000133e-05
3.653500000000000000e+03 2.070469999999999846e-05
3.657500000000000000e+03 2.075169999999999988e-05
3.661500000000000000e+03 2.092919999999999945e-05
3.665500000000000000e+03 2.129659999999999867e-05
3.669500000000000000e+03 2.164789999999999987e-05
3.673500000000000000e+03 2.195519999999999945e-05
3.677500000000000000e+03 2.233179999999999852e-05
3.681500000000000000e+03 2.270810000000000032e-05
3.685500000000000000e+03 2.317050000000000118e-05
3.689500000000000000e+03 2.378710000000000134e-05
3.693500000000000000e+03 2.447969999999999874e-05
3.697500000000000000e+03 2.512670000000000119e-05
3.701500000000000000e+03 2.575149999999999900e-05
3.705500000000000000e+03 2.637599999999999954e-05
3.709500000000000000e+03 2.687730000000000099e-05
3.713500000000000000e+03 2.726050000000000099e-05
3.717500000000000000e+03 2.761110000000000064e-05
3.721500000000000000e+03 2.777709999999999872e-05
3.725500000000000000e+03 2.780819999999999915e-05
3.729500000000000000e+03 2.776250000000000058e-05
3.733500000000000000e+03 2.743990000000000133e-05
3.737500000000000000e+03 2.698289999999999876e-05
3.741500000000000000e+03 2.654010000000000023e-05
3.745500000000000000e+03 2.613019999999999929e-05
3.749500000000000000e+03 2.573579999999999846e-05
3.753500000000000000e+03 2.528580000000000107e-05
3.757500000000000000e+03 2.479949999999999863e-05
3.761500000000000000e+03 2.437120000000000139e-05
3.765500000000000000e+03 2.403590000000000140e-05
3.769500000000000000e+03 2.387310000000000018e-05
3.773500000000000000e+03 2.386319999999999880e-05
3.777500000000000000e+03 2.391810000000000060e-05
3.781500000000000000e+03 2.399329999999999947e-05
3.785500000000000000e+03 2.400340000000000129e-05
3.789500000000000000e+03 2.337280000000000092e-05
3.793500000000000000e+03 1.841349999999999912e-05
3.797500000000000000e+03 1.269170000000000081e-05
3.801500000000000000e+03 1.065120000000000061e-05
3.805500000000000000e+03 1.064059999999999939e-05
3.809500000000000000e+03 1.063010000000000009e-05
3.813500000000000000e+03 1.061960000000000078e-05
3.817500000000000000e+03 1.060899999999999956e-05
3.821500000000000000e+03 1.059840000000000004e-05
3.825500000000000000e+03 1.058790000000000073e-05
3.829500000000000000e+03 1.057729999999999951e-05
3.833500000000000000e+03 1.056669999999999998e-05
3.837500000000000000e+03 1.055579999999999980e-05
3.841500000000000000e+03 1.054409999999999956e-05
3.845500000000000000e+03 1.053220000000000057e-05
3.849500000000000000e+03 1.056029999999999950e-05
3.853500000000000000e+03 1.071009999999999932e-05
3.857500000000000000e+03 1.087300000000000076e-05
3.861500000000000000e+03 1.107029999999999970e-05
3.865500000000000000e+03 1.139169999999999971e-05
3.869500000000000000e+03 1.172789999999999998e-05
3.873500000000000000e+03 1.207030000000000029e-05
3.877500000000000000e+03 1.244360000000000060e-05
3.881500000000000000e+03 1.282079999999999929e-05
3.885500000000000000e+03 1.319719999999999962e-05
3.889500000000000000e+03 1.357179999999999938e-05
3.893500000000000000e+03 1.394620000000000041e-05
3.897500000000000000e+03 1.428739999999999978e-05
3.901500000000000000e+03 1.457510000000000043e-05
3.905500000000000000e+03 1.486020000000000046e-05
3.909500000000000000e+03 1.506320000000000005e-05
3.913500000000000000e+03 1.513670000000000027e-05
3.917500000000000000e+03 1.520439999999999964e-05
3.921500000000000000e+03 1.517129999999999991e-05
3.925500000000000000e+03 1.498700000000000067e-05
3.929500000000000000e+03 1.479809999999999982e-05
3.933500000000000000e+03 1.466840000000000003e-05
3.937500000000000000e+03 1.456619999999999955e-05
3.941500000000000000e+03 1.446310000000000049e-05
3.945500000000000000e+03 1.438720000000000008e-05
3.949500000000000000e+03 1.436810000000000055e-05
3.953500000000000000e+03 1.435059999999999945e-05
3.957500000000000000e+03 1.433310000000000004e-05
3.961500000000000000e+03 1.431569999999999916e-05
3.965500000000000000e+03 1.429829999999999997e-05
3.969500000000000000e+03 1.428060000000000012e-05
3.973500000000000000e+03 1.426269999999999983e-05
3.977500000000000000e+03 1.424489999999999977e-05
3.981500000000000000e+03 1.422689999999999926e-05
3.985500000000000000e+03 1.420890000000000045e-05
3.989500000000000000e+03 1.419089999999999994e-05
3.993500000000000000e+03 1.417279999999999922e-05
3.997500000000000000e+03 1.415470000000000019e-05
4.001500000000000000e+03 1.413669999999999968e-05
4.005500000000000000e+03 1.411860000000000065e-05
4.009500000000000000e+03 1.410060000000000015e-05
4.013500000000000000e+03 1.409419999999999967e-05
4.017500000000000000e+03 1.420290000000000085e-05
4.021500000000000000e+03 1.435159999999999995e-05
4.025500000000000000e+03 1.448669999999999972e-05
4.029500000000000000e+03 1.456100000000000001e-05
4.033500000000000000e+03 1.463850000000000054e-05
4.037500000000000000e+03 1.472420000000000041e-05
4.041500000000000000e+03 1.481729999999999957e-05
4.045500000000000000e+03 1.489410000000000026e-05
4.049500000000000000e+03 1.495029999999999982e-05
4.053500000000000000e+03 1.491549999999999975e-05
4.057500000000000000e+03 1.486940000000000031e-05
4.061500000000000000e+03 1.485250000000000052e-05
4.065500000000000000e+03 1.492409999999999997e-05
4.069500000000000000e+03 1.499530000000000024e-05
4.073500000000000000e+03 1.508330000000000007e-05
4.077500000000000000e+03 1.529460000000000091e-05
4.081500000000000000e+03 1.554389999999999868e-05
4.085500000000000000e+03 1.577840000000000126e-05
4.089500000000000000e+03 1.598650000000000017e-05
4.093500000000000000e+03 1.619850000000000085e-05
4.097500000000000000e+03 1.642850000000000034e-05
4.101500000000000000e+03 1.668739999999999883e-05
4.105500000000000000e+03 1.694290000000000002e-05
4.109500000000000000e+03 1.715660000000000104e-05
4.113500000000000000e+03 1.729319999999999902e-05
4.117500000000000000e+03 1.742929999999999930e-05
4.121500000000000000e+03 1.757070000000000103e-05
4.125500000000000000e+03 1.767420000000000097e-05
4.129500000000000000e+03 1.776449999999999907e-05
4.133500000000000000e+03 1.782740000000000146e-05
4.137500000000000000e+03 1.785129999999999966e-05
4.141500000000000000e+03 1.787530000000000146e-05
4.145500000000000000e+03 1.798900000000000005e-05
4.149500000000000000e+03 1.821320000000000038e-05
4.153500000000000000e+03 1.843780000000000158e-05
4.157500000000000000e+03 1.864189999999999849e-05
4.161500000000000000e+03 1.889129999999999987e-05
4.165500000000000000e+03 1.915379999999999947e-05
4.169500000000000000e+03 1.937289999999999878e-05
4.173500000000000000e+03 1.951949999999999836e-05
4.177500000000000000e+03 1.966310000000000152e-05
4.181500000000000000e+03 1.991879999999999977e-05
4.185500000000000000e+03 2.026050000000000024e-05
4.189500000000000000e+03 2.059930000000000113e-05
4.193500000000000000e+03 2.091610000000000122e-05
4.197500000000000000e+03 2.128439999999999903e-05
4.201500000000000000e+03 2.165490000000000166e-05
4.205500000000000000e+03 2.187700000000000078e-05
4.209500000000000000e+03 2.196419999999999886e-05
4.213500000000000000e+03 2.205079999999999901e-05
4.217500000000000000e+03 2.214290000000000106e-05
4.221500000000000000e+03 2.216819999999999894e-05
4.225500000000000000e+03 2.218699999999999950e-05
4.229500000000000000e+03 2.220249999999999961e-05
4.233500000000000000e+03 2.223240000000000079e-05
4.237500000000000000e+03 2.226889999999999951e-05
4.241500000000000000e+03 2.237420000000000001e-05
4.245500000000000000e+03 2.250669999999999917e-05
4.249500000000000000e+03 2.264360000000000119e-05
4.253500000000000000e+03 2.284870000000000030e-05
4.257500000000000000e+03 2.310959999999999978e-05
4.261500000000000000e+03 2.337169999999999851e-05
4.265500000000000000e+03 2.364869999999999941e-05
4.269500000000000000e+03 2.395019999999999983e-05
4.273500000000000000e+03 2.423759999999999982e-05
4.277500000000000000e+03 2.442010000000000019e-05
4.281500000000000000e+03 2.457330000000000069e-05
4.285500000000000000e+03 2.474370000000000164e-05
4.289500000000000000e+03 2.498659999999999892e-05
4.293500000000000000e+03 2.521219999999999893e-05
4.297500000000000000e+03 2.542709999999999919e-05
4.301500000000000000e+03 2.562240000000000052e-05
4.305500000000000000e+03 2.584559999999999866e-05
4.309500000000000000e+03 2.607100000000000162e-05
4.313500000000000000e+03 2.628759999999999883e-05
4.317500000000000000e+03 2.648719999999999943e-05
4.321500000000000000e+03 2.671539999999999836e-05
4.325500000000000000e+03 2.705340000000000088e-05
4.329500000000000000e+03 2.740989999999999993e-05
4.333500000000000000e+03 2.772840000000000035e-05
4.337500000000000000e+03 2.797069999999999971e-05
4.341500000000000000e+03 2.822999999999999907e-05
4.345500000000000000e+03 2.848769999999999832e-05
4.349500000000000000e+03 2.868879999999999881e-05
4.353500000000000000e+03 2.885690000000000149e-05
4.357500000000000000e+03 2.906729999999999866e-05
4.361500000000000000e+03 2.937100000000000051e-05
4.365500000000000000e+03 2.968200000000000143e-05
4.369500000000000000e+03 2.996910000000000077e-05
4.373500000000000000e+03 3.025589999999999944e-05
4.377500000000000000e+03 3.056249999999999749e-05
4.381500000000000000e+03 3.084059999999999742e-05
4.385500000000000000e+03 3.104710000000000298e-05
4.389500000000000000e+03 3.124009999999999927e-05
4.393500000000000000e+03 3.148949999999999726e-05
4.397500000000000000e+03 3.179420000000000130e-05
4.401500000000000000e+03 3.209259999999999831e-05
4.405500000000000000e+03 3.236159999999999861e-05
4.409500000000000000e+03 3.264209999999999703e-05
4.413500000000000000e+03 3.293899999999999752e-05
4.417500000000000000e+03 3.330109999999999868e-05
4.421500000000000000e+03 3.370760000000000233e-05
4.425500000000000000e+03 3.410940000000000245e-05
4.429500000000000000e+03 3.454999999999999955e-05
4.433500000000000000e+03 3.507509999999999898e-05
4.437500000000000000e+03 3.561330000000000002e-05
4.441500000000000000e+03 3.615200000000000217e-05
4.445500000000000000e+03 3.671350000000000009e-05
4.449500000000000000e+03 3.727829999999999848e-05
4.453500000000000000e+03 3.779999999999999723e-05
4.457500000000000000e+03 3.828929999999999947e-05
4.461500000000000000e+03 3.877349999999999731e-05
4.465500000000000000e+03 3.916560000000000326e-05
4.469500000000000000e+03 3.947690000000000145e-05
4.473500000000000000e+03 3.964499999999999735e-05
4.477500000000000000e+03 3.789689999999999964e-05
4.481500000000000000e+03 3.509740000000000044e-05
4.485500000000000000e+03 3.250830000000000180e-05
4.489500000000000000e+03 3.211729999999999826e-05
4.493500000000000000e+03 3.169210000000000104e-05
4.497500000000000000e+03 3.107700000000000078e-05
4.501500000000000000e+03 3.019200000000000163e-05
4.505500000000000000e+03 3.047600000000000095e-05
4.509500000000000000e+03 3.104700000000000276e-05
4.513500000000000000e+03 3.288840000000000177e-05
4.517500000000000000e+03 3.483490000000000084e-05
4.521500000000000000e+03 3.672209999999999862e-05
4.525500000000000000e+03 3.861049999999999904e-05
4.529500000000000000e+03 4.113259999999999985e-05
4.533500000000000000e+03 4.349500000000000284e-05
4.537500000000000000e+03 4.469690000000000230e-05
4.541500000000000000e+03 4.551590000000000242e-05
4.545500000000000000e+03 4.630630000000000081e-05
4.549500000000000000e+03 4.675329999999999840e-05
4.553500000000000000e+03 4.664849999999999899e-05
4.557500000000000000e+03 4.469749999999999684e-05
4.561500000000000000e+03 3.544639999999999998e-05
4.565500000000000000e+03 2.490299999999999857e-05
4.569500000000000000e+03 1.647800000000000046e-05
4.573500000000000000e+03 1.353929999999999927e-05
4.577500000000000000e+03 8.359099999999999300e-06
4.581500000000000000e+03 3.153649999999999867e-06
