1.469500000000000000e+03 0.000000000000000000e+00
1.473500000000000000e+03 3.305579999999999766e-10
1.477500000000000000e+03 1.305280000000000067e-09
1.481500000000000000e+03 2.181730000000000075e-09
1.485500000000000000e+03 2.320830000000000143e-09
1.489500000000000000e+03 3.929590000000000282e-09
1.493500000000000000e+03 5.911040000000000300e-09
1.497500000000000000e+03 5.374059999999999948e-09
1.501500000000000000e+03 2.460879999999999881e-09
1.505500000000000000e+03 3.043170000000000153e-10
1.509500000000000000e+03 1.452569999999999939e-12
1.513500000000000000e+03 1.731389999999999956e-12
1.517500000000000000e+03 1.999370000000000194e-12
1.521500000000000000e+03 2.260639999999999948e-12
1.525500000000000000e+03 2.517400000000000158e-12
1.529500000000000000e+03 2.767530000000000022e-12
1.533500000000000000e+03 3.015290000000000170e-12
1.537500000000000000e+03 3.258219999999999823e-12
1.541500000000000000e+03 3.498260000000000080e-12
1.545500000000000000e+03 3.735640000000000024e-12
1.549500000000000000e+03 3.969460000000000334e-12
1.553500000000000000e+03 4.209969999999999680e-12
1.557500000000000000e+03 4.453940000000000306e-12
1.561500000000000000e+03 6.875960000000000645e-08
1.565500000000000000e+03 4.411759999999999795e-07
1.569500000000000000e+03 8.460570000000000168e-07
1.573500000000000000e+03 1.430290000000000031e-06
1.577500000000000000e+03 2.747619999999999877e-06
1.581500000000000000e+03 4.471649999999999784e-06
1.585500000000000000e+03 6.239979999999999843e-06
1.589500000000000000e+03 8.267670000000000075e-06
1.593500000000000000e+03 1.035949999999999966e-05
1.597500000000000000e+03 1.228350000000000022e-05
1.601500000000000000e+03 1.410269999999999967e-05
1.605500000000000000e+03 1.603239999999999917e-05
1.609500000000000000e+03 1.811490000000000168e-05
1.613500000000000000e+03 2.027610000000000057e-05
1.617500000000000000e+03 2.254099999999999984e-05
1.621500000000000000e+03 2.502409999999999983e-05
1.625500000000000000e+03 2.795570000000000070e-05
1.629500000000000000e+03 3.102530000000000262e-05
1.633500000000000000e+03 3.430819999999999790e-05
1.637500000000000000e+03 3.858430000000000258e-05
1.641500000000000000e+03 4.313550000000000061e-05
1.645500000000000000e+03 4.723159999999999685e-05
1.649500000000000000e+03 5.143370000000000190e-05
1.653500000000000000e+03 5.545809999999999678e-05
1.657500000000000000e+03 5.810689999999999757e-05
1.661500000000000000e+03 6.001500000000000053e-05
1.665500000000000000e+03 6.196300000000000288e-05
1.669500000000000000e+03 6.399350000000000318e-05
1.673500000000000000e+03 6.601379999999999466e-05
1.677500000000000000e+03 6.800809999999999690e-05
1.681500000000000000e+03 7.004959999999999421e-05
1.685500000000000000e+03 7.214349999999999799e-05
1.689500000000000000e+03 7.419810000000000370e-05
1.693500000000000000e+03 7.626939999999999859e-05
1.697500000000000000e+03 7.857259999999999375e-05
1.701500000000000000e+03 8.098959999999999449e-05
1.705500000000000000e+03 8.337699999999999810e-05
1.709500000000000000e+03 8.573739999999999671e-05
1.713500000000000000e+03 8.821189999999999479e-05
1.717500000000000000e+03 9.070570000000000130e-05
1.721500000000000000e+03 9.333230000000000085e-05
1.725500000000000000e+03 9.622010000000000393e-05
1.729500000000000000e+03 9.936619999999999741e-05
1.733500000000000000e+03 1.025809999999999992e-04
1.737500000000000000e+03 1.061829999999999962e-04
1.741500000000000000e+03 1.102050000000000062e-04
1.745500000000000000e+03 1.143289999999999958e-04
1.749500000000000000e+03 1.186770000000000023e-04
1.753500000000000000e+03 1.242009999999999989e-04
1.757500000000000000e+03 1.304649999999999918e-04
1.761500000000000000e+03 1.345530000000000109e-04
1.765500000000000000e+03 1.389089999999999943e-04
1.769500000000000000e+03 1.455030000000000060e-04
1.773500000000000000e+03 1.505260000000000018e-04
1.777500000000000000e+03 1.484079999999999926e-04
1.781500000000000000e+03 1.429109999999999875e-04
1.785500000000000000e+03 1.369239999999999921e-04
1.789500000000000000e+03 1.299250000000000003e-04
1.793500000000000000e+03 1.213199999999999972e-04
1.797500000000000000e+03 1.116479999999999990e-04
1.801500000000000000e+03 1.041150000000000018e-04
1.805500000000000000e+03 9.532100000000000436e-05
1.809500000000000000e+03 8.344649999999999464e-05
1.813500000000000000e+03 7.309750000000000275e-05
1.817500000000000000e+03 6.978249999999999807e-05
1.821500000000000000e+03 6.924110000000000356e-05
1.825500000000000000e+03 6.869880000000000030e-05
1.829500000000000000e+03 6.807580000000000304e-05
1.833500000000000000e+03 6.743189999999999384e-05
1.837500000000000000e+03 6.700789999999999926e-05
1.841500000000000000e+03 6.674319999999999483e-05
1.845500000000000000e+03 6.635339999999999392e-05
1.849500000000000000e+03 6.585200000000000580e-05
1.853500000000000000e+03 6.549949999999999859e-05
1.857500000000000000e+03 6.536140000000000071e-05
1.861500000000000000e+03 6.524540000000000385e-05
1.865500000000000000e+03 6.532719999999999348e-05
1.869500000000000000e+03 6.578309999999999702e-05
1.873500000000000000e+03 6.629419999999999963e-05
1.877500000000000000e+03 6.664329999999999939e-05
1.881500000000000000e+03 6.711809999999999695e-05
1.885500000000000000e+03 6.786359999999999853e-05
1.889500000000000000e+03 6.895349999999999635e-05
1.893500000000000000e+03 7.021659999999999447e-05
1.897500000000000000e+03 7.195780000000000416e-05
1.901500000000000000e+03 7.419279999999999885e-05
1.905500000000000000e+03 7.654849999999999394e-05
1.909500000000000000e+03 7.917529999999999393e-05
1.913500000000000000e+03 8.218330000000000307e-05
1.917500000000000000e+03 8.612179999999999933e-05
1.921500000000000000e+03 9.075360000000000469e-05
1.925500000000000000e+03 9.577080000000000131e-05
1.929500000000000000e+03 1.019150000000000026e-04
1.933500000000000000e+03 1.087630000000000020e-04
1.937500000000000000e+03 1.169090000000000016e-04
1.941500000000000000e+03 1.265750000000000002e-04
1.945500000000000000e+03 1.378139999999999921e-04
1.949500000000000000e+03 1.523499999999999898e-04
1.953500000000000000e+03 1.686170000000000019e-04
1.957500000000000000e+03 1.887330000000000106e-04
1.961500000000000000e+03 2.128619999999999959e-04
1.965500000000000000e+03 2.406739999999999932e-04
1.969500000000000000e+03 2.775620000000000235e-04
1.973500000000000000e+03 3.192340000000000000e-04
1.977500000000000000e+03 3.748770000000000227e-04
1.981500000000000000e+03 4.466420000000000242e-04
1.985500000000000000e+03 5.313349999999999670e-04
1.989500000000000000e+03 6.565969999999999749e-04
1.993500000000000000e+03 8.034140000000000162e-04
1.997500000000000000e+03 1.015300000000000013e-03
2.001500000000000000e+03 1.291840000000000046e-03
2.005500000000000000e+03 1.635179999999999967e-03
2.009500000000000000e+03 2.148610000000000016e-03
2.013500000000000000e+03 2.744350000000000001e-03
2.017500000000000000e+03 3.581190000000000154e-03
2.021500000000000000e+03 4.614039999999999808e-03
2.025500000000000000e+03 5.886180000000000405e-03
2.029500000000000000e+03 7.574489999999999695e-03
2.033500000000000000e+03 9.473590000000000483e-03
2.037500000000000000e+03 1.189789999999999945e-02
2.041500000000000000e+03 1.461250000000000049e-02
2.045500000000000000e+03 1.770880000000000024e-02
2.049500000000000000e+03 2.122790000000000094e-02
2.053500000000000000e+03 2.494779999999999914e-02
2.057500000000000000e+03 2.901700000000000113e-02
2.061500000000000000e+03 3.316009999999999791e-02
2.065500000000000000e+03 3.734959999999999669e-02
2.069500000000000000e+03 4.141740000000000005e-02
2.073500000000000000e+03 4.536699999999999761e-02
2.077500000000000000e+03 4.888719999999999871e-02
2.081500000000000000e+03 5.215539999999999760e-02
2.085500000000000000e+03 5.498839999999999978e-02
2.089500000000000000e+03 5.729069999999999996e-02
2.093500000000000000e+03 5.931109999999999854e-02
2.097500000000000000e+03 6.070419999999999983e-02
2.101500000000000000e+03 6.187129999999999713e-02
2.105500000000000000e+03 6.274150000000000560e-02
2.109500000000000000e+03 6.334349999999999703e-02
2.113500000000000000e+03 6.387099999999999722e-02
2.117500000000000000e+03 6.425770000000000093e-02
2.121500000000000000e+03 6.461749999999999439e-02
2.125500000000000000e+03 6.498529999999999585e-02
2.129500000000000000e+03 6.535140000000000393e-02
2.133500000000000000e+03 6.572770000000000001e-02
2.137500000000000000e+03 6.610169999999999935e-02
2.141500000000000000e+03 6.646459999999999868e-02
2.145500000000000000e+03 6.678370000000000140e-02
2.149500000000000000e+03 6.705400000000000249e-02
2.153500000000000000e+03 6.729209999999999359e-02
2.157500000000000000e+03 6.747630000000000294e-02
2.161500000000000000e+03 6.764000000000000568e-02
2.165500000000000000e+03 6.777959999999999541e-02
2.169500000000000000e+03 6.790980000000000627e-02
2.173500000000000000e+03 6.805569999999999675e-02
2.177500000000000000e+03 6.825530000000000486e-02
2.181500000000000000e+03 6.847989999999999633e-02
2.185500000000000000e+03 6.876680000000000292e-02
2.189500000000000000e+03 6.910819999999999463e-02
2.193500000000000000e+03 6.948500000000000509e-02
2.197500000000000000e+03 6.991630000000000067e-02
2.201500000000000000e+03 7.036349999999999549e-02
2.205500000000000000e+03 7.081339999999999857e-02
2.209500000000000000e+03 7.126169999999999727e-02
2.213500000000000000e+03 7.168889999999999985e-02
2.217500000000000000e+03 7.206949999999999468e-02
2.221500000000000000e+03 7.242940000000000489e-02
2.225500000000000000e+03 7.274390000000000023e-02
2.229500000000000000e+03 7.302290000000000170e-02
2.233500000000000000e+03 7.328769999999999729e-02
2.237500000000000000e+03 7.353510000000000602e-02
2.241500000000000000e+03 7.377910000000000024e-02
2.245500000000000000e+03 7.404030000000000333e-02
2.249500000000000000e+03 7.431319999999999593e-02
2.253500000000000000e+03 7.460680000000000089e-02
2.257500000000000000e+03 7.494220000000000048e-02
2.261500000000000000e+03 7.529320000000000457e-02
2.265500000000000000e+03 7.566779999999999340e-02
2.269500000000000000e+03 7.606330000000000036e-02
2.273500000000000000e+03 7.646450000000000469e-02
2.277500000000000000e+03 7.686450000000000227e-02
2.281500000000000000e+03 7.725920000000000010e-02
2.285500000000000000e+03 7.759870000000000656e-02
2.289500000000000000e+03 7.790510000000000490e-02
2.293500000000000000e+03 7.815429999999999600e-02
2.297500000000000000e+03 7.830410000000000148e-02
2.301500000000000000e+03 7.841729999999999534e-02
2.305500000000000000e+03 7.852069999999999883e-02
2.309500000000000000e+03 7.880669999999999342e-02
2.313500000000000000e+03 7.921229999999999938e-02
2.317500000000000000e+03 7.968369999999999620e-02
2.321500000000000000e+03 8.037420000000000675e-02
2.325500000000000000e+03 8.142359999999999876e-02
2.329500000000000000e+03 8.349299999999999777e-02
2.333500000000000000e+03 8.674830000000000041e-02
2.337500000000000000e+03 9.316889999999999894e-02
2.341500000000000000e+03 1.031569999999999987e-01
2.345500000000000000e+03 1.210949999999999943e-01
2.349500000000000000e+03 1.476149999999999962e-01
2.353500000000000000e+03 1.868680000000000063e-01
2.357500000000000000e+03 2.380599999999999938e-01
2.361500000000000000e+03 2.998080000000000189e-01
2.365500000000000000e+03 3.659370000000000123e-01
2.369500000000000000e+03 4.334819999999999784e-01
2.373500000000000000e+03 4.938799999999999857e-01
2.377500000000000000e+03 5.537509999999999932e-01
2.381500000000000000e+03 6.100590000000000179e-01
2.385500000000000000e+03 6.679119999999999502e-01
2.389500000000000000e+03 7.227280000000000371e-01
2.393500000000000000e+03 7.789169999999999705e-01
2.397500000000000000e+03 8.294310000000000294e-01
2.401500000000000000e+03 8.738270000000000204e-01
2.405500000000000000e+03 9.089089999999999669e-01
2.409500000000000000e+03 9.365790000000000504e-01
2.413500000000000000e+03 9.564690000000000136e-01
2.417500000000000000e+03 9.658820000000000183e-01
2.421500000000000000e+03 9.729719999999999480e-01
2.425500000000000000e+03 9.765890000000000404e-01
2.429500000000000000e+03 9.801819999999999977e-01
2.433500000000000000e+03 9.825880000000000170e-01
2.437500000000000000e+03 9.859299999999999731e-01
2.441500000000000000e+03 9.900750000000000384e-01
2.445500000000000000e+03 9.958890000000000242e-01
2.449500000000000000e+03 1.000000000000000000e+00
2.453500000000000000e+03 9.972990000000000466e-01
2.457500000000000000e+03 9.888980000000000548e-01
2.461500000000000000e+03 9.740079999999999849e-01
2.465500000000000000e+03 9.489440000000000097e-01
2.469500000000000000e+03 9.164670000000000316e-01
2.473500000000000000e+03 8.711119999999999974e-01
2.477500000000000000e+03 8.184000000000000163e-01
2.481500000000000000e+03 7.586180000000000145e-01
2.485500000000000000e+03 6.962779999999999525e-01
2.489500000000000000e+03 6.344469999999999832e-01
2.493500000000000000e+03 5.724949999999999761e-01
2.497500000000000000e+03 5.109749999999999570e-01
2.501500000000000000e+03 4.469839999999999924e-01
2.505500000000000000e+03 3.809779999999999833e-01
2.509500000000000000e+03 3.176160000000000094e-01
2.513500000000000000e+03 2.567729999999999735e-01
2.517500000000000000e+03 2.075420000000000043e-01
2.521500000000000000e+03 1.646610000000000018e-01
2.525500000000000000e+03 1.353620000000000101e-01
2.529500000000000000e+03 1.124639999999999945e-01
2.533500000000000000e+03 9.930279999999999663e-02
2.537500000000000000e+03 9.010529999999999928e-02
2.541500000000000000e+03 8.520719999999999683e-02
2.545500000000000000e+03 8.140379999999999838e-02
2.549500000000000000e+03 7.865880000000000094e-02
2.553500000000000000e+03 7.682609999999999439e-02
2.557500000000000000e+03 7.550350000000000117e-02
2.561500000000000000e+03 7.431210000000000593e-02
2.565500000000000000e+03 7.365639999999999687e-02
2.569500000000000000e+03 7.342750000000000665e-02
2.573500000000000000e+03 7.336810000000000553e-02
2.577500000000000000e+03 7.337829999999999353e-02
2.581500000000000000e+03 7.346260000000000290e-02
2.585500000000000000e+03 7.365270000000000150e-02
2.589500000000000000e+03 7.389990000000000447e-02
2.593500000000000000e+03 7.421179999999999444e-02
2.597500000000000000e+03 7.461700000000000277e-02
2.601500000000000000e+03 7.499709999999999710e-02
2.605500000000000000e+03 7.540890000000000093e-02
2.609500000000000000e+03 7.581300000000000539e-02
2.613500000000000000e+03 7.613770000000000260e-02
2.617500000000000000e+03 7.643199999999999994e-02
2.621500000000000000e+03 7.662220000000000142e-02
2.625500000000000000e+03 7.666499999999999704e-02
2.629500000000000000e+03 7.662720000000000642e-02
2.633500000000000000e+03 7.649640000000000606e-02
2.637500000000000000e+03 7.624229999999999896e-02
2.641500000000000000e+03 7.600170000000000536e-02
2.645500000000000000e+03 7.570630000000000415e-02
2.649500000000000000e+03 7.541119999999999768e-02
2.653500000000000000e+03 7.516979999999999495e-02
2.657500000000000000e+03 7.495599999999999485e-02
2.661500000000000000e+03 7.479099999999999637e-02
2.665500000000000000e+03 7.474139999999999950e-02
2.669500000000000000e+03 7.471139999999999726e-02
2.673500000000000000e+03 7.468370000000000564e-02
2.677500000000000000e+03 7.471120000000000538e-02
2.681500000000000000e+03 7.461049999999999627e-02
2.685500000000000000e+03 7.445699999999999541e-02
2.689500000000000000e+03 7.418260000000000132e-02
2.693500000000000000e+03 7.372140000000000637e-02
2.697500000000000000e+03 7.309820000000000206e-02
2.701500000000000000e+03 7.230899999999999828e-02
2.705500000000000000e+03 7.127989999999999327e-02
2.709500000000000000e+03 7.013149999999999940e-02
2.713500000000000000e+03 6.884919999999999929e-02
2.717500000000000000e+03 6.740259999999999307e-02
2.721500000000000000e+03 6.596810000000000174e-02
2.725500000000000000e+03 6.446730000000000516e-02
2.729500000000000000e+03 6.298109999999999820e-02
2.733500000000000000e+03 6.154620000000000229e-02
2.737500000000000000e+03 6.015369999999999745e-02
2.741500000000000000e+03 5.878930000000000267e-02
2.745500000000000000e+03 5.753699999999999787e-02
2.749500000000000000e+03 5.626040000000000207e-02
2.753500000000000000e+03 5.498360000000000053e-02
2.757500000000000000e+03 5.371039999999999842e-02
2.761500000000000000e+03 5.229249999999999871e-02
2.765500000000000000e+03 5.079059999999999825e-02
2.769500000000000000e+03 4.912369999999999931e-02
2.773500000000000000e+03 4.728589999999999877e-02
2.777500000000000000e+03 4.525889999999999774e-02
2.781500000000000000e+03 4.306659999999999655e-02
2.785500000000000000e+03 4.064779999999999782e-02
2.789500000000000000e+03 3.811869999999999842e-02
2.793500000000000000e+03 3.546099999999999947e-02
2.797500000000000000e+03 3.267869999999999803e-02
2.801500000000000000e+03 2.991049999999999959e-02
2.805500000000000000e+03 2.706669999999999909e-02
2.809500000000000000e+03 2.431540000000000090e-02
2.813500000000000000e+03 2.162069999999999964e-02
2.817500000000000000e+03 1.902739999999999987e-02
2.821500000000000000e+03 1.660860000000000114e-02
2.825500000000000000e+03 1.434859999999999955e-02
2.829500000000000000e+03 1.230080000000000062e-02
2.833500000000000000e+03 1.042990000000000063e-02
2.837500000000000000e+03 8.787790000000000185e-03
2.841500000000000000e+03 7.322089999999999849e-03
2.845500000000000000e+03 6.081170000000000325e-03
2.849500000000000000e+03 5.012789999999999607e-03
2.853500000000000000e+03 4.093620000000000071e-03
2.857500000000000000e+03 3.356650000000000085e-03
2.861500000000000000e+03 2.715940000000000021e-03
2.865500000000000000e+03 2.210029999999999981e-03
2.869500000000000000e+03 1.787439999999999949e-03
2.873500000000000000e+03 1.432569999999999981e-03
2.877500000000000000e+03 1.158710000000000078e-03
2.881500000000000000e+03 9.236830000000000127e-04
2.885500000000000000e+03 7.469249999999999544e-04
2.889500000000000000e+03 6.023429999999999757e-04
2.893500000000000000e+03 4.842940000000000222e-04
2.897500000000000000e+03 3.975919999999999975e-04
2.901500000000000000e+03 3.236420000000000160e-04
2.905500000000000000e+03 2.692889999999999759e-04
2.909500000000000000e+03 2.253450000000000049e-04
2.913500000000000000e+03 1.895269999999999897e-04
2.917500000000000000e+03 1.631600000000000032e-04
2.921500000000000000e+03 1.411419999999999981e-04
2.925500000000000000e+03 1.261830000000000080e-04
2.929500000000000000e+03 1.148010000000000008e-04
2.933500000000000000e+03 1.065469999999999948e-04
2.937500000000000000e+03 1.012269999999999983e-04
2.941500000000000000e+03 9.674280000000000487e-05
2.945500000000000000e+03 9.382319999999999983e-05
2.949500000000000000e+03 9.151090000000000504e-05
2.953500000000000000e+03 8.989730000000000409e-05
2.957500000000000000e+03 8.841049999999999658e-05
2.961500000000000000e+03 8.646429999999999817e-05
2.965500000000000000e+03 8.396129999999999859e-05
2.969500000000000000e+03 8.119209999999999806e-05
2.973500000000000000e+03 7.821089999999999347e-05
2.977500000000000000e+03 7.480979999999999650e-05
2.981500000000000000e+03 7.084989999999999398e-05
2.985500000000000000e+03 6.607840000000000079e-05
2.989500000000000000e+03 6.125189999999999541e-05
2.993500000000000000e+03 5.636689999999999729e-05
2.997500000000000000e+03 5.170310000000000308e-05
3.001500000000000000e+03 4.703600000000000164e-05
3.005500000000000000e+03 4.237049999999999692e-05
3.009500000000000000e+03 3.801389999999999869e-05
3.013500000000000000e+03 3.401670000000000247e-05
3.017500000000000000e+03 3.068029999999999830e-05
3.021500000000000000e+03 2.778219999999999973e-05
3.025500000000000000e+03 2.558929999999999910e-05
3.029500000000000000e+03 2.373049999999999921e-05
3.033500000000000000e+03 2.219299999999999910e-05
3.037500000000000000e+03 2.102400000000000064e-05
3.041500000000000000e+03 2.016660000000000102e-05
3.045500000000000000e+03 1.982709999999999860e-05
3.049500000000000000e+03 1.962829999999999976e-05
3.053500000000000000e+03 1.953669999999999880e-05
3.057500000000000000e+03 1.952370000000000079e-05
3.061500000000000000e+03 1.951059999999999917e-05
3.065500000000000000e+03 1.965719999999999875e-05
3.069500000000000000e+03 1.989920000000000084e-05
3.073500000000000000e+03 2.014020000000000073e-05
3.077500000000000000e+03 2.037859999999999832e-05
3.081500000000000000e+03 2.061729999999999994e-05
3.085500000000000000e+03 2.098129999999999849e-05
3.089500000000000000e+03 2.158930000000000012e-05
3.093500000000000000e+03 2.247690000000000159e-05
3.097500000000000000e+03 2.346469999999999914e-05
3.101500000000000000e+03 2.443890000000000076e-05
3.105500000000000000e+03 2.530750000000000122e-05
3.109500000000000000e+03 2.625140000000000077e-05
3.113500000000000000e+03 2.736080000000000069e-05
3.117500000000000000e+03 2.842469999999999909e-05
3.121500000000000000e+03 2.931690000000000047e-05
3.125500000000000000e+03 2.969990000000000002e-05
3.129500000000000000e+03 2.984629999999999917e-05
3.133500000000000000e+03 2.983069999999999884e-05
3.137500000000000000e+03 2.971029999999999911e-05
3.141500000000000000e+03 2.944840000000000082e-05
3.145500000000000000e+03 2.896689999999999874e-05
3.149500000000000000e+03 2.822559999999999959e-05
3.153500000000000000e+03 2.711449999999999933e-05
3.157500000000000000e+03 2.591950000000000146e-05
3.161500000000000000e+03 2.487430000000000001e-05
3.165500000000000000e+03 2.408899999999999925e-05
3.169500000000000000e+03 2.339290000000000095e-05
3.173500000000000000e+03 2.280799999999999915e-05
3.177500000000000000e+03 2.237089999999999955e-05
3.181500000000000000e+03 2.207910000000000008e-05
3.185500000000000000e+03 2.203000000000000083e-05
3.189500000000000000e+03 2.200419999999999847e-05
3.193500000000000000e+03 2.197829999999999928e-05
3.197500000000000000e+03 2.195250000000000031e-05
3.201500000000000000e+03 2.192660000000000111e-05
3.205500000000000000e+03 2.190069999999999853e-05
3.209500000000000000e+03 2.187479999999999934e-05
3.213500000000000000e+03 2.184829999999999883e-05
3.217500000000000000e+03 2.182130000000000061e-05
3.221500000000000000e+03 2.182290000000000073e-05
3.225500000000000000e+03 2.194670000000000114e-05
3.229500000000000000e+03 2.208250000000000076e-05
3.233500000000000000e+03 2.226859999999999886e-05
3.237500000000000000e+03 2.248359999999999934e-05
3.241500000000000000e+03 2.269730000000000036e-05
3.245500000000000000e+03 2.293430000000000165e-05
3.249500000000000000e+03 2.329540000000000061e-05
3.253500000000000000e+03 2.387500000000000096e-05
3.257500000000000000e+03 2.461030000000000051e-05
3.261500000000000000e+03 2.539220000000000059e-05
3.265500000000000000e+03 2.622980000000000084e-05
3.269500000000000000e+03 2.706590000000000119e-05
3.273500000000000000e+03 2.778870000000000043e-05
3.277500000000000000e+03 2.846430000000000122e-05
3.281500000000000000e+03 2.908980000000000056e-05
3.285500000000000000e+03 2.959080000000000136e-05
3.289500000000000000e+03 3.003179999999999934e-05
3.293500000000000000e+03 3.047590000000000073e-05
3.297500000000000000e+03 3.080590000000000265e-05
3.301500000000000000e+03 3.099960000000000047e-05
3.305500000000000000e+03 3.093659999999999786e-05
3.309500000000000000e+03 3.073730000000000131e-05
3.313500000000000000e+03 3.032120000000000033e-05
3.317500000000000000e+03 2.990920000000000156e-05
3.321500000000000000e+03 2.963299999999999902e-05
3.325500000000000000e+03 2.957739999999999908e-05
3.329500000000000000e+03 2.953419999999999922e-05
3.333500000000000000e+03 2.949109999999999958e-05
3.337500000000000000e+03 2.944799999999999995e-05
3.341500000000000000e+03 2.940490000000000031e-05
3.345500000000000000e+03 2.936180000000000067e-05
3.349500000000000000e+03 2.931840000000000037e-05
3.353500000000000000e+03 2.927429999999999854e-05
3.357500000000000000e+03 2.923009999999999988e-05
3.361500000000000000e+03 2.926640000000000155e-05
3.365500000000000000e+03 2.937700000000000012e-05
3.369500000000000000e+03 2.946619999999999920e-05
3.373500000000000000e+03 2.944810000000000017e-05
3.377500000000000000e+03 2.941570000000000027e-05
3.381500000000000000e+03 2.942419999999999858e-05
3.385500000000000000e+03 2.950359999999999989e-05
3.389500000000000000e+03 2.967280000000000159e-05
3.393500000000000000e+03 2.994270000000000048e-05
3.397500000000000000e+03 3.018759999999999876e-05
3.401500000000000000e+03 3.042439999999999961e-05
3.405500000000000000e+03 3.055840000000000205e-05
3.409500000000000000e+03 3.075429999999999793e-05
3.413500000000000000e+03 3.109809999999999961e-05
3.417500000000000000e+03 3.137730000000000196e-05
3.421500000000000000e+03 3.147960000000000265e-05
3.425500000000000000e+03 3.141869999999999787e-05
3.429500000000000000e+03 3.150779999999999673e-05
3.433500000000000000e+03 3.191210000000000232e-05
3.437500000000000000e+03 3.245500000000000012e-05
3.441500000000000000e+03 3.296020000000000335e-05
3.445500000000000000e+03 3.349859999999999806e-05
3.449500000000000000e+03 3.399639999999999861e-05
3.453500000000000000e+03 3.441669999999999864e-05
3.457500000000000000e+03 3.485460000000000337e-05
3.461500000000000000e+03 3.530339999999999813e-05
3.465500000000000000e+03 3.578199999999999724e-05
3.469500000000000000e+03 3.623309999999999704e-05
3.473500000000000000e+03 3.661679999999999812e-05
3.477500000000000000e+03 3.695359999999999802e-05
3.481500000000000000e+03 3.726090000000000099e-05
3.485500000000000000e+03 3.756660000000000045e-05
3.489500000000000000e+03 3.778539999999999910e-05
3.493500000000000000e+03 3.786239999999999853e-05
3.497500000000000000e+03 3.809180000000000010e-05
3.501500000000000000e+03 3.868840000000000045e-05
3.505500000000000000e+03 3.957059999999999685e-05
3.509500000000000000e+03 4.036579999999999899e-05
3.513500000000000000e+03 4.100610000000000030e-05
3.517500000000000000e+03 4.153079999999999885e-05
3.521500000000000000e+03 4.181350000000000209e-05
3.525500000000000000e+03 4.206169999999999744e-05
3.529500000000000000e+03 4.249839999999999954e-05
3.533500000000000000e+03 4.327470000000000090e-05
3.537500000000000000e+03 4.407910000000000289e-05
3.541500000000000000e+03 4.480049999999999907e-05
3.545500000000000000e+03 4.533199999999999898e-05
3.549500000000000000e+03 4.575690000000000231e-05
3.553500000000000000e+03 4.589320000000000302e-05
3.557500000000000000e+03 4.599520000000000306e-05
3.561500000000000000e+03 4.620009999999999834e-05
3.565500000000000000e+03 4.646700000000000082e-05
3.569500000000000000e+03 4.672440000000000279e-05
3.573500000000000000e+03 4.696889999999999681e-05
3.577500000000000000e+03 4.725149999999999983e-05
3.581500000000000000e+03 4.752969999999999998e-05
3.585500000000000000e+03 4.795420000000000243e-05
3.589500000000000000e+03 4.851819999999999907e-05
3.593500000000000000e+03 4.922670000000000084e-05
3.597500000000000000e+03 4.994179999999999675e-05
3.601500000000000000e+03 5.061080000000000000e-05
3.605500000000000000e+03 5.121380000000000084e-05
3.609500000000000000e+03 5.173159999999999781e-05
3.613500000000000000e+03 5.206569999999999856e-05
3.617500000000000000e+03 5.249920000000000042e-05
3.621500000000000000e+03 5.315709999999999966e-05
3.625500000000000000e+03 5.392680000000000010e-05
3.629500000000000000e+03 5.453459999999999791e-05
3.633500000000000000e+03 5.500540000000000025e-05
3.637500000000000000e+03 5.546219999999999899e-05
3.641500000000000000e+03 5.592829999999999780e-05
3.645500000000000000e+03 5.649059999999999748e-05
3.649500000000000000e+03 5.724580000000000001e-05
3.653500000000000000e+03 5.820760000000000154e-05
3.657500000000000000e+03 5.906300000000000016e-05
3.661500000000000000e+03 5.971749999999999872e-05
3.665500000000000000e+03 6.019220000000000283e-05
3.669500000000000000e+03 6.061079999999999913e-05
3.673500000000000000e+03 6.103190000000000091e-05
3.677500000000000000e+03 6.161470000000000488e-05
3.681500000000000000e+03 6.240450000000000196e-05
3.685500000000000000e+03 6.328540000000000229e-05
3.689500000000000000e+03 6.406930000000000676e-05
3.693500000000000000e+03 6.472830000000000163e-05
3.697500000000000000e+03 6.538680000000000219e-05
3.701500000000000000e+03 6.603410000000000529e-05
3.705500000000000000e+03 6.669900000000000633e-05
3.709500000000000000e+03 6.749440000000000214e-05
3.713500000000000000e+03 6.847900000000000623e-05
3.717500000000000000e+03 6.944390000000000100e-05
3.721500000000000000e+03 7.033510000000000359e-05
3.725500000000000000e+03 7.122680000000000049e-05
3.729500000000000000e+03 7.214780000000000065e-05
3.733500000000000000e+03 7.326929999999999999e-05
3.737500000000000000e+03 7.438190000000000014e-05
3.741500000000000000e+03 7.551339999999999431e-05
3.745500000000000000e+03 7.604690000000000538e-05
3.749500000000000000e+03 7.454359999999999556e-05
3.753500000000000000e+03 7.296219999999999746e-05
3.757500000000000000e+03 7.367020000000000491e-05
3.761500000000000000e+03 7.537830000000000300e-05
3.765500000000000000e+03 7.670030000000000153e-05
3.769500000000000000e+03 7.735139999999999941e-05
3.773500000000000000e+03 7.720699999999999449e-05
3.777500000000000000e+03 7.630729999999999360e-05
3.781500000000000000e+03 7.280980000000000210e-05
3.785500000000000000e+03 6.893959999999999975e-05
3.789500000000000000e+03 6.700649999999999619e-05
3.793500000000000000e+03 6.993399999999999823e-05
3.797500000000000000e+03 7.188409999999999841e-05
3.801500000000000000e+03 7.258769999999999621e-05
3.805500000000000000e+03 7.370720000000000472e-05
3.809500000000000000e+03 7.585829999999999841e-05
3.813500000000000000e+03 7.993830000000000000e-05
3.817500000000000000e+03 7.693659999999999789e-05
3.821500000000000000e+03 7.181859999999999709e-05
3.825500000000000000e+03 6.956110000000000049e-05
3.829500000000000000e+03 7.201849999999999496e-05
3.833500000000000000e+03 7.228409999999999458e-05
3.837500000000000000e+03 7.219860000000000362e-05
3.841500000000000000e+03 7.163049999999999799e-05
3.845500000000000000e+03 6.439490000000000242e-05
3.849500000000000000e+03 5.128270000000000284e-05
3.853500000000000000e+03 2.702309999999999882e-05
3.857500000000000000e+03 7.767299999999999308e-06
