7.687000000000000000e+03 0.000000000000000000e+00
7.702000000000000000e+03 5.745959999999999791e-08
7.717000000000000000e+03 1.280880000000000008e-05
7.732000000000000000e+03 3.491000000000000288e-05
7.747000000000000000e+03 4.335939999999999689e-05
7.762000000000000000e+03 4.432399999999999779e-05
7.777000000000000000e+03 4.183180000000000156e-05
7.792000000000000000e+03 3.861720000000000018e-05
7.807000000000000000e+03 4.200099999999999987e-05
7.822000000000000000e+03 4.663819999999999674e-05
7.837000000000000000e+03 4.755200000000000144e-05
7.852000000000000000e+03 4.766869999999999983e-05
7.867000000000000000e+03 4.736829999999999844e-05
7.882000000000000000e+03 4.713669999999999883e-05
7.897000000000000000e+03 4.730409999999999997e-05
7.912000000000000000e+03 4.854030000000000009e-05
7.927000000000000000e+03 5.221729999999999894e-05
7.942000000000000000e+03 5.303859999999999733e-05
7.957000000000000000e+03 4.891250000000000307e-05
7.972000000000000000e+03 4.766940000000000137e-05
7.987000000000000000e+03 4.989919999999999821e-05
8.002000000000000000e+03 5.133090000000000011e-05
8.017000000000000000e+03 5.214170000000000258e-05
8.032000000000000000e+03 5.401599999999999918e-05
8.047000000000000000e+03 5.649069999999999770e-05
8.062000000000000000e+03 5.902120000000000337e-05
8.077000000000000000e+03 6.174600000000000141e-05
8.092000000000000000e+03 6.648100000000000266e-05
8.107000000000000000e+03 7.233719999999999582e-05
8.122000000000000000e+03 8.218939999999999612e-05
8.137000000000000000e+03 9.386829999999999708e-05
8.152000000000000000e+03 1.106079999999999954e-04
8.167000000000000000e+03 1.348130000000000118e-04
8.182000000000000000e+03 1.824449999999999922e-04
8.197000000000000000e+03 2.436310000000000125e-04
8.212000000000000000e+03 3.333300000000000087e-04
8.227000000000000000e+03 4.592950000000000266e-04
8.242000000000000000e+03 6.467390000000000161e-04
8.257000000000000000e+03 9.293899999999999904e-04
8.272000000000000000e+03 1.376400000000000063e-03
8.287000000000000000e+03 2.168949999999999784e-03
8.302000000000000000e+03 3.175959999999999808e-03
8.317000000000000000e+03 5.173180000000000313e-03
8.332000000000000000e+03 8.033049999999999913e-03
8.347000000000000000e+03 1.423340000000000022e-02
8.362000000000000000e+03 2.304629999999999873e-02
8.377000000000000000e+03 3.882479999999999959e-02
8.392000000000000000e+03 5.814810000000000118e-02
8.407000000000000000e+03 8.148429999999999562e-02
8.422000000000000000e+03 1.077499999999999986e-01
8.437000000000000000e+03 1.307260000000000089e-01
8.452000000000000000e+03 1.530930000000000069e-01
8.467000000000000000e+03 1.716600000000000070e-01
8.482000000000000000e+03 1.950340000000000129e-01
8.497000000000000000e+03 2.170110000000000094e-01
8.512000000000000000e+03 2.328290000000000082e-01
8.527000000000000000e+03 2.490030000000000021e-01
8.542000000000000000e+03 2.678039999999999865e-01
8.557000000000000000e+03 2.913200000000000234e-01
8.572000000000000000e+03 3.229600000000000248e-01
8.587000000000000000e+03 3.568370000000000153e-01
8.602000000000000000e+03 3.833320000000000061e-01
8.617000000000000000e+03 3.961200000000000276e-01
8.632000000000000000e+03 3.984409999999999896e-01
8.647000000000000000e+03 4.059139999999999970e-01
8.662000000000000000e+03 4.182669999999999999e-01
8.677000000000000000e+03 4.355910000000000060e-01
8.692000000000000000e+03 4.543909999999999894e-01
8.707000000000000000e+03 4.842239999999999878e-01
8.722000000000000000e+03 5.206039999999999557e-01
8.737000000000000000e+03 5.568610000000000504e-01
8.752000000000000000e+03 5.917519999999999447e-01
8.767000000000000000e+03 6.073279999999999790e-01
8.782000000000000000e+03 6.105190000000000339e-01
8.797000000000000000e+03 6.166570000000000107e-01
8.812000000000000000e+03 6.245420000000000416e-01
8.827000000000000000e+03 6.304720000000000324e-01
8.842000000000000000e+03 6.346389999999999532e-01
8.857000000000000000e+03 6.477129999999999832e-01
8.872000000000000000e+03 6.688450000000000228e-01
8.887000000000000000e+03 6.981669999999999821e-01
8.902000000000000000e+03 7.347679999999999767e-01
8.917000000000000000e+03 7.571989999999999554e-01
8.932000000000000000e+03 7.659880000000000022e-01
8.947000000000000000e+03 7.766490000000000338e-01
8.962000000000000000e+03 7.878030000000000310e-01
8.977000000000000000e+03 7.923670000000000435e-01
8.992000000000000000e+03 7.887159999999999727e-01
9.007000000000000000e+03 7.872320000000000428e-01
9.022000000000000000e+03 7.847659999999999636e-01
9.037000000000000000e+03 7.822059999999999569e-01
9.052000000000000000e+03 7.897300000000000431e-01
9.067000000000000000e+03 7.976910000000000389e-01
9.082000000000000000e+03 8.049420000000000464e-01
9.097000000000000000e+03 8.160610000000000364e-01
9.112000000000000000e+03 8.346900000000000430e-01
9.127000000000000000e+03 8.519299999999999651e-01
9.142000000000000000e+03 8.671809999999999796e-01
9.157000000000000000e+03 8.816249999999999920e-01
9.172000000000000000e+03 9.014710000000000223e-01
9.187000000000000000e+03 9.241629999999999567e-01
9.202000000000000000e+03 9.357389999999999874e-01
9.217000000000000000e+03 9.433669999999999556e-01
9.232000000000000000e+03 9.524829999999999686e-01
9.247000000000000000e+03 9.603289999999999882e-01
9.262000000000000000e+03 9.646059999999999635e-01
9.277000000000000000e+03 9.661619999999999653e-01
9.292000000000000000e+03 9.633810000000000429e-01
9.307000000000000000e+03 9.588280000000000136e-01
9.322000000000000000e+03 9.563129999999999686e-01
9.337000000000000000e+03 9.574399999999999578e-01
9.352000000000000000e+03 9.642749999999999932e-01
9.367000000000000000e+03 9.730060000000000375e-01
9.382000000000000000e+03 9.853549999999999809e-01
9.397000000000000000e+03 9.949820000000000331e-01
9.412000000000000000e+03 1.000000000000000000e+00
9.427000000000000000e+03 9.981119999999999992e-01
9.442000000000000000e+03 9.917810000000000237e-01
9.457000000000000000e+03 9.833269999999999511e-01
9.472000000000000000e+03 9.688499999999999890e-01
9.487000000000000000e+03 9.521770000000000511e-01
9.502000000000000000e+03 9.346109999999999696e-01
9.517000000000000000e+03 9.190639999999999921e-01
9.532000000000000000e+03 9.006880000000000441e-01
9.547000000000000000e+03 8.828019999999999756e-01
9.562000000000000000e+03 8.653349999999999653e-01
9.577000000000000000e+03 8.484960000000000280e-01
9.592000000000000000e+03 8.361420000000000519e-01
9.607000000000000000e+03 8.299849999999999728e-01
9.622000000000000000e+03 8.279560000000000253e-01
9.637000000000000000e+03 8.228220000000000534e-01
9.652000000000000000e+03 8.158050000000000024e-01
9.667000000000000000e+03 8.112810000000000299e-01
9.682000000000000000e+03 8.102209999999999690e-01
9.697000000000000000e+03 8.135050000000000336e-01
9.712000000000000000e+03 8.222949999999999982e-01
9.727000000000000000e+03 8.293709999999999694e-01
9.742000000000000000e+03 8.387740000000000196e-01
9.757000000000000000e+03 8.493309999999999471e-01
9.772000000000000000e+03 8.619839999999999725e-01
9.787000000000000000e+03 8.753689999999999527e-01
9.802000000000000000e+03 8.851710000000000411e-01
9.817000000000000000e+03 8.925100000000000255e-01
9.832000000000000000e+03 8.995100000000000318e-01
9.847000000000000000e+03 9.005499999999999616e-01
9.862000000000000000e+03 8.938420000000000254e-01
9.877000000000000000e+03 8.824060000000000237e-01
9.892000000000000000e+03 8.651980000000000226e-01
9.907000000000000000e+03 8.463300000000000267e-01
9.922000000000000000e+03 8.282819999999999627e-01
9.937000000000000000e+03 8.127079999999999860e-01
9.952000000000000000e+03 8.013130000000000530e-01
9.967000000000000000e+03 7.894139999999999491e-01
9.982000000000000000e+03 7.698690000000000255e-01
9.997000000000000000e+03 7.499599999999999600e-01
1.001200000000000000e+04 7.340360000000000218e-01
1.002700000000000000e+04 7.169849999999999834e-01
1.004200000000000000e+04 6.940199999999999703e-01
1.005700000000000000e+04 6.690979999999999706e-01
1.007200000000000000e+04 6.513600000000000501e-01
1.008700000000000000e+04 6.385380000000000500e-01
1.010200000000000000e+04 6.262339999999999574e-01
1.011700000000000000e+04 6.121959999999999624e-01
1.013200000000000000e+04 5.951429999999999776e-01
1.014700000000000000e+04 5.662230000000000318e-01
1.016200000000000000e+04 5.309930000000000483e-01
1.017700000000000000e+04 4.990200000000000191e-01
1.019200000000000000e+04 4.717709999999999959e-01
1.020700000000000000e+04 4.435029999999999806e-01
1.022200000000000000e+04 4.156110000000000082e-01
1.023700000000000000e+04 3.946970000000000200e-01
1.025200000000000000e+04 3.754089999999999927e-01
1.026700000000000000e+04 3.573669999999999902e-01
1.028200000000000000e+04 3.445980000000000154e-01
1.029700000000000000e+04 3.319079999999999808e-01
1.031200000000000000e+04 3.119919999999999916e-01
1.032700000000000000e+04 2.906920000000000059e-01
1.034200000000000000e+04 2.716109999999999913e-01
1.035700000000000000e+04 2.548849999999999727e-01
1.037200000000000000e+04 2.403510000000000091e-01
1.038700000000000000e+04 2.250360000000000138e-01
1.040200000000000000e+04 2.122950000000000115e-01
1.041700000000000000e+04 1.952470000000000039e-01
1.043200000000000000e+04 1.790190000000000115e-01
1.044700000000000000e+04 1.611200000000000132e-01
1.046200000000000000e+04 1.443939999999999946e-01
1.047700000000000000e+04 1.327820000000000111e-01
1.049200000000000000e+04 1.230009999999999992e-01
1.050700000000000000e+04 1.175500000000000017e-01
1.052200000000000000e+04 1.132309999999999983e-01
1.053700000000000000e+04 1.105389999999999984e-01
1.055200000000000000e+04 1.084859999999999991e-01
1.056700000000000000e+04 1.077869999999999939e-01
1.058200000000000000e+04 1.080089999999999939e-01
1.059700000000000000e+04 1.087700000000000056e-01
1.061200000000000000e+04 1.100489999999999940e-01
1.062700000000000000e+04 1.103409999999999946e-01
1.064200000000000000e+04 1.075129999999999975e-01
1.065700000000000000e+04 1.050460000000000005e-01
1.067200000000000000e+04 1.066799999999999971e-01
1.068700000000000000e+04 1.089029999999999998e-01
1.070200000000000000e+04 1.067229999999999984e-01
1.071700000000000000e+04 1.027529999999999971e-01
1.073200000000000000e+04 1.003830000000000000e-01
1.074700000000000000e+04 9.937669999999999837e-02
1.076200000000000000e+04 9.731040000000000523e-02
1.077700000000000000e+04 9.325899999999999468e-02
1.079200000000000000e+04 8.772489999999999455e-02
1.080700000000000000e+04 7.662599999999999967e-02
1.082200000000000000e+04 6.480059999999999987e-02
1.083700000000000000e+04 5.140360000000000068e-02
1.085200000000000000e+04 3.771320000000000228e-02
1.086700000000000000e+04 2.683819999999999956e-02
1.088200000000000000e+04 1.735460000000000128e-02
1.089700000000000000e+04 1.083049999999999985e-02
1.091200000000000000e+04 7.476380000000000352e-03
1.092700000000000000e+04 4.746150000000000195e-03
1.094200000000000000e+04 3.438329999999999859e-03
1.095700000000000000e+04 2.220839999999999967e-03
1.097200000000000000e+04 1.176739999999999904e-03
1.098700000000000000e+04 2.168879999999999875e-04
