1.454300000000000000e+04 0.000000000000000000e+00
1.457200000000000000e+04 5.287749999999999687e-07
1.460100000000000000e+04 3.038330000000000097e-05
1.463000000000000000e+04 8.228040000000000592e-05
1.465900000000000000e+04 1.038969999999999981e-04
1.468800000000000000e+04 1.083139999999999933e-04
1.471700000000000000e+04 1.219910000000000048e-04
1.474600000000000000e+04 1.368410000000000134e-04
1.477500000000000000e+04 1.473479999999999994e-04
1.480400000000000000e+04 1.604889999999999876e-04
1.483300000000000000e+04 2.271420000000000015e-04
1.486200000000000000e+04 3.410980000000000197e-04
1.489100000000000000e+04 4.997419999999999597e-04
1.492000000000000000e+04 6.588339999999999605e-04
1.494900000000000000e+04 9.345459999999999661e-04
1.497800000000000000e+04 1.319059999999999937e-03
1.500700000000000000e+04 1.955549999999999910e-03
1.503600000000000000e+04 2.678209999999999879e-03
1.506500000000000000e+04 3.763799999999999871e-03
1.509400000000000000e+04 5.065690000000000297e-03
1.512300000000000000e+04 7.253719999999999959e-03
1.515200000000000000e+04 1.006259999999999967e-02
1.518100000000000000e+04 1.511580000000000042e-02
1.521000000000000000e+04 2.142459999999999851e-02
1.523900000000000000e+04 3.165269999999999889e-02
1.526800000000000000e+04 4.275550000000000184e-02
1.529700000000000000e+04 5.447550000000000309e-02
1.532600000000000000e+04 6.619859999999999634e-02
1.535500000000000000e+04 7.494140000000000523e-02
1.538400000000000000e+04 8.536789999999999656e-02
1.541300000000000000e+04 9.539350000000000607e-02
1.544200000000000000e+04 1.066669999999999979e-01
1.547100000000000000e+04 1.184079999999999994e-01
1.550000000000000000e+04 1.278130000000000099e-01
1.552900000000000000e+04 1.365280000000000105e-01
1.555800000000000000e+04 1.426820000000000033e-01
1.558700000000000000e+04 1.500110000000000054e-01
1.561600000000000000e+04 1.595890000000000086e-01
1.564500000000000000e+04 1.753419999999999979e-01
1.567400000000000000e+04 1.991499999999999937e-01
1.570300000000000000e+04 2.311479999999999924e-01
1.573200000000000000e+04 2.709119999999999862e-01
1.576100000000000000e+04 3.181490000000000151e-01
1.579000000000000000e+04 3.717639999999999834e-01
1.581900000000000000e+04 4.275630000000000264e-01
1.584800000000000000e+04 4.854359999999999786e-01
1.587700000000000000e+04 5.357370000000000188e-01
1.590600000000000000e+04 5.775919999999999943e-01
1.593500000000000000e+04 6.083039999999999559e-01
1.596400000000000000e+04 6.272529999999999495e-01
1.599300000000000000e+04 6.414689999999999559e-01
1.602200000000000000e+04 6.499310000000000365e-01
1.605100000000000000e+04 6.587920000000000442e-01
1.608000000000000000e+04 6.679690000000000349e-01
1.610900000000000000e+04 6.779659999999999576e-01
1.613800000000000000e+04 6.933110000000000106e-01
1.616700000000000000e+04 7.114260000000000028e-01
1.619600000000000000e+04 7.358810000000000073e-01
1.622500000000000000e+04 7.629970000000000363e-01
1.625400000000000000e+04 7.901270000000000238e-01
1.628300000000000000e+04 8.152620000000000422e-01
1.631200000000000000e+04 8.356759999999999744e-01
1.634100000000000000e+04 8.500870000000000370e-01
1.637000000000000000e+04 8.610259999999999581e-01
1.639900000000000000e+04 8.678200000000000358e-01
1.642800000000000000e+04 8.730769999999999920e-01
1.645700000000000000e+04 8.774579999999999602e-01
1.648600000000000000e+04 8.810940000000000438e-01
1.651500000000000000e+04 8.849230000000000151e-01
1.654400000000000000e+04 8.883219999999999450e-01
1.657300000000000000e+04 8.917169999999999819e-01
1.660200000000000000e+04 8.948840000000000128e-01
1.663100000000000000e+04 8.975410000000000332e-01
1.666000000000000000e+04 8.997060000000000057e-01
1.668900000000000000e+04 9.006990000000000274e-01
1.671800000000000000e+04 9.011980000000000546e-01
1.674700000000000000e+04 9.012320000000000331e-01
1.677600000000000000e+04 9.014760000000000550e-01
1.680500000000000000e+04 9.029890000000000416e-01
1.683400000000000000e+04 9.055170000000000163e-01
1.686300000000000000e+04 9.099169999999999758e-01
1.689200000000000000e+04 9.158570000000000322e-01
1.692100000000000000e+04 9.233810000000000073e-01
1.695000000000000000e+04 9.315839999999999677e-01
1.697900000000000000e+04 9.398870000000000280e-01
1.700800000000000000e+04 9.473819999999999464e-01
1.703700000000000000e+04 9.534880000000000022e-01
1.706600000000000000e+04 9.579419999999999602e-01
1.709500000000000000e+04 9.604540000000000299e-01
1.712400000000000000e+04 9.608250000000000401e-01
1.715300000000000000e+04 9.601110000000000477e-01
1.718200000000000000e+04 9.583080000000000487e-01
1.721100000000000000e+04 9.568780000000000063e-01
1.724000000000000000e+04 9.561119999999999619e-01
1.726900000000000000e+04 9.567799999999999638e-01
1.729800000000000000e+04 9.586179999999999701e-01
1.732700000000000000e+04 9.617850000000000010e-01
1.735600000000000000e+04 9.664420000000000233e-01
1.738500000000000000e+04 9.717329999999999579e-01
1.741400000000000000e+04 9.778580000000000050e-01
1.744300000000000000e+04 9.836460000000000203e-01
1.747200000000000000e+04 9.887230000000000185e-01
1.750100000000000000e+04 9.927829999999999711e-01
1.753000000000000000e+04 9.958550000000000457e-01
1.755900000000000000e+04 9.981090000000000240e-01
1.758800000000000000e+04 9.990040000000000031e-01
1.761700000000000000e+04 9.986300000000000177e-01
1.764600000000000000e+04 9.969379999999999908e-01
1.767500000000000000e+04 9.948519999999999586e-01
1.770400000000000000e+04 9.933159999999999767e-01
1.773300000000000000e+04 9.924070000000000391e-01
1.776200000000000000e+04 9.919059999999999544e-01
1.779100000000000000e+04 9.915460000000000385e-01
1.782000000000000000e+04 9.915829999999999922e-01
1.784900000000000000e+04 9.923119999999999719e-01
1.787800000000000000e+04 9.938280000000000447e-01
1.790700000000000000e+04 9.960200000000000164e-01
1.793600000000000000e+04 9.981430000000000025e-01
1.796500000000000000e+04 9.994439999999999991e-01
1.799400000000000000e+04 1.000000000000000000e+00
1.802300000000000000e+04 9.997719999999999940e-01
1.805200000000000000e+04 9.986479999999999801e-01
1.808100000000000000e+04 9.963570000000000482e-01
1.811000000000000000e+04 9.932339999999999502e-01
1.813900000000000000e+04 9.894509999999999694e-01
1.816800000000000000e+04 9.851950000000000429e-01
1.819700000000000000e+04 9.807919999999999972e-01
1.822600000000000000e+04 9.767249999999999543e-01
1.825500000000000000e+04 9.732610000000000428e-01
1.828400000000000000e+04 9.707689999999999930e-01
1.831300000000000000e+04 9.697630000000000416e-01
1.834200000000000000e+04 9.699900000000000189e-01
1.837100000000000000e+04 9.711549999999999905e-01
1.840000000000000000e+04 9.730189999999999673e-01
1.842900000000000000e+04 9.758369999999999544e-01
1.845800000000000000e+04 9.792130000000000001e-01
1.848700000000000000e+04 9.826570000000000027e-01
1.851600000000000000e+04 9.855300000000000171e-01
1.854500000000000000e+04 9.875190000000000357e-01
1.857400000000000000e+04 9.884269999999999445e-01
1.860300000000000000e+04 9.884589999999999765e-01
1.863200000000000000e+04 9.876709999999999656e-01
1.866100000000000000e+04 9.861699999999999910e-01
1.869000000000000000e+04 9.839029999999999720e-01
1.871900000000000000e+04 9.810600000000000431e-01
1.874800000000000000e+04 9.781410000000000382e-01
1.877700000000000000e+04 9.743610000000000326e-01
1.880600000000000000e+04 9.715019999999999767e-01
1.883500000000000000e+04 9.683089999999999753e-01
1.886400000000000000e+04 9.655500000000000194e-01
1.889300000000000000e+04 9.625899999999999457e-01
1.892200000000000000e+04 9.589820000000000011e-01
1.895100000000000000e+04 9.548229999999999773e-01
1.898000000000000000e+04 9.476759999999999629e-01
1.900900000000000000e+04 9.391220000000000123e-01
1.903800000000000000e+04 9.257710000000000106e-01
1.906700000000000000e+04 9.103759999999999630e-01
1.909600000000000000e+04 8.928650000000000198e-01
1.912500000000000000e+04 8.702370000000000383e-01
1.915400000000000000e+04 8.478470000000000173e-01
1.918300000000000000e+04 8.266270000000000007e-01
1.921200000000000000e+04 8.082230000000000247e-01
1.924100000000000000e+04 7.972719999999999807e-01
1.927000000000000000e+04 7.886800000000000477e-01
1.929900000000000000e+04 7.811559999999999615e-01
1.932800000000000000e+04 7.724689999999999612e-01
1.935700000000000000e+04 7.615169999999999995e-01
1.938600000000000000e+04 7.484539999999999527e-01
1.941500000000000000e+04 7.310200000000000031e-01
1.944400000000000000e+04 7.097339999999999760e-01
1.947300000000000000e+04 6.816729999999999734e-01
1.950200000000000000e+04 6.455060000000000242e-01
1.953100000000000000e+04 6.005639999999999867e-01
1.956000000000000000e+04 5.514970000000000150e-01
1.958900000000000000e+04 5.021619999999999973e-01
1.961800000000000000e+04 4.565779999999999839e-01
1.964700000000000000e+04 4.182870000000000199e-01
1.967600000000000000e+04 3.826990000000000114e-01
1.970500000000000000e+04 3.502850000000000130e-01
1.973400000000000000e+04 3.205339999999999856e-01
1.976300000000000000e+04 2.881099999999999772e-01
1.979200000000000000e+04 2.569119999999999737e-01
1.982100000000000000e+04 2.283789999999999987e-01
1.985000000000000000e+04 2.014360000000000039e-01
1.987900000000000000e+04 1.798160000000000036e-01
1.990800000000000000e+04 1.637419999999999987e-01
1.993700000000000000e+04 1.511699999999999988e-01
1.996600000000000000e+04 1.355959999999999943e-01
1.999500000000000000e+04 1.210190000000000016e-01
2.002400000000000000e+04 1.070160000000000000e-01
2.005300000000000000e+04 9.365010000000000001e-02
2.008200000000000000e+04 8.340350000000000541e-02
2.011100000000000000e+04 7.398059999999999359e-02
2.014000000000000000e+04 6.796159999999999701e-02
2.016900000000000000e+04 6.331939999999999791e-02
2.019800000000000000e+04 6.065120000000000233e-02
2.022700000000000000e+04 5.966660000000000019e-02
2.025600000000000000e+04 5.919889999999999874e-02
2.028500000000000000e+04 5.771300000000000041e-02
2.031400000000000000e+04 5.542500000000000204e-02
2.034300000000000000e+04 4.678569999999999951e-02
2.037200000000000000e+04 3.678039999999999782e-02
2.040100000000000000e+04 2.590900000000000147e-02
2.043000000000000000e+04 1.503349999999999999e-02
2.045900000000000000e+04 9.182920000000000665e-03
2.048800000000000000e+04 5.490919999999999829e-03
2.051700000000000000e+04 2.904470000000000142e-03
2.054600000000000000e+04 9.760879999999999557e-04
2.057500000000000000e+04 8.643599999999999710e-05
2.060400000000000000e+04 5.420379999999999762e-05
2.063300000000000000e+04 1.175469999999999945e-05
