1.922000000000000000e+03 0.000000000000000000e+00
1.927000000000000000e+03 2.409529999999999951e-06
1.932000000000000000e+03 1.208769999999999948e-05
1.937000000000000000e+03 2.648610000000000040e-05
1.942000000000000000e+03 3.528380000000000259e-05
1.947000000000000000e+03 4.789760000000000030e-05
1.952000000000000000e+03 6.542309999999999369e-05
1.957000000000000000e+03 7.494539999999999568e-05
1.962000000000000000e+03 7.744199999999999478e-05
1.967000000000000000e+03 8.028530000000000193e-05
1.972000000000000000e+03 8.349910000000000155e-05
1.977000000000000000e+03 8.665899999999999818e-05
1.982000000000000000e+03 8.941619999999999950e-05
1.987000000000000000e+03 9.162980000000000148e-05
1.992000000000000000e+03 9.314059999999999386e-05
1.997000000000000000e+03 9.401910000000000248e-05
2.002000000000000000e+03 9.365680000000000088e-05
2.007000000000000000e+03 9.290260000000000054e-05
2.012000000000000000e+03 9.133839999999999949e-05
2.017000000000000000e+03 8.965610000000000376e-05
2.022000000000000000e+03 8.801989999999999391e-05
2.027000000000000000e+03 8.685949999999999737e-05
2.032000000000000000e+03 8.648430000000000136e-05
2.037000000000000000e+03 8.677099999999999982e-05
2.042000000000000000e+03 8.828580000000000097e-05
2.047000000000000000e+03 9.058120000000000613e-05
2.052000000000000000e+03 9.346500000000000045e-05
2.057000000000000000e+03 9.652359999999999857e-05
2.062000000000000000e+03 9.908139999999999634e-05
2.067000000000000000e+03 1.008669999999999950e-04
2.072000000000000000e+03 1.014700000000000026e-04
2.077000000000000000e+03 1.000660000000000004e-04
2.082000000000000000e+03 9.737439999999999388e-05
2.087000000000000000e+03 9.251210000000000488e-05
2.092000000000000000e+03 8.689819999999999413e-05
2.097000000000000000e+03 7.970399999999999447e-05
2.102000000000000000e+03 7.229299999999999377e-05
2.107000000000000000e+03 6.488640000000000271e-05
2.112000000000000000e+03 5.789580000000000225e-05
2.117000000000000000e+03 5.209420000000000007e-05
2.122000000000000000e+03 4.723650000000000082e-05
2.127000000000000000e+03 4.407639999999999697e-05
2.132000000000000000e+03 4.226229999999999684e-05
2.137000000000000000e+03 4.195800000000000045e-05
2.142000000000000000e+03 4.304549999999999978e-05
2.147000000000000000e+03 4.503640000000000133e-05
2.152000000000000000e+03 4.801640000000000330e-05
2.157000000000000000e+03 5.119900000000000227e-05
2.162000000000000000e+03 5.466650000000000253e-05
2.167000000000000000e+03 5.781550000000000236e-05
2.172000000000000000e+03 6.014770000000000012e-05
2.177000000000000000e+03 6.170570000000000113e-05
2.182000000000000000e+03 6.175070000000000493e-05
2.187000000000000000e+03 6.094699999999999770e-05
2.192000000000000000e+03 5.843479999999999828e-05
2.197000000000000000e+03 5.536599999999999812e-05
2.202000000000000000e+03 5.127759999999999843e-05
2.207000000000000000e+03 4.673829999999999939e-05
2.212000000000000000e+03 4.231360000000000091e-05
2.217000000000000000e+03 3.801590000000000307e-05
2.222000000000000000e+03 3.423399999999999783e-05
2.227000000000000000e+03 3.098879999999999712e-05
2.232000000000000000e+03 2.833160000000000162e-05
2.237000000000000000e+03 2.614279999999999981e-05
2.242000000000000000e+03 2.428740000000000060e-05
2.247000000000000000e+03 2.312799999999999947e-05
2.252000000000000000e+03 2.212369999999999962e-05
2.257000000000000000e+03 2.130690000000000093e-05
2.262000000000000000e+03 2.057570000000000021e-05
2.267000000000000000e+03 1.994590000000000159e-05
2.272000000000000000e+03 1.931719999999999862e-05
2.277000000000000000e+03 1.879669999999999911e-05
2.282000000000000000e+03 1.833740000000000166e-05
2.287000000000000000e+03 1.780510000000000000e-05
2.292000000000000000e+03 1.720470000000000148e-05
2.297000000000000000e+03 1.665140000000000120e-05
2.302000000000000000e+03 1.616969999999999868e-05
2.307000000000000000e+03 1.564779999999999950e-05
2.312000000000000000e+03 1.503599999999999970e-05
2.317000000000000000e+03 1.444840000000000044e-05
2.322000000000000000e+03 1.397030000000000074e-05
2.327000000000000000e+03 1.355360000000000013e-05
2.332000000000000000e+03 1.314319999999999979e-05
2.337000000000000000e+03 1.282830000000000049e-05
2.342000000000000000e+03 1.291940000000000034e-05
2.347000000000000000e+03 1.478540000000000077e-05
2.352000000000000000e+03 1.687929999999999948e-05
2.357000000000000000e+03 1.834829999999999846e-05
2.362000000000000000e+03 2.028270000000000149e-05
2.367000000000000000e+03 2.118069999999999865e-05
2.372000000000000000e+03 2.057189999999999865e-05
2.377000000000000000e+03 2.013570000000000103e-05
2.382000000000000000e+03 1.971340000000000001e-05
2.387000000000000000e+03 1.922860000000000086e-05
2.392000000000000000e+03 1.904160000000000078e-05
2.397000000000000000e+03 1.903850000000000076e-05
2.402000000000000000e+03 1.910960000000000081e-05
2.407000000000000000e+03 1.923079999999999890e-05
2.412000000000000000e+03 1.946079999999999840e-05
2.417000000000000000e+03 1.965589999999999929e-05
2.422000000000000000e+03 1.980849999999999847e-05
2.427000000000000000e+03 2.000999999999999985e-05
2.432000000000000000e+03 2.015219999999999994e-05
2.437000000000000000e+03 2.015080000000000026e-05
2.442000000000000000e+03 2.006379999999999923e-05
2.447000000000000000e+03 2.000880000000000060e-05
2.452000000000000000e+03 1.983560000000000030e-05
2.457000000000000000e+03 1.951010000000000146e-05
2.462000000000000000e+03 1.917809999999999854e-05
2.467000000000000000e+03 1.862639999999999839e-05
2.472000000000000000e+03 1.803059999999999979e-05
2.477000000000000000e+03 1.759459999999999922e-05
2.482000000000000000e+03 1.722880000000000011e-05
2.487000000000000000e+03 1.691980000000000019e-05
2.492000000000000000e+03 1.647640000000000034e-05
2.497000000000000000e+03 1.616229999999999940e-05
2.502000000000000000e+03 1.609690000000000169e-05
2.507000000000000000e+03 1.610369999999999966e-05
2.512000000000000000e+03 1.603729999999999975e-05
2.517000000000000000e+03 1.591890000000000102e-05
2.522000000000000000e+03 1.594350000000000075e-05
2.527000000000000000e+03 1.599369999999999901e-05
2.532000000000000000e+03 1.603529999999999875e-05
2.537000000000000000e+03 1.613550000000000162e-05
2.542000000000000000e+03 1.616189999999999852e-05
2.547000000000000000e+03 1.615500000000000033e-05
2.552000000000000000e+03 1.640659999999999975e-05
2.557000000000000000e+03 1.686339999999999850e-05
2.562000000000000000e+03 1.730399999999999899e-05
2.567000000000000000e+03 1.766729999999999939e-05
2.572000000000000000e+03 1.802739999999999955e-05
2.577000000000000000e+03 1.849930000000000091e-05
2.582000000000000000e+03 1.886439999999999848e-05
2.587000000000000000e+03 1.912780000000000006e-05
2.592000000000000000e+03 1.933020000000000002e-05
2.597000000000000000e+03 1.939289999999999859e-05
2.602000000000000000e+03 1.943070000000000016e-05
2.607000000000000000e+03 1.944729999999999929e-05
2.612000000000000000e+03 1.945890000000000101e-05
2.617000000000000000e+03 1.946990000000000141e-05
2.622000000000000000e+03 1.948139999999999952e-05
2.627000000000000000e+03 1.949329999999999851e-05
2.632000000000000000e+03 1.957099999999999948e-05
2.637000000000000000e+03 1.981240000000000025e-05
2.642000000000000000e+03 2.011299999999999869e-05
2.647000000000000000e+03 2.063529999999999876e-05
2.652000000000000000e+03 2.134929999999999903e-05
2.657000000000000000e+03 2.205010000000000086e-05
2.662000000000000000e+03 2.275549999999999922e-05
2.667000000000000000e+03 2.367489999999999927e-05
2.672000000000000000e+03 2.479849999999999982e-05
2.677000000000000000e+03 2.593770000000000071e-05
2.682000000000000000e+03 2.711289999999999921e-05
2.687000000000000000e+03 2.832490000000000048e-05
2.692000000000000000e+03 2.966000000000000063e-05
2.697000000000000000e+03 3.126719999999999771e-05
2.702000000000000000e+03 3.296250000000000162e-05
2.707000000000000000e+03 3.485930000000000013e-05
2.712000000000000000e+03 3.706129999999999700e-05
2.717000000000000000e+03 3.954160000000000102e-05
2.722000000000000000e+03 4.244640000000000072e-05
2.727000000000000000e+03 4.562060000000000160e-05
2.732000000000000000e+03 4.912810000000000148e-05
2.737000000000000000e+03 5.308070000000000155e-05
2.742000000000000000e+03 5.751870000000000209e-05
2.747000000000000000e+03 6.234819999999999371e-05
2.752000000000000000e+03 6.791330000000000587e-05
2.757000000000000000e+03 7.416090000000000345e-05
2.762000000000000000e+03 8.142569999999999528e-05
2.767000000000000000e+03 8.987400000000000044e-05
2.772000000000000000e+03 9.971950000000000638e-05
2.777000000000000000e+03 1.108030000000000028e-04
2.782000000000000000e+03 1.237939999999999874e-04
2.787000000000000000e+03 1.387240000000000088e-04
2.792000000000000000e+03 1.560079999999999876e-04
2.797000000000000000e+03 1.757399999999999945e-04
2.802000000000000000e+03 1.988210000000000129e-04
2.807000000000000000e+03 2.252599999999999947e-04
2.812000000000000000e+03 2.559470000000000213e-04
2.817000000000000000e+03 2.911069999999999760e-04
2.822000000000000000e+03 3.321919999999999799e-04
2.827000000000000000e+03 3.821170000000000144e-04
2.832000000000000000e+03 5.742190000000000532e-04
2.837000000000000000e+03 8.501739999999999818e-04
2.842000000000000000e+03 1.149779999999999986e-03
2.847000000000000000e+03 1.472690000000000023e-03
2.852000000000000000e+03 1.970609999999999810e-03
2.857000000000000000e+03 2.782100000000000024e-03
2.862000000000000000e+03 3.790659999999999950e-03
2.867000000000000000e+03 5.099799999999999819e-03
2.872000000000000000e+03 6.502919999999999708e-03
2.877000000000000000e+03 8.233849999999999156e-03
2.882000000000000000e+03 1.012489999999999918e-02
2.887000000000000000e+03 1.247189999999999931e-02
2.892000000000000000e+03 1.505760000000000084e-02
2.897000000000000000e+03 1.792519999999999877e-02
2.902000000000000000e+03 2.100230000000000152e-02
2.907000000000000000e+03 2.438749999999999946e-02
2.912000000000000000e+03 2.807629999999999848e-02
2.917000000000000000e+03 3.191809999999999786e-02
2.922000000000000000e+03 3.615890000000000076e-02
2.927000000000000000e+03 4.079819999999999974e-02
2.932000000000000000e+03 4.572589999999999988e-02
2.937000000000000000e+03 5.101150000000000129e-02
2.942000000000000000e+03 5.674080000000000096e-02
2.947000000000000000e+03 6.295770000000000532e-02
2.952000000000000000e+03 6.959250000000000158e-02
2.957000000000000000e+03 7.677720000000000378e-02
2.962000000000000000e+03 8.436699999999999755e-02
2.967000000000000000e+03 9.237819999999999365e-02
2.972000000000000000e+03 1.007350000000000051e-01
2.977000000000000000e+03 1.094379999999999936e-01
2.982000000000000000e+03 1.184370000000000006e-01
2.987000000000000000e+03 1.276150000000000062e-01
2.992000000000000000e+03 1.370159999999999989e-01
2.997000000000000000e+03 1.464370000000000116e-01
3.002000000000000000e+03 1.557409999999999906e-01
3.007000000000000000e+03 1.648670000000000135e-01
3.012000000000000000e+03 1.736550000000000038e-01
3.017000000000000000e+03 1.821889999999999898e-01
3.022000000000000000e+03 1.901980000000000059e-01
3.027000000000000000e+03 1.977599999999999913e-01
3.032000000000000000e+03 2.045099999999999973e-01
3.037000000000000000e+03 2.106099999999999917e-01
3.042000000000000000e+03 2.157850000000000046e-01
3.047000000000000000e+03 2.201410000000000033e-01
3.052000000000000000e+03 2.234919999999999962e-01
3.057000000000000000e+03 2.259790000000000132e-01
3.062000000000000000e+03 2.274859999999999938e-01
3.067000000000000000e+03 2.280999999999999972e-01
3.072000000000000000e+03 2.287069999999999936e-01
3.077000000000000000e+03 2.288389999999999869e-01
3.082000000000000000e+03 2.287369999999999959e-01
3.087000000000000000e+03 2.289299999999999946e-01
3.092000000000000000e+03 2.292980000000000018e-01
3.097000000000000000e+03 2.298149999999999915e-01
3.102000000000000000e+03 2.304779999999999884e-01
3.107000000000000000e+03 2.311120000000000119e-01
3.112000000000000000e+03 2.315689999999999971e-01
3.117000000000000000e+03 2.320659999999999945e-01
3.122000000000000000e+03 2.325899999999999912e-01
3.127000000000000000e+03 2.333490000000000009e-01
3.132000000000000000e+03 2.341469999999999940e-01
3.137000000000000000e+03 2.349360000000000059e-01
3.142000000000000000e+03 2.358290000000000108e-01
3.147000000000000000e+03 2.367249999999999910e-01
3.152000000000000000e+03 2.375839999999999896e-01
3.157000000000000000e+03 2.382859999999999978e-01
3.162000000000000000e+03 2.389519999999999977e-01
3.167000000000000000e+03 2.398119999999999974e-01
3.172000000000000000e+03 2.409940000000000138e-01
3.177000000000000000e+03 2.423990000000000034e-01
3.182000000000000000e+03 2.444840000000000069e-01
3.187000000000000000e+03 2.473390000000000033e-01
3.192000000000000000e+03 2.522570000000000090e-01
3.197000000000000000e+03 2.591749999999999887e-01
3.202000000000000000e+03 2.709389999999999854e-01
3.207000000000000000e+03 2.879550000000000165e-01
3.212000000000000000e+03 3.131769999999999832e-01
3.217000000000000000e+03 3.472939999999999916e-01
3.222000000000000000e+03 3.903220000000000023e-01
3.227000000000000000e+03 4.410519999999999996e-01
3.232000000000000000e+03 4.984350000000000169e-01
3.237000000000000000e+03 5.567269999999999719e-01
3.242000000000000000e+03 6.179630000000000400e-01
3.247000000000000000e+03 6.750660000000000549e-01
3.252000000000000000e+03 7.349440000000000417e-01
3.257000000000000000e+03 7.929810000000000469e-01
3.262000000000000000e+03 8.407670000000000421e-01
3.267000000000000000e+03 8.840670000000000472e-01
3.272000000000000000e+03 9.155280000000000085e-01
3.277000000000000000e+03 9.400560000000000027e-01
3.282000000000000000e+03 9.569450000000000456e-01
3.287000000000000000e+03 9.672619999999999552e-01
3.292000000000000000e+03 9.767519999999999536e-01
3.297000000000000000e+03 9.850480000000000347e-01
3.302000000000000000e+03 9.915540000000000465e-01
3.307000000000000000e+03 9.953589999999999938e-01
3.312000000000000000e+03 9.976620000000000488e-01
3.317000000000000000e+03 9.991980000000000306e-01
3.322000000000000000e+03 1.000000000000000000e+00
3.327000000000000000e+03 9.979820000000000357e-01
3.332000000000000000e+03 9.962769999999999682e-01
3.337000000000000000e+03 9.953349999999999698e-01
3.342000000000000000e+03 9.951419999999999710e-01
3.347000000000000000e+03 9.940830000000000499e-01
3.352000000000000000e+03 9.905040000000000511e-01
3.357000000000000000e+03 9.848440000000000527e-01
3.362000000000000000e+03 9.732680000000000220e-01
3.367000000000000000e+03 9.538309999999999844e-01
3.372000000000000000e+03 9.231160000000000476e-01
3.377000000000000000e+03 8.814769999999999550e-01
3.382000000000000000e+03 8.258990000000000498e-01
3.387000000000000000e+03 7.629200000000000426e-01
3.392000000000000000e+03 6.922669999999999657e-01
3.397000000000000000e+03 6.222349999999999826e-01
3.402000000000000000e+03 5.518269999999999564e-01
3.407000000000000000e+03 4.871309999999999807e-01
3.412000000000000000e+03 4.298500000000000099e-01
3.417000000000000000e+03 3.800189999999999957e-01
3.422000000000000000e+03 3.413519999999999888e-01
3.427000000000000000e+03 3.092309999999999781e-01
3.432000000000000000e+03 2.885340000000000127e-01
3.437000000000000000e+03 2.743579999999999908e-01
3.442000000000000000e+03 2.647889999999999966e-01
3.447000000000000000e+03 2.579620000000000246e-01
3.452000000000000000e+03 2.529600000000000182e-01
3.457000000000000000e+03 2.484870000000000134e-01
3.462000000000000000e+03 2.444550000000000056e-01
3.467000000000000000e+03 2.416190000000000004e-01
3.472000000000000000e+03 2.388770000000000060e-01
3.477000000000000000e+03 2.360240000000000116e-01
3.482000000000000000e+03 2.333340000000000136e-01
3.487000000000000000e+03 2.310059999999999891e-01
3.492000000000000000e+03 2.288060000000000094e-01
3.497000000000000000e+03 2.265479999999999994e-01
3.502000000000000000e+03 2.242339999999999889e-01
3.507000000000000000e+03 2.220669999999999866e-01
3.512000000000000000e+03 2.199440000000000006e-01
3.517000000000000000e+03 2.178319999999999979e-01
3.522000000000000000e+03 2.156740000000000046e-01
3.527000000000000000e+03 2.135340000000000016e-01
3.532000000000000000e+03 2.113420000000000021e-01
3.537000000000000000e+03 2.091330000000000133e-01
3.542000000000000000e+03 2.068869999999999876e-01
3.547000000000000000e+03 2.045710000000000028e-01
3.552000000000000000e+03 2.023449999999999971e-01
3.557000000000000000e+03 2.000830000000000108e-01
3.562000000000000000e+03 1.977869999999999906e-01
3.567000000000000000e+03 1.953300000000000036e-01
3.572000000000000000e+03 1.928640000000000077e-01
3.577000000000000000e+03 1.902330000000000132e-01
3.582000000000000000e+03 1.873440000000000105e-01
3.587000000000000000e+03 1.842840000000000034e-01
3.592000000000000000e+03 1.805100000000000038e-01
3.597000000000000000e+03 1.763770000000000060e-01
3.602000000000000000e+03 1.714189999999999880e-01
3.607000000000000000e+03 1.657250000000000112e-01
3.612000000000000000e+03 1.594069999999999931e-01
3.617000000000000000e+03 1.521270000000000122e-01
3.622000000000000000e+03 1.444380000000000108e-01
3.627000000000000000e+03 1.357200000000000073e-01
3.632000000000000000e+03 1.266950000000000021e-01
3.637000000000000000e+03 1.170039999999999969e-01
3.642000000000000000e+03 1.070770000000000055e-01
3.647000000000000000e+03 9.687959999999999627e-02
3.652000000000000000e+03 8.660550000000000193e-02
3.657000000000000000e+03 7.678490000000000315e-02
3.662000000000000000e+03 6.719150000000000122e-02
3.667000000000000000e+03 5.836179999999999840e-02
3.672000000000000000e+03 4.997229999999999728e-02
3.677000000000000000e+03 4.245360000000000106e-02
3.682000000000000000e+03 3.569769999999999888e-02
3.687000000000000000e+03 2.975679999999999992e-02
3.692000000000000000e+03 2.470579999999999998e-02
3.697000000000000000e+03 2.034359999999999988e-02
3.702000000000000000e+03 1.682820000000000149e-02
3.707000000000000000e+03 1.381600000000000016e-02
3.712000000000000000e+03 1.147190000000000015e-02
3.717000000000000000e+03 9.494799999999999421e-03
3.722000000000000000e+03 7.951059999999999378e-03
3.727000000000000000e+03 6.625790000000000325e-03
3.732000000000000000e+03 5.578500000000000125e-03
3.737000000000000000e+03 4.703869999999999753e-03
3.742000000000000000e+03 4.008730000000000279e-03
3.747000000000000000e+03 3.395940000000000070e-03
3.752000000000000000e+03 2.822449999999999785e-03
3.757000000000000000e+03 2.314619999999999872e-03
3.762000000000000000e+03 1.982119999999999976e-03
3.767000000000000000e+03 1.724220000000000049e-03
3.772000000000000000e+03 1.511130000000000069e-03
3.777000000000000000e+03 1.319260000000000051e-03
3.782000000000000000e+03 1.087029999999999897e-03
3.787000000000000000e+03 8.449399999999999706e-04
3.792000000000000000e+03 6.373649999999999802e-04
3.797000000000000000e+03 4.431190000000000107e-04
3.802000000000000000e+03 3.402209999999999805e-04
3.807000000000000000e+03 3.124520000000000097e-04
3.812000000000000000e+03 2.751969999999999742e-04
3.817000000000000000e+03 2.443109999999999856e-04
3.822000000000000000e+03 2.317499999999999953e-04
3.827000000000000000e+03 2.212679999999999964e-04
3.832000000000000000e+03 2.104300000000000029e-04
3.837000000000000000e+03 2.000240000000000080e-04
3.842000000000000000e+03 1.903030000000000108e-04
3.847000000000000000e+03 1.802580000000000078e-04
3.852000000000000000e+03 1.566569999999999877e-04
3.857000000000000000e+03 1.201730000000000029e-04
3.862000000000000000e+03 9.283700000000000578e-05
3.867000000000000000e+03 8.427130000000000070e-05
3.872000000000000000e+03 6.697230000000000251e-05
3.877000000000000000e+03 4.545090000000000219e-05
3.882000000000000000e+03 3.720320000000000322e-05
3.887000000000000000e+03 3.673540000000000068e-05
3.892000000000000000e+03 3.640659999999999800e-05
3.897000000000000000e+03 3.613849999999999967e-05
3.902000000000000000e+03 3.580089999999999802e-05
3.907000000000000000e+03 3.547260000000000322e-05
3.912000000000000000e+03 3.525500000000000042e-05
3.917000000000000000e+03 3.513419999999999982e-05
3.922000000000000000e+03 3.517500000000000119e-05
3.927000000000000000e+03 3.524990000000000279e-05
3.932000000000000000e+03 3.531279999999999841e-05
3.937000000000000000e+03 3.537850000000000017e-05
3.942000000000000000e+03 3.539820000000000271e-05
3.947000000000000000e+03 3.548599999999999872e-05
3.952000000000000000e+03 3.560049999999999906e-05
3.957000000000000000e+03 3.577460000000000134e-05
3.962000000000000000e+03 3.590430000000000113e-05
3.967000000000000000e+03 3.588310000000000208e-05
3.972000000000000000e+03 3.582029999999999991e-05
3.977000000000000000e+03 3.571950000000000250e-05
3.982000000000000000e+03 3.548949999999999962e-05
3.987000000000000000e+03 3.520280000000000116e-05
3.992000000000000000e+03 3.433120000000000090e-05
3.997000000000000000e+03 3.318369999999999876e-05
4.002000000000000000e+03 3.240390000000000327e-05
4.007000000000000000e+03 3.153059999999999929e-05
4.012000000000000000e+03 3.094390000000000031e-05
4.017000000000000000e+03 3.091630000000000078e-05
4.022000000000000000e+03 3.101810000000000038e-05
4.027000000000000000e+03 3.090569999999999787e-05
4.032000000000000000e+03 3.008980000000000115e-05
4.037000000000000000e+03 3.024789999999999884e-05
4.042000000000000000e+03 3.145800000000000272e-05
4.047000000000000000e+03 3.243559999999999824e-05
4.052000000000000000e+03 3.338940000000000256e-05
4.057000000000000000e+03 3.404529999999999742e-05
4.062000000000000000e+03 3.529320000000000287e-05
4.067000000000000000e+03 3.679420000000000086e-05
4.072000000000000000e+03 3.825680000000000275e-05
4.077000000000000000e+03 3.965189999999999893e-05
4.082000000000000000e+03 4.041179999999999821e-05
4.087000000000000000e+03 4.077140000000000066e-05
4.092000000000000000e+03 4.104189999999999748e-05
4.097000000000000000e+03 4.134400000000000260e-05
4.102000000000000000e+03 4.182029999999999667e-05
4.107000000000000000e+03 4.236310000000000103e-05
4.112000000000000000e+03 4.291839999999999891e-05
4.117000000000000000e+03 4.338890000000000059e-05
4.122000000000000000e+03 4.378669999999999871e-05
4.127000000000000000e+03 4.428560000000000168e-05
4.132000000000000000e+03 4.486149999999999730e-05
4.137000000000000000e+03 4.555379999999999743e-05
4.142000000000000000e+03 4.627439999999999863e-05
4.147000000000000000e+03 4.685650000000000107e-05
4.152000000000000000e+03 4.730480000000000150e-05
4.157000000000000000e+03 4.767500000000000009e-05
4.162000000000000000e+03 4.804100000000000303e-05
4.167000000000000000e+03 4.848439999999999949e-05
4.172000000000000000e+03 4.890560000000000149e-05
4.177000000000000000e+03 4.928020000000000295e-05
4.182000000000000000e+03 4.953360000000000293e-05
4.187000000000000000e+03 4.966040000000000314e-05
4.192000000000000000e+03 4.985619999999999879e-05
4.197000000000000000e+03 5.014099999999999986e-05
4.202000000000000000e+03 5.055970000000000315e-05
4.207000000000000000e+03 5.100809999999999703e-05
4.212000000000000000e+03 5.131340000000000239e-05
4.217000000000000000e+03 5.162949999999999755e-05
4.222000000000000000e+03 5.192029999999999822e-05
4.227000000000000000e+03 5.226369999999999904e-05
4.232000000000000000e+03 5.276910000000000270e-05
4.237000000000000000e+03 5.322600000000000166e-05
4.242000000000000000e+03 5.371839999999999715e-05
4.247000000000000000e+03 5.419010000000000146e-05
4.252000000000000000e+03 5.469559999999999857e-05
4.257000000000000000e+03 5.529769999999999743e-05
4.262000000000000000e+03 5.581109999999999831e-05
4.267000000000000000e+03 5.609080000000000175e-05
4.272000000000000000e+03 5.627439999999999775e-05
4.277000000000000000e+03 5.632290000000000246e-05
4.282000000000000000e+03 5.629190000000000224e-05
4.287000000000000000e+03 5.649830000000000081e-05
4.292000000000000000e+03 5.686779999999999786e-05
4.297000000000000000e+03 5.724720000000000308e-05
4.302000000000000000e+03 5.755270000000000210e-05
4.307000000000000000e+03 5.324700000000000028e-05
4.312000000000000000e+03 4.611470000000000082e-05
4.317000000000000000e+03 4.172990000000000174e-05
4.322000000000000000e+03 3.560120000000000060e-05
4.327000000000000000e+03 2.957490000000000037e-05
4.332000000000000000e+03 2.875969999999999842e-05
4.337000000000000000e+03 2.891260000000000165e-05
4.342000000000000000e+03 2.815239999999999832e-05
4.347000000000000000e+03 2.030590000000000154e-05
4.352000000000000000e+03 7.341449999999999819e-06
4.357000000000000000e+03 4.881509999999999617e-07
