1.300000000000000000e+03 0.000000000000000000e+00
1.303000000000000000e+03 2.184839999999999871e-10
1.306000000000000000e+03 6.791450000000000365e-10
1.309000000000000000e+03 1.139810000000000017e-09
1.312000000000000000e+03 1.082279999999999906e-09
1.315000000000000000e+03 6.216569999999999761e-10
1.318000000000000000e+03 1.610320000000000029e-10
1.321000000000000000e+03 1.461430000000000115e-13
1.324000000000000000e+03 1.800069999999999922e-13
1.327000000000000000e+03 2.138090000000000031e-13
1.330000000000000000e+03 2.458270000000000086e-13
1.333000000000000000e+03 2.771080000000000245e-13
1.336000000000000000e+03 3.083039999999999957e-13
1.339000000000000000e+03 3.383590000000000126e-13
1.342000000000000000e+03 3.680560000000000122e-13
1.345000000000000000e+03 3.976610000000000158e-13
1.348000000000000000e+03 4.264329999999999966e-13
1.351000000000000000e+03 4.550179999999999702e-13
1.354000000000000000e+03 4.835049999999999678e-13
1.357000000000000000e+03 5.113209999999999576e-13
1.360000000000000000e+03 5.390420000000000370e-13
1.363000000000000000e+03 5.666439999999999834e-13
1.366000000000000000e+03 5.937310000000000073e-13
1.369000000000000000e+03 6.207620000000000160e-13
1.372000000000000000e+03 6.492380000000000251e-13
1.375000000000000000e+03 6.822029999999999760e-13
1.378000000000000000e+03 7.154890000000000424e-13
1.381000000000000000e+03 5.470600000000000030e-08
1.384000000000000000e+03 2.393689999999999777e-07
1.387000000000000000e+03 4.281409999999999955e-07
1.390000000000000000e+03 6.413369999999999677e-07
1.393000000000000000e+03 8.986699999999999864e-07
1.396000000000000000e+03 1.156000000000000028e-06
1.399000000000000000e+03 1.389319999999999897e-06
1.402000000000000000e+03 1.592600000000000007e-06
1.405000000000000000e+03 1.795889999999999970e-06
1.408000000000000000e+03 2.019890000000000070e-06
1.411000000000000000e+03 2.262069999999999926e-06
1.414000000000000000e+03 2.504250000000000206e-06
1.417000000000000000e+03 2.760700000000000097e-06
1.420000000000000000e+03 3.025859999999999859e-06
1.423000000000000000e+03 3.291470000000000184e-06
1.426000000000000000e+03 3.578680000000000014e-06
1.429000000000000000e+03 3.875560000000000380e-06
1.432000000000000000e+03 4.183959999999999833e-06
1.435000000000000000e+03 4.680309999999999748e-06
1.438000000000000000e+03 5.241860000000000326e-06
1.441000000000000000e+03 5.805590000000000094e-06
1.444000000000000000e+03 6.391480000000000002e-06
1.447000000000000000e+03 6.982980000000000183e-06
1.450000000000000000e+03 7.536470000000000198e-06
1.453000000000000000e+03 7.804229999999999308e-06
1.456000000000000000e+03 8.024160000000000775e-06
1.459000000000000000e+03 8.247550000000000343e-06
1.462000000000000000e+03 8.488090000000000245e-06
1.465000000000000000e+03 8.730690000000000260e-06
1.468000000000000000e+03 8.972019999999999524e-06
1.471000000000000000e+03 9.208960000000000003e-06
1.474000000000000000e+03 9.445540000000000709e-06
1.477000000000000000e+03 9.679479999999999692e-06
1.480000000000000000e+03 9.906599999999999307e-06
1.483000000000000000e+03 1.013340000000000025e-05
1.486000000000000000e+03 1.038060000000000019e-05
1.489000000000000000e+03 1.066939999999999986e-05
1.492000000000000000e+03 1.095829999999999976e-05
1.495000000000000000e+03 1.124159999999999923e-05
1.498000000000000000e+03 1.151679999999999958e-05
1.501000000000000000e+03 1.179210000000000014e-05
1.504000000000000000e+03 1.206769999999999967e-05
1.507000000000000000e+03 1.234359999999999986e-05
1.510000000000000000e+03 1.261950000000000005e-05
1.513000000000000000e+03 1.293899999999999928e-05
1.516000000000000000e+03 1.328860000000000013e-05
1.519000000000000000e+03 1.363870000000000039e-05
1.522000000000000000e+03 1.405670000000000045e-05
1.525000000000000000e+03 1.450749999999999959e-05
1.528000000000000000e+03 1.495770000000000080e-05
1.531000000000000000e+03 1.539340000000000071e-05
1.534000000000000000e+03 1.582379999999999917e-05
1.537000000000000000e+03 1.626579999999999934e-05
1.540000000000000000e+03 1.684389999999999979e-05
1.543000000000000000e+03 1.746070000000000038e-05
1.546000000000000000e+03 1.813800000000000151e-05
1.549000000000000000e+03 1.931320000000000001e-05
1.552000000000000000e+03 2.058579999999999864e-05
1.555000000000000000e+03 2.161590000000000085e-05
1.558000000000000000e+03 2.124089999999999851e-05
1.561000000000000000e+03 2.068189999999999929e-05
1.564000000000000000e+03 2.009890000000000165e-05
1.567000000000000000e+03 1.942369999999999836e-05
1.570000000000000000e+03 1.873949999999999905e-05
1.573000000000000000e+03 1.797830000000000031e-05
1.576000000000000000e+03 1.699900000000000106e-05
1.579000000000000000e+03 1.600680000000000063e-05
1.582000000000000000e+03 1.473859999999999980e-05
1.585000000000000000e+03 1.286349999999999974e-05
1.588000000000000000e+03 1.097749999999999951e-05
1.591000000000000000e+03 9.789109999999999861e-06
1.594000000000000000e+03 9.716769999999999466e-06
1.597000000000000000e+03 9.644439999999999770e-06
1.600000000000000000e+03 9.567640000000000777e-06
1.603000000000000000e+03 9.485869999999999694e-06
1.606000000000000000e+03 9.404109999999999312e-06
1.609000000000000000e+03 9.352710000000000109e-06
1.612000000000000000e+03 9.325060000000000467e-06
1.615000000000000000e+03 9.297419999999999830e-06
1.618000000000000000e+03 9.232489999999999420e-06
1.621000000000000000e+03 9.147410000000000567e-06
1.624000000000000000e+03 9.063740000000000400e-06
1.627000000000000000e+03 9.020930000000000720e-06
1.630000000000000000e+03 8.995060000000000238e-06
1.633000000000000000e+03 8.973540000000000824e-06
1.636000000000000000e+03 9.011199999999999375e-06
1.639000000000000000e+03 9.067549999999999268e-06
1.642000000000000000e+03 9.119700000000000115e-06
1.645000000000000000e+03 9.133619999999999806e-06
1.648000000000000000e+03 9.138949999999999973e-06
1.651000000000000000e+03 9.154890000000000366e-06
1.654000000000000000e+03 9.244089999999999444e-06
1.657000000000000000e+03 9.343700000000000004e-06
1.660000000000000000e+03 9.461150000000000039e-06
1.663000000000000000e+03 9.656449999999999677e-06
1.666000000000000000e+03 9.860190000000000203e-06
1.669000000000000000e+03 1.007139999999999983e-05
1.672000000000000000e+03 1.030570000000000028e-05
1.675000000000000000e+03 1.054169999999999938e-05
1.678000000000000000e+03 1.084030000000000021e-05
1.681000000000000000e+03 1.128780000000000058e-05
1.684000000000000000e+03 1.174019999999999984e-05
1.687000000000000000e+03 1.223679999999999946e-05
1.690000000000000000e+03 1.281399999999999963e-05
1.693000000000000000e+03 1.339160000000000067e-05
1.696000000000000000e+03 1.407629999999999938e-05
1.699000000000000000e+03 1.489549999999999994e-05
1.702000000000000000e+03 1.571460000000000028e-05
1.705000000000000000e+03 1.680979999999999955e-05
1.708000000000000000e+03 1.814899999999999852e-05
1.711000000000000000e+03 1.948820000000000088e-05
1.714000000000000000e+03 2.125570000000000047e-05
1.717000000000000000e+03 2.328669999999999848e-05
1.720000000000000000e+03 2.533330000000000019e-05
1.723000000000000000e+03 2.816179999999999861e-05
1.726000000000000000e+03 3.134199999999999909e-05
1.729000000000000000e+03 3.460489999999999796e-05
1.732000000000000000e+03 3.922960000000000130e-05
1.735000000000000000e+03 4.432880000000000154e-05
1.738000000000000000e+03 4.969140000000000335e-05
1.741000000000000000e+03 5.774189999999999683e-05
1.744000000000000000e+03 6.647770000000000220e-05
1.747000000000000000e+03 7.613620000000000468e-05
1.750000000000000000e+03 9.275700000000000655e-05
1.753000000000000000e+03 1.105519999999999946e-04
1.756000000000000000e+03 1.311429999999999877e-04
1.759000000000000000e+03 1.657279999999999962e-04
1.762000000000000000e+03 2.019939999999999908e-04
1.765000000000000000e+03 2.458930000000000122e-04
1.768000000000000000e+03 3.162470000000000233e-04
1.771000000000000000e+03 3.888370000000000042e-04
1.774000000000000000e+03 4.806850000000000098e-04
1.777000000000000000e+03 6.225669999999999772e-04
1.780000000000000000e+03 7.667540000000000249e-04
1.783000000000000000e+03 9.460469999999999904e-04
1.786000000000000000e+03 1.197050000000000067e-03
1.789000000000000000e+03 1.448349999999999941e-03
1.792000000000000000e+03 1.752520000000000033e-03
1.795000000000000000e+03 2.132030000000000036e-03
1.798000000000000000e+03 2.511619999999999998e-03
1.801000000000000000e+03 2.948559999999999810e-03
1.804000000000000000e+03 3.442580000000000206e-03
1.807000000000000000e+03 3.936900000000000122e-03
1.810000000000000000e+03 4.450899999999999822e-03
1.813000000000000000e+03 4.978589999999999752e-03
1.816000000000000000e+03 5.506149999999999586e-03
1.819000000000000000e+03 5.994170000000000054e-03
1.822000000000000000e+03 6.462850000000000018e-03
1.825000000000000000e+03 6.927179999999999796e-03
1.828000000000000000e+03 7.300150000000000042e-03
1.831000000000000000e+03 7.638650000000000301e-03
1.834000000000000000e+03 7.976459999999999453e-03
1.837000000000000000e+03 8.312170000000000669e-03
1.840000000000000000e+03 8.651509999999999409e-03
1.843000000000000000e+03 8.992009999999999934e-03
1.846000000000000000e+03 9.262340000000000850e-03
1.849000000000000000e+03 9.581839999999999455e-03
1.852000000000000000e+03 1.003380000000000070e-02
1.855000000000000000e+03 1.047939999999999983e-02
1.858000000000000000e+03 1.102850000000000011e-02
1.861000000000000000e+03 1.160440000000000083e-02
1.864000000000000000e+03 1.227400000000000019e-02
1.867000000000000000e+03 1.296530000000000078e-02
1.870000000000000000e+03 1.366209999999999994e-02
1.873000000000000000e+03 1.439849999999999984e-02
1.876000000000000000e+03 1.517540000000000035e-02
1.879000000000000000e+03 1.594090000000000090e-02
1.882000000000000000e+03 1.678920000000000065e-02
1.885000000000000000e+03 1.764819999999999930e-02
1.888000000000000000e+03 1.851629999999999943e-02
1.891000000000000000e+03 1.936119999999999855e-02
1.894000000000000000e+03 2.030289999999999873e-02
1.897000000000000000e+03 2.139200000000000129e-02
1.900000000000000000e+03 2.259009999999999838e-02
1.903000000000000000e+03 2.393369999999999873e-02
1.906000000000000000e+03 2.541809999999999903e-02
1.909000000000000000e+03 2.705269999999999897e-02
1.912000000000000000e+03 2.874070000000000097e-02
1.915000000000000000e+03 3.070410000000000153e-02
1.918000000000000000e+03 3.283830000000000082e-02
1.921000000000000000e+03 3.518879999999999925e-02
1.924000000000000000e+03 3.766789999999999722e-02
1.927000000000000000e+03 4.031969999999999998e-02
1.930000000000000000e+03 4.305710000000000093e-02
1.933000000000000000e+03 4.584819999999999868e-02
1.936000000000000000e+03 4.868639999999999773e-02
1.939000000000000000e+03 5.158019999999999966e-02
1.942000000000000000e+03 5.446059999999999790e-02
1.945000000000000000e+03 5.729240000000000027e-02
1.948000000000000000e+03 6.009110000000000146e-02
1.951000000000000000e+03 6.277449999999999697e-02
1.954000000000000000e+03 6.537660000000000693e-02
1.957000000000000000e+03 6.780079999999999441e-02
1.960000000000000000e+03 7.011789999999999690e-02
1.963000000000000000e+03 7.225239999999999441e-02
1.966000000000000000e+03 7.428849999999999343e-02
1.969000000000000000e+03 7.616749999999999909e-02
1.972000000000000000e+03 7.793509999999999327e-02
1.975000000000000000e+03 7.956190000000000484e-02
1.978000000000000000e+03 8.112529999999999741e-02
1.981000000000000000e+03 8.252460000000000351e-02
1.984000000000000000e+03 8.385810000000000486e-02
1.987000000000000000e+03 8.505699999999999372e-02
1.990000000000000000e+03 8.622409999999999797e-02
1.993000000000000000e+03 8.742619999999999558e-02
1.996000000000000000e+03 8.861769999999999370e-02
1.999000000000000000e+03 8.975869999999999682e-02
2.002000000000000000e+03 9.083299999999999708e-02
2.005000000000000000e+03 9.182139999999999747e-02
2.008000000000000000e+03 9.278619999999999923e-02
2.011000000000000000e+03 9.362750000000000239e-02
2.014000000000000000e+03 9.443740000000000467e-02
2.017000000000000000e+03 9.527589999999999670e-02
2.020000000000000000e+03 9.604329999999999812e-02
2.023000000000000000e+03 9.671369999999999967e-02
2.026000000000000000e+03 9.734009999999999885e-02
2.029000000000000000e+03 9.791679999999999828e-02
2.032000000000000000e+03 9.846850000000000047e-02
2.035000000000000000e+03 9.901379999999999904e-02
2.038000000000000000e+03 9.950720000000000398e-02
2.041000000000000000e+03 9.995429999999999593e-02
2.044000000000000000e+03 1.003860000000000030e-01
2.047000000000000000e+03 1.008290000000000020e-01
2.050000000000000000e+03 1.013740000000000058e-01
2.053000000000000000e+03 1.019779999999999992e-01
2.056000000000000000e+03 1.027480000000000060e-01
2.059000000000000000e+03 1.036679999999999963e-01
2.062000000000000000e+03 1.047489999999999949e-01
2.065000000000000000e+03 1.060190000000000021e-01
2.068000000000000000e+03 1.080389999999999961e-01
2.071000000000000000e+03 1.107120000000000049e-01
2.074000000000000000e+03 1.149540000000000006e-01
2.077000000000000000e+03 1.218479999999999980e-01
2.080000000000000000e+03 1.307099999999999929e-01
2.083000000000000000e+03 1.448969999999999980e-01
2.086000000000000000e+03 1.624460000000000071e-01
2.089000000000000000e+03 1.840779999999999916e-01
2.092000000000000000e+03 2.106790000000000052e-01
2.095000000000000000e+03 2.401820000000000066e-01
2.098000000000000000e+03 2.721930000000000183e-01
2.101000000000000000e+03 3.098230000000000151e-01
2.104000000000000000e+03 3.467520000000000047e-01
2.107000000000000000e+03 3.912820000000000187e-01
2.110000000000000000e+03 4.351780000000000093e-01
2.113000000000000000e+03 4.859140000000000126e-01
2.116000000000000000e+03 5.394109999999999738e-01
2.119000000000000000e+03 5.966089999999999449e-01
2.122000000000000000e+03 6.569270000000000387e-01
2.125000000000000000e+03 7.182330000000000103e-01
2.128000000000000000e+03 7.768140000000000045e-01
2.131000000000000000e+03 8.305670000000000552e-01
2.134000000000000000e+03 8.788960000000000106e-01
2.137000000000000000e+03 9.159129999999999772e-01
2.140000000000000000e+03 9.437240000000000073e-01
2.143000000000000000e+03 9.629250000000000309e-01
2.146000000000000000e+03 9.738879999999999759e-01
2.149000000000000000e+03 9.809839999999999671e-01
2.152000000000000000e+03 9.852530000000000454e-01
2.155000000000000000e+03 9.885380000000000278e-01
2.158000000000000000e+03 9.910349999999999993e-01
2.161000000000000000e+03 9.934479999999999977e-01
2.164000000000000000e+03 9.965779999999999639e-01
2.167000000000000000e+03 9.988099999999999756e-01
2.170000000000000000e+03 1.000000000000000000e+00
2.173000000000000000e+03 9.998120000000000340e-01
2.176000000000000000e+03 9.978820000000000467e-01
2.179000000000000000e+03 9.918420000000000014e-01
2.182000000000000000e+03 9.831579999999999764e-01
2.185000000000000000e+03 9.694089999999999652e-01
2.188000000000000000e+03 9.521039999999999504e-01
2.191000000000000000e+03 9.293660000000000254e-01
2.194000000000000000e+03 9.035819999999999963e-01
2.197000000000000000e+03 8.725680000000000103e-01
2.200000000000000000e+03 8.400600000000000289e-01
2.203000000000000000e+03 8.044010000000000327e-01
2.206000000000000000e+03 7.673940000000000206e-01
2.209000000000000000e+03 7.276599999999999735e-01
2.212000000000000000e+03 6.854879999999999862e-01
2.215000000000000000e+03 6.406410000000000160e-01
2.218000000000000000e+03 5.937019999999999520e-01
2.221000000000000000e+03 5.433040000000000092e-01
2.224000000000000000e+03 4.914379999999999860e-01
2.227000000000000000e+03 4.386280000000000179e-01
2.230000000000000000e+03 3.867780000000000107e-01
2.233000000000000000e+03 3.368030000000000190e-01
2.236000000000000000e+03 2.912950000000000261e-01
2.239000000000000000e+03 2.501349999999999962e-01
2.242000000000000000e+03 2.157100000000000128e-01
2.245000000000000000e+03 1.887479999999999991e-01
2.248000000000000000e+03 1.665840000000000098e-01
2.251000000000000000e+03 1.514939999999999898e-01
2.254000000000000000e+03 1.400879999999999903e-01
2.257000000000000000e+03 1.328779999999999961e-01
2.260000000000000000e+03 1.281019999999999937e-01
2.263000000000000000e+03 1.247140000000000054e-01
2.266000000000000000e+03 1.223999999999999949e-01
2.269000000000000000e+03 1.205849999999999977e-01
2.272000000000000000e+03 1.195729999999999987e-01
2.275000000000000000e+03 1.190139999999999948e-01
2.278000000000000000e+03 1.184410000000000046e-01
2.281000000000000000e+03 1.179469999999999963e-01
2.284000000000000000e+03 1.172890000000000044e-01
2.287000000000000000e+03 1.165739999999999971e-01
2.290000000000000000e+03 1.156699999999999950e-01
2.293000000000000000e+03 1.145579999999999932e-01
2.296000000000000000e+03 1.131280000000000063e-01
2.299000000000000000e+03 1.114409999999999984e-01
2.302000000000000000e+03 1.094880000000000020e-01
2.305000000000000000e+03 1.070569999999999994e-01
2.308000000000000000e+03 1.042710000000000026e-01
2.311000000000000000e+03 1.010339999999999988e-01
2.314000000000000000e+03 9.753449999999999620e-02
2.317000000000000000e+03 9.353759999999999852e-02
2.320000000000000000e+03 8.931409999999999350e-02
2.323000000000000000e+03 8.488919999999999799e-02
2.326000000000000000e+03 8.037460000000000437e-02
2.329000000000000000e+03 7.567949999999999677e-02
2.332000000000000000e+03 7.104679999999999329e-02
2.335000000000000000e+03 6.649750000000000105e-02
2.338000000000000000e+03 6.205719999999999986e-02
2.341000000000000000e+03 5.773369999999999891e-02
2.344000000000000000e+03 5.358500000000000069e-02
2.347000000000000000e+03 4.960490000000000038e-02
2.350000000000000000e+03 4.588930000000000092e-02
2.353000000000000000e+03 4.237370000000000025e-02
2.356000000000000000e+03 3.907449999999999812e-02
2.359000000000000000e+03 3.596160000000000329e-02
2.362000000000000000e+03 3.312559999999999810e-02
2.365000000000000000e+03 3.052090000000000011e-02
2.368000000000000000e+03 2.805550000000000058e-02
2.371000000000000000e+03 2.575130000000000127e-02
2.374000000000000000e+03 2.375820000000000015e-02
2.377000000000000000e+03 2.191689999999999958e-02
2.380000000000000000e+03 2.020949999999999830e-02
2.383000000000000000e+03 1.864249999999999935e-02
2.386000000000000000e+03 1.733820000000000153e-02
2.389000000000000000e+03 1.611020000000000160e-02
2.392000000000000000e+03 1.500480000000000043e-02
2.395000000000000000e+03 1.402579999999999973e-02
2.398000000000000000e+03 1.320280000000000065e-02
2.401000000000000000e+03 1.244929999999999995e-02
2.404000000000000000e+03 1.176890000000000054e-02
2.407000000000000000e+03 1.120449999999999918e-02
2.410000000000000000e+03 1.069780000000000036e-02
2.413000000000000000e+03 1.024890000000000002e-02
2.416000000000000000e+03 9.833710000000000714e-03
2.419000000000000000e+03 9.472349999999999173e-03
2.422000000000000000e+03 9.123610000000000747e-03
2.425000000000000000e+03 8.791979999999999587e-03
2.428000000000000000e+03 8.480069999999999275e-03
2.431000000000000000e+03 8.131589999999999305e-03
2.434000000000000000e+03 7.735220000000000116e-03
2.437000000000000000e+03 7.352069999999999612e-03
2.440000000000000000e+03 7.007850000000000364e-03
2.443000000000000000e+03 6.677240000000000085e-03
2.446000000000000000e+03 6.344500000000000313e-03
2.449000000000000000e+03 5.973179999999999809e-03
2.452000000000000000e+03 5.602750000000000091e-03
2.455000000000000000e+03 5.233350000000000328e-03
2.458000000000000000e+03 4.847670000000000104e-03
2.461000000000000000e+03 4.462670000000000178e-03
2.464000000000000000e+03 4.085649999999999699e-03
2.467000000000000000e+03 3.720010000000000157e-03
2.470000000000000000e+03 3.356669999999999966e-03
2.473000000000000000e+03 3.008990000000000015e-03
2.476000000000000000e+03 2.695279999999999985e-03
2.479000000000000000e+03 2.383609999999999982e-03
2.482000000000000000e+03 2.090009999999999785e-03
2.485000000000000000e+03 1.831940000000000001e-03
2.488000000000000000e+03 1.583470000000000016e-03
2.491000000000000000e+03 1.371660000000000023e-03
2.494000000000000000e+03 1.195969999999999976e-03
2.497000000000000000e+03 1.021350000000000079e-03
2.500000000000000000e+03 8.800960000000000250e-04
2.503000000000000000e+03 7.574380000000000349e-04
2.506000000000000000e+03 6.312390000000000188e-04
2.509000000000000000e+03 5.379319999999999718e-04
2.512000000000000000e+03 4.519959999999999733e-04
2.515000000000000000e+03 3.609659999999999995e-04
2.518000000000000000e+03 3.006439999999999764e-04
2.521000000000000000e+03 2.576489999999999857e-04
2.524000000000000000e+03 2.159320000000000054e-04
2.527000000000000000e+03 1.867519999999999901e-04
2.530000000000000000e+03 1.615859999999999942e-04
2.533000000000000000e+03 1.372470000000000092e-04
2.536000000000000000e+03 1.207509999999999964e-04
2.539000000000000000e+03 1.060510000000000050e-04
2.542000000000000000e+03 9.203920000000000471e-05
2.545000000000000000e+03 8.265569999999999536e-05
2.548000000000000000e+03 7.393060000000000668e-05
2.551000000000000000e+03 6.574330000000000462e-05
2.554000000000000000e+03 5.993210000000000171e-05
2.557000000000000000e+03 5.436789999999999830e-05
2.560000000000000000e+03 4.928260000000000144e-05
2.563000000000000000e+03 4.571419999999999678e-05
2.566000000000000000e+03 4.229900000000000278e-05
2.569000000000000000e+03 3.925730000000000105e-05
2.572000000000000000e+03 3.706890000000000011e-05
2.575000000000000000e+03 3.493100000000000149e-05
2.578000000000000000e+03 3.316779999999999777e-05
2.581000000000000000e+03 3.177240000000000093e-05
2.584000000000000000e+03 3.037700000000000071e-05
2.587000000000000000e+03 2.914380000000000039e-05
2.590000000000000000e+03 2.821050000000000036e-05
2.593000000000000000e+03 2.729029999999999857e-05
2.596000000000000000e+03 2.628449999999999881e-05
2.599000000000000000e+03 2.536869999999999989e-05
2.602000000000000000e+03 2.477519999999999956e-05
2.605000000000000000e+03 2.413239999999999954e-05
2.608000000000000000e+03 2.345859999999999932e-05
2.611000000000000000e+03 2.277879999999999949e-05
2.614000000000000000e+03 2.190450000000000009e-05
2.617000000000000000e+03 2.094269999999999856e-05
2.620000000000000000e+03 1.999040000000000091e-05
2.623000000000000000e+03 1.922129999999999840e-05
2.626000000000000000e+03 1.852019999999999930e-05
2.629000000000000000e+03 1.781620000000000062e-05
2.632000000000000000e+03 1.709389999999999909e-05
2.635000000000000000e+03 1.644159999999999857e-05
2.638000000000000000e+03 1.581289999999999898e-05
2.641000000000000000e+03 1.527829999999999905e-05
2.644000000000000000e+03 1.475990000000000076e-05
2.647000000000000000e+03 1.427179999999999946e-05
2.650000000000000000e+03 1.393799999999999937e-05
2.653000000000000000e+03 1.362289999999999962e-05
2.656000000000000000e+03 1.333329999999999989e-05
2.659000000000000000e+03 1.313270000000000049e-05
2.662000000000000000e+03 1.293989999999999956e-05
2.665000000000000000e+03 1.278999999999999952e-05
2.668000000000000000e+03 1.281869999999999977e-05
2.671000000000000000e+03 1.288790000000000073e-05
2.674000000000000000e+03 1.297019999999999993e-05
2.677000000000000000e+03 1.308659999999999935e-05
2.680000000000000000e+03 1.327870000000000044e-05
2.683000000000000000e+03 1.349120000000000053e-05
2.686000000000000000e+03 1.370360000000000039e-05
2.689000000000000000e+03 1.391629999999999922e-05
2.692000000000000000e+03 1.413000000000000024e-05
2.695000000000000000e+03 1.434359999999999935e-05
2.698000000000000000e+03 1.455720000000000015e-05
2.701000000000000000e+03 1.480310000000000062e-05
2.704000000000000000e+03 1.511890000000000021e-05
2.707000000000000000e+03 1.543589999999999904e-05
2.710000000000000000e+03 1.583260000000000152e-05
2.713000000000000000e+03 1.626960000000000090e-05
2.716000000000000000e+03 1.670769999999999929e-05
2.719000000000000000e+03 1.714509999999999954e-05
2.722000000000000000e+03 1.758239999999999958e-05
2.725000000000000000e+03 1.802549999999999877e-05
2.728000000000000000e+03 1.852609999999999869e-05
2.731000000000000000e+03 1.904330000000000112e-05
2.734000000000000000e+03 1.958400000000000088e-05
2.737000000000000000e+03 2.030370000000000010e-05
2.740000000000000000e+03 2.105399999999999866e-05
2.743000000000000000e+03 2.179399999999999835e-05
2.746000000000000000e+03 2.254590000000000042e-05
2.749000000000000000e+03 2.351689999999999841e-05
2.752000000000000000e+03 2.448939999999999968e-05
2.755000000000000000e+03 2.540359999999999849e-05
2.758000000000000000e+03 2.656419999999999886e-05
2.761000000000000000e+03 2.806730000000000146e-05
2.764000000000000000e+03 2.945960000000000166e-05
2.767000000000000000e+03 3.084510000000000051e-05
2.770000000000000000e+03 3.310180000000000213e-05
2.773000000000000000e+03 3.593959999999999722e-05
2.776000000000000000e+03 3.877850000000000150e-05
2.779000000000000000e+03 4.172750000000000325e-05
2.782000000000000000e+03 4.592610000000000062e-05
2.785000000000000000e+03 5.049970000000000034e-05
2.788000000000000000e+03 5.510979999999999877e-05
2.791000000000000000e+03 6.024440000000000209e-05
2.794000000000000000e+03 6.788230000000000566e-05
2.797000000000000000e+03 7.582749999999999864e-05
2.800000000000000000e+03 8.377270000000000517e-05
2.803000000000000000e+03 9.275040000000000563e-05
2.806000000000000000e+03 1.041559999999999968e-04
2.809000000000000000e+03 1.156349999999999999e-04
2.812000000000000000e+03 1.271129999999999873e-04
2.815000000000000000e+03 1.408039999999999888e-04
2.818000000000000000e+03 1.567980000000000122e-04
2.821000000000000000e+03 1.727920000000000085e-04
2.824000000000000000e+03 1.888269999999999998e-04
2.827000000000000000e+03 2.068740000000000119e-04
2.830000000000000000e+03 2.258250000000000003e-04
2.833000000000000000e+03 2.447770000000000046e-04
2.836000000000000000e+03 2.637679999999999994e-04
2.839000000000000000e+03 2.831129999999999845e-04
2.842000000000000000e+03 3.025319999999999962e-04
2.845000000000000000e+03 3.219499999999999923e-04
2.848000000000000000e+03 3.407929999999999879e-04
2.851000000000000000e+03 3.576270000000000100e-04
2.854000000000000000e+03 3.742889999999999802e-04
2.857000000000000000e+03 3.909599999999999837e-04
2.860000000000000000e+03 4.051530000000000018e-04
2.863000000000000000e+03 4.149620000000000023e-04
2.866000000000000000e+03 4.247699999999999870e-04
2.869000000000000000e+03 4.345780000000000259e-04
2.872000000000000000e+03 4.388610000000000254e-04
2.875000000000000000e+03 4.391709999999999733e-04
2.878000000000000000e+03 4.394809999999999754e-04
2.881000000000000000e+03 4.393900000000000063e-04
2.884000000000000000e+03 4.328760000000000073e-04
2.887000000000000000e+03 4.241390000000000264e-04
2.890000000000000000e+03 4.154030000000000071e-04
2.893000000000000000e+03 4.058259999999999732e-04
2.896000000000000000e+03 3.912109999999999785e-04
2.899000000000000000e+03 3.759160000000000106e-04
2.902000000000000000e+03 3.605759999999999846e-04
2.905000000000000000e+03 3.444100000000000178e-04
2.908000000000000000e+03 3.261769999999999774e-04
2.911000000000000000e+03 3.079000000000000031e-04
2.914000000000000000e+03 2.896460000000000115e-04
2.917000000000000000e+03 2.716090000000000214e-04
2.920000000000000000e+03 2.538299999999999736e-04
2.923000000000000000e+03 2.360510000000000071e-04
2.926000000000000000e+03 2.182770000000000109e-04
2.929000000000000000e+03 2.021240000000000048e-04
2.932000000000000000e+03 1.867670000000000094e-04
2.935000000000000000e+03 1.714099999999999869e-04
2.938000000000000000e+03 1.562930000000000027e-04
2.941000000000000000e+03 1.435449999999999953e-04
2.944000000000000000e+03 1.313800000000000059e-04
2.947000000000000000e+03 1.192160000000000051e-04
2.950000000000000000e+03 1.077049999999999996e-04
2.953000000000000000e+03 9.881320000000000457e-05
2.956000000000000000e+03 9.018380000000000211e-05
2.959000000000000000e+03 8.155439999999999966e-05
2.962000000000000000e+03 7.399120000000000404e-05
2.965000000000000000e+03 6.858459999999999383e-05
2.968000000000000000e+03 6.318270000000000071e-05
2.971000000000000000e+03 5.780429999999999813e-05
2.974000000000000000e+03 5.383319999999999815e-05
2.977000000000000000e+03 5.098649999999999710e-05
2.980000000000000000e+03 4.811269999999999761e-05
2.983000000000000000e+03 4.526699999999999875e-05
2.986000000000000000e+03 4.385429999999999786e-05
2.989000000000000000e+03 4.300550000000000016e-05
2.992000000000000000e+03 4.217319999999999798e-05
2.995000000000000000e+03 4.145510000000000227e-05
2.998000000000000000e+03 4.153009999999999731e-05
3.001000000000000000e+03 4.170760000000000027e-05
3.004000000000000000e+03 4.188519999999999667e-05
3.007000000000000000e+03 4.233180000000000016e-05
3.010000000000000000e+03 4.341839999999999751e-05
3.013000000000000000e+03 4.454359999999999819e-05
3.016000000000000000e+03 4.569299999999999772e-05
3.019000000000000000e+03 4.689640000000000047e-05
3.022000000000000000e+03 4.815899999999999749e-05
3.025000000000000000e+03 4.939740000000000244e-05
3.028000000000000000e+03 5.062869999999999860e-05
3.031000000000000000e+03 5.165350000000000274e-05
3.034000000000000000e+03 5.258680000000000277e-05
3.037000000000000000e+03 5.352550000000000108e-05
3.040000000000000000e+03 5.442069999999999888e-05
3.043000000000000000e+03 5.486579999999999908e-05
3.046000000000000000e+03 5.519170000000000217e-05
3.049000000000000000e+03 5.552029999999999764e-05
3.052000000000000000e+03 5.575469999999999661e-05
3.055000000000000000e+03 5.550110000000000297e-05
3.058000000000000000e+03 5.518290000000000321e-05
3.061000000000000000e+03 5.483910000000000152e-05
3.064000000000000000e+03 5.435980000000000087e-05
3.067000000000000000e+03 5.361600000000000301e-05
3.070000000000000000e+03 5.293790000000000014e-05
3.073000000000000000e+03 5.226130000000000055e-05
3.076000000000000000e+03 5.173829999999999895e-05
3.079000000000000000e+03 5.135189999999999872e-05
3.082000000000000000e+03 5.096559999999999871e-05
3.085000000000000000e+03 5.056749999999999993e-05
3.088000000000000000e+03 5.030000000000000291e-05
3.091000000000000000e+03 5.009540000000000152e-05
3.094000000000000000e+03 4.994829999999999745e-05
3.097000000000000000e+03 4.992840000000000125e-05
3.100000000000000000e+03 5.056309999999999706e-05
3.103000000000000000e+03 5.129949999999999902e-05
3.106000000000000000e+03 5.202299999999999980e-05
3.109000000000000000e+03 5.305469999999999875e-05
3.112000000000000000e+03 5.501780000000000033e-05
3.115000000000000000e+03 5.702619999999999960e-05
3.118000000000000000e+03 5.903600000000000194e-05
3.121000000000000000e+03 6.139259999999999899e-05
3.124000000000000000e+03 6.427739999999999550e-05
3.127000000000000000e+03 6.716160000000000424e-05
3.130000000000000000e+03 7.004000000000000026e-05
3.133000000000000000e+03 7.336439999999999845e-05
3.136000000000000000e+03 7.698679999999999955e-05
3.139000000000000000e+03 8.064609999999999346e-05
3.142000000000000000e+03 8.304179999999999494e-05
3.145000000000000000e+03 6.793010000000000205e-05
3.148000000000000000e+03 4.725880000000000228e-05
3.151000000000000000e+03 2.659029999999999849e-05
3.154000000000000000e+03 8.799050000000000060e-06
3.157000000000000000e+03 6.865949999999999882e-06
3.160000000000000000e+03 6.953570000000000240e-06
3.163000000000000000e+03 7.022759999999999657e-06
3.166000000000000000e+03 7.047140000000000091e-06
3.169000000000000000e+03 7.069930000000000257e-06
3.172000000000000000e+03 7.114809999999999902e-06
3.175000000000000000e+03 7.201100000000000392e-06
3.178000000000000000e+03 7.287399999999999888e-06
3.181000000000000000e+03 7.359489999999999735e-06
3.184000000000000000e+03 7.413199999999999598e-06
3.187000000000000000e+03 7.466920000000000161e-06
3.190000000000000000e+03 7.523770000000000303e-06
3.193000000000000000e+03 7.583469999999999918e-06
3.196000000000000000e+03 7.643169999999999532e-06
3.199000000000000000e+03 7.742629999999999763e-06
3.202000000000000000e+03 7.867249999999999935e-06
3.205000000000000000e+03 7.991030000000000637e-06
3.208000000000000000e+03 8.064409999999999247e-06
3.211000000000000000e+03 8.114689999999999721e-06
3.214000000000000000e+03 8.164869999999999975e-06
3.217000000000000000e+03 8.213280000000000076e-06
3.220000000000000000e+03 8.261060000000000151e-06
3.223000000000000000e+03 8.313259999999999414e-06
3.226000000000000000e+03 8.411910000000000578e-06
3.229000000000000000e+03 8.522739999999999990e-06
3.232000000000000000e+03 8.630270000000000636e-06
3.235000000000000000e+03 8.712369999999999392e-06
3.238000000000000000e+03 8.790009999999999550e-06
3.241000000000000000e+03 8.862849999999999347e-06
3.244000000000000000e+03 8.910810000000000155e-06
3.247000000000000000e+03 8.955730000000000057e-06
3.250000000000000000e+03 9.013379999999999412e-06
3.253000000000000000e+03 9.116299999999999436e-06
3.256000000000000000e+03 9.223180000000000351e-06
3.259000000000000000e+03 9.321609999999999678e-06
3.262000000000000000e+03 9.397630000000000011e-06
3.265000000000000000e+03 9.472549999999999625e-06
3.268000000000000000e+03 9.567300000000000709e-06
3.271000000000000000e+03 9.703259999999999658e-06
3.274000000000000000e+03 9.839549999999999669e-06
3.277000000000000000e+03 9.987609999999999739e-06
3.280000000000000000e+03 1.015290000000000066e-05
3.283000000000000000e+03 1.031820000000000058e-05
3.286000000000000000e+03 1.048239999999999979e-05
3.289000000000000000e+03 1.064560000000000019e-05
3.292000000000000000e+03 1.080880000000000060e-05
3.295000000000000000e+03 1.095299999999999999e-05
3.298000000000000000e+03 1.108349999999999985e-05
3.301000000000000000e+03 1.121399999999999970e-05
3.304000000000000000e+03 1.130259999999999915e-05
3.307000000000000000e+03 1.137050000000000066e-05
3.310000000000000000e+03 1.139789999999999975e-05
3.313000000000000000e+03 1.050719999999999996e-05
3.316000000000000000e+03 9.258750000000000080e-06
3.319000000000000000e+03 8.108380000000000454e-06
3.322000000000000000e+03 8.142960000000000383e-06
3.325000000000000000e+03 8.524789999999999403e-06
3.328000000000000000e+03 8.871050000000000387e-06
3.331000000000000000e+03 8.917090000000000712e-06
3.334000000000000000e+03 8.901919999999999974e-06
3.337000000000000000e+03 8.995099999999999648e-06
3.340000000000000000e+03 9.746260000000000771e-06
3.343000000000000000e+03 1.058569999999999929e-05
3.346000000000000000e+03 1.139789999999999975e-05
3.349000000000000000e+03 1.210179999999999991e-05
3.352000000000000000e+03 1.279490000000000010e-05
3.355000000000000000e+03 1.332050000000000062e-05
3.358000000000000000e+03 1.335859999999999946e-05
3.361000000000000000e+03 1.336629999999999940e-05
3.364000000000000000e+03 1.335419999999999998e-05
3.367000000000000000e+03 1.329779999999999997e-05
3.370000000000000000e+03 1.324039999999999947e-05
3.373000000000000000e+03 1.149809999999999923e-05
3.376000000000000000e+03 6.963220000000000223e-06
3.379000000000000000e+03 2.428339999999999945e-06
