1.733500000000000000e+03 0.000000000000000000e+00
1.737500000000000000e+03 1.816669999999999922e-06
1.741500000000000000e+03 8.923799999999999162e-06
1.745500000000000000e+03 1.599509999999999870e-05
1.749500000000000000e+03 1.793579999999999860e-05
1.753500000000000000e+03 1.830650000000000167e-05
1.757500000000000000e+03 1.883719999999999983e-05
1.761500000000000000e+03 1.955890000000000005e-05
1.765500000000000000e+03 2.028489999999999954e-05
1.769500000000000000e+03 2.103040000000000112e-05
1.773500000000000000e+03 2.177650000000000064e-05
1.777500000000000000e+03 2.247530000000000147e-05
1.781500000000000000e+03 2.315210000000000149e-05
1.785500000000000000e+03 2.364369999999999862e-05
1.789500000000000000e+03 2.379239999999999941e-05
1.793500000000000000e+03 2.388639999999999885e-05
1.797500000000000000e+03 2.363439999999999855e-05
1.801500000000000000e+03 2.331700000000000054e-05
1.805500000000000000e+03 2.290290000000000056e-05
1.809500000000000000e+03 2.242250000000000089e-05
1.813500000000000000e+03 2.196569999999999876e-05
1.817500000000000000e+03 2.157260000000000078e-05
1.821500000000000000e+03 2.121649999999999922e-05
1.825500000000000000e+03 2.129630000000000141e-05
1.829500000000000000e+03 2.149810000000000005e-05
1.833500000000000000e+03 2.196399999999999842e-05
1.837500000000000000e+03 2.272200000000000031e-05
1.841500000000000000e+03 2.350169999999999896e-05
1.845500000000000000e+03 2.437240000000000063e-05
1.849500000000000000e+03 2.523699999999999910e-05
1.853500000000000000e+03 2.571329999999999994e-05
1.857500000000000000e+03 2.602000000000000160e-05
1.861500000000000000e+03 2.599899999999999960e-05
1.865500000000000000e+03 2.540490000000000134e-05
1.869500000000000000e+03 2.469479999999999944e-05
1.873500000000000000e+03 2.326989999999999891e-05
1.877500000000000000e+03 2.171889999999999970e-05
1.881500000000000000e+03 1.995980000000000158e-05
1.885500000000000000e+03 1.806940000000000016e-05
1.889500000000000000e+03 1.624099999999999917e-05
1.893500000000000000e+03 1.456929999999999957e-05
1.897500000000000000e+03 1.294560000000000020e-05
1.901500000000000000e+03 1.181840000000000021e-05
1.905500000000000000e+03 1.081950000000000034e-05
1.909500000000000000e+03 1.021770000000000044e-05
1.913500000000000000e+03 1.002029999999999959e-05
1.917500000000000000e+03 9.950729999999999848e-06
1.921500000000000000e+03 1.040739999999999966e-05
1.925500000000000000e+03 1.108799999999999955e-05
1.929500000000000000e+03 1.217819999999999972e-05
1.933500000000000000e+03 1.351880000000000006e-05
1.937500000000000000e+03 1.490660000000000056e-05
1.941500000000000000e+03 1.632469999999999974e-05
1.945500000000000000e+03 1.774950000000000006e-05
1.949500000000000000e+03 1.887010000000000082e-05
1.953500000000000000e+03 1.990769999999999915e-05
1.957500000000000000e+03 2.042330000000000146e-05
1.961500000000000000e+03 2.068789999999999890e-05
1.965500000000000000e+03 2.076549999999999964e-05
1.969500000000000000e+03 2.036829999999999945e-05
1.973500000000000000e+03 1.996240000000000051e-05
1.977500000000000000e+03 1.949560000000000016e-05
1.981500000000000000e+03 1.902999999999999906e-05
1.985500000000000000e+03 1.866190000000000169e-05
1.989500000000000000e+03 1.838379999999999837e-05
1.993500000000000000e+03 1.818619999999999877e-05
1.997500000000000000e+03 1.837299999999999841e-05
2.001500000000000000e+03 1.877819999999999921e-05
2.005500000000000000e+03 1.970910000000000075e-05
2.009500000000000000e+03 2.079319999999999939e-05
2.013500000000000000e+03 2.192719999999999904e-05
2.017500000000000000e+03 2.313099999999999927e-05
2.021500000000000000e+03 2.411959999999999858e-05
2.025500000000000000e+03 2.488349999999999986e-05
2.029500000000000000e+03 2.531850000000000162e-05
2.033500000000000000e+03 2.574979999999999866e-05
2.037500000000000000e+03 2.622109999999999871e-05
2.041500000000000000e+03 2.669889999999999945e-05
2.045500000000000000e+03 2.714649999999999835e-05
2.049500000000000000e+03 2.759149999999999832e-05
2.053500000000000000e+03 2.806299999999999881e-05
2.057500000000000000e+03 2.853599999999999919e-05
2.061500000000000000e+03 2.897570000000000110e-05
2.065500000000000000e+03 2.938490000000000050e-05
2.069500000000000000e+03 2.982720000000000133e-05
2.073500000000000000e+03 3.035309999999999912e-05
2.077500000000000000e+03 3.093329999999999740e-05
2.081500000000000000e+03 3.149309999999999837e-05
2.085500000000000000e+03 3.202930000000000181e-05
2.089500000000000000e+03 3.258240000000000165e-05
2.093500000000000000e+03 3.317059999999999714e-05
2.097500000000000000e+03 3.377150000000000014e-05
2.101500000000000000e+03 3.443400000000000269e-05
2.105500000000000000e+03 3.512820000000000021e-05
2.109500000000000000e+03 3.589379999999999844e-05
2.113500000000000000e+03 3.672350000000000169e-05
2.117500000000000000e+03 3.760549999999999765e-05
2.121500000000000000e+03 3.856109999999999914e-05
2.125500000000000000e+03 3.958429999999999978e-05
2.129500000000000000e+03 4.056200000000000230e-05
2.133500000000000000e+03 4.150140000000000214e-05
2.137500000000000000e+03 4.249159999999999819e-05
2.141500000000000000e+03 4.356210000000000090e-05
2.145500000000000000e+03 4.480810000000000218e-05
2.149500000000000000e+03 4.619870000000000205e-05
2.153500000000000000e+03 4.782519999999999740e-05
2.157500000000000000e+03 5.004980000000000317e-05
2.161500000000000000e+03 5.270420000000000270e-05
2.165500000000000000e+03 5.550759999999999689e-05
2.169500000000000000e+03 5.662969999999999755e-05
2.173500000000000000e+03 5.660599999999999980e-05
2.177500000000000000e+03 5.516730000000000288e-05
2.181500000000000000e+03 5.360950000000000231e-05
2.185500000000000000e+03 5.201760000000000151e-05
2.189500000000000000e+03 5.031520000000000236e-05
2.193500000000000000e+03 4.833400000000000175e-05
2.197500000000000000e+03 4.618399999999999692e-05
2.201500000000000000e+03 4.371150000000000323e-05
2.205500000000000000e+03 4.041390000000000282e-05
2.209500000000000000e+03 3.662160000000000187e-05
2.213500000000000000e+03 3.218529999999999829e-05
2.217500000000000000e+03 2.932480000000000085e-05
2.221500000000000000e+03 2.741699999999999855e-05
2.225500000000000000e+03 2.699620000000000082e-05
2.229500000000000000e+03 2.666969999999999980e-05
2.233500000000000000e+03 2.642039999999999864e-05
2.237500000000000000e+03 2.618980000000000122e-05
2.241500000000000000e+03 2.599249999999999890e-05
2.245500000000000000e+03 2.581019999999999896e-05
2.249500000000000000e+03 2.569680000000000103e-05
2.253500000000000000e+03 2.563719999999999910e-05
2.257500000000000000e+03 2.555549999999999952e-05
2.261500000000000000e+03 2.537990000000000073e-05
2.265500000000000000e+03 2.522420000000000152e-05
2.269500000000000000e+03 2.507870000000000097e-05
2.273500000000000000e+03 2.494610000000000160e-05
2.277500000000000000e+03 2.489940000000000084e-05
2.281500000000000000e+03 2.499520000000000084e-05
2.285500000000000000e+03 2.518400000000000147e-05
2.289500000000000000e+03 2.533619999999999977e-05
2.293500000000000000e+03 2.544859999999999890e-05
2.297500000000000000e+03 2.554860000000000133e-05
2.301500000000000000e+03 2.579250000000000081e-05
2.305500000000000000e+03 2.609500000000000003e-05
2.309500000000000000e+03 2.643360000000000048e-05
2.313500000000000000e+03 2.684869999999999927e-05
2.317500000000000000e+03 2.728729999999999876e-05
2.321500000000000000e+03 2.776730000000000094e-05
2.325500000000000000e+03 2.829560000000000061e-05
2.329500000000000000e+03 2.883569999999999905e-05
2.333500000000000000e+03 2.940139999999999941e-05
2.337500000000000000e+03 3.009179999999999876e-05
2.341500000000000000e+03 3.093639999999999742e-05
2.345500000000000000e+03 3.195260000000000304e-05
2.349500000000000000e+03 3.311450000000000287e-05
2.353500000000000000e+03 3.436979999999999744e-05
2.357500000000000000e+03 3.572019999999999726e-05
2.361500000000000000e+03 3.723070000000000253e-05
2.365500000000000000e+03 3.892919999999999990e-05
2.369500000000000000e+03 4.080049999999999671e-05
2.373500000000000000e+03 4.300590000000000104e-05
2.377500000000000000e+03 4.564810000000000091e-05
2.381500000000000000e+03 4.864709999999999710e-05
2.385500000000000000e+03 5.229630000000000276e-05
2.389500000000000000e+03 5.654679999999999874e-05
2.393500000000000000e+03 6.120490000000000078e-05
2.397500000000000000e+03 6.664209999999999676e-05
2.401500000000000000e+03 7.307140000000000651e-05
2.405500000000000000e+03 8.019549999999999476e-05
2.409500000000000000e+03 8.865020000000000040e-05
2.413500000000000000e+03 9.875640000000000199e-05
2.417500000000000000e+03 1.098469999999999937e-04
2.421500000000000000e+03 1.232940000000000023e-04
2.425500000000000000e+03 1.400890000000000067e-04
2.429500000000000000e+03 1.586760000000000102e-04
2.433500000000000000e+03 1.821799999999999939e-04
2.437500000000000000e+03 2.140370000000000109e-04
2.441500000000000000e+03 2.501350000000000166e-04
2.445500000000000000e+03 2.971119999999999838e-04
2.449500000000000000e+03 3.612399999999999769e-04
2.453500000000000000e+03 4.335109999999999767e-04
2.457500000000000000e+03 5.272890000000000129e-04
2.461500000000000000e+03 6.551740000000000124e-04
2.465500000000000000e+03 7.983079999999999603e-04
2.469500000000000000e+03 9.831989999999999220e-04
2.473500000000000000e+03 1.235820000000000104e-03
2.477500000000000000e+03 1.517040000000000098e-03
2.481500000000000000e+03 1.875300000000000101e-03
2.485500000000000000e+03 2.336840000000000184e-03
2.489500000000000000e+03 2.840740000000000019e-03
2.493500000000000000e+03 3.453159999999999823e-03
2.497500000000000000e+03 4.193930000000000227e-03
2.501500000000000000e+03 4.984599999999999621e-03
2.505500000000000000e+03 5.899480000000000349e-03
2.509500000000000000e+03 6.935110000000000406e-03
2.513500000000000000e+03 8.015319999999999390e-03
2.517500000000000000e+03 9.202089999999999576e-03
2.521500000000000000e+03 1.043730000000000005e-02
2.525500000000000000e+03 1.168620000000000075e-02
2.529500000000000000e+03 1.296409999999999924e-02
2.533500000000000000e+03 1.419819999999999936e-02
2.537500000000000000e+03 1.541030000000000004e-02
2.541500000000000000e+03 1.656470000000000165e-02
2.545500000000000000e+03 1.759940000000000115e-02
2.549500000000000000e+03 1.857989999999999989e-02
2.553500000000000000e+03 1.944310000000000135e-02
2.557500000000000000e+03 2.015120000000000106e-02
2.561500000000000000e+03 2.079080000000000164e-02
2.565500000000000000e+03 2.130430000000000171e-02
2.569500000000000000e+03 2.169280000000000166e-02
2.573500000000000000e+03 2.211600000000000024e-02
2.577500000000000000e+03 2.257119999999999960e-02
2.581500000000000000e+03 2.296520000000000158e-02
2.585500000000000000e+03 2.336780000000000107e-02
2.589500000000000000e+03 2.374489999999999934e-02
2.593500000000000000e+03 2.427649999999999947e-02
2.597500000000000000e+03 2.489869999999999930e-02
2.601500000000000000e+03 2.559310000000000057e-02
2.605500000000000000e+03 2.643589999999999829e-02
2.609500000000000000e+03 2.730039999999999897e-02
2.613500000000000000e+03 2.837800000000000045e-02
2.617500000000000000e+03 2.954369999999999913e-02
2.621500000000000000e+03 3.074419999999999931e-02
2.625500000000000000e+03 3.197119999999999823e-02
2.629500000000000000e+03 3.330990000000000339e-02
2.633500000000000000e+03 3.486349999999999866e-02
2.637500000000000000e+03 3.649840000000000029e-02
2.641500000000000000e+03 3.821879999999999722e-02
2.645500000000000000e+03 4.002689999999999720e-02
2.649500000000000000e+03 4.204750000000000154e-02
2.653500000000000000e+03 4.415499999999999980e-02
2.657500000000000000e+03 4.643810000000000299e-02
2.661500000000000000e+03 4.881739999999999691e-02
2.665500000000000000e+03 5.135470000000000312e-02
2.669500000000000000e+03 5.394159999999999927e-02
2.673500000000000000e+03 5.661619999999999847e-02
2.677500000000000000e+03 5.933759999999999729e-02
2.681500000000000000e+03 6.212730000000000335e-02
2.685500000000000000e+03 6.491479999999999473e-02
2.689500000000000000e+03 6.768299999999999317e-02
2.693500000000000000e+03 7.043580000000000674e-02
2.697500000000000000e+03 7.308989999999999931e-02
2.701500000000000000e+03 7.568099999999999827e-02
2.705500000000000000e+03 7.812089999999999312e-02
2.709500000000000000e+03 8.041070000000000162e-02
2.713500000000000000e+03 8.256550000000000000e-02
2.717500000000000000e+03 8.455870000000000053e-02
2.721500000000000000e+03 8.639689999999999870e-02
2.725500000000000000e+03 8.805749999999999689e-02
2.729500000000000000e+03 8.947779999999999623e-02
2.733500000000000000e+03 9.080549999999999733e-02
2.737500000000000000e+03 9.186640000000000084e-02
2.741500000000000000e+03 9.285440000000000360e-02
2.745500000000000000e+03 9.369280000000000663e-02
2.749500000000000000e+03 9.443279999999999730e-02
2.753500000000000000e+03 9.510810000000000097e-02
2.757500000000000000e+03 9.567979999999999541e-02
2.761500000000000000e+03 9.619339999999999835e-02
2.765500000000000000e+03 9.666800000000000392e-02
2.769500000000000000e+03 9.717739999999999712e-02
2.773500000000000000e+03 9.769529999999999881e-02
2.777500000000000000e+03 9.818380000000000163e-02
2.781500000000000000e+03 9.863689999999999958e-02
2.785500000000000000e+03 9.913909999999999390e-02
2.789500000000000000e+03 9.968219999999999859e-02
2.793500000000000000e+03 1.002620000000000039e-01
2.797500000000000000e+03 1.008239999999999970e-01
2.801500000000000000e+03 1.013330000000000064e-01
2.805500000000000000e+03 1.018040000000000056e-01
2.809500000000000000e+03 1.022249999999999964e-01
2.813500000000000000e+03 1.026080000000000048e-01
2.817500000000000000e+03 1.030049999999999993e-01
2.821500000000000000e+03 1.033509999999999984e-01
2.825500000000000000e+03 1.036939999999999945e-01
2.829500000000000000e+03 1.040520000000000056e-01
2.833500000000000000e+03 1.044670000000000043e-01
2.837500000000000000e+03 1.049240000000000034e-01
2.841500000000000000e+03 1.054449999999999971e-01
2.845500000000000000e+03 1.062489999999999962e-01
2.849500000000000000e+03 1.073410000000000059e-01
2.853500000000000000e+03 1.083159999999999956e-01
2.857500000000000000e+03 1.093250000000000055e-01
2.861500000000000000e+03 1.108940000000000065e-01
2.865500000000000000e+03 1.134010000000000018e-01
2.869500000000000000e+03 1.170520000000000033e-01
2.873500000000000000e+03 1.221580000000000027e-01
2.877500000000000000e+03 1.306269999999999931e-01
2.881500000000000000e+03 1.413810000000000067e-01
2.885500000000000000e+03 1.597540000000000071e-01
2.889500000000000000e+03 1.822429999999999883e-01
2.893500000000000000e+03 2.166319999999999912e-01
2.897500000000000000e+03 2.593679999999999874e-01
2.901500000000000000e+03 3.152409999999999934e-01
2.905500000000000000e+03 3.812949999999999950e-01
2.909500000000000000e+03 4.584170000000000189e-01
2.913500000000000000e+03 5.411749999999999616e-01
2.917500000000000000e+03 6.288059999999999761e-01
2.921500000000000000e+03 7.123850000000000460e-01
2.925500000000000000e+03 7.870800000000000018e-01
2.929500000000000000e+03 8.513089999999999824e-01
2.933500000000000000e+03 8.964630000000000098e-01
2.937500000000000000e+03 9.342780000000000529e-01
2.941500000000000000e+03 9.543810000000000349e-01
2.945500000000000000e+03 9.693720000000000114e-01
2.949500000000000000e+03 9.759269999999999889e-01
2.953500000000000000e+03 9.791579999999999728e-01
2.957500000000000000e+03 9.809830000000000494e-01
2.961500000000000000e+03 9.826540000000000274e-01
2.965500000000000000e+03 9.860170000000000323e-01
2.969500000000000000e+03 9.904380000000000406e-01
2.973500000000000000e+03 9.930750000000000410e-01
2.977500000000000000e+03 9.958010000000000472e-01
2.981500000000000000e+03 9.981619999999999937e-01
2.985500000000000000e+03 1.000000000000000000e+00
2.989500000000000000e+03 9.994250000000000078e-01
2.993500000000000000e+03 9.987080000000000402e-01
2.997500000000000000e+03 9.970970000000000111e-01
3.001500000000000000e+03 9.957000000000000295e-01
3.005500000000000000e+03 9.959390000000000187e-01
3.009500000000000000e+03 9.957599999999999785e-01
3.013500000000000000e+03 9.949909999999999588e-01
3.017500000000000000e+03 9.950419999999999821e-01
3.021500000000000000e+03 9.941740000000000022e-01
3.025500000000000000e+03 9.850769999999999804e-01
3.029500000000000000e+03 9.730400000000000160e-01
3.033500000000000000e+03 9.441800000000000193e-01
3.037500000000000000e+03 9.065290000000000292e-01
3.041500000000000000e+03 8.541659999999999808e-01
3.045500000000000000e+03 7.913609999999999811e-01
3.049500000000000000e+03 7.166879999999999917e-01
3.053500000000000000e+03 6.373699999999999921e-01
3.057500000000000000e+03 5.512110000000000065e-01
3.061500000000000000e+03 4.706310000000000215e-01
3.065500000000000000e+03 3.983340000000000214e-01
3.069500000000000000e+03 3.334529999999999994e-01
3.073500000000000000e+03 2.832660000000000178e-01
3.077500000000000000e+03 2.407539999999999958e-01
3.081500000000000000e+03 2.084870000000000057e-01
3.085500000000000000e+03 1.833269999999999900e-01
3.089500000000000000e+03 1.652889999999999915e-01
3.093500000000000000e+03 1.512040000000000051e-01
3.097500000000000000e+03 1.411300000000000054e-01
3.101500000000000000e+03 1.331489999999999896e-01
3.105500000000000000e+03 1.282629999999999881e-01
3.109500000000000000e+03 1.241939999999999988e-01
3.113500000000000000e+03 1.209370000000000028e-01
3.117500000000000000e+03 1.184169999999999945e-01
3.121500000000000000e+03 1.166589999999999988e-01
3.125500000000000000e+03 1.147279999999999966e-01
3.129500000000000000e+03 1.125799999999999995e-01
3.133500000000000000e+03 1.112270000000000064e-01
3.137500000000000000e+03 1.105619999999999936e-01
3.141500000000000000e+03 1.099340000000000039e-01
3.145500000000000000e+03 1.091899999999999954e-01
3.149500000000000000e+03 1.084240000000000065e-01
3.153500000000000000e+03 1.078540000000000054e-01
3.157500000000000000e+03 1.072909999999999975e-01
3.161500000000000000e+03 1.067280000000000034e-01
3.165500000000000000e+03 1.061519999999999964e-01
3.169500000000000000e+03 1.055240000000000067e-01
3.173500000000000000e+03 1.048089999999999994e-01
3.177500000000000000e+03 1.040159999999999973e-01
3.181500000000000000e+03 1.030879999999999991e-01
3.185500000000000000e+03 1.020419999999999938e-01
3.189500000000000000e+03 1.008040000000000047e-01
3.193500000000000000e+03 9.949149999999999661e-02
3.197500000000000000e+03 9.794379999999999753e-02
3.201500000000000000e+03 9.631760000000000321e-02
3.205500000000000000e+03 9.448789999999999967e-02
3.209500000000000000e+03 9.261790000000000300e-02
3.213500000000000000e+03 9.059549999999999548e-02
3.217500000000000000e+03 8.853969999999999896e-02
3.221500000000000000e+03 8.639189999999999370e-02
3.225500000000000000e+03 8.425810000000000244e-02
3.229500000000000000e+03 8.200839999999999519e-02
3.233500000000000000e+03 7.979189999999999894e-02
3.237500000000000000e+03 7.747110000000000107e-02
3.241500000000000000e+03 7.490779999999999661e-02
3.245500000000000000e+03 7.243900000000000339e-02
3.249500000000000000e+03 6.975720000000000531e-02
3.253500000000000000e+03 6.718059999999999310e-02
3.257500000000000000e+03 6.450939999999999452e-02
3.261500000000000000e+03 6.186429999999999707e-02
3.265500000000000000e+03 5.933900000000000285e-02
3.269500000000000000e+03 5.688089999999999813e-02
3.273500000000000000e+03 5.452810000000000296e-02
3.277500000000000000e+03 5.220469999999999972e-02
3.281500000000000000e+03 4.994429999999999703e-02
3.285500000000000000e+03 4.776149999999999840e-02
3.289500000000000000e+03 4.564109999999999695e-02
3.293500000000000000e+03 4.360050000000000037e-02
3.297500000000000000e+03 4.171649999999999664e-02
3.301500000000000000e+03 3.980970000000000342e-02
3.305500000000000000e+03 3.812080000000000329e-02
3.309500000000000000e+03 3.646379999999999760e-02
3.313500000000000000e+03 3.483929999999999666e-02
3.317500000000000000e+03 3.336209999999999870e-02
3.321500000000000000e+03 3.189249999999999724e-02
3.325500000000000000e+03 3.055209999999999870e-02
3.329500000000000000e+03 2.926470000000000113e-02
3.333500000000000000e+03 2.809040000000000148e-02
3.337500000000000000e+03 2.701280000000000001e-02
3.341500000000000000e+03 2.598620000000000096e-02
3.345500000000000000e+03 2.509530000000000094e-02
3.349500000000000000e+03 2.426259999999999875e-02
3.353500000000000000e+03 2.353349999999999886e-02
3.357500000000000000e+03 2.285349999999999882e-02
3.361500000000000000e+03 2.226010000000000141e-02
3.365500000000000000e+03 2.171340000000000076e-02
3.369500000000000000e+03 2.119089999999999863e-02
3.373500000000000000e+03 2.070299999999999918e-02
3.377500000000000000e+03 2.022070000000000117e-02
3.381500000000000000e+03 1.975000000000000019e-02
3.385500000000000000e+03 1.922580000000000122e-02
3.389500000000000000e+03 1.869799999999999934e-02
3.393500000000000000e+03 1.815879999999999925e-02
3.397500000000000000e+03 1.751899999999999985e-02
3.401500000000000000e+03 1.687839999999999827e-02
3.405500000000000000e+03 1.621200000000000072e-02
3.409500000000000000e+03 1.539249999999999993e-02
3.413500000000000000e+03 1.452479999999999917e-02
3.417500000000000000e+03 1.367589999999999952e-02
3.421500000000000000e+03 1.284590000000000037e-02
3.425500000000000000e+03 1.200930000000000053e-02
3.429500000000000000e+03 1.116600000000000058e-02
3.433500000000000000e+03 1.031040000000000081e-02
3.437500000000000000e+03 9.458130000000000356e-03
3.441500000000000000e+03 8.609949999999999895e-03
3.445500000000000000e+03 7.808380000000000182e-03
3.449500000000000000e+03 7.019229999999999567e-03
3.453500000000000000e+03 6.233329999999999600e-03
3.457500000000000000e+03 5.546109999999999929e-03
3.461500000000000000e+03 4.900319999999999676e-03
3.465500000000000000e+03 4.266269999999999958e-03
3.469500000000000000e+03 3.738079999999999962e-03
3.473500000000000000e+03 3.243709999999999909e-03
3.477500000000000000e+03 2.753559999999999949e-03
3.481500000000000000e+03 2.371190000000000016e-03
3.485500000000000000e+03 2.038639999999999983e-03
3.489500000000000000e+03 1.712690000000000002e-03
3.493500000000000000e+03 1.463780000000000029e-03
3.497500000000000000e+03 1.250419999999999917e-03
3.501500000000000000e+03 1.040459999999999996e-03
3.505500000000000000e+03 8.820069999999999733e-04
3.509500000000000000e+03 7.499180000000000255e-04
3.513500000000000000e+03 6.195559999999999479e-04
3.517500000000000000e+03 5.215579999999999826e-04
3.521500000000000000e+03 4.428990000000000162e-04
3.525500000000000000e+03 3.651530000000000054e-04
3.529500000000000000e+03 3.071479999999999805e-04
3.533500000000000000e+03 2.625130000000000258e-04
3.537500000000000000e+03 2.182499999999999924e-04
3.541500000000000000e+03 1.850379999999999994e-04
3.545500000000000000e+03 1.600279999999999932e-04
3.549500000000000000e+03 1.351989999999999908e-04
3.553500000000000000e+03 1.161899999999999972e-04
3.557500000000000000e+03 1.020810000000000006e-04
3.561500000000000000e+03 8.806560000000000603e-05
3.565500000000000000e+03 7.721189999999999846e-05
3.569500000000000000e+03 6.953850000000000515e-05
3.573500000000000000e+03 6.194509999999999752e-05
3.577500000000000000e+03 5.622610000000000026e-05
3.581500000000000000e+03 5.262839999999999912e-05
3.585500000000000000e+03 4.909299999999999905e-05
3.589500000000000000e+03 4.641170000000000153e-05
3.593500000000000000e+03 4.479930000000000321e-05
3.597500000000000000e+03 4.306820000000000212e-05
3.601500000000000000e+03 4.122719999999999721e-05
3.605500000000000000e+03 3.996669999999999802e-05
3.609500000000000000e+03 3.936820000000000027e-05
3.613500000000000000e+03 3.909730000000000258e-05
3.617500000000000000e+03 3.888789999999999744e-05
3.621500000000000000e+03 3.867940000000000104e-05
3.625500000000000000e+03 3.846320000000000132e-05
3.629500000000000000e+03 3.844259999999999680e-05
3.633500000000000000e+03 3.845949999999999998e-05
3.637500000000000000e+03 3.838960000000000256e-05
3.641500000000000000e+03 3.799310000000000051e-05
3.645500000000000000e+03 3.737069999999999780e-05
3.649500000000000000e+03 3.628359999999999935e-05
3.653500000000000000e+03 3.491789999999999987e-05
3.657500000000000000e+03 3.348049999999999903e-05
3.661500000000000000e+03 3.201559999999999888e-05
3.665500000000000000e+03 3.054020000000000280e-05
3.669500000000000000e+03 2.909689999999999919e-05
3.673500000000000000e+03 2.764510000000000066e-05
3.677500000000000000e+03 2.625069999999999924e-05
3.681500000000000000e+03 2.488370000000000030e-05
3.685500000000000000e+03 2.360290000000000063e-05
3.689500000000000000e+03 2.262749999999999977e-05
3.693500000000000000e+03 2.175869999999999888e-05
3.697500000000000000e+03 2.098870000000000117e-05
3.701500000000000000e+03 2.049220000000000007e-05
3.705500000000000000e+03 1.997820000000000127e-05
3.709500000000000000e+03 1.948190000000000062e-05
3.713500000000000000e+03 1.919559999999999965e-05
3.717500000000000000e+03 1.896339999999999872e-05
3.721500000000000000e+03 1.878469999999999991e-05
3.725500000000000000e+03 1.884080000000000094e-05
3.729500000000000000e+03 1.893419999999999907e-05
3.733500000000000000e+03 1.899800000000000005e-05
3.737500000000000000e+03 1.909209999999999971e-05
3.741500000000000000e+03 1.916629999999999978e-05
3.745500000000000000e+03 1.922159999999999906e-05
3.749500000000000000e+03 1.929129999999999943e-05
3.753500000000000000e+03 1.939990000000000039e-05
3.757500000000000000e+03 1.950259999999999857e-05
3.761500000000000000e+03 1.950070000000000118e-05
3.765500000000000000e+03 1.946930000000000009e-05
3.769500000000000000e+03 1.943730000000000108e-05
3.773500000000000000e+03 1.948320000000000008e-05
3.777500000000000000e+03 1.962080000000000025e-05
3.781500000000000000e+03 1.987310000000000121e-05
3.785500000000000000e+03 2.023389999999999952e-05
3.789500000000000000e+03 2.065699999999999890e-05
3.793500000000000000e+03 2.108870000000000021e-05
3.797500000000000000e+03 2.157730000000000092e-05
3.801500000000000000e+03 2.213980000000000104e-05
3.805500000000000000e+03 2.269529999999999936e-05
3.809500000000000000e+03 2.322320000000000154e-05
3.813500000000000000e+03 2.372190000000000068e-05
3.817500000000000000e+03 2.415979999999999864e-05
3.821500000000000000e+03 2.446619999999999963e-05
3.825500000000000000e+03 2.468369999999999882e-05
3.829500000000000000e+03 2.493210000000000139e-05
3.833500000000000000e+03 2.510079999999999861e-05
3.837500000000000000e+03 2.520109999999999831e-05
3.841500000000000000e+03 2.531040000000000080e-05
3.845500000000000000e+03 2.519359999999999880e-05
3.849500000000000000e+03 2.477939999999999860e-05
3.853500000000000000e+03 2.438320000000000060e-05
3.857500000000000000e+03 2.402069999999999856e-05
3.861500000000000000e+03 2.362879999999999983e-05
3.865500000000000000e+03 2.335460000000000167e-05
3.869500000000000000e+03 2.317559999999999881e-05
3.873500000000000000e+03 2.303649999999999874e-05
3.877500000000000000e+03 2.281040000000000102e-05
3.881500000000000000e+03 2.182699999999999956e-05
3.885500000000000000e+03 1.632230000000000126e-05
3.889500000000000000e+03 1.009340000000000064e-05
3.893500000000000000e+03 7.764249999999999396e-06
3.897500000000000000e+03 7.754460000000000630e-06
3.901500000000000000e+03 7.747050000000000645e-06
3.905500000000000000e+03 7.739640000000000660e-06
3.909500000000000000e+03 7.732209999999999276e-06
3.913500000000000000e+03 7.724790000000000286e-06
3.917500000000000000e+03 7.717369999999999601e-06
3.921500000000000000e+03 7.709950000000000611e-06
3.925500000000000000e+03 7.702540000000000626e-06
3.929500000000000000e+03 7.695130000000000641e-06
3.933500000000000000e+03 7.687720000000000656e-06
3.937500000000000000e+03 7.680299999999999971e-06
3.941500000000000000e+03 7.672879999999999287e-06
3.945500000000000000e+03 7.665440000000000591e-06
3.949500000000000000e+03 7.658000000000000202e-06
3.953500000000000000e+03 7.650489999999999998e-06
3.957500000000000000e+03 7.642489999999999397e-06
3.961500000000000000e+03 7.634379999999999571e-06
3.965500000000000000e+03 7.632430000000000377e-06
3.969500000000000000e+03 7.699360000000000091e-06
3.973500000000000000e+03 7.783100000000000071e-06
3.977500000000000000e+03 7.877160000000000319e-06
3.981500000000000000e+03 8.073569999999999681e-06
3.985500000000000000e+03 8.294700000000000391e-06
3.989500000000000000e+03 8.518569999999999655e-06
3.993500000000000000e+03 8.775520000000000643e-06
3.997500000000000000e+03 9.040869999999999720e-06
4.001500000000000000e+03 9.306139999999999977e-06
4.005500000000000000e+03 9.570030000000000257e-06
4.009500000000000000e+03 9.833440000000000841e-06
4.013500000000000000e+03 1.009570000000000060e-05
4.017500000000000000e+03 1.032600000000000075e-05
4.021500000000000000e+03 1.054189999999999981e-05
4.025500000000000000e+03 1.075550000000000061e-05
4.029500000000000000e+03 1.087830000000000052e-05
4.033500000000000000e+03 1.095630000000000045e-05
4.037500000000000000e+03 1.103309999999999945e-05
4.041500000000000000e+03 1.099389999999999989e-05
4.045500000000000000e+03 1.089039999999999995e-05
4.049500000000000000e+03 1.078690000000000001e-05
4.053500000000000000e+03 1.068179999999999995e-05
4.057500000000000000e+03 1.057920000000000029e-05
4.061500000000000000e+03 1.047650000000000041e-05
4.065500000000000000e+03 1.042519999999999973e-05
4.069500000000000000e+03 1.041289999999999986e-05
4.073500000000000000e+03 1.040060000000000000e-05
4.077500000000000000e+03 1.038830000000000013e-05
4.081500000000000000e+03 1.037610000000000049e-05
4.085500000000000000e+03 1.036380000000000062e-05
4.089500000000000000e+03 1.035150000000000076e-05
4.093500000000000000e+03 1.033900000000000045e-05
4.097500000000000000e+03 1.032650000000000015e-05
4.101500000000000000e+03 1.031399999999999984e-05
4.105500000000000000e+03 1.030130000000000080e-05
4.109500000000000000e+03 1.028860000000000005e-05
4.113500000000000000e+03 1.027589999999999931e-05
4.117500000000000000e+03 1.026320000000000026e-05
4.121500000000000000e+03 1.025059999999999974e-05
4.125500000000000000e+03 1.023790000000000069e-05
4.129500000000000000e+03 1.022519999999999995e-05
4.133500000000000000e+03 1.021249999999999921e-05
4.137500000000000000e+03 1.022819999999999975e-05
4.141500000000000000e+03 1.030190000000000042e-05
4.145500000000000000e+03 1.037719999999999951e-05
4.149500000000000000e+03 1.045100000000000040e-05
4.153500000000000000e+03 1.053120000000000007e-05
4.157500000000000000e+03 1.061269999999999920e-05
4.161500000000000000e+03 1.068709999999999971e-05
4.165500000000000000e+03 1.073060000000000023e-05
4.169500000000000000e+03 1.077129999999999968e-05
4.173500000000000000e+03 1.079979999999999950e-05
4.177500000000000000e+03 1.079689999999999991e-05
4.181500000000000000e+03 1.079260000000000065e-05
4.185500000000000000e+03 1.079579999999999920e-05
4.189500000000000000e+03 1.081309999999999986e-05
4.193500000000000000e+03 1.082859999999999997e-05
4.197500000000000000e+03 1.086500000000000016e-05
4.201500000000000000e+03 1.101059999999999924e-05
4.205500000000000000e+03 1.117159999999999990e-05
4.209500000000000000e+03 1.133090000000000022e-05
4.213500000000000000e+03 1.149129999999999957e-05
4.217500000000000000e+03 1.165380000000000013e-05
4.221500000000000000e+03 1.181879999999999940e-05
4.225500000000000000e+03 1.198579999999999966e-05
4.229500000000000000e+03 1.215099999999999937e-05
4.233500000000000000e+03 1.230920000000000066e-05
4.237500000000000000e+03 1.243599999999999918e-05
4.241500000000000000e+03 1.255969999999999937e-05
4.245500000000000000e+03 1.268109999999999959e-05
4.249500000000000000e+03 1.275560000000000032e-05
4.253500000000000000e+03 1.281319999999999957e-05
4.257500000000000000e+03 1.286819999999999989e-05
4.261500000000000000e+03 1.290260000000000078e-05
4.265500000000000000e+03 1.293400000000000017e-05
4.269500000000000000e+03 1.297169999999999983e-05
4.273500000000000000e+03 1.307439999999999971e-05
4.277500000000000000e+03 1.318980000000000033e-05
4.281500000000000000e+03 1.330430000000000067e-05
4.285500000000000000e+03 1.346929999999999994e-05
4.289500000000000000e+03 1.366829999999999922e-05
4.293500000000000000e+03 1.386590000000000051e-05
4.297500000000000000e+03 1.400749999999999929e-05
4.301500000000000000e+03 1.412090000000000061e-05
4.305500000000000000e+03 1.423750000000000048e-05
4.309500000000000000e+03 1.441559999999999967e-05
4.313500000000000000e+03 1.461269999999999987e-05
4.317500000000000000e+03 1.480920000000000044e-05
4.321500000000000000e+03 1.504069999999999984e-05
4.325500000000000000e+03 1.531950000000000130e-05
4.329500000000000000e+03 1.559780000000000167e-05
4.333500000000000000e+03 1.577249999999999849e-05
4.337500000000000000e+03 1.587590000000000160e-05
4.341500000000000000e+03 1.597940000000000154e-05
4.345500000000000000e+03 1.604830000000000015e-05
4.349500000000000000e+03 1.605170000000000083e-05
4.353500000000000000e+03 1.605510000000000151e-05
4.357500000000000000e+03 1.606440000000000157e-05
4.361500000000000000e+03 1.608910000000000152e-05
4.365500000000000000e+03 1.611390000000000169e-05
4.369500000000000000e+03 1.616590000000000052e-05
4.373500000000000000e+03 1.623969999999999971e-05
4.377500000000000000e+03 1.631329999999999846e-05
4.381500000000000000e+03 1.642230000000000030e-05
4.385500000000000000e+03 1.659139999999999839e-05
4.389500000000000000e+03 1.676230000000000043e-05
4.393500000000000000e+03 1.694350000000000134e-05
4.397500000000000000e+03 1.715340000000000080e-05
4.401500000000000000e+03 1.736490000000000039e-05
4.405500000000000000e+03 1.754549999999999998e-05
4.409500000000000000e+03 1.767939999999999882e-05
4.413500000000000000e+03 1.781330000000000104e-05
4.417500000000000000e+03 1.796109999999999986e-05
4.421500000000000000e+03 1.809920000000000113e-05
4.425500000000000000e+03 1.823200000000000095e-05
4.429500000000000000e+03 1.836340000000000108e-05
4.433500000000000000e+03 1.852649999999999957e-05
4.437500000000000000e+03 1.869649999999999963e-05
4.441500000000000000e+03 1.886370000000000034e-05
4.445500000000000000e+03 1.900620000000000109e-05
4.449500000000000000e+03 1.914399999999999831e-05
4.453500000000000000e+03 1.930369999999999951e-05
4.457500000000000000e+03 1.952390000000000123e-05
4.461500000000000000e+03 1.974810000000000156e-05
4.465500000000000000e+03 1.995699999999999883e-05
4.469500000000000000e+03 2.015979999999999967e-05
4.473500000000000000e+03 2.037210000000000100e-05
4.477500000000000000e+03 2.057859999999999979e-05
4.481500000000000000e+03 2.071640000000000040e-05
4.485500000000000000e+03 2.083550000000000067e-05
4.489500000000000000e+03 2.096820000000000026e-05
4.493500000000000000e+03 2.115629999999999936e-05
4.497500000000000000e+03 2.134929999999999903e-05
4.501500000000000000e+03 2.153830000000000010e-05
4.505500000000000000e+03 2.174949999999999903e-05
4.509500000000000000e+03 2.197839999999999950e-05
4.513500000000000000e+03 2.220109999999999993e-05
4.517500000000000000e+03 2.236720000000000160e-05
4.521500000000000000e+03 2.251599999999999923e-05
4.525500000000000000e+03 2.267329999999999856e-05
4.529500000000000000e+03 2.286199999999999897e-05
4.533500000000000000e+03 2.304670000000000077e-05
4.537500000000000000e+03 2.322760000000000102e-05
4.541500000000000000e+03 2.342439999999999887e-05
4.545500000000000000e+03 2.364510000000000169e-05
4.549500000000000000e+03 2.387150000000000006e-05
4.553500000000000000e+03 2.413270000000000020e-05
4.557500000000000000e+03 2.438950000000000086e-05
4.561500000000000000e+03 2.464839999999999935e-05
4.565500000000000000e+03 2.497060000000000111e-05
4.569500000000000000e+03 2.533709999999999836e-05
4.573500000000000000e+03 2.570349999999999878e-05
4.577500000000000000e+03 2.608389999999999941e-05
4.581500000000000000e+03 2.648300000000000038e-05
4.585500000000000000e+03 2.688060000000000145e-05
4.589500000000000000e+03 2.724940000000000036e-05
4.593500000000000000e+03 2.760620000000000006e-05
4.597500000000000000e+03 2.796099999999999877e-05
4.601500000000000000e+03 2.824989999999999866e-05
4.605500000000000000e+03 2.849109999999999899e-05
4.609500000000000000e+03 2.870520000000000089e-05
4.613500000000000000e+03 2.783929999999999958e-05
4.617500000000000000e+03 2.640150000000000125e-05
4.621500000000000000e+03 2.497469999999999993e-05
4.625500000000000000e+03 2.437149999999999866e-05
4.629500000000000000e+03 2.337580000000000072e-05
4.633500000000000000e+03 2.232869999999999850e-05
4.637500000000000000e+03 2.146140000000000089e-05
4.641500000000000000e+03 2.181680000000000091e-05
4.645500000000000000e+03 2.226079999999999869e-05
4.649500000000000000e+03 2.319859999999999842e-05
4.653500000000000000e+03 2.423099999999999890e-05
4.657500000000000000e+03 2.523559999999999942e-05
4.661500000000000000e+03 2.632459999999999865e-05
4.665500000000000000e+03 2.810570000000000096e-05
4.669500000000000000e+03 2.996730000000000021e-05
4.673500000000000000e+03 3.139789999999999969e-05
4.677500000000000000e+03 3.226519999999999730e-05
4.681500000000000000e+03 3.311420000000000222e-05
4.685500000000000000e+03 3.382699999999999986e-05
4.689500000000000000e+03 3.387289999999999887e-05
4.693500000000000000e+03 3.381220000000000129e-05
4.697500000000000000e+03 3.155040000000000204e-05
4.701500000000000000e+03 2.596619999999999883e-05
4.705500000000000000e+03 2.036979999999999935e-05
4.709500000000000000e+03 1.639999999999999883e-05
4.713500000000000000e+03 1.185599999999999965e-05
4.717500000000000000e+03 6.362230000000000240e-06
4.721500000000000000e+03 1.166389999999999898e-06
