1.917000000000000000e+03 0.000000000000000000e+00
1.922000000000000000e+03 1.007849999999999989e-08
1.927000000000000000e+03 1.060949999999999981e-06
1.932000000000000000e+03 4.255339999999999987e-06
1.937000000000000000e+03 1.284959999999999976e-05
1.942000000000000000e+03 2.698390000000000096e-05
1.947000000000000000e+03 3.918700000000000276e-05
1.952000000000000000e+03 4.428969999999999712e-05
1.957000000000000000e+03 4.607770000000000100e-05
1.962000000000000000e+03 4.783799999999999836e-05
1.967000000000000000e+03 4.980870000000000306e-05
1.972000000000000000e+03 5.182219999999999996e-05
1.977000000000000000e+03 5.379859999999999682e-05
1.982000000000000000e+03 5.558020000000000023e-05
1.987000000000000000e+03 5.706970000000000012e-05
1.992000000000000000e+03 5.788719999999999695e-05
1.997000000000000000e+03 5.812430000000000184e-05
2.002000000000000000e+03 5.773550000000000313e-05
2.007000000000000000e+03 5.691389999999999730e-05
2.012000000000000000e+03 5.581749999999999879e-05
2.017000000000000000e+03 5.460420000000000144e-05
2.022000000000000000e+03 5.350249999999999808e-05
2.027000000000000000e+03 5.264750000000000034e-05
2.032000000000000000e+03 5.237459999999999826e-05
2.037000000000000000e+03 5.283809999999999814e-05
2.042000000000000000e+03 5.399010000000000338e-05
2.047000000000000000e+03 5.577759999999999939e-05
2.052000000000000000e+03 5.788880000000000046e-05
2.057000000000000000e+03 6.003299999999999934e-05
2.062000000000000000e+03 6.187669999999999661e-05
2.067000000000000000e+03 6.291310000000000587e-05
2.072000000000000000e+03 6.310749999999999845e-05
2.077000000000000000e+03 6.203570000000000644e-05
2.082000000000000000e+03 5.992679999999999687e-05
2.087000000000000000e+03 5.657560000000000090e-05
2.092000000000000000e+03 5.238109999999999896e-05
2.097000000000000000e+03 4.763820000000000072e-05
2.102000000000000000e+03 4.269549999999999805e-05
2.107000000000000000e+03 3.796669999999999684e-05
2.112000000000000000e+03 3.362899999999999939e-05
2.117000000000000000e+03 3.007260000000000071e-05
2.122000000000000000e+03 2.735399999999999933e-05
2.127000000000000000e+03 2.564069999999999999e-05
2.132000000000000000e+03 2.491470000000000051e-05
2.137000000000000000e+03 2.509890000000000122e-05
2.142000000000000000e+03 2.613240000000000072e-05
2.147000000000000000e+03 2.776829999999999975e-05
2.152000000000000000e+03 2.987770000000000025e-05
2.157000000000000000e+03 3.217609999999999844e-05
2.162000000000000000e+03 3.442100000000000129e-05
2.167000000000000000e+03 3.644389999999999847e-05
2.172000000000000000e+03 3.793599999999999728e-05
2.177000000000000000e+03 3.885220000000000047e-05
2.182000000000000000e+03 3.876330000000000205e-05
2.187000000000000000e+03 3.784059999999999816e-05
2.192000000000000000e+03 3.595750000000000259e-05
2.197000000000000000e+03 3.343399999999999871e-05
2.202000000000000000e+03 3.057159999999999712e-05
2.207000000000000000e+03 2.764390000000000141e-05
2.212000000000000000e+03 2.483150000000000103e-05
2.217000000000000000e+03 2.221110000000000152e-05
2.222000000000000000e+03 1.991049999999999851e-05
2.227000000000000000e+03 1.796630000000000110e-05
2.232000000000000000e+03 1.643069999999999839e-05
2.237000000000000000e+03 1.534590000000000159e-05
2.242000000000000000e+03 1.453539999999999978e-05
2.247000000000000000e+03 1.387239999999999952e-05
2.252000000000000000e+03 1.329430000000000077e-05
2.257000000000000000e+03 1.281760000000000074e-05
2.262000000000000000e+03 1.241330000000000023e-05
2.267000000000000000e+03 1.207829999999999920e-05
2.272000000000000000e+03 1.177230000000000077e-05
2.277000000000000000e+03 1.145140000000000017e-05
2.282000000000000000e+03 1.110809999999999958e-05
2.287000000000000000e+03 1.077610000000000005e-05
2.292000000000000000e+03 1.046570000000000044e-05
2.297000000000000000e+03 1.014159999999999960e-05
2.302000000000000000e+03 9.788340000000000205e-06
2.307000000000000000e+03 9.438789999999999461e-06
2.312000000000000000e+03 9.115379999999999452e-06
2.317000000000000000e+03 8.790650000000000276e-06
2.322000000000000000e+03 8.440329999999999876e-06
2.327000000000000000e+03 8.120229999999999332e-06
2.332000000000000000e+03 7.878019999999999495e-06
2.337000000000000000e+03 7.720399999999999808e-06
2.342000000000000000e+03 7.657860000000000573e-06
2.347000000000000000e+03 7.647300000000000457e-06
2.352000000000000000e+03 7.662109999999999727e-06
2.357000000000000000e+03 7.664300000000000463e-06
2.362000000000000000e+03 7.620540000000000395e-06
2.367000000000000000e+03 7.522589999999999918e-06
2.372000000000000000e+03 7.333709999999999619e-06
2.377000000000000000e+03 7.091829999999999997e-06
2.382000000000000000e+03 6.909709999999999951e-06
2.387000000000000000e+03 6.826350000000000296e-06
2.392000000000000000e+03 6.809559999999999733e-06
2.397000000000000000e+03 6.817379999999999600e-06
2.402000000000000000e+03 6.831070000000000142e-06
2.407000000000000000e+03 6.841029999999999789e-06
2.412000000000000000e+03 6.830330000000000044e-06
2.417000000000000000e+03 6.794830000000000130e-06
2.422000000000000000e+03 6.801780000000000122e-06
2.427000000000000000e+03 7.422189999999999998e-06
2.432000000000000000e+03 8.630689999999999524e-06
2.437000000000000000e+03 9.332640000000000486e-06
2.442000000000000000e+03 9.391059999999999496e-06
2.447000000000000000e+03 9.384179999999999318e-06
2.452000000000000000e+03 9.383429999999999367e-06
2.457000000000000000e+03 9.384240000000000127e-06
2.462000000000000000e+03 9.388410000000000461e-06
2.467000000000000000e+03 9.381430000000000064e-06
2.472000000000000000e+03 9.346839999999999435e-06
2.477000000000000000e+03 9.222740000000000064e-06
2.482000000000000000e+03 9.045170000000000678e-06
2.487000000000000000e+03 8.920459999999999292e-06
2.492000000000000000e+03 8.834999999999999267e-06
2.497000000000000000e+03 8.746789999999999988e-06
2.502000000000000000e+03 8.690620000000000829e-06
2.507000000000000000e+03 8.719419999999999604e-06
2.512000000000000000e+03 8.823390000000000237e-06
2.517000000000000000e+03 8.913280000000000150e-06
2.522000000000000000e+03 8.947809999999999970e-06
2.527000000000000000e+03 8.927049999999999512e-06
2.532000000000000000e+03 8.853669999999999208e-06
2.537000000000000000e+03 8.797229999999999796e-06
2.542000000000000000e+03 8.829429999999999251e-06
2.547000000000000000e+03 8.955169999999999846e-06
2.552000000000000000e+03 9.145599999999999308e-06
2.557000000000000000e+03 9.413600000000000808e-06
2.562000000000000000e+03 9.823430000000000237e-06
2.567000000000000000e+03 1.034510000000000028e-05
2.572000000000000000e+03 1.086370000000000070e-05
2.577000000000000000e+03 1.128250000000000082e-05
2.582000000000000000e+03 1.156050000000000053e-05
2.587000000000000000e+03 1.173120000000000044e-05
2.592000000000000000e+03 1.184679999999999981e-05
2.597000000000000000e+03 1.195329999999999955e-05
2.602000000000000000e+03 1.204340000000000060e-05
2.607000000000000000e+03 1.209040000000000032e-05
2.612000000000000000e+03 1.210309999999999937e-05
2.617000000000000000e+03 1.210919999999999919e-05
2.622000000000000000e+03 1.213409999999999958e-05
2.627000000000000000e+03 1.219310000000000020e-05
2.632000000000000000e+03 1.231980000000000019e-05
2.637000000000000000e+03 1.251060000000000012e-05
2.642000000000000000e+03 1.275240000000000008e-05
2.647000000000000000e+03 1.305160000000000054e-05
2.652000000000000000e+03 1.343059999999999979e-05
2.657000000000000000e+03 1.392199999999999986e-05
2.662000000000000000e+03 1.447409999999999920e-05
2.667000000000000000e+03 1.499710000000000080e-05
2.672000000000000000e+03 1.544989999999999924e-05
2.677000000000000000e+03 1.586049999999999832e-05
2.682000000000000000e+03 1.629669999999999933e-05
2.687000000000000000e+03 1.679630000000000044e-05
2.692000000000000000e+03 1.736249999999999851e-05
2.697000000000000000e+03 1.805610000000000149e-05
2.702000000000000000e+03 1.887660000000000152e-05
2.707000000000000000e+03 1.986390000000000136e-05
2.712000000000000000e+03 2.105360000000000117e-05
2.717000000000000000e+03 2.240179999999999955e-05
2.722000000000000000e+03 2.392649999999999869e-05
2.727000000000000000e+03 2.558309999999999905e-05
2.732000000000000000e+03 2.734880000000000148e-05
2.737000000000000000e+03 2.921549999999999836e-05
2.742000000000000000e+03 3.122340000000000331e-05
2.747000000000000000e+03 3.343770000000000005e-05
2.752000000000000000e+03 3.602069999999999887e-05
2.757000000000000000e+03 3.904229999999999718e-05
2.762000000000000000e+03 4.249539999999999974e-05
2.767000000000000000e+03 4.634370000000000151e-05
2.772000000000000000e+03 5.082170000000000166e-05
2.777000000000000000e+03 5.601559999999999948e-05
2.782000000000000000e+03 6.211410000000000217e-05
2.787000000000000000e+03 6.918300000000000491e-05
2.792000000000000000e+03 7.739169999999999969e-05
2.797000000000000000e+03 8.691429999999999555e-05
2.802000000000000000e+03 9.794720000000000303e-05
2.807000000000000000e+03 1.107569999999999968e-04
2.812000000000000000e+03 1.255480000000000116e-04
2.817000000000000000e+03 1.426850000000000069e-04
2.822000000000000000e+03 1.624779999999999985e-04
2.827000000000000000e+03 1.849110000000000055e-04
2.832000000000000000e+03 2.207669999999999956e-04
2.837000000000000000e+03 2.828670000000000143e-04
2.842000000000000000e+03 3.538519999999999860e-04
2.847000000000000000e+03 4.698750000000000236e-04
2.852000000000000000e+03 6.777250000000000071e-04
2.857000000000000000e+03 9.708950000000000479e-04
2.862000000000000000e+03 1.298930000000000006e-03
2.867000000000000000e+03 1.700860000000000002e-03
2.872000000000000000e+03 2.217820000000000121e-03
2.877000000000000000e+03 2.852250000000000184e-03
2.882000000000000000e+03 3.599750000000000085e-03
2.887000000000000000e+03 4.440859999999999599e-03
2.892000000000000000e+03 5.373389999999999590e-03
2.897000000000000000e+03 6.377589999999999822e-03
2.902000000000000000e+03 7.450359999999999622e-03
2.907000000000000000e+03 8.622819999999999790e-03
2.912000000000000000e+03 9.882389999999999577e-03
2.917000000000000000e+03 1.126150000000000068e-02
2.922000000000000000e+03 1.273829999999999928e-02
2.927000000000000000e+03 1.433459999999999943e-02
2.932000000000000000e+03 1.606269999999999920e-02
2.937000000000000000e+03 1.798690000000000011e-02
2.942000000000000000e+03 2.007190000000000016e-02
2.947000000000000000e+03 2.234960000000000072e-02
2.952000000000000000e+03 2.479490000000000166e-02
2.957000000000000000e+03 2.740039999999999837e-02
2.962000000000000000e+03 3.015839999999999840e-02
2.967000000000000000e+03 3.305729999999999780e-02
2.972000000000000000e+03 3.608610000000000290e-02
2.977000000000000000e+03 3.924529999999999685e-02
2.982000000000000000e+03 4.249569999999999736e-02
2.987000000000000000e+03 4.581949999999999912e-02
2.992000000000000000e+03 4.916999999999999843e-02
2.997000000000000000e+03 5.251469999999999749e-02
3.002000000000000000e+03 5.580040000000000000e-02
3.007000000000000000e+03 5.901560000000000139e-02
3.012000000000000000e+03 6.211350000000000204e-02
3.017000000000000000e+03 6.503730000000000622e-02
3.022000000000000000e+03 6.775630000000000541e-02
3.027000000000000000e+03 7.022200000000000664e-02
3.032000000000000000e+03 7.242030000000000689e-02
3.037000000000000000e+03 7.434369999999999867e-02
3.042000000000000000e+03 7.602409999999999723e-02
3.047000000000000000e+03 7.747099999999999820e-02
3.052000000000000000e+03 7.873460000000000181e-02
3.057000000000000000e+03 7.985040000000000193e-02
3.062000000000000000e+03 8.085630000000000595e-02
3.067000000000000000e+03 8.181420000000000359e-02
3.072000000000000000e+03 8.273229999999999473e-02
3.077000000000000000e+03 8.370650000000000313e-02
3.082000000000000000e+03 8.473110000000000364e-02
3.087000000000000000e+03 8.587190000000000101e-02
3.092000000000000000e+03 8.709310000000000662e-02
3.097000000000000000e+03 8.834300000000000486e-02
3.102000000000000000e+03 8.959659999999999846e-02
3.107000000000000000e+03 9.078110000000000346e-02
3.112000000000000000e+03 9.192540000000000433e-02
3.117000000000000000e+03 9.293200000000000072e-02
3.122000000000000000e+03 9.383379999999999499e-02
3.127000000000000000e+03 9.456140000000000378e-02
3.132000000000000000e+03 9.520570000000000421e-02
3.137000000000000000e+03 9.576479999999999715e-02
3.142000000000000000e+03 9.629740000000000522e-02
3.147000000000000000e+03 9.686329999999999940e-02
3.152000000000000000e+03 9.742510000000000059e-02
3.157000000000000000e+03 9.802700000000000302e-02
3.162000000000000000e+03 9.881919999999999593e-02
3.167000000000000000e+03 1.000759999999999983e-01
3.172000000000000000e+03 1.017470000000000041e-01
3.177000000000000000e+03 1.039500000000000007e-01
3.182000000000000000e+03 1.071180000000000049e-01
3.187000000000000000e+03 1.117059999999999997e-01
3.192000000000000000e+03 1.188830000000000026e-01
3.197000000000000000e+03 1.293310000000000015e-01
3.202000000000000000e+03 1.459699999999999886e-01
3.207000000000000000e+03 1.699239999999999917e-01
3.212000000000000000e+03 2.052569999999999950e-01
3.217000000000000000e+03 2.524819999999999842e-01
3.222000000000000000e+03 3.138880000000000003e-01
3.227000000000000000e+03 3.880910000000000193e-01
3.232000000000000000e+03 4.726609999999999978e-01
3.237000000000000000e+03 5.629729999999999457e-01
3.242000000000000000e+03 6.543259999999999632e-01
3.247000000000000000e+03 7.406009999999999538e-01
3.252000000000000000e+03 8.164940000000000531e-01
3.257000000000000000e+03 8.792769999999999753e-01
3.262000000000000000e+03 9.240420000000000300e-01
3.267000000000000000e+03 9.550950000000000273e-01
3.272000000000000000e+03 9.719870000000000454e-01
3.277000000000000000e+03 9.808320000000000372e-01
3.282000000000000000e+03 9.845080000000000497e-01
3.287000000000000000e+03 9.849400000000000377e-01
3.292000000000000000e+03 9.857939999999999481e-01
3.297000000000000000e+03 9.868299999999999850e-01
3.302000000000000000e+03 9.890510000000000135e-01
3.307000000000000000e+03 9.927380000000000093e-01
3.312000000000000000e+03 9.963020000000000209e-01
3.317000000000000000e+03 9.993419999999999526e-01
3.322000000000000000e+03 1.000000000000000000e+00
3.327000000000000000e+03 9.975389999999999535e-01
3.332000000000000000e+03 9.943009999999999904e-01
3.337000000000000000e+03 9.905410000000000048e-01
3.342000000000000000e+03 9.862079999999999735e-01
3.347000000000000000e+03 9.797919999999999963e-01
3.352000000000000000e+03 9.702100000000000168e-01
3.357000000000000000e+03 9.576329999999999565e-01
3.362000000000000000e+03 9.387529999999999486e-01
3.367000000000000000e+03 9.116689999999999516e-01
3.372000000000000000e+03 8.725110000000000365e-01
3.377000000000000000e+03 8.217919999999999670e-01
3.382000000000000000e+03 7.579190000000000094e-01
3.387000000000000000e+03 6.862880000000000091e-01
3.392000000000000000e+03 6.065439999999999721e-01
3.397000000000000000e+03 5.255149999999999544e-01
3.402000000000000000e+03 4.433819999999999983e-01
3.407000000000000000e+03 3.677759999999999918e-01
3.412000000000000000e+03 3.010030000000000205e-01
3.417000000000000000e+03 2.459040000000000115e-01
3.422000000000000000e+03 2.041850000000000054e-01
3.427000000000000000e+03 1.731370000000000131e-01
3.432000000000000000e+03 1.514929999999999888e-01
3.437000000000000000e+03 1.362170000000000047e-01
3.442000000000000000e+03 1.251800000000000135e-01
3.447000000000000000e+03 1.173300000000000037e-01
3.452000000000000000e+03 1.114340000000000053e-01
3.457000000000000000e+03 1.072089999999999987e-01
3.462000000000000000e+03 1.037310000000000038e-01
3.467000000000000000e+03 1.007849999999999996e-01
3.472000000000000000e+03 9.784809999999999341e-02
3.477000000000000000e+03 9.503889999999999560e-02
3.482000000000000000e+03 9.266190000000000537e-02
3.487000000000000000e+03 9.108140000000000680e-02
3.492000000000000000e+03 8.984880000000000644e-02
3.497000000000000000e+03 8.882690000000000030e-02
3.502000000000000000e+03 8.793389999999999540e-02
3.507000000000000000e+03 8.712190000000000212e-02
3.512000000000000000e+03 8.626580000000000359e-02
3.517000000000000000e+03 8.523790000000000533e-02
3.522000000000000000e+03 8.409329999999999583e-02
3.527000000000000000e+03 8.292249999999999621e-02
3.532000000000000000e+03 8.174049999999999372e-02
3.537000000000000000e+03 8.061840000000000672e-02
3.542000000000000000e+03 7.940840000000000398e-02
3.547000000000000000e+03 7.816370000000000262e-02
3.552000000000000000e+03 7.686709999999999376e-02
3.557000000000000000e+03 7.553880000000000317e-02
3.562000000000000000e+03 7.420770000000000144e-02
3.567000000000000000e+03 7.289690000000000059e-02
3.572000000000000000e+03 7.165580000000000560e-02
3.577000000000000000e+03 7.043900000000000161e-02
3.582000000000000000e+03 6.930269999999999486e-02
3.587000000000000000e+03 6.816149999999999987e-02
3.592000000000000000e+03 6.696149999999999325e-02
3.597000000000000000e+03 6.564899999999999902e-02
3.602000000000000000e+03 6.406929999999999570e-02
3.607000000000000000e+03 6.224169999999999703e-02
3.612000000000000000e+03 6.000609999999999972e-02
3.617000000000000000e+03 5.744660000000000044e-02
3.622000000000000000e+03 5.443159999999999665e-02
3.627000000000000000e+03 5.102280000000000010e-02
3.632000000000000000e+03 4.722599999999999715e-02
3.637000000000000000e+03 4.316810000000000092e-02
3.642000000000000000e+03 3.899849999999999844e-02
3.647000000000000000e+03 3.478980000000000267e-02
3.652000000000000000e+03 3.065529999999999991e-02
3.657000000000000000e+03 2.669300000000000145e-02
3.662000000000000000e+03 2.296199999999999977e-02
3.667000000000000000e+03 1.958460000000000062e-02
3.672000000000000000e+03 1.651940000000000006e-02
3.677000000000000000e+03 1.391859999999999972e-02
3.682000000000000000e+03 1.164800000000000037e-02
3.687000000000000000e+03 9.827260000000000856e-03
3.692000000000000000e+03 8.281379999999999644e-03
3.697000000000000000e+03 7.067480000000000116e-03
3.702000000000000000e+03 6.057210000000000372e-03
3.707000000000000000e+03 5.254250000000000240e-03
3.712000000000000000e+03 4.591869999999999633e-03
3.717000000000000000e+03 4.048719999999999576e-03
3.722000000000000000e+03 3.598200000000000183e-03
3.727000000000000000e+03 3.214310000000000171e-03
3.732000000000000000e+03 2.889479999999999826e-03
3.737000000000000000e+03 2.604389999999999830e-03
3.742000000000000000e+03 2.358299999999999806e-03
3.747000000000000000e+03 2.136900000000000171e-03
3.752000000000000000e+03 1.928919999999999984e-03
3.757000000000000000e+03 1.726560000000000030e-03
3.762000000000000000e+03 1.549430000000000078e-03
3.767000000000000000e+03 1.394859999999999937e-03
3.772000000000000000e+03 1.229550000000000044e-03
3.777000000000000000e+03 1.043520000000000038e-03
3.782000000000000000e+03 8.726450000000000179e-04
3.787000000000000000e+03 7.403579999999999883e-04
3.792000000000000000e+03 6.357119999999999741e-04
3.797000000000000000e+03 5.521799999999999885e-04
3.802000000000000000e+03 4.691410000000000133e-04
3.807000000000000000e+03 3.525040000000000118e-04
3.812000000000000000e+03 2.264129999999999886e-04
3.817000000000000000e+03 1.283049999999999989e-04
3.822000000000000000e+03 7.374570000000000105e-05
3.827000000000000000e+03 6.907729999999999676e-05
3.832000000000000000e+03 6.473340000000000604e-05
3.837000000000000000e+03 5.740919999999999915e-05
3.842000000000000000e+03 4.942689999999999936e-05
3.847000000000000000e+03 4.262779999999999868e-05
3.852000000000000000e+03 3.183549999999999699e-05
3.857000000000000000e+03 2.522080000000000085e-05
3.862000000000000000e+03 2.418420000000000132e-05
3.867000000000000000e+03 2.369260000000000081e-05
3.872000000000000000e+03 2.329720000000000117e-05
3.877000000000000000e+03 2.300200000000000102e-05
3.882000000000000000e+03 2.270850000000000120e-05
3.887000000000000000e+03 2.240199999999999998e-05
3.892000000000000000e+03 2.210570000000000080e-05
3.897000000000000000e+03 2.183690000000000094e-05
3.902000000000000000e+03 2.161710000000000010e-05
3.907000000000000000e+03 2.147670000000000056e-05
3.912000000000000000e+03 2.139859999999999871e-05
3.917000000000000000e+03 2.137229999999999864e-05
3.922000000000000000e+03 2.140700000000000019e-05
3.927000000000000000e+03 2.147860000000000134e-05
3.932000000000000000e+03 2.160309999999999989e-05
3.937000000000000000e+03 2.175960000000000085e-05
3.942000000000000000e+03 2.191799999999999920e-05
3.947000000000000000e+03 2.203089999999999942e-05
3.952000000000000000e+03 2.207689999999999864e-05
3.957000000000000000e+03 2.208959999999999938e-05
3.962000000000000000e+03 2.205030000000000130e-05
3.967000000000000000e+03 2.199910000000000084e-05
3.972000000000000000e+03 2.194070000000000154e-05
3.977000000000000000e+03 2.186460000000000069e-05
3.982000000000000000e+03 2.176529999999999979e-05
3.987000000000000000e+03 2.159280000000000102e-05
3.992000000000000000e+03 2.128330000000000000e-05
3.997000000000000000e+03 2.091100000000000020e-05
4.002000000000000000e+03 2.045909999999999865e-05
4.007000000000000000e+03 1.973169999999999948e-05
4.012000000000000000e+03 1.869830000000000019e-05
4.017000000000000000e+03 1.771590000000000092e-05
4.022000000000000000e+03 1.718199999999999914e-05
4.027000000000000000e+03 1.708039999999999998e-05
4.032000000000000000e+03 1.722359999999999888e-05
4.037000000000000000e+03 1.789909999999999944e-05
4.042000000000000000e+03 1.879699999999999977e-05
4.047000000000000000e+03 1.998140000000000151e-05
4.052000000000000000e+03 2.124380000000000148e-05
4.057000000000000000e+03 2.245869999999999895e-05
4.062000000000000000e+03 2.347040000000000148e-05
4.067000000000000000e+03 2.407720000000000048e-05
4.072000000000000000e+03 2.447620000000000123e-05
4.077000000000000000e+03 2.467090000000000125e-05
4.082000000000000000e+03 2.479590000000000090e-05
4.087000000000000000e+03 2.496550000000000009e-05
4.092000000000000000e+03 2.516370000000000100e-05
4.097000000000000000e+03 2.539639999999999964e-05
4.102000000000000000e+03 2.567010000000000008e-05
4.107000000000000000e+03 2.597340000000000106e-05
4.112000000000000000e+03 2.633229999999999859e-05
4.117000000000000000e+03 2.673820000000000092e-05
4.122000000000000000e+03 2.717520000000000029e-05
4.127000000000000000e+03 2.759120000000000105e-05
4.132000000000000000e+03 2.795900000000000116e-05
4.137000000000000000e+03 2.828239999999999877e-05
4.142000000000000000e+03 2.856059999999999892e-05
4.147000000000000000e+03 2.884789999999999870e-05
4.152000000000000000e+03 2.915360000000000155e-05
4.157000000000000000e+03 2.946200000000000015e-05
4.162000000000000000e+03 2.975770000000000140e-05
4.167000000000000000e+03 3.001589999999999835e-05
4.172000000000000000e+03 3.022420000000000109e-05
4.177000000000000000e+03 3.042089999999999871e-05
4.182000000000000000e+03 3.060579999999999757e-05
4.187000000000000000e+03 3.075769999999999860e-05
4.192000000000000000e+03 3.085780000000000125e-05
4.197000000000000000e+03 3.091539999999999881e-05
4.202000000000000000e+03 3.096920000000000158e-05
4.207000000000000000e+03 3.105059999999999710e-05
4.212000000000000000e+03 3.121489999999999823e-05
4.217000000000000000e+03 3.148800000000000074e-05
4.222000000000000000e+03 3.179859999999999740e-05
4.227000000000000000e+03 3.218489999999999741e-05
4.232000000000000000e+03 3.258709999999999840e-05
4.237000000000000000e+03 3.298710000000000135e-05
4.242000000000000000e+03 3.337410000000000290e-05
4.247000000000000000e+03 3.370009999999999944e-05
4.252000000000000000e+03 3.397950000000000222e-05
4.257000000000000000e+03 3.419220000000000104e-05
4.262000000000000000e+03 3.434849999999999817e-05
4.267000000000000000e+03 3.448680000000000327e-05
4.272000000000000000e+03 3.464459999999999691e-05
4.277000000000000000e+03 3.480309999999999887e-05
4.282000000000000000e+03 3.491999999999999770e-05
4.287000000000000000e+03 3.495129999999999857e-05
4.292000000000000000e+03 3.491840000000000097e-05
4.297000000000000000e+03 3.490779999999999805e-05
4.302000000000000000e+03 3.444199999999999990e-05
4.307000000000000000e+03 3.316529999999999907e-05
4.312000000000000000e+03 3.165500000000000101e-05
4.317000000000000000e+03 3.052730000000000162e-05
4.322000000000000000e+03 2.748549999999999968e-05
4.327000000000000000e+03 2.202400000000000123e-05
4.332000000000000000e+03 1.475929999999999945e-05
4.337000000000000000e+03 8.504789999999999594e-06
4.342000000000000000e+03 4.548899999999999764e-06
4.347000000000000000e+03 1.431980000000000095e-06
4.352000000000000000e+03 4.464419999999999686e-08
