3.097000000000000000e+03 0.000000000000000000e+00
3.104000000000000000e+03 1.701779999999999969e-08
3.111000000000000000e+03 4.859949999999999522e-07
3.118000000000000000e+03 1.180029999999999907e-06
3.125000000000000000e+03 1.397819999999999900e-06
3.132000000000000000e+03 1.681590000000000065e-06
3.139000000000000000e+03 3.307730000000000093e-06
3.146000000000000000e+03 6.177659999999999905e-06
3.153000000000000000e+03 7.877960000000000380e-06
3.160000000000000000e+03 7.845220000000000419e-06
3.167000000000000000e+03 7.523710000000000341e-06
3.174000000000000000e+03 7.203999999999999975e-06
3.181000000000000000e+03 7.014409999999999982e-06
3.188000000000000000e+03 6.997759999999999896e-06
3.195000000000000000e+03 7.045520000000000266e-06
3.202000000000000000e+03 7.902780000000000254e-06
3.209000000000000000e+03 1.093680000000000005e-05
3.216000000000000000e+03 1.422420000000000012e-05
3.223000000000000000e+03 1.585080000000000077e-05
3.230000000000000000e+03 1.655360000000000021e-05
3.237000000000000000e+03 1.679079999999999855e-05
3.244000000000000000e+03 1.693870000000000098e-05
3.251000000000000000e+03 1.704800000000000008e-05
3.258000000000000000e+03 1.718669999999999928e-05
3.265000000000000000e+03 1.735140000000000128e-05
3.272000000000000000e+03 1.749389999999999864e-05
3.279000000000000000e+03 1.760150000000000080e-05
3.286000000000000000e+03 1.764419999999999956e-05
3.293000000000000000e+03 1.752539999999999995e-05
3.300000000000000000e+03 1.735629999999999847e-05
3.307000000000000000e+03 1.731989999999999997e-05
3.314000000000000000e+03 1.740560000000000154e-05
3.321000000000000000e+03 1.748659999999999958e-05
3.328000000000000000e+03 1.750979999999999963e-05
3.335000000000000000e+03 1.748730000000000111e-05
3.342000000000000000e+03 1.745510000000000166e-05
3.349000000000000000e+03 1.741669999999999877e-05
3.356000000000000000e+03 1.737120000000000065e-05
3.363000000000000000e+03 1.733509999999999942e-05
3.370000000000000000e+03 1.734279999999999936e-05
3.377000000000000000e+03 1.747050000000000154e-05
3.384000000000000000e+03 1.778550000000000107e-05
3.391000000000000000e+03 1.821999999999999835e-05
3.398000000000000000e+03 1.871309999999999876e-05
3.405000000000000000e+03 1.911929999999999836e-05
3.412000000000000000e+03 1.942259999999999934e-05
3.419000000000000000e+03 1.965109999999999893e-05
3.426000000000000000e+03 1.988179999999999996e-05
3.433000000000000000e+03 2.014030000000000095e-05
3.440000000000000000e+03 2.032910000000000159e-05
3.447000000000000000e+03 2.040610000000000102e-05
3.454000000000000000e+03 2.042020000000000144e-05
3.461000000000000000e+03 2.043329999999999967e-05
3.468000000000000000e+03 2.053169999999999860e-05
3.475000000000000000e+03 2.077919999999999919e-05
3.482000000000000000e+03 2.123550000000000023e-05
3.489000000000000000e+03 2.178989999999999953e-05
3.496000000000000000e+03 2.245630000000000046e-05
3.503000000000000000e+03 2.317220000000000152e-05
3.510000000000000000e+03 2.386989999999999994e-05
3.517000000000000000e+03 2.445049999999999909e-05
3.524000000000000000e+03 2.492499999999999938e-05
3.531000000000000000e+03 2.531010000000000014e-05
3.538000000000000000e+03 2.566550000000000016e-05
3.545000000000000000e+03 2.599330000000000065e-05
3.552000000000000000e+03 2.645720000000000141e-05
3.559000000000000000e+03 2.708789999999999861e-05
3.566000000000000000e+03 2.788930000000000079e-05
3.573000000000000000e+03 2.884809999999999913e-05
3.580000000000000000e+03 2.986609999999999854e-05
3.587000000000000000e+03 3.088069999999999726e-05
3.594000000000000000e+03 3.189439999999999739e-05
3.601000000000000000e+03 3.297029999999999839e-05
3.608000000000000000e+03 3.420100000000000001e-05
3.615000000000000000e+03 3.552800000000000272e-05
3.622000000000000000e+03 3.688700000000000106e-05
3.629000000000000000e+03 3.822639999999999708e-05
3.636000000000000000e+03 3.981410000000000222e-05
3.643000000000000000e+03 4.175879999999999734e-05
3.650000000000000000e+03 4.387100000000000060e-05
3.657000000000000000e+03 4.600140000000000311e-05
3.664000000000000000e+03 4.828059999999999985e-05
3.671000000000000000e+03 5.070500000000000327e-05
3.678000000000000000e+03 5.335089999999999771e-05
3.685000000000000000e+03 5.617859999999999775e-05
3.692000000000000000e+03 5.934639999999999816e-05
3.699000000000000000e+03 6.288059999999999559e-05
3.706000000000000000e+03 6.695860000000000635e-05
3.713000000000000000e+03 7.149369999999999619e-05
3.720000000000000000e+03 7.671549999999999420e-05
3.727000000000000000e+03 8.236799999999999471e-05
3.734000000000000000e+03 8.759279999999999931e-05
3.741000000000000000e+03 9.153140000000000256e-05
3.748000000000000000e+03 9.669300000000000410e-05
3.755000000000000000e+03 1.041390000000000002e-04
3.762000000000000000e+03 1.144380000000000045e-04
3.769000000000000000e+03 1.280239999999999926e-04
3.776000000000000000e+03 1.455390000000000037e-04
3.783000000000000000e+03 1.655019999999999885e-04
3.790000000000000000e+03 1.872699999999999875e-04
3.797000000000000000e+03 2.108819999999999911e-04
3.804000000000000000e+03 2.371250000000000040e-04
3.811000000000000000e+03 2.669300000000000210e-04
3.818000000000000000e+03 3.016900000000000202e-04
3.825000000000000000e+03 3.444829999999999746e-04
3.832000000000000000e+03 4.241450000000000125e-04
3.839000000000000000e+03 5.259079999999999528e-04
3.846000000000000000e+03 6.438750000000000246e-04
3.853000000000000000e+03 7.868579999999999802e-04
3.860000000000000000e+03 1.026180000000000017e-03
3.867000000000000000e+03 1.380270000000000065e-03
3.874000000000000000e+03 1.895600000000000106e-03
3.881000000000000000e+03 2.512009999999999851e-03
3.888000000000000000e+03 3.268420000000000179e-03
3.895000000000000000e+03 4.222430000000000107e-03
3.902000000000000000e+03 5.448770000000000349e-03
3.909000000000000000e+03 6.926810000000000259e-03
3.916000000000000000e+03 8.675959999999999922e-03
3.923000000000000000e+03 1.069480000000000083e-02
3.930000000000000000e+03 1.296240000000000066e-02
3.937000000000000000e+03 1.552929999999999935e-02
3.944000000000000000e+03 1.836619999999999919e-02
3.951000000000000000e+03 2.152870000000000131e-02
3.958000000000000000e+03 2.490590000000000165e-02
3.965000000000000000e+03 2.854160000000000030e-02
3.972000000000000000e+03 3.231660000000000088e-02
3.979000000000000000e+03 3.631299999999999806e-02
3.986000000000000000e+03 4.043229999999999741e-02
3.993000000000000000e+03 4.470299999999999968e-02
4.000000000000000000e+03 4.901520000000000182e-02
4.007000000000000000e+03 5.336719999999999658e-02
4.014000000000000000e+03 5.776570000000000316e-02
4.021000000000000000e+03 6.220259999999999678e-02
4.028000000000000000e+03 6.676400000000000390e-02
4.035000000000000000e+03 7.143560000000000187e-02
4.042000000000000000e+03 7.629740000000000133e-02
4.049000000000000000e+03 8.131370000000000264e-02
4.056000000000000000e+03 8.649959999999999594e-02
4.063000000000000000e+03 9.171809999999999685e-02
4.070000000000000000e+03 9.688650000000000040e-02
4.077000000000000000e+03 1.018560000000000021e-01
4.084000000000000000e+03 1.063309999999999950e-01
4.091000000000000000e+03 1.100519999999999970e-01
4.098000000000000000e+03 1.131309999999999955e-01
4.105000000000000000e+03 1.156319999999999987e-01
4.112000000000000000e+03 1.180790000000000034e-01
4.119000000000000000e+03 1.206630000000000064e-01
4.126000000000000000e+03 1.230450000000000016e-01
4.133000000000000000e+03 1.250960000000000127e-01
4.140000000000000000e+03 1.264840000000000131e-01
4.147000000000000000e+03 1.276110000000000022e-01
4.154000000000000000e+03 1.286680000000000046e-01
4.161000000000000000e+03 1.295540000000000025e-01
4.168000000000000000e+03 1.303400000000000114e-01
4.175000000000000000e+03 1.305870000000000086e-01
4.182000000000000000e+03 1.309130000000000016e-01
4.189000000000000000e+03 1.317020000000000135e-01
4.196000000000000000e+03 1.326610000000000011e-01
4.203000000000000000e+03 1.336710000000000120e-01
4.210000000000000000e+03 1.345480000000000009e-01
4.217000000000000000e+03 1.351729999999999876e-01
4.224000000000000000e+03 1.359460000000000113e-01
4.231000000000000000e+03 1.371449999999999891e-01
4.238000000000000000e+03 1.396139999999999881e-01
4.245000000000000000e+03 1.447199999999999875e-01
4.252000000000000000e+03 1.544429999999999970e-01
4.259000000000000000e+03 1.709829999999999961e-01
4.266000000000000000e+03 1.972160000000000024e-01
4.273000000000000000e+03 2.361620000000000108e-01
4.280000000000000000e+03 2.902899999999999925e-01
4.287000000000000000e+03 3.591070000000000095e-01
4.294000000000000000e+03 4.424489999999999812e-01
4.301000000000000000e+03 5.340890000000000359e-01
4.308000000000000000e+03 6.309479999999999533e-01
4.315000000000000000e+03 7.236920000000000019e-01
4.322000000000000000e+03 8.068920000000000536e-01
4.329000000000000000e+03 8.734849999999999559e-01
4.336000000000000000e+03 9.189270000000000493e-01
4.343000000000000000e+03 9.462859999999999605e-01
4.350000000000000000e+03 9.596369999999999623e-01
4.357000000000000000e+03 9.675890000000000324e-01
4.364000000000000000e+03 9.735420000000000185e-01
4.371000000000000000e+03 9.775789999999999758e-01
4.378000000000000000e+03 9.816319999999999490e-01
4.385000000000000000e+03 9.865089999999999693e-01
4.392000000000000000e+03 9.919459999999999944e-01
4.399000000000000000e+03 9.965929999999999511e-01
4.406000000000000000e+03 9.989080000000000181e-01
4.413000000000000000e+03 1.000000000000000000e+00
4.420000000000000000e+03 9.989569999999999839e-01
4.427000000000000000e+03 9.955540000000000500e-01
4.434000000000000000e+03 9.887650000000000050e-01
4.441000000000000000e+03 9.778200000000000225e-01
4.448000000000000000e+03 9.615500000000000158e-01
4.455000000000000000e+03 9.376470000000000082e-01
4.462000000000000000e+03 9.029890000000000416e-01
4.469000000000000000e+03 8.556380000000000097e-01
4.476000000000000000e+03 7.948089999999999877e-01
4.483000000000000000e+03 7.198210000000000441e-01
4.490000000000000000e+03 6.349299999999999944e-01
4.497000000000000000e+03 5.428100000000000147e-01
4.504000000000000000e+03 4.531390000000000140e-01
4.511000000000000000e+03 3.703690000000000038e-01
4.518000000000000000e+03 3.032569999999999988e-01
4.525000000000000000e+03 2.454520000000000035e-01
4.532000000000000000e+03 1.990500000000000047e-01
4.539000000000000000e+03 1.640639999999999876e-01
4.546000000000000000e+03 1.426910000000000123e-01
4.553000000000000000e+03 1.289200000000000068e-01
4.560000000000000000e+03 1.192079999999999945e-01
4.567000000000000000e+03 1.133979999999999988e-01
4.574000000000000000e+03 1.098770000000000024e-01
4.581000000000000000e+03 1.069620000000000015e-01
4.588000000000000000e+03 1.043509999999999993e-01
4.595000000000000000e+03 1.017089999999999939e-01
4.602000000000000000e+03 9.910059999999999703e-02
4.609000000000000000e+03 9.653059999999999419e-02
4.616000000000000000e+03 9.439670000000000005e-02
4.623000000000000000e+03 9.292730000000000434e-02
4.630000000000000000e+03 9.203269999999999507e-02
4.637000000000000000e+03 9.124079999999999691e-02
4.644000000000000000e+03 9.015879999999999728e-02
4.651000000000000000e+03 8.880989999999999718e-02
4.658000000000000000e+03 8.731289999999999885e-02
4.665000000000000000e+03 8.616070000000000673e-02
4.672000000000000000e+03 8.526430000000000120e-02
4.679000000000000000e+03 8.457389999999999353e-02
4.686000000000000000e+03 8.391099999999999948e-02
4.693000000000000000e+03 8.308419999999999694e-02
4.700000000000000000e+03 8.196549999999999669e-02
4.707000000000000000e+03 8.061039999999999872e-02
4.714000000000000000e+03 7.923020000000000063e-02
4.721000000000000000e+03 7.778259999999999341e-02
4.728000000000000000e+03 7.635880000000000445e-02
4.735000000000000000e+03 7.498960000000000348e-02
4.742000000000000000e+03 7.363859999999999850e-02
4.749000000000000000e+03 7.225030000000000341e-02
4.756000000000000000e+03 7.085500000000000131e-02
4.763000000000000000e+03 6.955160000000000509e-02
4.770000000000000000e+03 6.823919999999999986e-02
4.777000000000000000e+03 6.685199999999999476e-02
4.784000000000000000e+03 6.523039999999999394e-02
4.791000000000000000e+03 6.322609999999999342e-02
4.798000000000000000e+03 6.094170000000000142e-02
4.805000000000000000e+03 5.827840000000000104e-02
4.812000000000000000e+03 5.547629999999999922e-02
4.819000000000000000e+03 5.241620000000000307e-02
4.826000000000000000e+03 4.926529999999999798e-02
4.833000000000000000e+03 4.595810000000000173e-02
4.840000000000000000e+03 4.259600000000000192e-02
4.847000000000000000e+03 3.918780000000000180e-02
4.854000000000000000e+03 3.575749999999999762e-02
4.861000000000000000e+03 3.243109999999999743e-02
4.868000000000000000e+03 2.914730000000000099e-02
4.875000000000000000e+03 2.605470000000000008e-02
4.882000000000000000e+03 2.308019999999999863e-02
4.889000000000000000e+03 2.035860000000000100e-02
4.896000000000000000e+03 1.783780000000000088e-02
4.903000000000000000e+03 1.558529999999999985e-02
4.910000000000000000e+03 1.357399999999999926e-02
4.917000000000000000e+03 1.178790000000000046e-02
4.924000000000000000e+03 1.024150000000000060e-02
4.931000000000000000e+03 8.885020000000000417e-03
4.938000000000000000e+03 7.758199999999999819e-03
4.945000000000000000e+03 6.773060000000000018e-03
4.952000000000000000e+03 5.971810000000000139e-03
4.959000000000000000e+03 5.266029999999999670e-03
4.966000000000000000e+03 4.673609999999999917e-03
4.973000000000000000e+03 4.138979999999999569e-03
4.980000000000000000e+03 3.671429999999999833e-03
4.987000000000000000e+03 3.235679999999999893e-03
4.994000000000000000e+03 2.831440000000000172e-03
5.001000000000000000e+03 2.449380000000000134e-03
5.008000000000000000e+03 2.110030000000000152e-03
5.015000000000000000e+03 1.806710000000000000e-03
5.022000000000000000e+03 1.513409999999999972e-03
5.029000000000000000e+03 1.165819999999999921e-03
5.036000000000000000e+03 7.834699999999999781e-04
5.043000000000000000e+03 4.855889999999999751e-04
5.050000000000000000e+03 3.504749999999999944e-04
5.057000000000000000e+03 2.454930000000000024e-04
5.064000000000000000e+03 2.068100000000000071e-04
5.071000000000000000e+03 1.812369999999999997e-04
5.078000000000000000e+03 1.529760000000000072e-04
5.085000000000000000e+03 1.293230000000000085e-04
5.092000000000000000e+03 1.187580000000000038e-04
5.099000000000000000e+03 1.154979999999999977e-04
5.106000000000000000e+03 1.096249999999999948e-04
5.113000000000000000e+03 1.002259999999999989e-04
5.120000000000000000e+03 9.285969999999999457e-05
5.127000000000000000e+03 8.899390000000000187e-05
5.134000000000000000e+03 8.501669999999999529e-05
5.141000000000000000e+03 8.015739999999999931e-05
5.148000000000000000e+03 6.965039999999999979e-05
5.155000000000000000e+03 5.259250000000000171e-05
5.162000000000000000e+03 3.017750000000000033e-05
5.169000000000000000e+03 1.077509999999999955e-05
5.176000000000000000e+03 2.196189999999999974e-06
5.183000000000000000e+03 3.540489999999999961e-08
