2.985000000000000000e+03 0.000000000000000000e+00
2.992000000000000000e+03 3.556920000000000162e-09
2.999000000000000000e+03 1.970230000000000034e-07
3.006000000000000000e+03 4.921970000000000497e-07
3.013000000000000000e+03 5.702189999999999525e-07
3.020000000000000000e+03 5.442010000000000434e-07
3.027000000000000000e+03 5.154879999999999636e-07
3.034000000000000000e+03 6.528570000000000074e-07
3.041000000000000000e+03 9.382020000000000257e-07
3.048000000000000000e+03 1.044520000000000038e-06
3.055000000000000000e+03 1.018400000000000067e-06
3.062000000000000000e+03 9.909149999999998969e-07
3.069000000000000000e+03 9.712990000000001003e-07
3.076000000000000000e+03 1.026089999999999946e-06
3.083000000000000000e+03 1.625629999999999926e-06
3.090000000000000000e+03 2.184359999999999954e-06
3.097000000000000000e+03 2.228630000000000124e-06
3.104000000000000000e+03 2.245170000000000139e-06
3.111000000000000000e+03 2.259799999999999946e-06
3.118000000000000000e+03 2.439489999999999830e-06
3.125000000000000000e+03 3.118979999999999994e-06
3.132000000000000000e+03 3.527679999999999994e-06
3.139000000000000000e+03 3.540719999999999957e-06
3.146000000000000000e+03 3.549049999999999927e-06
3.153000000000000000e+03 3.585119999999999905e-06
3.160000000000000000e+03 3.619600000000000039e-06
3.167000000000000000e+03 3.627589999999999941e-06
3.174000000000000000e+03 3.646620000000000079e-06
3.181000000000000000e+03 3.681130000000000194e-06
3.188000000000000000e+03 3.707530000000000059e-06
3.195000000000000000e+03 3.747799999999999930e-06
3.202000000000000000e+03 3.787569999999999974e-06
3.209000000000000000e+03 3.785069999999999998e-06
3.216000000000000000e+03 3.795299999999999898e-06
3.223000000000000000e+03 3.821369999999999972e-06
3.230000000000000000e+03 3.826379999999999777e-06
3.237000000000000000e+03 3.830329999999999968e-06
3.244000000000000000e+03 3.844200000000000396e-06
3.251000000000000000e+03 3.895660000000000408e-06
3.258000000000000000e+03 3.960560000000000413e-06
3.265000000000000000e+03 4.032399999999999712e-06
3.272000000000000000e+03 4.075280000000000054e-06
3.279000000000000000e+03 4.114660000000000344e-06
3.286000000000000000e+03 4.158629999999999857e-06
3.293000000000000000e+03 4.247419999999999900e-06
3.300000000000000000e+03 4.357440000000000246e-06
3.307000000000000000e+03 4.449249999999999795e-06
3.314000000000000000e+03 4.501339999999999834e-06
3.321000000000000000e+03 4.535130000000000403e-06
3.328000000000000000e+03 4.569059999999999754e-06
3.335000000000000000e+03 4.625699999999999605e-06
3.342000000000000000e+03 4.731040000000000362e-06
3.349000000000000000e+03 4.833280000000000250e-06
3.356000000000000000e+03 4.922640000000000357e-06
3.363000000000000000e+03 5.013949999999999657e-06
3.370000000000000000e+03 5.140040000000000173e-06
3.377000000000000000e+03 5.261960000000000354e-06
3.384000000000000000e+03 5.386420000000000345e-06
3.391000000000000000e+03 5.495100000000000124e-06
3.398000000000000000e+03 5.584230000000000235e-06
3.405000000000000000e+03 5.677939999999999715e-06
3.412000000000000000e+03 5.857220000000000140e-06
3.419000000000000000e+03 6.063810000000000139e-06
3.426000000000000000e+03 6.254459999999999745e-06
3.433000000000000000e+03 6.406810000000000074e-06
3.440000000000000000e+03 6.513350000000000074e-06
3.447000000000000000e+03 6.621840000000000114e-06
3.454000000000000000e+03 6.774490000000000253e-06
3.461000000000000000e+03 7.006259999999999899e-06
3.468000000000000000e+03 7.259460000000000287e-06
3.475000000000000000e+03 7.519180000000000233e-06
3.482000000000000000e+03 7.776839999999999220e-06
3.489000000000000000e+03 8.032159999999999682e-06
3.496000000000000000e+03 8.358240000000000125e-06
3.503000000000000000e+03 8.728869999999999997e-06
3.510000000000000000e+03 9.097239999999999317e-06
3.517000000000000000e+03 9.485939999999999509e-06
3.524000000000000000e+03 9.919810000000000151e-06
3.531000000000000000e+03 1.035150000000000076e-05
3.538000000000000000e+03 1.081459999999999976e-05
3.545000000000000000e+03 1.134800000000000045e-05
3.552000000000000000e+03 1.190449999999999927e-05
3.559000000000000000e+03 1.254170000000000056e-05
3.566000000000000000e+03 1.327899999999999941e-05
3.573000000000000000e+03 1.410489999999999941e-05
3.580000000000000000e+03 1.495740000000000014e-05
3.587000000000000000e+03 1.576829999999999944e-05
3.594000000000000000e+03 1.611810000000000074e-05
3.601000000000000000e+03 1.688389999999999940e-05
3.608000000000000000e+03 1.810479999999999986e-05
3.615000000000000000e+03 1.980439999999999965e-05
3.622000000000000000e+03 2.182199999999999876e-05
3.629000000000000000e+03 2.464150000000000116e-05
3.636000000000000000e+03 2.721669999999999981e-05
3.643000000000000000e+03 2.970010000000000046e-05
3.650000000000000000e+03 3.269950000000000092e-05
3.657000000000000000e+03 3.655000000000000073e-05
3.664000000000000000e+03 4.096090000000000283e-05
3.671000000000000000e+03 4.667299999999999851e-05
3.678000000000000000e+03 5.336279999999999669e-05
3.685000000000000000e+03 6.136799999999999926e-05
3.692000000000000000e+03 6.999109999999999468e-05
3.699000000000000000e+03 8.082769999999999864e-05
3.706000000000000000e+03 9.292980000000000598e-05
3.713000000000000000e+03 1.136559999999999974e-04
3.720000000000000000e+03 1.445010000000000044e-04
3.727000000000000000e+03 1.871300000000000058e-04
3.734000000000000000e+03 2.369779999999999933e-04
3.741000000000000000e+03 3.062459999999999813e-04
3.748000000000000000e+03 3.950189999999999800e-04
3.755000000000000000e+03 4.966600000000000051e-04
3.762000000000000000e+03 6.146769999999999968e-04
3.769000000000000000e+03 7.776490000000000485e-04
3.776000000000000000e+03 9.849270000000000247e-04
3.783000000000000000e+03 1.245680000000000094e-03
3.790000000000000000e+03 1.554590000000000008e-03
3.797000000000000000e+03 1.920929999999999947e-03
3.804000000000000000e+03 2.340629999999999794e-03
3.811000000000000000e+03 2.828670000000000143e-03
3.818000000000000000e+03 3.371390000000000151e-03
3.825000000000000000e+03 3.977539999999999895e-03
3.832000000000000000e+03 4.630010000000000375e-03
3.839000000000000000e+03 5.338309999999999757e-03
3.846000000000000000e+03 6.076980000000000055e-03
3.853000000000000000e+03 6.878190000000000172e-03
3.860000000000000000e+03 7.699929999999999795e-03
3.867000000000000000e+03 8.580590000000000786e-03
3.874000000000000000e+03 9.487139999999999809e-03
3.881000000000000000e+03 1.046270000000000013e-02
3.888000000000000000e+03 1.149610000000000042e-02
3.895000000000000000e+03 1.261490000000000007e-02
3.902000000000000000e+03 1.380630000000000052e-02
3.909000000000000000e+03 1.509989999999999943e-02
3.916000000000000000e+03 1.648490000000000025e-02
3.923000000000000000e+03 1.797400000000000039e-02
3.930000000000000000e+03 1.961929999999999924e-02
3.937000000000000000e+03 2.138529999999999945e-02
3.944000000000000000e+03 2.324669999999999861e-02
3.951000000000000000e+03 2.516900000000000040e-02
3.958000000000000000e+03 2.707620000000000166e-02
3.965000000000000000e+03 2.897310000000000163e-02
3.972000000000000000e+03 3.087919999999999901e-02
3.979000000000000000e+03 3.283710000000000101e-02
3.986000000000000000e+03 3.477510000000000323e-02
3.993000000000000000e+03 3.664130000000000165e-02
4.000000000000000000e+03 3.837109999999999826e-02
4.007000000000000000e+03 3.987299999999999872e-02
4.014000000000000000e+03 4.115690000000000320e-02
4.021000000000000000e+03 4.222320000000000240e-02
4.028000000000000000e+03 4.306900000000000311e-02
4.035000000000000000e+03 4.369789999999999786e-02
4.042000000000000000e+03 4.420249999999999874e-02
4.049000000000000000e+03 4.467150000000000287e-02
4.056000000000000000e+03 4.512759999999999688e-02
4.063000000000000000e+03 4.557089999999999752e-02
4.070000000000000000e+03 4.614710000000000339e-02
4.077000000000000000e+03 4.716789999999999872e-02
4.084000000000000000e+03 4.916449999999999987e-02
4.091000000000000000e+03 5.291350000000000220e-02
4.098000000000000000e+03 6.003689999999999721e-02
4.105000000000000000e+03 7.137280000000000013e-02
4.112000000000000000e+03 9.055610000000000048e-02
4.119000000000000000e+03 1.185989999999999961e-01
4.126000000000000000e+03 1.588050000000000017e-01
4.133000000000000000e+03 2.114769999999999983e-01
4.140000000000000000e+03 2.780639999999999779e-01
4.147000000000000000e+03 3.600229999999999819e-01
4.154000000000000000e+03 4.537399999999999767e-01
4.161000000000000000e+03 5.596919999999999673e-01
4.168000000000000000e+03 6.652310000000000167e-01
4.175000000000000000e+03 7.654400000000000093e-01
4.182000000000000000e+03 8.455960000000000143e-01
4.189000000000000000e+03 9.066340000000000510e-01
4.196000000000000000e+03 9.454019999999999646e-01
4.203000000000000000e+03 9.683479999999999865e-01
4.210000000000000000e+03 9.809729999999999839e-01
4.217000000000000000e+03 9.850259999999999572e-01
4.224000000000000000e+03 9.859179999999999611e-01
4.231000000000000000e+03 9.889390000000000125e-01
4.238000000000000000e+03 9.926310000000000411e-01
4.245000000000000000e+03 9.953600000000000225e-01
4.252000000000000000e+03 9.982630000000000114e-01
4.259000000000000000e+03 1.000000000000000000e+00
4.266000000000000000e+03 9.986169999999999769e-01
4.273000000000000000e+03 9.936150000000000260e-01
4.280000000000000000e+03 9.835720000000000018e-01
4.287000000000000000e+03 9.696700000000000319e-01
4.294000000000000000e+03 9.511060000000000070e-01
4.301000000000000000e+03 9.268309999999999604e-01
4.308000000000000000e+03 8.963349999999999929e-01
4.315000000000000000e+03 8.579860000000000264e-01
4.322000000000000000e+03 8.071350000000000469e-01
4.329000000000000000e+03 7.443119999999999736e-01
4.336000000000000000e+03 6.696440000000000170e-01
4.343000000000000000e+03 5.849189999999999667e-01
4.350000000000000000e+03 4.922630000000000061e-01
4.357000000000000000e+03 3.926160000000000205e-01
4.364000000000000000e+03 2.967819999999999903e-01
4.371000000000000000e+03 2.141000000000000125e-01
4.378000000000000000e+03 1.496359999999999912e-01
4.385000000000000000e+03 1.034479999999999983e-01
4.392000000000000000e+03 7.313790000000000568e-02
4.399000000000000000e+03 5.292369999999999713e-02
4.406000000000000000e+03 4.124610000000000082e-02
4.413000000000000000e+03 3.441290000000000321e-02
4.420000000000000000e+03 2.935859999999999859e-02
4.427000000000000000e+03 2.674779999999999866e-02
4.434000000000000000e+03 2.550010000000000124e-02
4.441000000000000000e+03 2.485760000000000053e-02
4.448000000000000000e+03 2.443359999999999976e-02
4.455000000000000000e+03 2.401879999999999987e-02
4.462000000000000000e+03 2.366000000000000048e-02
4.469000000000000000e+03 2.322120000000000087e-02
4.476000000000000000e+03 2.284699999999999925e-02
4.483000000000000000e+03 2.259150000000000047e-02
4.490000000000000000e+03 2.242629999999999971e-02
4.497000000000000000e+03 2.231930000000000025e-02
4.504000000000000000e+03 2.233250000000000166e-02
4.511000000000000000e+03 2.232140000000000166e-02
4.518000000000000000e+03 2.223539999999999892e-02
4.525000000000000000e+03 2.202909999999999938e-02
4.532000000000000000e+03 2.172699999999999979e-02
4.539000000000000000e+03 2.140519999999999923e-02
4.546000000000000000e+03 2.105370000000000158e-02
4.553000000000000000e+03 2.070740000000000081e-02
4.560000000000000000e+03 2.030890000000000126e-02
4.567000000000000000e+03 1.983870000000000078e-02
4.574000000000000000e+03 1.930799999999999877e-02
4.581000000000000000e+03 1.871180000000000065e-02
4.588000000000000000e+03 1.809010000000000132e-02
4.595000000000000000e+03 1.738879999999999940e-02
4.602000000000000000e+03 1.660580000000000042e-02
4.609000000000000000e+03 1.578370000000000120e-02
4.616000000000000000e+03 1.492620000000000058e-02
4.623000000000000000e+03 1.401920000000000076e-02
4.630000000000000000e+03 1.309390000000000033e-02
4.637000000000000000e+03 1.216760000000000064e-02
4.644000000000000000e+03 1.127760000000000047e-02
4.651000000000000000e+03 1.042470000000000029e-02
4.658000000000000000e+03 9.574189999999999784e-03
4.665000000000000000e+03 8.745249999999999552e-03
4.672000000000000000e+03 7.931540000000000812e-03
4.679000000000000000e+03 7.165340000000000077e-03
4.686000000000000000e+03 6.447360000000000070e-03
4.693000000000000000e+03 5.783189999999999685e-03
4.700000000000000000e+03 5.156270000000000124e-03
4.707000000000000000e+03 4.599419999999999897e-03
4.714000000000000000e+03 4.077830000000000170e-03
4.721000000000000000e+03 3.619040000000000017e-03
4.728000000000000000e+03 3.197859999999999852e-03
4.735000000000000000e+03 2.840670000000000001e-03
4.742000000000000000e+03 2.514999999999999875e-03
4.749000000000000000e+03 2.239239999999999980e-03
4.756000000000000000e+03 1.989330000000000091e-03
4.763000000000000000e+03 1.775770000000000083e-03
4.770000000000000000e+03 1.583699999999999952e-03
4.777000000000000000e+03 1.421139999999999990e-03
4.784000000000000000e+03 1.277839999999999922e-03
4.791000000000000000e+03 1.152540000000000075e-03
4.798000000000000000e+03 1.036479999999999997e-03
4.805000000000000000e+03 9.312749999999999631e-04
4.812000000000000000e+03 8.331080000000000473e-04
4.819000000000000000e+03 7.418789999999999760e-04
4.826000000000000000e+03 6.599950000000000261e-04
4.833000000000000000e+03 5.593869999999999485e-04
4.840000000000000000e+03 4.404289999999999941e-04
4.847000000000000000e+03 3.790210000000000020e-04
4.854000000000000000e+03 3.382899999999999883e-04
4.861000000000000000e+03 3.007379999999999927e-04
4.868000000000000000e+03 2.639769999999999834e-04
4.875000000000000000e+03 2.268190000000000115e-04
4.882000000000000000e+03 1.918199999999999896e-04
4.889000000000000000e+03 1.635949999999999948e-04
4.896000000000000000e+03 1.107989999999999941e-04
4.903000000000000000e+03 3.759659999999999847e-05
4.910000000000000000e+03 1.678880000000000094e-05
4.917000000000000000e+03 1.558459999999999983e-05
4.924000000000000000e+03 1.527869999999999993e-05
4.931000000000000000e+03 1.494019999999999970e-05
4.938000000000000000e+03 1.451769999999999993e-05
4.945000000000000000e+03 1.404660000000000033e-05
4.952000000000000000e+03 1.354189999999999989e-05
4.959000000000000000e+03 1.295500000000000048e-05
4.966000000000000000e+03 1.230290000000000040e-05
4.973000000000000000e+03 1.164530000000000013e-05
4.980000000000000000e+03 1.031580000000000040e-05
4.987000000000000000e+03 7.302080000000000228e-06
4.994000000000000000e+03 3.438369999999999997e-06
5.001000000000000000e+03 7.641909999999999904e-07
