1.102500000000000000e+03 0.000000000000000000e+00
1.104500000000000000e+03 8.711569999999999805e-12
1.106500000000000000e+03 3.983759999999999900e-10
1.108500000000000000e+03 9.063139999999999786e-10
1.110500000000000000e+03 1.414249999999999950e-09
1.112500000000000000e+03 1.756370000000000005e-09
1.114500000000000000e+03 1.336609999999999999e-09
1.116500000000000000e+03 8.287200000000000086e-10
1.118500000000000000e+03 3.208300000000000181e-10
1.120500000000000000e+03 1.880199999999999905e-13
1.122500000000000000e+03 2.253589999999999892e-13
1.124500000000000000e+03 2.626990000000000098e-13
1.126500000000000000e+03 3.000380000000000085e-13
1.128500000000000000e+03 3.354949999999999755e-13
1.130500000000000000e+03 3.699859999999999847e-13
1.132500000000000000e+03 4.044769999999999940e-13
1.134500000000000000e+03 4.387899999999999913e-13
1.136500000000000000e+03 4.717940000000000392e-13
1.138500000000000000e+03 5.045380000000000459e-13
1.140500000000000000e+03 5.372830000000000240e-13
1.142500000000000000e+03 5.697240000000000067e-13
1.144500000000000000e+03 6.012450000000000296e-13
1.146500000000000000e+03 6.327640000000000087e-13
1.148500000000000000e+03 6.642829999999999878e-13
1.150500000000000000e+03 6.952889999999999871e-13
1.152500000000000000e+03 7.258550000000000408e-13
1.154500000000000000e+03 7.564209999999999936e-13
1.156500000000000000e+03 7.869560000000000245e-13
1.158500000000000000e+03 8.169209999999999882e-13
1.160500000000000000e+03 8.467259999999999809e-13
1.162500000000000000e+03 8.765309999999999736e-13
1.164500000000000000e+03 9.076170000000000089e-13
1.166500000000000000e+03 9.438759999999999254e-13
1.168500000000000000e+03 9.805769999999999323e-13
1.170500000000000000e+03 1.017280000000000084e-12
1.172500000000000000e+03 8.614690000000000492e-08
1.174500000000000000e+03 2.942889999999999957e-07
1.176500000000000000e+03 5.024319999999999822e-07
1.178500000000000000e+03 7.105740000000000470e-07
1.180500000000000000e+03 9.720940000000000224e-07
1.182500000000000000e+03 1.255839999999999948e-06
1.184500000000000000e+03 1.539579999999999920e-06
1.186500000000000000e+03 1.815919999999999971e-06
1.188500000000000000e+03 2.047570000000000116e-06
1.190500000000000000e+03 2.271719999999999910e-06
1.192500000000000000e+03 2.495870000000000127e-06
1.194500000000000000e+03 2.732470000000000115e-06
1.196500000000000000e+03 2.999510000000000103e-06
1.198500000000000000e+03 3.266539999999999814e-06
1.200500000000000000e+03 3.533569999999999950e-06
1.202500000000000000e+03 3.815370000000000369e-06
1.204500000000000000e+03 4.107739999999999909e-06
1.206500000000000000e+03 4.400120000000000149e-06
1.208500000000000000e+03 4.694669999999999726e-06
1.210500000000000000e+03 5.015460000000000258e-06
1.212500000000000000e+03 5.342799999999999905e-06
1.214500000000000000e+03 5.670150000000000252e-06
1.216500000000000000e+03 6.058329999999999643e-06
1.218500000000000000e+03 6.665380000000000039e-06
1.220500000000000000e+03 7.284560000000000267e-06
1.222500000000000000e+03 7.903739999999999648e-06
1.224500000000000000e+03 8.538070000000000061e-06
1.226500000000000000e+03 9.190270000000000356e-06
1.228500000000000000e+03 9.842470000000000651e-06
1.230500000000000000e+03 1.049440000000000069e-05
1.232500000000000000e+03 1.083909999999999927e-05
1.234500000000000000e+03 1.108160000000000076e-05
1.236500000000000000e+03 1.132410000000000056e-05
1.238500000000000000e+03 1.157030000000000000e-05
1.240500000000000000e+03 1.183519999999999978e-05
1.242500000000000000e+03 1.210270000000000018e-05
1.244500000000000000e+03 1.237010000000000037e-05
1.246500000000000000e+03 1.263539999999999934e-05
1.248500000000000000e+03 1.289630000000000051e-05
1.250500000000000000e+03 1.315709999999999978e-05
1.252500000000000000e+03 1.341799999999999926e-05
1.254500000000000000e+03 1.367210000000000078e-05
1.256500000000000000e+03 1.392220000000000030e-05
1.258500000000000000e+03 1.417219999999999960e-05
1.260500000000000000e+03 1.442809999999999998e-05
1.262500000000000000e+03 1.473539999999999956e-05
1.264500000000000000e+03 1.505400000000000020e-05
1.266500000000000000e+03 1.537249999999999893e-05
1.268500000000000000e+03 1.568759999999999868e-05
1.270500000000000000e+03 1.599140000000000075e-05
1.272500000000000000e+03 1.629489999999999877e-05
1.274500000000000000e+03 1.659840000000000019e-05
1.276500000000000000e+03 1.690229999999999909e-05
1.278500000000000000e+03 1.720649999999999865e-05
1.280500000000000000e+03 1.751079999999999843e-05
1.282500000000000000e+03 1.781689999999999877e-05
1.284500000000000000e+03 1.818400000000000073e-05
1.286500000000000000e+03 1.856949999999999898e-05
1.288500000000000000e+03 1.895510000000000085e-05
1.290500000000000000e+03 1.935949999999999989e-05
1.292500000000000000e+03 1.984759999999999950e-05
1.294500000000000000e+03 2.034469999999999852e-05
1.296500000000000000e+03 2.084180000000000093e-05
1.298500000000000000e+03 2.133030000000000142e-05
1.300500000000000000e+03 2.180479999999999832e-05
1.302500000000000000e+03 2.227919999999999838e-05
1.304500000000000000e+03 2.275369999999999867e-05
1.306500000000000000e+03 2.336660000000000088e-05
1.308500000000000000e+03 2.404660000000000114e-05
1.310500000000000000e+03 2.472670000000000163e-05
1.312500000000000000e+03 2.548459999999999991e-05
1.314500000000000000e+03 2.678490000000000168e-05
1.316500000000000000e+03 2.818809999999999868e-05
1.318500000000000000e+03 2.959129999999999907e-05
1.320500000000000000e+03 3.047450000000000105e-05
1.322500000000000000e+03 2.985820000000000154e-05
1.324500000000000000e+03 2.924179999999999843e-05
1.326500000000000000e+03 2.862539999999999871e-05
1.328500000000000000e+03 2.793309999999999858e-05
1.330500000000000000e+03 2.717880000000000141e-05
1.332500000000000000e+03 2.642440000000000064e-05
1.334500000000000000e+03 2.565439999999999954e-05
1.336500000000000000e+03 2.462969999999999900e-05
1.338500000000000000e+03 2.353569999999999897e-05
1.340500000000000000e+03 2.244169999999999894e-05
1.342500000000000000e+03 2.115850000000000079e-05
1.344500000000000000e+03 1.913610000000000132e-05
1.346500000000000000e+03 1.705649999999999839e-05
1.348500000000000000e+03 1.497690000000000055e-05
1.350500000000000000e+03 1.374949999999999939e-05
1.352500000000000000e+03 1.366970000000000060e-05
1.354500000000000000e+03 1.359000000000000033e-05
1.356500000000000000e+03 1.351019999999999984e-05
1.358500000000000000e+03 1.342300000000000006e-05
1.360500000000000000e+03 1.333280000000000049e-05
1.362500000000000000e+03 1.324269999999999943e-05
1.364500000000000000e+03 1.316030000000000002e-05
1.366500000000000000e+03 1.312280000000000080e-05
1.368500000000000000e+03 1.309289999999999961e-05
1.370500000000000000e+03 1.306300000000000012e-05
1.372500000000000000e+03 1.301430000000000006e-05
1.374500000000000000e+03 1.292229999999999993e-05
1.376500000000000000e+03 1.282990000000000061e-05
1.378500000000000000e+03 1.273720000000000063e-05
1.380500000000000000e+03 1.268310000000000059e-05
1.382500000000000000e+03 1.265440000000000034e-05
1.384500000000000000e+03 1.262409999999999997e-05
1.386500000000000000e+03 1.260009999999999986e-05
1.388500000000000000e+03 1.264409999999999978e-05
1.390500000000000000e+03 1.270489999999999926e-05
1.392500000000000000e+03 1.276619999999999985e-05
1.394500000000000000e+03 1.281629999999999959e-05
1.396500000000000000e+03 1.282419999999999997e-05
1.398500000000000000e+03 1.283000000000000083e-05
1.400500000000000000e+03 1.283590000000000021e-05
1.402500000000000000e+03 1.289119999999999950e-05
1.404500000000000000e+03 1.300159999999999932e-05
1.406500000000000000e+03 1.311190000000000062e-05
1.408500000000000000e+03 1.322310000000000050e-05
1.410500000000000000e+03 1.342020000000000070e-05
1.412500000000000000e+03 1.364439999999999933e-05
1.414500000000000000e+03 1.386849999999999944e-05
1.416500000000000000e+03 1.409809999999999975e-05
1.418500000000000000e+03 1.435430000000000079e-05
1.420500000000000000e+03 1.461419999999999977e-05
1.422500000000000000e+03 1.487449999999999963e-05
1.424500000000000000e+03 4.391400000000000002e-05
1.426500000000000000e+03 1.093070000000000023e-04
1.428500000000000000e+03 1.537979999999999935e-04
1.430500000000000000e+03 1.762429999999999997e-04
1.432500000000000000e+03 2.061359999999999928e-04
1.434500000000000000e+03 2.556319999999999946e-04
1.436500000000000000e+03 3.570359999999999745e-04
1.438500000000000000e+03 4.550290000000000237e-04
1.440500000000000000e+03 5.264409999999999966e-04
1.442500000000000000e+03 6.028270000000000069e-04
1.444500000000000000e+03 7.427760000000000048e-04
1.446500000000000000e+03 9.042580000000000149e-04
1.448500000000000000e+03 1.049100000000000076e-03
1.450500000000000000e+03 1.190180000000000101e-03
1.452500000000000000e+03 1.359870000000000002e-03
1.454500000000000000e+03 1.541220000000000047e-03
1.456500000000000000e+03 1.751860000000000049e-03
1.458500000000000000e+03 1.975699999999999939e-03
1.460500000000000000e+03 2.232940000000000098e-03
1.462500000000000000e+03 2.505550000000000051e-03
1.464500000000000000e+03 2.807940000000000089e-03
1.466500000000000000e+03 3.126100000000000146e-03
1.468500000000000000e+03 3.476969999999999800e-03
1.470500000000000000e+03 3.846420000000000134e-03
1.472500000000000000e+03 4.249280000000000244e-03
1.474500000000000000e+03 4.664950000000000173e-03
1.476500000000000000e+03 5.106549999999999631e-03
1.478500000000000000e+03 5.563069999999999821e-03
1.480500000000000000e+03 6.043090000000000094e-03
1.482500000000000000e+03 6.569489999999999878e-03
1.484500000000000000e+03 7.141999999999999911e-03
1.486500000000000000e+03 7.701089999999999845e-03
1.488500000000000000e+03 8.241750000000000811e-03
1.490500000000000000e+03 8.793479999999999353e-03
1.492500000000000000e+03 9.376570000000000737e-03
1.494500000000000000e+03 9.979880000000000001e-03
1.496500000000000000e+03 1.061379999999999962e-02
1.498500000000000000e+03 1.125680000000000083e-02
1.500500000000000000e+03 1.194130000000000018e-02
1.502500000000000000e+03 1.265370000000000036e-02
1.504500000000000000e+03 1.344369999999999940e-02
1.506500000000000000e+03 1.432940000000000082e-02
1.508500000000000000e+03 1.526579999999999951e-02
1.510500000000000000e+03 1.625870000000000093e-02
1.512500000000000000e+03 1.734389999999999890e-02
1.514500000000000000e+03 1.869989999999999847e-02
1.516500000000000000e+03 2.013749999999999915e-02
1.518500000000000000e+03 2.162089999999999845e-02
1.520500000000000000e+03 2.324659999999999921e-02
1.522500000000000000e+03 2.516759999999999831e-02
1.524500000000000000e+03 2.722480000000000039e-02
1.526500000000000000e+03 2.930220000000000047e-02
1.528500000000000000e+03 3.150390000000000135e-02
1.530500000000000000e+03 3.385280000000000233e-02
1.532500000000000000e+03 3.638790000000000080e-02
1.534500000000000000e+03 3.895339999999999914e-02
1.536500000000000000e+03 4.156579999999999997e-02
1.538500000000000000e+03 4.423980000000000273e-02
1.540500000000000000e+03 4.701790000000000136e-02
1.542500000000000000e+03 4.988229999999999748e-02
1.544500000000000000e+03 5.272149999999999753e-02
1.546500000000000000e+03 5.556330000000000297e-02
1.548500000000000000e+03 5.842050000000000021e-02
1.550500000000000000e+03 6.128109999999999807e-02
1.552500000000000000e+03 6.410299999999999332e-02
1.554500000000000000e+03 6.695520000000000638e-02
1.556500000000000000e+03 6.980690000000000506e-02
1.558500000000000000e+03 7.253550000000000275e-02
1.560500000000000000e+03 7.514429999999999721e-02
1.562500000000000000e+03 7.778190000000000104e-02
1.564500000000000000e+03 8.040940000000000587e-02
1.566500000000000000e+03 8.286530000000000284e-02
1.568500000000000000e+03 8.521309999999999996e-02
1.570500000000000000e+03 8.753110000000000057e-02
1.572500000000000000e+03 8.990180000000000393e-02
1.574500000000000000e+03 9.219760000000000455e-02
1.576500000000000000e+03 9.444600000000000217e-02
1.578500000000000000e+03 9.657860000000000056e-02
1.580500000000000000e+03 9.871090000000000420e-02
1.582500000000000000e+03 1.008330000000000060e-01
1.584500000000000000e+03 1.029240000000000016e-01
1.586500000000000000e+03 1.050070000000000031e-01
1.588500000000000000e+03 1.070699999999999985e-01
1.590500000000000000e+03 1.091270000000000018e-01
1.592500000000000000e+03 1.111889999999999962e-01
1.594500000000000000e+03 1.132620000000000016e-01
1.596500000000000000e+03 1.153909999999999936e-01
1.598500000000000000e+03 1.175260000000000055e-01
1.600500000000000000e+03 1.196190000000000031e-01
1.602500000000000000e+03 1.217189999999999939e-01
1.604500000000000000e+03 1.238189999999999985e-01
1.606500000000000000e+03 1.259560000000000124e-01
1.608500000000000000e+03 1.280820000000000014e-01
1.610500000000000000e+03 1.301740000000000119e-01
1.612500000000000000e+03 1.322570000000000134e-01
1.614500000000000000e+03 1.343100000000000127e-01
1.616500000000000000e+03 1.363640000000000130e-01
1.618500000000000000e+03 1.384360000000000035e-01
1.620500000000000000e+03 1.404859999999999998e-01
1.622500000000000000e+03 1.425039999999999918e-01
1.624500000000000000e+03 1.443979999999999986e-01
1.626500000000000000e+03 1.462720000000000131e-01
1.628500000000000000e+03 1.481449999999999989e-01
1.630500000000000000e+03 1.499360000000000137e-01
1.632500000000000000e+03 1.516349999999999920e-01
1.634500000000000000e+03 1.532380000000000131e-01
1.636500000000000000e+03 1.548509999999999887e-01
1.638500000000000000e+03 1.564919999999999922e-01
1.640500000000000000e+03 1.580860000000000043e-01
1.642500000000000000e+03 1.595699999999999896e-01
1.644500000000000000e+03 1.609980000000000022e-01
1.646500000000000000e+03 1.623670000000000113e-01
1.648500000000000000e+03 1.636829999999999952e-01
1.650500000000000000e+03 1.649720000000000075e-01
1.652500000000000000e+03 1.662079999999999946e-01
1.654500000000000000e+03 1.674410000000000065e-01
1.656500000000000000e+03 1.686060000000000059e-01
1.658500000000000000e+03 1.697889999999999955e-01
1.660500000000000000e+03 1.709900000000000031e-01
1.662500000000000000e+03 1.721600000000000075e-01
1.664500000000000000e+03 1.733300000000000118e-01
1.666500000000000000e+03 1.744870000000000032e-01
1.668500000000000000e+03 1.757029999999999981e-01
1.670500000000000000e+03 1.769219999999999959e-01
1.672500000000000000e+03 1.785140000000000060e-01
1.674500000000000000e+03 1.802570000000000006e-01
1.676500000000000000e+03 1.834109999999999907e-01
1.678500000000000000e+03 1.873049999999999993e-01
1.680500000000000000e+03 1.929829999999999879e-01
1.682500000000000000e+03 2.015129999999999977e-01
1.684500000000000000e+03 2.129159999999999942e-01
1.686500000000000000e+03 2.255330000000000112e-01
1.688500000000000000e+03 2.435329999999999995e-01
1.690500000000000000e+03 2.630029999999999868e-01
1.692500000000000000e+03 2.830280000000000018e-01
1.694500000000000000e+03 3.050709999999999811e-01
1.696500000000000000e+03 3.263229999999999742e-01
1.698500000000000000e+03 3.477219999999999756e-01
1.700500000000000000e+03 3.656200000000000006e-01
1.702500000000000000e+03 3.861600000000000033e-01
1.704500000000000000e+03 4.043039999999999967e-01
1.706500000000000000e+03 4.229319999999999746e-01
1.708500000000000000e+03 4.416619999999999990e-01
1.710500000000000000e+03 4.603720000000000034e-01
1.712500000000000000e+03 4.787569999999999881e-01
1.714500000000000000e+03 4.952389999999999848e-01
1.716500000000000000e+03 5.109430000000000360e-01
1.718500000000000000e+03 5.229160000000000474e-01
1.720500000000000000e+03 5.335940000000000127e-01
1.722500000000000000e+03 5.401259999999999950e-01
1.724500000000000000e+03 5.453970000000000207e-01
1.726500000000000000e+03 5.482639999999999736e-01
1.728500000000000000e+03 5.501310000000000366e-01
1.730500000000000000e+03 5.512340000000000018e-01
1.732500000000000000e+03 5.524379999999999846e-01
1.734500000000000000e+03 5.541420000000000234e-01
1.736500000000000000e+03 5.567680000000000407e-01
1.738500000000000000e+03 5.602669999999999595e-01
1.740500000000000000e+03 5.644050000000000455e-01
1.742500000000000000e+03 5.709459999999999535e-01
1.744500000000000000e+03 5.780250000000000110e-01
1.746500000000000000e+03 5.859879999999999534e-01
1.748500000000000000e+03 5.965859999999999497e-01
1.750500000000000000e+03 6.082419999999999494e-01
1.752500000000000000e+03 6.215420000000000389e-01
1.754500000000000000e+03 6.377829999999999888e-01
1.756500000000000000e+03 6.547720000000000207e-01
1.758500000000000000e+03 6.738809999999999523e-01
1.760500000000000000e+03 6.943770000000000220e-01
1.762500000000000000e+03 7.148609999999999687e-01
1.764500000000000000e+03 7.409289999999999488e-01
1.766500000000000000e+03 7.656429999999999625e-01
1.768500000000000000e+03 7.908880000000000354e-01
1.770500000000000000e+03 8.180849999999999511e-01
1.772500000000000000e+03 8.441849999999999632e-01
1.774500000000000000e+03 8.691210000000000324e-01
1.776500000000000000e+03 8.919070000000000054e-01
1.778500000000000000e+03 9.159319999999999684e-01
1.780500000000000000e+03 9.340479999999999894e-01
1.782500000000000000e+03 9.506240000000000245e-01
1.784500000000000000e+03 9.652290000000000036e-01
1.786500000000000000e+03 9.782220000000000359e-01
1.788500000000000000e+03 9.875669999999999726e-01
1.790500000000000000e+03 9.948690000000000033e-01
1.792500000000000000e+03 9.991020000000000456e-01
1.794500000000000000e+03 1.000000000000000000e+00
1.796500000000000000e+03 9.987700000000000466e-01
1.798500000000000000e+03 9.947859999999999481e-01
1.800500000000000000e+03 9.875650000000000261e-01
1.802500000000000000e+03 9.807090000000000529e-01
1.804500000000000000e+03 9.746690000000000076e-01
1.806500000000000000e+03 9.684700000000000530e-01
1.808500000000000000e+03 9.657099999999999573e-01
1.810500000000000000e+03 9.638809999999999878e-01
1.812500000000000000e+03 9.634409999999999918e-01
1.814500000000000000e+03 9.641570000000000418e-01
1.816500000000000000e+03 9.663760000000000128e-01
1.818500000000000000e+03 9.691189999999999527e-01
1.820500000000000000e+03 9.715679999999999872e-01
1.822500000000000000e+03 9.732290000000000108e-01
1.824500000000000000e+03 9.737820000000000364e-01
1.826500000000000000e+03 9.720910000000000384e-01
1.828500000000000000e+03 9.699109999999999676e-01
1.830500000000000000e+03 9.665780000000000483e-01
1.832500000000000000e+03 9.608830000000000426e-01
1.834500000000000000e+03 9.540729999999999489e-01
1.836500000000000000e+03 9.442380000000000217e-01
1.838500000000000000e+03 9.323160000000000336e-01
1.840500000000000000e+03 9.180639999999999912e-01
1.842500000000000000e+03 9.037290000000000045e-01
1.844500000000000000e+03 8.856730000000000436e-01
1.846500000000000000e+03 8.646639999999999882e-01
1.848500000000000000e+03 8.422119999999999607e-01
1.850500000000000000e+03 8.162300000000000111e-01
1.852500000000000000e+03 7.876020000000000243e-01
1.854500000000000000e+03 7.557260000000000089e-01
1.856500000000000000e+03 7.219950000000000534e-01
1.858500000000000000e+03 6.857180000000000497e-01
1.860500000000000000e+03 6.481419999999999959e-01
1.862500000000000000e+03 6.108999999999999986e-01
1.864500000000000000e+03 5.723399999999999599e-01
1.866500000000000000e+03 5.362940000000000484e-01
1.868500000000000000e+03 5.006599999999999939e-01
1.870500000000000000e+03 4.668800000000000172e-01
1.872500000000000000e+03 4.342650000000000121e-01
1.874500000000000000e+03 4.034050000000000136e-01
1.876500000000000000e+03 3.755919999999999814e-01
1.878500000000000000e+03 3.493100000000000094e-01
1.880500000000000000e+03 3.256249999999999978e-01
1.882500000000000000e+03 3.037940000000000085e-01
1.884500000000000000e+03 2.853680000000000105e-01
1.886500000000000000e+03 2.686379999999999879e-01
1.888500000000000000e+03 2.553639999999999799e-01
1.890500000000000000e+03 2.440809999999999924e-01
1.892500000000000000e+03 2.327839999999999909e-01
1.894500000000000000e+03 2.240830000000000044e-01
1.896500000000000000e+03 2.160980000000000123e-01
1.898500000000000000e+03 2.085200000000000109e-01
1.900500000000000000e+03 2.021930000000000116e-01
1.902500000000000000e+03 1.960919999999999885e-01
1.904500000000000000e+03 1.899019999999999875e-01
1.906500000000000000e+03 1.839409999999999934e-01
1.908500000000000000e+03 1.781260000000000066e-01
1.910500000000000000e+03 1.721989999999999910e-01
1.912500000000000000e+03 1.664229999999999876e-01
1.914500000000000000e+03 1.606970000000000065e-01
1.916500000000000000e+03 1.549790000000000056e-01
1.918500000000000000e+03 1.495499999999999885e-01
1.920500000000000000e+03 1.438820000000000099e-01
1.922500000000000000e+03 1.381860000000000033e-01
1.924500000000000000e+03 1.324420000000000042e-01
1.926500000000000000e+03 1.269520000000000093e-01
1.928500000000000000e+03 1.216150000000000009e-01
1.930500000000000000e+03 1.163109999999999977e-01
1.932500000000000000e+03 1.109310000000000018e-01
1.934500000000000000e+03 1.058410000000000045e-01
1.936500000000000000e+03 1.009899999999999964e-01
1.938500000000000000e+03 9.636540000000000383e-02
1.940500000000000000e+03 9.173030000000000073e-02
1.942500000000000000e+03 8.723909999999999998e-02
1.944500000000000000e+03 8.296679999999999333e-02
1.946500000000000000e+03 7.901809999999999390e-02
1.948500000000000000e+03 7.537889999999999868e-02
1.950500000000000000e+03 7.183789999999999620e-02
1.952500000000000000e+03 6.851160000000000583e-02
1.954500000000000000e+03 6.534860000000000668e-02
1.956500000000000000e+03 6.258080000000000587e-02
1.958500000000000000e+03 6.001370000000000315e-02
1.960500000000000000e+03 5.763009999999999661e-02
1.962500000000000000e+03 5.534329999999999805e-02
1.964500000000000000e+03 5.328159999999999841e-02
1.966500000000000000e+03 5.142580000000000068e-02
1.968500000000000000e+03 4.975990000000000274e-02
1.970500000000000000e+03 4.811340000000000061e-02
1.972500000000000000e+03 4.655659999999999660e-02
1.974500000000000000e+03 4.504090000000000177e-02
1.976500000000000000e+03 4.368090000000000167e-02
1.978500000000000000e+03 4.231569999999999776e-02
1.980500000000000000e+03 4.093680000000000235e-02
1.982500000000000000e+03 3.956919999999999882e-02
1.984500000000000000e+03 3.819279999999999897e-02
1.986500000000000000e+03 3.688310000000000199e-02
1.988500000000000000e+03 3.552929999999999977e-02
1.990500000000000000e+03 3.418419999999999792e-02
1.992500000000000000e+03 3.281069999999999820e-02
1.994500000000000000e+03 3.148829999999999685e-02
1.996500000000000000e+03 3.020079999999999987e-02
1.998500000000000000e+03 2.893099999999999838e-02
2.000500000000000000e+03 2.771090000000000012e-02
2.002500000000000000e+03 2.651389999999999997e-02
2.004500000000000000e+03 2.538050000000000028e-02
2.006500000000000000e+03 2.428179999999999922e-02
2.008500000000000000e+03 2.328169999999999892e-02
2.010500000000000000e+03 2.228389999999999885e-02
2.012500000000000000e+03 2.135220000000000173e-02
2.014500000000000000e+03 2.046850000000000058e-02
2.016500000000000000e+03 1.968529999999999933e-02
2.018500000000000000e+03 1.888470000000000079e-02
2.020500000000000000e+03 1.815759999999999943e-02
2.022500000000000000e+03 1.746349999999999986e-02
2.024500000000000000e+03 1.685270000000000171e-02
2.026500000000000000e+03 1.624820000000000084e-02
2.028500000000000000e+03 1.570670000000000052e-02
2.030500000000000000e+03 1.518579999999999930e-02
2.032500000000000000e+03 1.472610000000000065e-02
2.034500000000000000e+03 1.429530000000000037e-02
2.036500000000000000e+03 1.390510000000000010e-02
2.038500000000000000e+03 1.351920000000000031e-02
2.040500000000000000e+03 1.317680000000000066e-02
2.042500000000000000e+03 1.287330000000000071e-02
2.044500000000000000e+03 1.260439999999999998e-02
2.046500000000000000e+03 1.234389999999999966e-02
2.048500000000000000e+03 1.211420000000000032e-02
2.050500000000000000e+03 1.189499999999999932e-02
2.052500000000000000e+03 1.168830000000000043e-02
2.054500000000000000e+03 1.146630000000000045e-02
2.056500000000000000e+03 1.123180000000000012e-02
2.058500000000000000e+03 1.101629999999999970e-02
2.060500000000000000e+03 1.081140000000000052e-02
2.062500000000000000e+03 1.058130000000000008e-02
2.064500000000000000e+03 1.032339999999999994e-02
2.066500000000000000e+03 1.005789999999999983e-02
2.068500000000000000e+03 9.785739999999999369e-03
2.070500000000000000e+03 9.471280000000000324e-03
2.072500000000000000e+03 9.149640000000000550e-03
2.074500000000000000e+03 8.829200000000000589e-03
2.076500000000000000e+03 8.500409999999999910e-03
2.078500000000000000e+03 8.126909999999999343e-03
2.080500000000000000e+03 7.748810000000000073e-03
2.082500000000000000e+03 7.371830000000000223e-03
2.084500000000000000e+03 6.985390000000000175e-03
2.086500000000000000e+03 6.581000000000000044e-03
2.088500000000000000e+03 6.177150000000000175e-03
2.090500000000000000e+03 5.774180000000000285e-03
2.092500000000000000e+03 5.380079999999999758e-03
2.094500000000000000e+03 4.991490000000000336e-03
2.096500000000000000e+03 4.603119999999999608e-03
2.098500000000000000e+03 4.219750000000000410e-03
2.100500000000000000e+03 3.874589999999999805e-03
2.102500000000000000e+03 3.537730000000000215e-03
2.104500000000000000e+03 3.201160000000000203e-03
2.106500000000000000e+03 2.881550000000000084e-03
2.108500000000000000e+03 2.615339999999999852e-03
2.110500000000000000e+03 2.350370000000000063e-03
2.112500000000000000e+03 2.086320000000000015e-03
2.114500000000000000e+03 1.861290000000000036e-03
2.116500000000000000e+03 1.671959999999999896e-03
2.118500000000000000e+03 1.483610000000000007e-03
2.120500000000000000e+03 1.293950000000000091e-03
2.122500000000000000e+03 1.138569999999999990e-03
2.124500000000000000e+03 9.997870000000000281e-04
2.126500000000000000e+03 8.764139999999999474e-04
2.128500000000000000e+03 7.626449999999999462e-04
2.130500000000000000e+03 6.826949999999999815e-04
2.132500000000000000e+03 6.062660000000000531e-04
2.134500000000000000e+03 5.298949999999999537e-04
2.136500000000000000e+03 4.654500000000000109e-04
2.138500000000000000e+03 4.187190000000000139e-04
2.140500000000000000e+03 3.721679999999999780e-04
2.142500000000000000e+03 3.256479999999999965e-04
2.144500000000000000e+03 2.924649999999999993e-04
2.146500000000000000e+03 2.654110000000000106e-04
2.148500000000000000e+03 2.383569999999999949e-04
2.150500000000000000e+03 2.126410000000000127e-04
2.152500000000000000e+03 1.956009999999999997e-04
2.154500000000000000e+03 1.805060000000000095e-04
2.156500000000000000e+03 1.657030000000000091e-04
2.158500000000000000e+03 1.526590000000000032e-04
2.160500000000000000e+03 1.442699999999999994e-04
2.162500000000000000e+03 1.359020000000000009e-04
2.164500000000000000e+03 1.276890000000000035e-04
2.166500000000000000e+03 1.215869999999999999e-04
2.168500000000000000e+03 1.171839999999999948e-04
2.170500000000000000e+03 1.127969999999999976e-04
2.172500000000000000e+03 1.086830000000000028e-04
2.174500000000000000e+03 1.066320000000000050e-04
2.176500000000000000e+03 1.051749999999999951e-04
2.178500000000000000e+03 1.038289999999999981e-04
2.180500000000000000e+03 1.027550000000000013e-04
2.182500000000000000e+03 1.028139999999999951e-04
2.184500000000000000e+03 1.030749999999999982e-04
2.186500000000000000e+03 1.033380000000000057e-04
2.188500000000000000e+03 1.038419999999999995e-04
2.190500000000000000e+03 1.046890000000000000e-04
2.192500000000000000e+03 1.056250000000000060e-04
2.194500000000000000e+03 1.066510000000000060e-04
2.196500000000000000e+03 1.080660000000000052e-04
2.198500000000000000e+03 1.095689999999999940e-04
2.200500000000000000e+03 1.110750000000000029e-04
2.202500000000000000e+03 1.125590000000000043e-04
2.204500000000000000e+03 1.139120000000000031e-04
2.206500000000000000e+03 1.152460000000000008e-04
2.208500000000000000e+03 1.165810000000000007e-04
2.210500000000000000e+03 1.181770000000000037e-04
2.212500000000000000e+03 1.199229999999999968e-04
2.214500000000000000e+03 1.216719999999999965e-04
2.216500000000000000e+03 1.234209999999999962e-04
2.218500000000000000e+03 1.252260000000000103e-04
2.220500000000000000e+03 1.274740000000000064e-04
2.222500000000000000e+03 1.301800000000000038e-04
2.224500000000000000e+03 1.332519999999999907e-04
2.226500000000000000e+03 1.363229999999999889e-04
2.228500000000000000e+03 1.400240000000000133e-04
2.230500000000000000e+03 1.442740000000000081e-04
2.232500000000000000e+03 1.490809999999999911e-04
2.234500000000000000e+03 1.539889999999999922e-04
2.236500000000000000e+03 1.592309999999999939e-04
2.238500000000000000e+03 1.662979999999999992e-04
2.240500000000000000e+03 1.743260000000000111e-04
2.242500000000000000e+03 1.834010000000000013e-04
2.244500000000000000e+03 1.925239999999999883e-04
2.246500000000000000e+03 2.034129999999999988e-04
2.248500000000000000e+03 2.165199999999999937e-04
2.250500000000000000e+03 2.317710000000000007e-04
2.252500000000000000e+03 2.481499999999999873e-04
2.254500000000000000e+03 2.649109999999999985e-04
2.256500000000000000e+03 2.861329999999999928e-04
2.258500000000000000e+03 3.093719999999999782e-04
2.260500000000000000e+03 3.356699999999999896e-04
2.262500000000000000e+03 3.623860000000000232e-04
2.264500000000000000e+03 3.920129999999999752e-04
2.266500000000000000e+03 4.269300000000000070e-04
2.268500000000000000e+03 4.661110000000000101e-04
2.270500000000000000e+03 5.095390000000000422e-04
2.272500000000000000e+03 5.533079999999999683e-04
2.274500000000000000e+03 6.032299999999999555e-04
2.276500000000000000e+03 6.572319999999999985e-04
2.278500000000000000e+03 7.175159999999999655e-04
2.280500000000000000e+03 7.795950000000000059e-04
2.282500000000000000e+03 8.436850000000000512e-04
2.284500000000000000e+03 9.143139999999999471e-04
2.286500000000000000e+03 9.892209999999999805e-04
2.288500000000000000e+03 1.071490000000000029e-03
2.290500000000000000e+03 1.154220000000000072e-03
2.292500000000000000e+03 1.239670000000000008e-03
2.294500000000000000e+03 1.326970000000000016e-03
2.296500000000000000e+03 1.419789999999999984e-03
2.298500000000000000e+03 1.515379999999999982e-03
2.300500000000000000e+03 1.611100000000000075e-03
2.302500000000000000e+03 1.704690000000000025e-03
2.304500000000000000e+03 1.798520000000000067e-03
2.306500000000000000e+03 1.894319999999999901e-03
2.308500000000000000e+03 1.990239999999999891e-03
2.310500000000000000e+03 2.082549999999999853e-03
2.312500000000000000e+03 2.166860000000000053e-03
2.314500000000000000e+03 2.250869999999999867e-03
2.316500000000000000e+03 2.332069999999999890e-03
2.318500000000000000e+03 2.412640000000000184e-03
2.320500000000000000e+03 2.479809999999999827e-03
2.322500000000000000e+03 2.540610000000000004e-03
2.324500000000000000e+03 2.592929999999999801e-03
2.326500000000000000e+03 2.641650000000000161e-03
2.328500000000000000e+03 2.685369999999999858e-03
2.330500000000000000e+03 2.712749999999999884e-03
2.332500000000000000e+03 2.734639999999999987e-03
2.334500000000000000e+03 2.744460000000000215e-03
2.336500000000000000e+03 2.752989999999999864e-03
2.338500000000000000e+03 2.750299999999999793e-03
2.340500000000000000e+03 2.739849999999999838e-03
2.342500000000000000e+03 2.718850000000000086e-03
2.344500000000000000e+03 2.690189999999999856e-03
2.346500000000000000e+03 2.659869999999999943e-03
2.348500000000000000e+03 2.620980000000000185e-03
2.350500000000000000e+03 2.578990000000000189e-03
2.352500000000000000e+03 2.525770000000000098e-03
2.354500000000000000e+03 2.470620000000000194e-03
2.356500000000000000e+03 2.413859999999999877e-03
2.358500000000000000e+03 2.355719999999999949e-03
2.360500000000000000e+03 2.294050000000000169e-03
2.362500000000000000e+03 2.225689999999999787e-03
2.364500000000000000e+03 2.157229999999999998e-03
2.366500000000000000e+03 2.091299999999999930e-03
2.368500000000000000e+03 2.026459999999999893e-03
2.370500000000000000e+03 1.958269999999999803e-03
2.372500000000000000e+03 1.886550000000000076e-03
2.374500000000000000e+03 1.816399999999999916e-03
2.376500000000000000e+03 1.751230000000000104e-03
2.378500000000000000e+03 1.687300000000000084e-03
2.380500000000000000e+03 1.619229999999999932e-03
2.382500000000000000e+03 1.549159999999999947e-03
2.384500000000000000e+03 1.484070000000000094e-03
2.386500000000000000e+03 1.422160000000000004e-03
2.388500000000000000e+03 1.362609999999999993e-03
2.390500000000000000e+03 1.298670000000000033e-03
2.392500000000000000e+03 1.235159999999999904e-03
2.394500000000000000e+03 1.177789999999999957e-03
2.396500000000000000e+03 1.122170000000000025e-03
2.398500000000000000e+03 1.069840000000000070e-03
2.400500000000000000e+03 1.014399999999999937e-03
2.402500000000000000e+03 9.620009999999999803e-04
2.404500000000000000e+03 9.134839999999999974e-04
2.406500000000000000e+03 8.677630000000000196e-04
2.408500000000000000e+03 8.243929999999999791e-04
2.410500000000000000e+03 7.804799999999999542e-04
2.412500000000000000e+03 7.406859999999999486e-04
2.414500000000000000e+03 7.022470000000000274e-04
2.416500000000000000e+03 6.677420000000000317e-04
2.418500000000000000e+03 6.355669999999999679e-04
2.420500000000000000e+03 6.045189999999999765e-04
2.422500000000000000e+03 5.762060000000000055e-04
2.424500000000000000e+03 5.488980000000000291e-04
2.426500000000000000e+03 5.260529999999999590e-04
2.428500000000000000e+03 5.055469999999999626e-04
2.430500000000000000e+03 4.865900000000000151e-04
2.432500000000000000e+03 4.684350000000000102e-04
2.434500000000000000e+03 4.516020000000000039e-04
2.436500000000000000e+03 4.382860000000000250e-04
2.438500000000000000e+03 4.266179999999999734e-04
2.440500000000000000e+03 4.158259999999999994e-04
2.442500000000000000e+03 4.053050000000000099e-04
2.444500000000000000e+03 3.966190000000000188e-04
2.446500000000000000e+03 3.913820000000000146e-04
2.448500000000000000e+03 3.867039999999999757e-04
2.450500000000000000e+03 3.818580000000000021e-04
2.452500000000000000e+03 3.770949999999999801e-04
2.454500000000000000e+03 3.733340000000000139e-04
2.456500000000000000e+03 3.722539999999999768e-04
2.458500000000000000e+03 3.704539999999999873e-04
2.460500000000000000e+03 3.684320000000000260e-04
2.462500000000000000e+03 3.658980000000000262e-04
2.464500000000000000e+03 3.644729999999999780e-04
2.466500000000000000e+03 3.640609999999999962e-04
2.468500000000000000e+03 3.626160000000000125e-04
2.470500000000000000e+03 3.610010000000000085e-04
2.472500000000000000e+03 3.585099999999999810e-04
2.474500000000000000e+03 3.576769999999999841e-04
2.476500000000000000e+03 3.564630000000000055e-04
2.478500000000000000e+03 3.548460000000000242e-04
2.480500000000000000e+03 3.525019999999999803e-04
2.482500000000000000e+03 3.495390000000000020e-04
2.484500000000000000e+03 3.474950000000000196e-04
2.486500000000000000e+03 3.454479999999999899e-04
2.488500000000000000e+03 3.433069999999999980e-04
2.490500000000000000e+03 3.404230000000000168e-04
2.492500000000000000e+03 3.377070000000000245e-04
2.494500000000000000e+03 3.359230000000000159e-04
2.496500000000000000e+03 3.344630000000000129e-04
2.498500000000000000e+03 3.332349999999999765e-04
2.500500000000000000e+03 3.325220000000000259e-04
2.502500000000000000e+03 3.320539999999999755e-04
2.504500000000000000e+03 3.326049999999999775e-04
2.506500000000000000e+03 3.333720000000000194e-04
2.508500000000000000e+03 3.344509999999999866e-04
2.510500000000000000e+03 3.356820000000000160e-04
2.512500000000000000e+03 3.375469999999999990e-04
2.514500000000000000e+03 3.411810000000000255e-04
2.516500000000000000e+03 3.451029999999999788e-04
2.518500000000000000e+03 3.505790000000000056e-04
2.520500000000000000e+03 3.561150000000000014e-04
2.522500000000000000e+03 3.631859999999999884e-04
2.524500000000000000e+03 3.710599999999999879e-04
2.526500000000000000e+03 3.803619999999999744e-04
2.528500000000000000e+03 3.915670000000000001e-04
2.530500000000000000e+03 4.026629999999999901e-04
2.532500000000000000e+03 4.148870000000000140e-04
2.534500000000000000e+03 4.273479999999999748e-04
2.536500000000000000e+03 4.412180000000000030e-04
2.538500000000000000e+03 4.555970000000000224e-04
2.540500000000000000e+03 4.517839999999999964e-04
2.542500000000000000e+03 4.369350000000000035e-04
2.544500000000000000e+03 4.225189999999999979e-04
2.546500000000000000e+03 4.092669999999999967e-04
2.548500000000000000e+03 3.977939999999999796e-04
2.550500000000000000e+03 3.834719999999999904e-04
2.552500000000000000e+03 3.660480000000000027e-04
2.554500000000000000e+03 3.149369999999999969e-04
2.556500000000000000e+03 2.394329999999999961e-04
2.558500000000000000e+03 1.711630000000000009e-04
2.560500000000000000e+03 1.210159999999999947e-04
2.562500000000000000e+03 7.673629999999999915e-05
2.564500000000000000e+03 6.992980000000000257e-05
2.566500000000000000e+03 6.975800000000000533e-05
2.568500000000000000e+03 7.030860000000000646e-05
2.570500000000000000e+03 7.108890000000000304e-05
2.572500000000000000e+03 7.186919999999999962e-05
2.574500000000000000e+03 7.267420000000000292e-05
2.576500000000000000e+03 7.376499999999999594e-05
2.578500000000000000e+03 7.606450000000000331e-05
2.580500000000000000e+03 7.848859999999999930e-05
2.582500000000000000e+03 8.085550000000000538e-05
2.584500000000000000e+03 8.321010000000000483e-05
2.586500000000000000e+03 8.594429999999999637e-05
2.588500000000000000e+03 8.928700000000000081e-05
2.590500000000000000e+03 9.264179999999999789e-05
2.592500000000000000e+03 9.599679999999999542e-05
2.594500000000000000e+03 9.935180000000000649e-05
2.596500000000000000e+03 1.032719999999999965e-04
2.598500000000000000e+03 1.074439999999999965e-04
2.600500000000000000e+03 1.116149999999999944e-04
2.602500000000000000e+03 1.157889999999999988e-04
2.604500000000000000e+03 1.167659999999999998e-04
2.606500000000000000e+03 9.662940000000000017e-05
2.608500000000000000e+03 7.273029999999999719e-05
2.610500000000000000e+03 4.882429999999999941e-05
2.612500000000000000e+03 2.488909999999999858e-05
2.614500000000000000e+03 7.712220000000000167e-06
2.616500000000000000e+03 7.783060000000000661e-06
2.618500000000000000e+03 7.838880000000000747e-06
2.620500000000000000e+03 7.871030000000000092e-06
2.622500000000000000e+03 7.903179999999999437e-06
2.624500000000000000e+03 7.935330000000000476e-06
2.626500000000000000e+03 8.045209999999999498e-06
2.628500000000000000e+03 8.191569999999999229e-06
2.630500000000000000e+03 8.337930000000000653e-06
2.632500000000000000e+03 8.479880000000000200e-06
2.634500000000000000e+03 8.592170000000000103e-06
2.636500000000000000e+03 8.698959999999999803e-06
2.638500000000000000e+03 8.805760000000000204e-06
2.640500000000000000e+03 8.880939999999999372e-06
2.642500000000000000e+03 8.868399999999999658e-06
2.644500000000000000e+03 8.855849999999999245e-06
2.646500000000000000e+03 8.843309999999999531e-06
2.648500000000000000e+03 8.846409999999999552e-06
2.650500000000000000e+03 8.861970000000000467e-06
2.652500000000000000e+03 8.877520000000000682e-06
2.654500000000000000e+03 8.892650000000000316e-06
2.656500000000000000e+03 8.901390000000000168e-06
2.658500000000000000e+03 8.908420000000000675e-06
2.660500000000000000e+03 8.915449999999999487e-06
2.662500000000000000e+03 8.932769999999999857e-06
2.664500000000000000e+03 8.989520000000000627e-06
2.666500000000000000e+03 9.049119999999999175e-06
2.668500000000000000e+03 9.108719999999999417e-06
2.670500000000000000e+03 9.183830000000000465e-06
2.672500000000000000e+03 9.279170000000000471e-06
2.674500000000000000e+03 9.374519999999999481e-06
2.676500000000000000e+03 9.469870000000000186e-06
2.678500000000000000e+03 9.566130000000000176e-06
2.680500000000000000e+03 9.662739999999999239e-06
2.682500000000000000e+03 9.759349999999999997e-06
2.684500000000000000e+03 9.846379999999999738e-06
2.686500000000000000e+03 9.879810000000000534e-06
2.688500000000000000e+03 9.904929999999999372e-06
2.690500000000000000e+03 9.930060000000000603e-06
2.692500000000000000e+03 9.976899999999999294e-06
2.694500000000000000e+03 1.007209999999999967e-05
2.696500000000000000e+03 1.016719999999999983e-05
2.698500000000000000e+03 1.026240000000000020e-05
2.700500000000000000e+03 1.033590000000000043e-05
2.702500000000000000e+03 1.039509999999999980e-05
2.704500000000000000e+03 1.045429999999999916e-05
2.706500000000000000e+03 1.051399999999999962e-05
2.708500000000000000e+03 1.057869999999999919e-05
2.710500000000000000e+03 1.064449999999999948e-05
2.712500000000000000e+03 1.071029999999999976e-05
2.714500000000000000e+03 1.079180000000000059e-05
2.716500000000000000e+03 1.092690000000000036e-05
2.718500000000000000e+03 1.106430000000000010e-05
2.720500000000000000e+03 1.120169999999999983e-05
2.722500000000000000e+03 1.129990000000000001e-05
2.724500000000000000e+03 1.135539999999999973e-05
2.726500000000000000e+03 1.141079999999999924e-05
2.728500000000000000e+03 1.146620000000000043e-05
2.730500000000000000e+03 1.151960000000000063e-05
2.732500000000000000e+03 1.157220000000000077e-05
2.734500000000000000e+03 1.162489999999999944e-05
2.736500000000000000e+03 1.168849999999999998e-05
2.738500000000000000e+03 1.180419999999999957e-05
2.740500000000000000e+03 1.192639999999999986e-05
2.742500000000000000e+03 1.204860000000000014e-05
2.744500000000000000e+03 1.215780000000000072e-05
2.746500000000000000e+03 1.224340000000000038e-05
2.748500000000000000e+03 1.232900000000000003e-05
2.750500000000000000e+03 1.241459999999999969e-05
2.752500000000000000e+03 1.247690000000000077e-05
2.754500000000000000e+03 1.252639999999999919e-05
2.756500000000000000e+03 1.257589999999999931e-05
2.758500000000000000e+03 1.263190000000000013e-05
2.760500000000000000e+03 1.273919999999999994e-05
2.762500000000000000e+03 1.285700000000000074e-05
2.764500000000000000e+03 1.297479999999999985e-05
2.766500000000000000e+03 1.308419999999999917e-05
2.768500000000000000e+03 1.316709999999999968e-05
2.770500000000000000e+03 1.324969999999999954e-05
2.772500000000000000e+03 1.333229999999999939e-05
2.774500000000000000e+03 1.345039999999999916e-05
2.776500000000000000e+03 1.360070000000000007e-05
2.778500000000000000e+03 1.375090000000000077e-05
2.780500000000000000e+03 1.390230000000000071e-05
2.782500000000000000e+03 1.407760000000000054e-05
2.784500000000000000e+03 1.425980000000000025e-05
2.786500000000000000e+03 1.444210000000000018e-05
2.788500000000000000e+03 1.462390000000000071e-05
2.790500000000000000e+03 1.480399999999999921e-05
2.792500000000000000e+03 1.498390000000000065e-05
2.794500000000000000e+03 1.516390000000000062e-05
2.796500000000000000e+03 1.532939999999999929e-05
2.798500000000000000e+03 1.547339999999999995e-05
2.800500000000000000e+03 1.561730000000000038e-05
2.802500000000000000e+03 1.576130000000000104e-05
2.804500000000000000e+03 1.585740000000000169e-05
2.806500000000000000e+03 1.593219999999999969e-05
2.808500000000000000e+03 1.600700000000000107e-05
2.810500000000000000e+03 1.591140000000000151e-05
2.812500000000000000e+03 1.472730000000000043e-05
2.814500000000000000e+03 1.335070000000000077e-05
2.816500000000000000e+03 1.197409999999999942e-05
2.818500000000000000e+03 1.109559999999999927e-05
2.820500000000000000e+03 1.151660000000000083e-05
2.822500000000000000e+03 1.193760000000000070e-05
2.824500000000000000e+03 1.235860000000000056e-05
2.826500000000000000e+03 1.253039999999999949e-05
2.828500000000000000e+03 1.251370000000000015e-05
2.830500000000000000e+03 1.249700000000000080e-05
2.832500000000000000e+03 1.253279999999999968e-05
2.834500000000000000e+03 1.327519999999999955e-05
2.836500000000000000e+03 1.420079999999999963e-05
2.838500000000000000e+03 1.512629999999999949e-05
2.840500000000000000e+03 1.601930000000000094e-05
2.842500000000000000e+03 1.679129999999999964e-05
2.844500000000000000e+03 1.755550000000000158e-05
2.846500000000000000e+03 1.831970000000000012e-05
2.848500000000000000e+03 1.874699999999999856e-05
2.850500000000000000e+03 1.875550000000000025e-05
2.852500000000000000e+03 1.876389999999999834e-05
2.854500000000000000e+03 1.877240000000000004e-05
2.856500000000000000e+03 1.872790000000000072e-05
2.858500000000000000e+03 1.866460000000000084e-05
2.860500000000000000e+03 1.860130000000000095e-05
2.862500000000000000e+03 1.784639999999999908e-05
2.864500000000000000e+03 1.338900000000000005e-05
2.866500000000000000e+03 8.388869999999999864e-06
2.868500000000000000e+03 3.388749999999999954e-06
