1.730700000000000000e+04 0.000000000000000000e+00
1.734200000000000000e+04 1.554720000000000041e-06
1.737700000000000000e+04 3.499660000000000303e-05
1.741200000000000000e+04 7.852299999999999341e-05
1.744700000000000000e+04 9.137600000000000063e-05
1.748200000000000000e+04 1.058640000000000015e-04
1.751700000000000000e+04 1.275070000000000110e-04
1.755200000000000000e+04 1.516719999999999939e-04
1.758700000000000000e+04 1.767940000000000017e-04
1.762200000000000000e+04 2.129730000000000089e-04
1.765700000000000000e+04 2.605859999999999882e-04
1.769200000000000000e+04 2.865860000000000239e-04
1.772700000000000000e+04 3.066449999999999753e-04
1.776200000000000000e+04 3.311160000000000058e-04
1.779700000000000000e+04 3.514880000000000066e-04
1.783200000000000000e+04 4.028840000000000004e-04
1.786700000000000000e+04 5.039009999999999583e-04
1.790200000000000000e+04 6.969969999999999812e-04
1.793700000000000000e+04 9.868789999999999681e-04
1.797200000000000000e+04 1.436210000000000047e-03
1.800700000000000000e+04 2.086429999999999795e-03
1.804200000000000000e+04 3.062290000000000064e-03
1.807700000000000000e+04 4.407470000000000138e-03
1.811200000000000000e+04 6.469500000000000424e-03
1.814700000000000000e+04 9.438409999999999508e-03
1.818200000000000000e+04 1.407249999999999994e-02
1.821700000000000000e+04 2.096670000000000131e-02
1.825200000000000000e+04 3.203759999999999941e-02
1.828700000000000000e+04 4.853829999999999950e-02
1.832200000000000000e+04 7.386769999999999448e-02
1.835700000000000000e+04 1.052899999999999947e-01
1.839200000000000000e+04 1.444110000000000116e-01
1.842700000000000000e+04 1.853069999999999995e-01
1.846200000000000000e+04 2.240469999999999962e-01
1.849700000000000000e+04 2.597550000000000137e-01
1.853200000000000000e+04 2.879630000000000245e-01
1.856700000000000000e+04 3.119430000000000258e-01
1.860200000000000000e+04 3.311979999999999924e-01
1.863700000000000000e+04 3.455269999999999730e-01
1.867200000000000000e+04 3.570269999999999833e-01
1.870700000000000000e+04 3.646420000000000217e-01
1.874200000000000000e+04 3.715550000000000241e-01
1.877700000000000000e+04 3.796979999999999800e-01
1.881200000000000000e+04 3.888800000000000034e-01
1.884700000000000000e+04 4.021719999999999740e-01
1.888200000000000000e+04 4.170420000000000238e-01
1.891700000000000000e+04 4.331969999999999987e-01
1.895200000000000000e+04 4.523059999999999858e-01
1.898700000000000000e+04 4.701509999999999856e-01
1.902200000000000000e+04 4.907929999999999793e-01
1.905700000000000000e+04 5.099879999999999969e-01
1.909200000000000000e+04 5.296509999999999829e-01
1.912700000000000000e+04 5.484050000000000313e-01
1.916200000000000000e+04 5.651469999999999549e-01
1.919700000000000000e+04 5.824510000000000520e-01
1.923200000000000000e+04 5.972979999999999956e-01
1.926700000000000000e+04 6.138780000000000348e-01
1.930200000000000000e+04 6.297249999999999792e-01
1.933700000000000000e+04 6.477079999999999504e-01
1.937200000000000000e+04 6.686250000000000249e-01
1.940700000000000000e+04 6.925259999999999749e-01
1.944200000000000000e+04 7.203180000000000138e-01
1.947700000000000000e+04 7.486030000000000184e-01
1.951200000000000000e+04 7.777720000000000189e-01
1.954700000000000000e+04 8.022449999999999859e-01
1.958200000000000000e+04 8.240279999999999827e-01
1.961700000000000000e+04 8.401429999999999731e-01
1.965200000000000000e+04 8.511859999999999982e-01
1.968700000000000000e+04 8.599250000000000504e-01
1.972200000000000000e+04 8.639590000000000325e-01
1.975700000000000000e+04 8.681290000000000395e-01
1.979200000000000000e+04 8.713899999999999979e-01
1.982700000000000000e+04 8.751900000000000235e-01
1.986200000000000000e+04 8.801520000000000454e-01
1.989700000000000000e+04 8.853799999999999448e-01
1.993200000000000000e+04 8.916589999999999794e-01
1.996700000000000000e+04 8.975269999999999637e-01
2.000200000000000000e+04 9.032240000000000268e-01
2.003700000000000000e+04 9.078399999999999803e-01
2.007200000000000000e+04 9.115240000000000009e-01
2.010700000000000000e+04 9.147499999999999520e-01
2.014200000000000000e+04 9.175619999999999887e-01
2.017700000000000000e+04 9.209559999999999969e-01
2.021200000000000000e+04 9.241209999999999702e-01
2.024700000000000000e+04 9.283130000000000548e-01
2.028200000000000000e+04 9.324959999999999916e-01
2.031700000000000000e+04 9.375160000000000160e-01
2.035200000000000000e+04 9.424979999999999469e-01
2.038700000000000000e+04 9.475209999999999466e-01
2.042200000000000000e+04 9.519889999999999741e-01
2.045700000000000000e+04 9.555399999999999450e-01
2.049200000000000000e+04 9.585339999999999971e-01
2.052700000000000000e+04 9.609330000000000371e-01
2.056200000000000000e+04 9.625629999999999464e-01
2.059700000000000000e+04 9.634669999999999623e-01
2.063200000000000000e+04 9.637980000000000436e-01
2.066700000000000000e+04 9.634589999999999543e-01
2.070200000000000000e+04 9.635449999999999848e-01
2.073700000000000000e+04 9.638640000000000541e-01
2.077200000000000000e+04 9.648940000000000294e-01
2.080700000000000000e+04 9.664789999999999770e-01
2.084200000000000000e+04 9.684909999999999908e-01
2.087700000000000000e+04 9.704040000000000443e-01
2.091200000000000000e+04 9.725049999999999528e-01
2.094700000000000000e+04 9.739940000000000264e-01
2.098200000000000000e+04 9.745840000000000058e-01
2.101700000000000000e+04 9.744990000000000041e-01
2.105200000000000000e+04 9.734669999999999712e-01
2.108700000000000000e+04 9.718459999999999877e-01
2.112200000000000000e+04 9.694230000000000347e-01
2.115700000000000000e+04 9.671549999999999869e-01
2.119200000000000000e+04 9.647860000000000325e-01
2.122700000000000000e+04 9.632990000000000164e-01
2.126200000000000000e+04 9.626980000000000537e-01
2.129700000000000000e+04 9.629799999999999471e-01
2.133200000000000000e+04 9.645500000000000185e-01
2.136700000000000000e+04 9.668970000000000065e-01
2.140200000000000000e+04 9.703030000000000266e-01
2.143700000000000000e+04 9.745030000000000081e-01
2.147200000000000000e+04 9.791929999999999801e-01
2.150700000000000000e+04 9.841339999999999533e-01
2.154200000000000000e+04 9.891649999999999610e-01
2.157700000000000000e+04 9.935150000000000370e-01
2.161200000000000000e+04 9.971039999999999903e-01
2.164700000000000000e+04 9.991349999999999953e-01
2.168200000000000000e+04 1.000000000000000000e+00
2.171700000000000000e+04 9.997570000000000068e-01
2.175200000000000000e+04 9.986739999999999506e-01
2.178700000000000000e+04 9.970550000000000246e-01
2.182200000000000000e+04 9.952389999999999848e-01
2.185700000000000000e+04 9.928129999999999455e-01
2.189200000000000000e+04 9.904979999999999896e-01
2.192700000000000000e+04 9.882600000000000273e-01
2.196200000000000000e+04 9.862309999999999688e-01
2.199700000000000000e+04 9.843290000000000095e-01
2.203200000000000000e+04 9.826049999999999507e-01
2.206700000000000000e+04 9.811900000000000066e-01
2.210200000000000000e+04 9.797919999999999963e-01
2.213700000000000000e+04 9.784640000000000004e-01
2.217200000000000000e+04 9.767219999999999791e-01
2.220700000000000000e+04 9.748160000000000158e-01
2.224200000000000000e+04 9.723159999999999581e-01
2.227700000000000000e+04 9.697320000000000384e-01
2.231200000000000000e+04 9.672960000000000447e-01
2.234700000000000000e+04 9.652169999999999916e-01
2.238200000000000000e+04 9.638550000000000173e-01
2.241700000000000000e+04 9.625230000000000175e-01
2.245200000000000000e+04 9.616959999999999953e-01
2.248700000000000000e+04 9.604920000000000124e-01
2.252200000000000000e+04 9.593530000000000113e-01
2.255700000000000000e+04 9.556480000000000530e-01
2.259200000000000000e+04 9.506400000000000405e-01
2.262700000000000000e+04 9.400129999999999875e-01
2.266200000000000000e+04 9.266020000000000367e-01
2.269700000000000000e+04 9.106039999999999690e-01
2.273200000000000000e+04 8.922729999999999828e-01
2.276700000000000000e+04 8.748190000000000133e-01
2.280200000000000000e+04 8.541109999999999536e-01
2.283700000000000000e+04 8.361800000000000344e-01
2.287200000000000000e+04 8.145459999999999923e-01
2.290700000000000000e+04 7.947650000000000547e-01
2.294200000000000000e+04 7.731869999999999576e-01
2.297700000000000000e+04 7.501149999999999762e-01
2.301200000000000000e+04 7.276139999999999830e-01
2.304700000000000000e+04 7.022110000000000296e-01
2.308200000000000000e+04 6.749530000000000252e-01
2.311700000000000000e+04 6.459209999999999674e-01
2.315200000000000000e+04 6.190149999999999819e-01
2.318700000000000000e+04 5.955259999999999998e-01
2.322200000000000000e+04 5.779020000000000268e-01
2.325700000000000000e+04 5.663599999999999746e-01
2.329200000000000000e+04 5.535679999999999490e-01
2.332700000000000000e+04 5.418300000000000338e-01
2.336200000000000000e+04 5.298829999999999929e-01
2.339700000000000000e+04 5.185880000000000489e-01
2.343200000000000000e+04 5.068939999999999557e-01
2.346700000000000000e+04 4.945030000000000259e-01
2.350200000000000000e+04 4.822069999999999967e-01
2.353700000000000000e+04 4.678849999999999953e-01
2.357200000000000000e+04 4.512160000000000060e-01
2.360700000000000000e+04 4.324470000000000258e-01
2.364200000000000000e+04 4.139030000000000209e-01
2.367700000000000000e+04 3.955540000000000167e-01
2.371200000000000000e+04 3.805000000000000049e-01
2.374700000000000000e+04 3.658560000000000145e-01
2.378200000000000000e+04 3.526039999999999730e-01
2.381700000000000000e+04 3.397339999999999804e-01
2.385200000000000000e+04 3.264179999999999859e-01
2.388700000000000000e+04 3.107829999999999759e-01
2.392200000000000000e+04 2.902580000000000160e-01
2.395700000000000000e+04 2.643240000000000034e-01
2.399200000000000000e+04 2.347100000000000020e-01
2.402700000000000000e+04 2.018179999999999974e-01
2.406200000000000000e+04 1.704710000000000114e-01
2.409700000000000000e+04 1.400839999999999863e-01
2.413200000000000000e+04 1.137230000000000046e-01
2.416700000000000000e+04 9.167909999999999948e-02
2.420200000000000000e+04 7.336800000000000266e-02
2.423700000000000000e+04 6.006480000000000152e-02
2.427200000000000000e+04 4.967690000000000300e-02
2.430700000000000000e+04 4.299309999999999937e-02
2.434200000000000000e+04 3.813769999999999660e-02
2.437700000000000000e+04 3.539640000000000147e-02
2.441200000000000000e+04 3.360529999999999767e-02
2.444700000000000000e+04 3.308559999999999973e-02
2.448200000000000000e+04 3.252909999999999829e-02
2.451700000000000000e+04 3.157050000000000134e-02
2.455200000000000000e+04 2.975469999999999851e-02
2.458700000000000000e+04 2.461850000000000149e-02
2.462200000000000000e+04 1.911989999999999870e-02
2.465700000000000000e+04 1.318229999999999923e-02
2.469200000000000000e+04 7.512210000000000068e-03
2.472700000000000000e+04 4.781279999999999732e-03
2.476200000000000000e+04 2.754690000000000177e-03
2.479700000000000000e+04 1.425540000000000097e-03
2.483200000000000000e+04 3.703029999999999950e-04
2.486700000000000000e+04 2.952299999999999838e-05
2.490200000000000000e+04 6.376099999999999821e-06
