1.104950000000000000e+04 0.000000000000000000e+00
1.106950000000000000e+04 4.523070000000000047e-05
1.108950000000000000e+04 1.337029999999999903e-04
1.110950000000000000e+04 2.111670000000000062e-04
1.112950000000000000e+04 3.092559999999999949e-04
1.114950000000000000e+04 6.259049999999999510e-04
1.116950000000000000e+04 1.064239999999999934e-03
1.118950000000000000e+04 1.651190000000000080e-03
1.120950000000000000e+04 2.528739999999999807e-03
1.122950000000000000e+04 4.185150000000000328e-03
1.124950000000000000e+04 6.608850000000000315e-03
1.126950000000000000e+04 1.096109999999999966e-02
1.128950000000000000e+04 1.692559999999999898e-02
1.130950000000000000e+04 2.475389999999999882e-02
1.132950000000000000e+04 3.507310000000000288e-02
1.134950000000000000e+04 5.165050000000000197e-02
1.136950000000000000e+04 7.416889999999999594e-02
1.138950000000000000e+04 1.033509999999999984e-01
1.140950000000000000e+04 1.365500000000000047e-01
1.142950000000000000e+04 1.626019999999999965e-01
1.144950000000000000e+04 1.951469999999999871e-01
1.146950000000000000e+04 2.389400000000000135e-01
1.148950000000000000e+04 2.748269999999999880e-01
1.150950000000000000e+04 3.033939999999999970e-01
1.152950000000000000e+04 3.302780000000000160e-01
1.154950000000000000e+04 3.598720000000000252e-01
1.156950000000000000e+04 4.010920000000000041e-01
1.158950000000000000e+04 4.501370000000000093e-01
1.160950000000000000e+04 5.040350000000000108e-01
1.162950000000000000e+04 5.541730000000000267e-01
1.164950000000000000e+04 6.080950000000000522e-01
1.166950000000000000e+04 6.648220000000000240e-01
1.168950000000000000e+04 7.048860000000000126e-01
1.170950000000000000e+04 7.275230000000000308e-01
1.172950000000000000e+04 7.429900000000000393e-01
1.174950000000000000e+04 7.547310000000000407e-01
1.176950000000000000e+04 7.623919999999999586e-01
1.178950000000000000e+04 7.769979999999999665e-01
1.180950000000000000e+04 7.904660000000000020e-01
1.182950000000000000e+04 7.971289999999999765e-01
1.184950000000000000e+04 8.111829999999999874e-01
1.186950000000000000e+04 8.252939999999999721e-01
1.188950000000000000e+04 8.362230000000000496e-01
1.190950000000000000e+04 8.447829999999999506e-01
1.192950000000000000e+04 8.557109999999999994e-01
1.194950000000000000e+04 8.633140000000000258e-01
1.196950000000000000e+04 8.705749999999999877e-01
1.198950000000000000e+04 8.814140000000000308e-01
1.200950000000000000e+04 8.926129999999999898e-01
1.202950000000000000e+04 9.036370000000000235e-01
1.204950000000000000e+04 9.158269999999999467e-01
1.206950000000000000e+04 9.325660000000000061e-01
1.208950000000000000e+04 9.459530000000000438e-01
1.210950000000000000e+04 9.571790000000000020e-01
1.212950000000000000e+04 9.674779999999999491e-01
1.214950000000000000e+04 9.763739999999999641e-01
1.216950000000000000e+04 9.821130000000000138e-01
1.218950000000000000e+04 9.840140000000000553e-01
1.220950000000000000e+04 9.854690000000000394e-01
1.222950000000000000e+04 9.860520000000000396e-01
1.224950000000000000e+04 9.886779999999999458e-01
1.226950000000000000e+04 9.921240000000000059e-01
1.228950000000000000e+04 9.949230000000000018e-01
1.230950000000000000e+04 9.970550000000000246e-01
1.232950000000000000e+04 9.989829999999999544e-01
1.234950000000000000e+04 1.000000000000000000e+00
1.236950000000000000e+04 9.998010000000000508e-01
1.238950000000000000e+04 9.993520000000000181e-01
1.240950000000000000e+04 9.986690000000000289e-01
1.242950000000000000e+04 9.962760000000000504e-01
1.244950000000000000e+04 9.941520000000000357e-01
1.246950000000000000e+04 9.921450000000000546e-01
1.248950000000000000e+04 9.902140000000000386e-01
1.250950000000000000e+04 9.897759999999999891e-01
1.252950000000000000e+04 9.883880000000000443e-01
1.254950000000000000e+04 9.833210000000000006e-01
1.256950000000000000e+04 9.775310000000000388e-01
1.258950000000000000e+04 9.732060000000000155e-01
1.260950000000000000e+04 9.692800000000000304e-01
1.262950000000000000e+04 9.669900000000000162e-01
1.264950000000000000e+04 9.649919999999999609e-01
1.266950000000000000e+04 9.599929999999999852e-01
1.268950000000000000e+04 9.552899999999999725e-01
1.270950000000000000e+04 9.536930000000000129e-01
1.272950000000000000e+04 9.525339999999999918e-01
1.274950000000000000e+04 9.513840000000000074e-01
1.276950000000000000e+04 9.501420000000000421e-01
1.278950000000000000e+04 9.473549999999999471e-01
1.280950000000000000e+04 9.436769999999999881e-01
1.282950000000000000e+04 9.411650000000000293e-01
1.284950000000000000e+04 9.394040000000000168e-01
1.286950000000000000e+04 9.379150000000000542e-01
1.288950000000000000e+04 9.373810000000000198e-01
1.290950000000000000e+04 9.362570000000000059e-01
1.292950000000000000e+04 9.348750000000000115e-01
1.294950000000000000e+04 9.339469999999999716e-01
1.296950000000000000e+04 9.321350000000000469e-01
1.298950000000000000e+04 9.294919999999999849e-01
1.300950000000000000e+04 9.274109999999999854e-01
1.302950000000000000e+04 9.258859999999999868e-01
1.304950000000000000e+04 9.239519999999999955e-01
1.306950000000000000e+04 9.220019999999999882e-01
1.308950000000000000e+04 9.203989999999999672e-01
1.310950000000000000e+04 9.185149999999999704e-01
1.312950000000000000e+04 9.159969999999999501e-01
1.314950000000000000e+04 9.109939999999999705e-01
1.316950000000000000e+04 9.046180000000000332e-01
1.318950000000000000e+04 8.965070000000000539e-01
1.320950000000000000e+04 8.854659999999999753e-01
1.322950000000000000e+04 8.652790000000000203e-01
1.324950000000000000e+04 8.420199999999999907e-01
1.326950000000000000e+04 8.170939999999999870e-01
1.328950000000000000e+04 7.873459999999999903e-01
1.330950000000000000e+04 7.504969999999999697e-01
1.332950000000000000e+04 7.093559999999999865e-01
1.334950000000000000e+04 6.630930000000000435e-01
1.336950000000000000e+04 6.084429999999999561e-01
1.338950000000000000e+04 5.559209999999999985e-01
1.340950000000000000e+04 5.045039999999999525e-01
1.342950000000000000e+04 4.563980000000000259e-01
1.344950000000000000e+04 4.078809999999999936e-01
1.346950000000000000e+04 3.648270000000000124e-01
1.348950000000000000e+04 3.254589999999999983e-01
1.350950000000000000e+04 2.866819999999999924e-01
1.352950000000000000e+04 2.513779999999999903e-01
1.354950000000000000e+04 2.162149999999999905e-01
1.356950000000000000e+04 1.852779999999999982e-01
1.358950000000000000e+04 1.567050000000000110e-01
1.360950000000000000e+04 1.327830000000000121e-01
1.362950000000000000e+04 1.119829999999999992e-01
1.364950000000000000e+04 9.394289999999999585e-02
1.366950000000000000e+04 7.934249999999999636e-02
1.368950000000000000e+04 6.709060000000000024e-02
1.370950000000000000e+04 5.793740000000000001e-02
1.372950000000000000e+04 4.990119999999999972e-02
1.374950000000000000e+04 4.174579999999999957e-02
1.376950000000000000e+04 3.295000000000000012e-02
1.378950000000000000e+04 2.586050000000000154e-02
1.380950000000000000e+04 1.946550000000000016e-02
1.382950000000000000e+04 1.441590000000000059e-02
1.384950000000000000e+04 1.018769999999999919e-02
1.386950000000000000e+04 6.957259999999999833e-03
1.388950000000000000e+04 4.811890000000000091e-03
1.390950000000000000e+04 3.189909999999999794e-03
1.392950000000000000e+04 2.237139999999999875e-03
1.394950000000000000e+04 1.369709999999999895e-03
1.396950000000000000e+04 5.658650000000000312e-04
1.398950000000000000e+04 2.979409999999999990e-05
