1.832000000000000000e+03 0.000000000000000000e+00
1.837000000000000000e+03 2.080549999999999926e-06
1.842000000000000000e+03 9.415560000000000701e-06
1.847000000000000000e+03 1.504730000000000076e-05
1.852000000000000000e+03 1.565930000000000100e-05
1.857000000000000000e+03 1.613170000000000006e-05
1.862000000000000000e+03 1.685510000000000063e-05
1.867000000000000000e+03 1.759739999999999858e-05
1.872000000000000000e+03 1.835840000000000028e-05
1.877000000000000000e+03 1.910190000000000087e-05
1.882000000000000000e+03 1.979420000000000100e-05
1.887000000000000000e+03 2.034850000000000008e-05
1.892000000000000000e+03 2.051540000000000012e-05
1.897000000000000000e+03 2.054700000000000165e-05
1.902000000000000000e+03 2.024179999999999990e-05
1.907000000000000000e+03 1.987849999999999950e-05
1.912000000000000000e+03 1.939560000000000112e-05
1.917000000000000000e+03 1.892779999999999859e-05
1.922000000000000000e+03 1.852629999999999913e-05
1.927000000000000000e+03 1.826859999999999988e-05
1.932000000000000000e+03 1.844690000000000121e-05
1.937000000000000000e+03 1.878210000000000098e-05
1.942000000000000000e+03 1.952830000000000071e-05
1.947000000000000000e+03 2.032939999999999885e-05
1.952000000000000000e+03 2.121969999999999946e-05
1.957000000000000000e+03 2.198739999999999890e-05
1.962000000000000000e+03 2.233089999999999994e-05
1.967000000000000000e+03 2.244359999999999972e-05
1.972000000000000000e+03 2.188549999999999908e-05
1.977000000000000000e+03 2.106929999999999833e-05
1.982000000000000000e+03 1.954510000000000028e-05
1.987000000000000000e+03 1.789220000000000125e-05
1.992000000000000000e+03 1.598660000000000039e-05
1.997000000000000000e+03 1.410750000000000003e-05
2.002000000000000000e+03 1.239710000000000028e-05
2.007000000000000000e+03 1.083790000000000003e-05
2.012000000000000000e+03 9.775499999999999833e-06
2.017000000000000000e+03 8.919120000000000420e-06
2.022000000000000000e+03 8.662359999999999171e-06
2.027000000000000000e+03 8.596780000000000724e-06
2.032000000000000000e+03 9.044819999999999911e-06
2.037000000000000000e+03 9.617849999999999742e-06
2.042000000000000000e+03 1.048379999999999947e-05
2.047000000000000000e+03 1.137270000000000040e-05
2.052000000000000000e+03 1.223749999999999930e-05
2.057000000000000000e+03 1.303550000000000081e-05
2.062000000000000000e+03 1.357300000000000032e-05
2.067000000000000000e+03 1.394390000000000045e-05
2.072000000000000000e+03 1.373939999999999927e-05
2.077000000000000000e+03 1.333949999999999993e-05
2.082000000000000000e+03 1.237759999999999987e-05
2.087000000000000000e+03 1.133449999999999965e-05
2.092000000000000000e+03 1.021359999999999992e-05
2.097000000000000000e+03 9.107520000000000174e-06
2.102000000000000000e+03 8.107419999999999365e-06
2.107000000000000000e+03 7.163220000000000003e-06
2.112000000000000000e+03 6.416280000000000171e-06
2.117000000000000000e+03 5.759999999999999909e-06
2.122000000000000000e+03 5.414769999999999828e-06
2.127000000000000000e+03 5.119679999999999744e-06
2.132000000000000000e+03 4.878430000000000148e-06
2.137000000000000000e+03 4.655410000000000207e-06
2.142000000000000000e+03 4.488119999999999984e-06
2.147000000000000000e+03 4.337750000000000100e-06
2.152000000000000000e+03 4.235929999999999947e-06
2.157000000000000000e+03 4.133790000000000278e-06
2.162000000000000000e+03 3.996020000000000071e-06
2.167000000000000000e+03 3.859459999999999806e-06
2.172000000000000000e+03 3.755579999999999964e-06
2.177000000000000000e+03 3.649720000000000100e-06
2.182000000000000000e+03 3.507619999999999800e-06
2.187000000000000000e+03 3.366190000000000207e-06
2.192000000000000000e+03 3.258059999999999940e-06
2.197000000000000000e+03 3.148529999999999991e-06
2.202000000000000000e+03 3.002159999999999984e-06
2.207000000000000000e+03 2.859009999999999923e-06
2.212000000000000000e+03 2.768510000000000112e-06
2.217000000000000000e+03 2.696209999999999974e-06
2.222000000000000000e+03 2.686920000000000187e-06
2.227000000000000000e+03 2.688900000000000209e-06
2.232000000000000000e+03 2.699949999999999874e-06
2.237000000000000000e+03 2.709610000000000134e-06
2.242000000000000000e+03 2.700680000000000119e-06
2.247000000000000000e+03 2.674660000000000155e-06
2.252000000000000000e+03 2.866589999999999942e-06
2.257000000000000000e+03 4.566960000000000232e-06
2.262000000000000000e+03 6.290979999999999863e-06
2.267000000000000000e+03 6.367939999999999885e-06
2.272000000000000000e+03 6.196519999999999585e-06
2.277000000000000000e+03 6.008260000000000307e-06
2.282000000000000000e+03 5.828979999999999882e-06
2.287000000000000000e+03 5.791019999999999825e-06
2.292000000000000000e+03 5.779680000000000201e-06
2.297000000000000000e+03 5.760589999999999678e-06
2.302000000000000000e+03 5.696989999999999982e-06
2.307000000000000000e+03 5.688480000000000126e-06
2.312000000000000000e+03 5.750800000000000065e-06
2.317000000000000000e+03 5.893429999999999748e-06
2.322000000000000000e+03 6.075829999999999899e-06
2.327000000000000000e+03 6.200689999999999920e-06
2.332000000000000000e+03 6.292790000000000274e-06
2.337000000000000000e+03 6.350340000000000257e-06
2.342000000000000000e+03 6.367599999999999817e-06
2.347000000000000000e+03 6.323999999999999930e-06
2.352000000000000000e+03 6.147279999999999867e-06
2.357000000000000000e+03 5.868109999999999624e-06
2.362000000000000000e+03 5.581279999999999695e-06
2.367000000000000000e+03 5.352059999999999711e-06
2.372000000000000000e+03 5.155030000000000177e-06
2.377000000000000000e+03 5.015680000000000401e-06
2.382000000000000000e+03 5.054889999999999811e-06
2.387000000000000000e+03 5.113260000000000405e-06
2.392000000000000000e+03 5.124499999999999810e-06
2.397000000000000000e+03 5.118989999999999756e-06
2.402000000000000000e+03 5.065310000000000297e-06
2.407000000000000000e+03 5.009049999999999924e-06
2.412000000000000000e+03 5.049389999999999609e-06
2.417000000000000000e+03 5.112820000000000118e-06
2.422000000000000000e+03 5.157119999999999847e-06
2.427000000000000000e+03 5.205450000000000280e-06
2.432000000000000000e+03 5.351259999999999651e-06
2.437000000000000000e+03 5.519040000000000271e-06
2.442000000000000000e+03 5.638860000000000083e-06
2.447000000000000000e+03 5.739660000000000032e-06
2.452000000000000000e+03 5.772769999999999619e-06
2.457000000000000000e+03 5.786069999999999983e-06
2.462000000000000000e+03 5.789579999999999886e-06
2.467000000000000000e+03 5.790350000000000389e-06
2.472000000000000000e+03 5.791900000000000400e-06
2.477000000000000000e+03 5.793659999999999854e-06
2.482000000000000000e+03 5.795569999999999638e-06
2.487000000000000000e+03 5.797530000000000378e-06
2.492000000000000000e+03 5.799490000000000271e-06
2.497000000000000000e+03 5.801440000000000312e-06
2.502000000000000000e+03 5.803209999999999619e-06
2.507000000000000000e+03 5.806179999999999863e-06
2.512000000000000000e+03 5.827849999999999606e-06
2.517000000000000000e+03 5.862069999999999763e-06
2.522000000000000000e+03 6.004899999999999885e-06
2.527000000000000000e+03 6.181150000000000103e-06
2.532000000000000000e+03 6.426069999999999784e-06
2.537000000000000000e+03 6.748549999999999956e-06
2.542000000000000000e+03 7.107260000000000288e-06
2.547000000000000000e+03 7.473369999999999905e-06
2.552000000000000000e+03 7.765099999999999566e-06
2.557000000000000000e+03 7.998460000000000327e-06
2.562000000000000000e+03 8.353280000000000430e-06
2.567000000000000000e+03 8.827020000000000065e-06
2.572000000000000000e+03 9.439890000000000179e-06
2.577000000000000000e+03 1.010880000000000052e-05
2.582000000000000000e+03 1.084740000000000053e-05
2.587000000000000000e+03 1.159430000000000011e-05
2.592000000000000000e+03 1.238839999999999984e-05
2.597000000000000000e+03 1.327800000000000060e-05
2.602000000000000000e+03 1.426160000000000081e-05
2.607000000000000000e+03 1.529259999999999992e-05
2.612000000000000000e+03 1.655660000000000001e-05
2.617000000000000000e+03 1.803949999999999898e-05
2.622000000000000000e+03 1.973959999999999986e-05
2.627000000000000000e+03 2.158269999999999921e-05
2.632000000000000000e+03 2.382589999999999833e-05
2.637000000000000000e+03 2.638809999999999897e-05
2.642000000000000000e+03 2.953030000000000084e-05
2.647000000000000000e+03 3.316670000000000214e-05
2.652000000000000000e+03 3.754739999999999901e-05
2.657000000000000000e+03 4.245850000000000015e-05
2.662000000000000000e+03 4.827870000000000246e-05
2.667000000000000000e+03 5.471860000000000157e-05
2.672000000000000000e+03 6.242200000000000645e-05
2.677000000000000000e+03 7.111930000000000194e-05
2.682000000000000000e+03 8.159380000000000474e-05
2.687000000000000000e+03 9.323189999999999754e-05
2.692000000000000000e+03 1.075119999999999966e-04
2.697000000000000000e+03 1.264489999999999950e-04
2.702000000000000000e+03 2.715910000000000091e-04
2.707000000000000000e+03 4.847079999999999813e-04
2.712000000000000000e+03 7.164639999999999898e-04
2.717000000000000000e+03 9.660180000000000199e-04
2.722000000000000000e+03 1.501900000000000023e-03
2.727000000000000000e+03 2.187049999999999845e-03
2.732000000000000000e+03 3.016369999999999989e-03
2.737000000000000000e+03 3.923770000000000036e-03
2.742000000000000000e+03 5.068910000000000256e-03
2.747000000000000000e+03 6.340010000000000090e-03
2.752000000000000000e+03 7.759939999999999893e-03
2.757000000000000000e+03 9.260630000000000597e-03
2.762000000000000000e+03 1.088519999999999939e-02
2.767000000000000000e+03 1.276900000000000084e-02
2.772000000000000000e+03 1.471549999999999941e-02
2.777000000000000000e+03 1.679500000000000090e-02
2.782000000000000000e+03 1.933009999999999937e-02
2.787000000000000000e+03 2.221019999999999939e-02
2.792000000000000000e+03 2.545060000000000031e-02
2.797000000000000000e+03 2.916869999999999880e-02
2.802000000000000000e+03 3.337679999999999814e-02
2.807000000000000000e+03 3.813629999999999798e-02
2.812000000000000000e+03 4.346599999999999769e-02
2.817000000000000000e+03 4.930600000000000260e-02
2.822000000000000000e+03 5.561640000000000333e-02
2.827000000000000000e+03 6.227900000000000102e-02
2.832000000000000000e+03 6.932489999999999486e-02
2.837000000000000000e+03 7.658700000000000230e-02
2.842000000000000000e+03 8.404889999999999584e-02
2.847000000000000000e+03 9.153730000000000200e-02
2.852000000000000000e+03 9.906629999999999603e-02
2.857000000000000000e+03 1.064810000000000062e-01
2.862000000000000000e+03 1.136999999999999955e-01
2.867000000000000000e+03 1.206359999999999932e-01
2.872000000000000000e+03 1.271740000000000093e-01
2.877000000000000000e+03 1.333300000000000041e-01
2.882000000000000000e+03 1.389950000000000074e-01
2.887000000000000000e+03 1.442509999999999903e-01
2.892000000000000000e+03 1.489759999999999973e-01
2.897000000000000000e+03 1.533349999999999991e-01
2.902000000000000000e+03 1.572070000000000134e-01
2.907000000000000000e+03 1.607449999999999990e-01
2.912000000000000000e+03 1.638709999999999889e-01
2.917000000000000000e+03 1.666660000000000086e-01
2.922000000000000000e+03 1.691539999999999988e-01
2.927000000000000000e+03 1.714229999999999920e-01
2.932000000000000000e+03 1.735069999999999946e-01
2.937000000000000000e+03 1.751030000000000086e-01
2.942000000000000000e+03 1.763160000000000005e-01
2.947000000000000000e+03 1.771359999999999879e-01
2.952000000000000000e+03 1.781880000000000130e-01
2.957000000000000000e+03 1.795819999999999916e-01
2.962000000000000000e+03 1.810130000000000072e-01
2.967000000000000000e+03 1.824429999999999941e-01
2.972000000000000000e+03 1.836609999999999909e-01
2.977000000000000000e+03 1.846319999999999906e-01
2.982000000000000000e+03 1.855300000000000005e-01
2.987000000000000000e+03 1.863499999999999879e-01
2.992000000000000000e+03 1.871400000000000008e-01
2.997000000000000000e+03 1.879790000000000072e-01
3.002000000000000000e+03 1.889550000000000118e-01
3.007000000000000000e+03 1.901400000000000035e-01
3.012000000000000000e+03 1.914629999999999943e-01
3.017000000000000000e+03 1.929389999999999994e-01
3.022000000000000000e+03 1.947830000000000117e-01
3.027000000000000000e+03 1.968159999999999910e-01
3.032000000000000000e+03 1.992939999999999989e-01
3.037000000000000000e+03 2.025810000000000111e-01
3.042000000000000000e+03 2.072869999999999990e-01
3.047000000000000000e+03 2.147959999999999869e-01
3.052000000000000000e+03 2.256009999999999960e-01
3.057000000000000000e+03 2.436609999999999887e-01
3.062000000000000000e+03 2.701399999999999912e-01
3.067000000000000000e+03 3.095089999999999786e-01
3.072000000000000000e+03 3.628199999999999759e-01
3.077000000000000000e+03 4.309239999999999737e-01
3.082000000000000000e+03 5.100149999999999961e-01
3.087000000000000000e+03 5.970459999999999656e-01
3.092000000000000000e+03 6.825080000000000036e-01
3.097000000000000000e+03 7.630550000000000388e-01
3.102000000000000000e+03 8.312810000000000477e-01
3.107000000000000000e+03 8.852090000000000236e-01
3.112000000000000000e+03 9.237600000000000255e-01
3.117000000000000000e+03 9.454320000000000501e-01
3.122000000000000000e+03 9.546949999999999603e-01
3.127000000000000000e+03 9.595909999999999718e-01
3.132000000000000000e+03 9.619419999999999638e-01
3.137000000000000000e+03 9.654580000000000384e-01
3.142000000000000000e+03 9.727670000000000483e-01
3.147000000000000000e+03 9.806369999999999809e-01
3.152000000000000000e+03 9.891299999999999537e-01
3.157000000000000000e+03 9.963750000000000107e-01
3.162000000000000000e+03 9.996549999999999603e-01
3.167000000000000000e+03 1.000000000000000000e+00
3.172000000000000000e+03 9.977430000000000465e-01
3.177000000000000000e+03 9.954570000000000363e-01
3.182000000000000000e+03 9.933939999999999992e-01
3.187000000000000000e+03 9.916049999999999587e-01
3.192000000000000000e+03 9.879179999999999628e-01
3.197000000000000000e+03 9.811170000000000169e-01
3.202000000000000000e+03 9.672479999999999967e-01
3.207000000000000000e+03 9.448079999999999812e-01
3.212000000000000000e+03 9.081650000000000000e-01
3.217000000000000000e+03 8.605340000000000211e-01
3.222000000000000000e+03 7.971070000000000100e-01
3.227000000000000000e+03 7.267209999999999503e-01
3.232000000000000000e+03 6.436560000000000059e-01
3.237000000000000000e+03 5.607140000000000457e-01
3.242000000000000000e+03 4.798490000000000255e-01
3.247000000000000000e+03 4.082660000000000178e-01
3.252000000000000000e+03 3.496159999999999823e-01
3.257000000000000000e+03 3.048739999999999783e-01
3.262000000000000000e+03 2.716600000000000126e-01
3.267000000000000000e+03 2.501320000000000210e-01
3.272000000000000000e+03 2.346699999999999897e-01
3.277000000000000000e+03 2.247790000000000066e-01
3.282000000000000000e+03 2.177429999999999921e-01
3.287000000000000000e+03 2.142209999999999948e-01
3.292000000000000000e+03 2.117350000000000065e-01
3.297000000000000000e+03 2.099239999999999995e-01
3.302000000000000000e+03 2.079540000000000000e-01
3.307000000000000000e+03 2.057289999999999952e-01
3.312000000000000000e+03 2.043889999999999874e-01
3.317000000000000000e+03 2.034169999999999867e-01
3.322000000000000000e+03 2.023870000000000113e-01
3.327000000000000000e+03 2.012940000000000007e-01
3.332000000000000000e+03 2.000619999999999898e-01
3.337000000000000000e+03 1.986479999999999912e-01
3.342000000000000000e+03 1.971690000000000109e-01
3.347000000000000000e+03 1.956249999999999933e-01
3.352000000000000000e+03 1.939700000000000035e-01
3.357000000000000000e+03 1.921829999999999927e-01
3.362000000000000000e+03 1.900229999999999975e-01
3.367000000000000000e+03 1.872840000000000060e-01
3.372000000000000000e+03 1.840110000000000079e-01
3.377000000000000000e+03 1.799729999999999941e-01
3.382000000000000000e+03 1.752950000000000064e-01
3.387000000000000000e+03 1.698649999999999882e-01
3.392000000000000000e+03 1.637990000000000002e-01
3.397000000000000000e+03 1.572089999999999876e-01
3.402000000000000000e+03 1.500609999999999999e-01
3.407000000000000000e+03 1.426679999999999893e-01
3.412000000000000000e+03 1.351360000000000061e-01
3.417000000000000000e+03 1.276559999999999917e-01
3.422000000000000000e+03 1.202710000000000029e-01
3.427000000000000000e+03 1.128620000000000040e-01
3.432000000000000000e+03 1.056980000000000003e-01
3.437000000000000000e+03 9.852629999999999721e-02
3.442000000000000000e+03 9.155560000000000087e-02
3.447000000000000000e+03 8.463990000000000402e-02
3.452000000000000000e+03 7.799150000000000527e-02
3.457000000000000000e+03 7.151029999999999887e-02
3.462000000000000000e+03 6.531620000000000481e-02
3.467000000000000000e+03 5.921379999999999699e-02
3.472000000000000000e+03 5.340140000000000164e-02
3.477000000000000000e+03 4.781849999999999989e-02
3.482000000000000000e+03 4.248520000000000074e-02
3.487000000000000000e+03 3.758029999999999704e-02
3.492000000000000000e+03 3.292839999999999656e-02
3.497000000000000000e+03 2.879179999999999934e-02
3.502000000000000000e+03 2.490119999999999834e-02
3.507000000000000000e+03 2.147570000000000034e-02
3.512000000000000000e+03 1.833639999999999923e-02
3.517000000000000000e+03 1.560590000000000067e-02
3.522000000000000000e+03 1.320799999999999925e-02
3.527000000000000000e+03 1.112630000000000043e-02
3.532000000000000000e+03 9.347529999999999728e-03
3.537000000000000000e+03 7.806620000000000226e-03
3.542000000000000000e+03 6.541909999999999739e-03
3.547000000000000000e+03 5.460519999999999957e-03
3.552000000000000000e+03 4.600390000000000208e-03
3.557000000000000000e+03 3.875969999999999849e-03
3.562000000000000000e+03 3.287260000000000182e-03
3.567000000000000000e+03 2.795849999999999898e-03
3.572000000000000000e+03 2.402350000000000145e-03
3.577000000000000000e+03 2.033290000000000097e-03
3.582000000000000000e+03 1.648139999999999978e-03
3.587000000000000000e+03 1.349189999999999895e-03
3.592000000000000000e+03 1.168659999999999968e-03
3.597000000000000000e+03 1.021769999999999970e-03
3.602000000000000000e+03 8.868570000000000099e-04
3.607000000000000000e+03 7.053129999999999469e-04
3.612000000000000000e+03 5.536649999999999515e-04
3.617000000000000000e+03 5.040350000000000082e-04
3.622000000000000000e+03 4.636840000000000146e-04
3.627000000000000000e+03 4.241380000000000107e-04
3.632000000000000000e+03 3.898530000000000094e-04
3.637000000000000000e+03 3.617229999999999925e-04
3.642000000000000000e+03 3.295360000000000108e-04
3.647000000000000000e+03 2.829509999999999816e-04
3.652000000000000000e+03 2.296189999999999982e-04
3.657000000000000000e+03 2.007730000000000105e-04
3.662000000000000000e+03 1.887609999999999906e-04
3.667000000000000000e+03 1.728169999999999956e-04
3.672000000000000000e+03 1.379359999999999885e-04
3.677000000000000000e+03 1.072819999999999937e-04
3.682000000000000000e+03 8.495790000000000188e-05
3.687000000000000000e+03 6.315729999999999923e-05
3.692000000000000000e+03 4.956640000000000031e-05
3.697000000000000000e+03 4.693480000000000335e-05
3.702000000000000000e+03 3.612970000000000070e-05
3.707000000000000000e+03 1.748319999999999890e-05
3.712000000000000000e+03 7.499770000000000194e-06
3.717000000000000000e+03 7.485820000000000099e-06
3.722000000000000000e+03 7.484540000000000341e-06
3.727000000000000000e+03 7.535689999999999843e-06
3.732000000000000000e+03 7.601049999999999841e-06
3.737000000000000000e+03 7.703340000000000686e-06
3.742000000000000000e+03 7.794580000000000172e-06
3.747000000000000000e+03 7.803269999999999914e-06
3.752000000000000000e+03 7.797880000000000631e-06
3.757000000000000000e+03 7.777769999999999904e-06
3.762000000000000000e+03 7.755620000000000463e-06
3.767000000000000000e+03 7.733510000000000433e-06
3.772000000000000000e+03 7.711409999999999408e-06
3.777000000000000000e+03 7.689299999999999377e-06
3.782000000000000000e+03 7.667030000000000012e-06
3.787000000000000000e+03 7.643769999999999154e-06
3.792000000000000000e+03 7.601670000000000014e-06
3.797000000000000000e+03 7.447740000000000118e-06
3.802000000000000000e+03 7.195739999999999820e-06
3.807000000000000000e+03 6.443359999999999749e-06
3.812000000000000000e+03 5.721579999999999860e-06
3.817000000000000000e+03 5.689889999999999660e-06
3.822000000000000000e+03 5.771750000000000262e-06
3.827000000000000000e+03 5.877519999999999759e-06
3.832000000000000000e+03 6.047859999999999894e-06
3.837000000000000000e+03 6.619799999999999707e-06
3.842000000000000000e+03 7.258229999999999793e-06
3.847000000000000000e+03 7.885320000000000255e-06
3.852000000000000000e+03 8.449830000000000378e-06
3.857000000000000000e+03 8.595850000000000040e-06
3.862000000000000000e+03 8.658059999999999907e-06
3.867000000000000000e+03 8.661499999999999996e-06
3.872000000000000000e+03 8.664469999999999393e-06
3.877000000000000000e+03 8.742850000000000496e-06
3.882000000000000000e+03 8.832679999999999601e-06
3.887000000000000000e+03 8.900779999999999846e-06
3.892000000000000000e+03 8.970779999999999176e-06
3.897000000000000000e+03 9.087439999999999852e-06
3.902000000000000000e+03 9.222929999999999803e-06
3.907000000000000000e+03 9.431359999999999771e-06
3.912000000000000000e+03 9.645320000000000345e-06
3.917000000000000000e+03 9.783219999999999482e-06
3.922000000000000000e+03 9.899840000000000747e-06
3.927000000000000000e+03 9.974939999999999401e-06
3.932000000000000000e+03 1.004869999999999918e-05
3.937000000000000000e+03 1.018740000000000007e-05
3.942000000000000000e+03 1.033670000000000049e-05
3.947000000000000000e+03 1.045149999999999980e-05
3.952000000000000000e+03 1.055450000000000034e-05
3.957000000000000000e+03 1.062209999999999949e-05
3.962000000000000000e+03 1.068609999999999921e-05
3.967000000000000000e+03 1.079209999999999955e-05
3.972000000000000000e+03 1.089690000000000065e-05
3.977000000000000000e+03 1.089590000000000015e-05
3.982000000000000000e+03 1.086880000000000002e-05
3.987000000000000000e+03 1.084079999999999961e-05
3.992000000000000000e+03 1.082369999999999939e-05
3.997000000000000000e+03 1.091750000000000008e-05
4.002000000000000000e+03 1.104200000000000033e-05
4.007000000000000000e+03 1.118839999999999947e-05
4.012000000000000000e+03 1.134309999999999987e-05
4.017000000000000000e+03 1.152490000000000040e-05
4.022000000000000000e+03 1.170989999999999947e-05
4.027000000000000000e+03 1.184950000000000064e-05
4.032000000000000000e+03 1.197010000000000081e-05
4.037000000000000000e+03 1.201700000000000031e-05
4.042000000000000000e+03 1.204599999999999952e-05
4.047000000000000000e+03 1.210830000000000061e-05
4.052000000000000000e+03 1.218320000000000052e-05
4.057000000000000000e+03 1.229670000000000036e-05
4.062000000000000000e+03 1.240780000000000002e-05
4.067000000000000000e+03 1.233949999999999934e-05
4.072000000000000000e+03 1.222439999999999938e-05
4.077000000000000000e+03 1.219439999999999966e-05
4.082000000000000000e+03 1.219870000000000062e-05
4.087000000000000000e+03 1.232629999999999920e-05
4.092000000000000000e+03 1.248469999999999924e-05
4.097000000000000000e+03 1.253710000000000063e-05
4.102000000000000000e+03 1.226720000000000005e-05
4.107000000000000000e+03 7.456880000000000000e-06
4.112000000000000000e+03 1.469119999999999963e-06
