1.210000000000000000e+03 0.000000000000000000e+00
1.213000000000000000e+03 1.350460000000000060e-10
1.216000000000000000e+03 8.461620000000000193e-10
1.219000000000000000e+03 1.618470000000000099e-09
1.222000000000000000e+03 1.799829999999999977e-09
1.225000000000000000e+03 1.061939999999999954e-09
1.228000000000000000e+03 9.766539999999999653e-10
1.231000000000000000e+03 2.161490000000000153e-09
1.234000000000000000e+03 3.441440000000000060e-09
1.237000000000000000e+03 3.094959999999999826e-09
1.240000000000000000e+03 1.596149999999999911e-09
1.243000000000000000e+03 3.317569999999999743e-10
1.246000000000000000e+03 9.901849999999999859e-13
1.249000000000000000e+03 1.151020000000000078e-12
1.252000000000000000e+03 1.309119999999999979e-12
1.255000000000000000e+03 1.461409999999999929e-12
1.258000000000000000e+03 1.611689999999999972e-12
1.261000000000000000e+03 1.759610000000000012e-12
1.264000000000000000e+03 1.903970000000000015e-12
1.267000000000000000e+03 2.047440000000000008e-12
1.270000000000000000e+03 2.188749999999999938e-12
1.273000000000000000e+03 2.327830000000000190e-12
1.276000000000000000e+03 2.466319999999999936e-12
1.279000000000000000e+03 2.607179999999999802e-12
1.282000000000000000e+03 2.753830000000000192e-12
1.285000000000000000e+03 1.256329999999999941e-09
1.288000000000000000e+03 2.147519999999999896e-07
1.291000000000000000e+03 5.312339999999999777e-07
1.294000000000000000e+03 8.591689999999999558e-07
1.297000000000000000e+03 1.275190000000000025e-06
1.300000000000000000e+03 1.767210000000000060e-06
1.303000000000000000e+03 2.566099999999999877e-06
1.306000000000000000e+03 3.527960000000000100e-06
1.309000000000000000e+03 4.530679999999999963e-06
1.312000000000000000e+03 5.704090000000000303e-06
1.315000000000000000e+03 6.953390000000000353e-06
1.318000000000000000e+03 8.142480000000000686e-06
1.321000000000000000e+03 9.263459999999999227e-06
1.324000000000000000e+03 1.037920000000000051e-05
1.327000000000000000e+03 1.156360000000000055e-05
1.330000000000000000e+03 1.284600000000000034e-05
1.333000000000000000e+03 1.414560000000000056e-05
1.336000000000000000e+03 1.566339999999999982e-05
1.339000000000000000e+03 1.747379999999999862e-05
1.342000000000000000e+03 1.930629999999999844e-05
1.345000000000000000e+03 2.123420000000000076e-05
1.348000000000000000e+03 2.320000000000000149e-05
1.351000000000000000e+03 2.542040000000000144e-05
1.354000000000000000e+03 2.761969999999999917e-05
1.357000000000000000e+03 2.983300000000000050e-05
1.360000000000000000e+03 3.210330000000000144e-05
1.363000000000000000e+03 3.444379999999999708e-05
1.366000000000000000e+03 3.664300000000000136e-05
1.369000000000000000e+03 3.818049999999999808e-05
1.372000000000000000e+03 3.929790000000000198e-05
1.375000000000000000e+03 4.043109999999999987e-05
1.378000000000000000e+03 4.159569999999999885e-05
1.381000000000000000e+03 4.277080000000000053e-05
1.384000000000000000e+03 4.395860000000000295e-05
1.387000000000000000e+03 4.521290000000000210e-05
1.390000000000000000e+03 4.647090000000000259e-05
1.393000000000000000e+03 4.770420000000000313e-05
1.396000000000000000e+03 4.890999999999999759e-05
1.399000000000000000e+03 5.014140000000000074e-05
1.402000000000000000e+03 5.148330000000000224e-05
1.405000000000000000e+03 5.289270000000000267e-05
1.408000000000000000e+03 5.430420000000000093e-05
1.411000000000000000e+03 5.578560000000000338e-05
1.414000000000000000e+03 5.727380000000000042e-05
1.417000000000000000e+03 5.881239999999999954e-05
1.420000000000000000e+03 6.046869999999999925e-05
1.423000000000000000e+03 6.214220000000000280e-05
1.426000000000000000e+03 6.391480000000000002e-05
1.429000000000000000e+03 6.577410000000000439e-05
1.432000000000000000e+03 6.770679999999999353e-05
1.435000000000000000e+03 7.004570000000000598e-05
1.438000000000000000e+03 7.255720000000000388e-05
1.441000000000000000e+03 7.526980000000000226e-05
1.444000000000000000e+03 7.875149999999999978e-05
1.447000000000000000e+03 8.230619999999999473e-05
1.450000000000000000e+03 8.481400000000000484e-05
1.453000000000000000e+03 8.584279999999999743e-05
1.456000000000000000e+03 8.706679999999999791e-05
1.459000000000000000e+03 8.919919999999999802e-05
1.462000000000000000e+03 9.215640000000000420e-05
1.465000000000000000e+03 9.420749999999999545e-05
1.468000000000000000e+03 9.260780000000000465e-05
1.471000000000000000e+03 8.911250000000000442e-05
1.474000000000000000e+03 8.505879999999999951e-05
1.477000000000000000e+03 7.975220000000000529e-05
1.480000000000000000e+03 7.432449999999999625e-05
1.483000000000000000e+03 7.021810000000000454e-05
1.486000000000000000e+03 6.693240000000000311e-05
1.489000000000000000e+03 6.333219999999999648e-05
1.492000000000000000e+03 5.829150000000000255e-05
1.495000000000000000e+03 5.205770000000000135e-05
1.498000000000000000e+03 4.673070000000000305e-05
1.501000000000000000e+03 4.469420000000000315e-05
1.504000000000000000e+03 4.441079999999999838e-05
1.507000000000000000e+03 4.407729999999999895e-05
1.510000000000000000e+03 4.367179999999999749e-05
1.513000000000000000e+03 4.326789999999999955e-05
1.516000000000000000e+03 4.300360000000000277e-05
1.519000000000000000e+03 4.285520000000000263e-05
1.522000000000000000e+03 4.272009999999999778e-05
1.525000000000000000e+03 4.260049999999999980e-05
1.528000000000000000e+03 4.242119999999999967e-05
1.531000000000000000e+03 4.224550000000000066e-05
1.534000000000000000e+03 4.211539999999999999e-05
1.537000000000000000e+03 4.203960000000000319e-05
1.540000000000000000e+03 4.213820000000000255e-05
1.543000000000000000e+03 4.244630000000000050e-05
1.546000000000000000e+03 4.280359999999999791e-05
1.549000000000000000e+03 4.322029999999999682e-05
1.552000000000000000e+03 4.359320000000000133e-05
1.555000000000000000e+03 4.399510000000000166e-05
1.558000000000000000e+03 4.458610000000000329e-05
1.561000000000000000e+03 4.530059999999999789e-05
1.564000000000000000e+03 4.624770000000000107e-05
1.567000000000000000e+03 4.757950000000000075e-05
1.570000000000000000e+03 4.901159999999999675e-05
1.573000000000000000e+03 5.062209999999999768e-05
1.576000000000000000e+03 5.234749999999999983e-05
1.579000000000000000e+03 5.416399999999999844e-05
1.582000000000000000e+03 5.659049999999999969e-05
1.585000000000000000e+03 5.939150000000000218e-05
1.588000000000000000e+03 6.256030000000000477e-05
1.591000000000000000e+03 6.652039999999999418e-05
1.594000000000000000e+03 7.064930000000000136e-05
1.597000000000000000e+03 7.563190000000000342e-05
1.600000000000000000e+03 8.150499999999999976e-05
1.603000000000000000e+03 8.772830000000000504e-05
1.606000000000000000e+03 9.595080000000000297e-05
1.609000000000000000e+03 1.054090000000000067e-04
1.612000000000000000e+03 1.159289999999999941e-04
1.615000000000000000e+03 1.297519999999999869e-04
1.618000000000000000e+03 1.447999999999999960e-04
1.621000000000000000e+03 1.631760000000000111e-04
1.624000000000000000e+03 1.867519999999999901e-04
1.627000000000000000e+03 2.120760000000000071e-04
1.630000000000000000e+03 2.493649999999999816e-04
1.633000000000000000e+03 3.981839999999999945e-04
1.636000000000000000e+03 6.099760000000000295e-04
1.639000000000000000e+03 7.598460000000000023e-04
1.642000000000000000e+03 9.318549999999999880e-04
1.645000000000000000e+03 1.145870000000000005e-03
1.648000000000000000e+03 1.428250000000000049e-03
1.651000000000000000e+03 1.739689999999999900e-03
1.654000000000000000e+03 2.147150000000000013e-03
1.657000000000000000e+03 2.653110000000000190e-03
1.660000000000000000e+03 3.218739999999999882e-03
1.663000000000000000e+03 3.971719999999999764e-03
1.666000000000000000e+03 4.854550000000000011e-03
1.669000000000000000e+03 5.882909999999999875e-03
1.672000000000000000e+03 7.250450000000000297e-03
1.675000000000000000e+03 8.764169999999999947e-03
1.678000000000000000e+03 1.043610000000000024e-02
1.681000000000000000e+03 1.240430000000000005e-02
1.684000000000000000e+03 1.456739999999999945e-02
1.687000000000000000e+03 1.687769999999999895e-02
1.690000000000000000e+03 1.942280000000000048e-02
1.693000000000000000e+03 2.212489999999999943e-02
1.696000000000000000e+03 2.488620000000000068e-02
1.699000000000000000e+03 2.783360000000000001e-02
1.702000000000000000e+03 3.082980000000000095e-02
1.705000000000000000e+03 3.379039999999999822e-02
1.708000000000000000e+03 3.684590000000000087e-02
1.711000000000000000e+03 3.977689999999999698e-02
1.714000000000000000e+03 4.268380000000000091e-02
1.717000000000000000e+03 4.571669999999999900e-02
1.720000000000000000e+03 4.860910000000000231e-02
1.723000000000000000e+03 5.140399999999999830e-02
1.726000000000000000e+03 5.438049999999999828e-02
1.729000000000000000e+03 5.740889999999999882e-02
1.732000000000000000e+03 6.028120000000000006e-02
1.735000000000000000e+03 6.330199999999999716e-02
1.738000000000000000e+03 6.669160000000000366e-02
1.741000000000000000e+03 7.006550000000000278e-02
1.744000000000000000e+03 7.349540000000000239e-02
1.747000000000000000e+03 7.714360000000000661e-02
1.750000000000000000e+03 8.103180000000000105e-02
1.753000000000000000e+03 8.506669999999999510e-02
1.756000000000000000e+03 8.930240000000000400e-02
1.759000000000000000e+03 9.385090000000000099e-02
1.762000000000000000e+03 9.858269999999999533e-02
1.765000000000000000e+03 1.035660000000000053e-01
1.768000000000000000e+03 1.085789999999999950e-01
1.771000000000000000e+03 1.137149999999999966e-01
1.774000000000000000e+03 1.189729999999999954e-01
1.777000000000000000e+03 1.242739999999999956e-01
1.780000000000000000e+03 1.294790000000000108e-01
1.783000000000000000e+03 1.346650000000000069e-01
1.786000000000000000e+03 1.399289999999999978e-01
1.789000000000000000e+03 1.450279999999999903e-01
1.792000000000000000e+03 1.500519999999999909e-01
1.795000000000000000e+03 1.550269999999999981e-01
1.798000000000000000e+03 1.599859999999999893e-01
1.801000000000000000e+03 1.648969999999999880e-01
1.804000000000000000e+03 1.699330000000000007e-01
1.807000000000000000e+03 1.750529999999999864e-01
1.810000000000000000e+03 1.802700000000000136e-01
1.813000000000000000e+03 1.855199999999999905e-01
1.816000000000000000e+03 1.908100000000000074e-01
1.819000000000000000e+03 1.961279999999999968e-01
1.822000000000000000e+03 2.015929999999999944e-01
1.825000000000000000e+03 2.071570000000000078e-01
1.828000000000000000e+03 2.126830000000000109e-01
1.831000000000000000e+03 2.181730000000000058e-01
1.834000000000000000e+03 2.237290000000000112e-01
1.837000000000000000e+03 2.292279999999999873e-01
1.840000000000000000e+03 2.345770000000000077e-01
1.843000000000000000e+03 2.398039999999999894e-01
1.846000000000000000e+03 2.449629999999999863e-01
1.849000000000000000e+03 2.500049999999999772e-01
1.852000000000000000e+03 2.548500000000000210e-01
1.855000000000000000e+03 2.595580000000000109e-01
1.858000000000000000e+03 2.641510000000000247e-01
1.861000000000000000e+03 2.686020000000000074e-01
1.864000000000000000e+03 2.727040000000000020e-01
1.867000000000000000e+03 2.766120000000000245e-01
1.870000000000000000e+03 2.803479999999999861e-01
1.873000000000000000e+03 2.839389999999999969e-01
1.876000000000000000e+03 2.873459999999999903e-01
1.879000000000000000e+03 2.907210000000000072e-01
1.882000000000000000e+03 2.939550000000000218e-01
1.885000000000000000e+03 2.969870000000000010e-01
1.888000000000000000e+03 2.998529999999999807e-01
1.891000000000000000e+03 3.023899999999999921e-01
1.894000000000000000e+03 3.046420000000000239e-01
1.897000000000000000e+03 3.068790000000000129e-01
1.900000000000000000e+03 3.090899999999999759e-01
1.903000000000000000e+03 3.110919999999999797e-01
1.906000000000000000e+03 3.130109999999999837e-01
1.909000000000000000e+03 3.148960000000000092e-01
1.912000000000000000e+03 3.167530000000000068e-01
1.915000000000000000e+03 3.185470000000000246e-01
1.918000000000000000e+03 3.206049999999999733e-01
1.921000000000000000e+03 3.231029999999999736e-01
1.924000000000000000e+03 3.262860000000000205e-01
1.927000000000000000e+03 3.309119999999999839e-01
1.930000000000000000e+03 3.382229999999999959e-01
1.933000000000000000e+03 3.498850000000000016e-01
1.936000000000000000e+03 3.681180000000000008e-01
1.939000000000000000e+03 3.937359999999999749e-01
1.942000000000000000e+03 4.307150000000000145e-01
1.945000000000000000e+03 4.754459999999999797e-01
1.948000000000000000e+03 5.295840000000000547e-01
1.951000000000000000e+03 5.885120000000000351e-01
1.954000000000000000e+03 6.487230000000000496e-01
1.957000000000000000e+03 7.082749999999999879e-01
1.960000000000000000e+03 7.598439999999999639e-01
1.963000000000000000e+03 8.051779999999999493e-01
1.966000000000000000e+03 8.414490000000000025e-01
1.969000000000000000e+03 8.678080000000000238e-01
1.972000000000000000e+03 8.868629999999999569e-01
1.975000000000000000e+03 8.998589999999999645e-01
1.978000000000000000e+03 9.080780000000000518e-01
1.981000000000000000e+03 9.158110000000000417e-01
1.984000000000000000e+03 9.234339999999999771e-01
1.987000000000000000e+03 9.310939999999999772e-01
1.990000000000000000e+03 9.388680000000000359e-01
1.993000000000000000e+03 9.468569999999999487e-01
1.996000000000000000e+03 9.542779999999999596e-01
1.999000000000000000e+03 9.621060000000000167e-01
2.002000000000000000e+03 9.696669999999999456e-01
2.005000000000000000e+03 9.766409999999999814e-01
2.008000000000000000e+03 9.824669999999999792e-01
2.011000000000000000e+03 9.877040000000000264e-01
2.014000000000000000e+03 9.929989999999999650e-01
2.017000000000000000e+03 9.973849999999999660e-01
2.020000000000000000e+03 1.000000000000000000e+00
2.023000000000000000e+03 9.993600000000000261e-01
2.026000000000000000e+03 9.945450000000000124e-01
2.029000000000000000e+03 9.825340000000000185e-01
2.032000000000000000e+03 9.609309999999999796e-01
2.035000000000000000e+03 9.289579999999999504e-01
2.038000000000000000e+03 8.875629999999999908e-01
2.041000000000000000e+03 8.371750000000000025e-01
2.044000000000000000e+03 7.812099999999999600e-01
2.047000000000000000e+03 7.228909999999999503e-01
2.050000000000000000e+03 6.658889999999999532e-01
2.053000000000000000e+03 6.136230000000000295e-01
2.056000000000000000e+03 5.672019999999999840e-01
2.059000000000000000e+03 5.290510000000000490e-01
2.062000000000000000e+03 4.982030000000000070e-01
2.065000000000000000e+03 4.749990000000000046e-01
2.068000000000000000e+03 4.594010000000000038e-01
2.071000000000000000e+03 4.482129999999999725e-01
2.074000000000000000e+03 4.425259999999999749e-01
2.077000000000000000e+03 4.383859999999999979e-01
2.080000000000000000e+03 4.367719999999999936e-01
2.083000000000000000e+03 4.361979999999999746e-01
2.086000000000000000e+03 4.364890000000000159e-01
2.089000000000000000e+03 4.369339999999999891e-01
2.092000000000000000e+03 4.376280000000000170e-01
2.095000000000000000e+03 4.388029999999999986e-01
2.098000000000000000e+03 4.399390000000000245e-01
2.101000000000000000e+03 4.407949999999999924e-01
2.104000000000000000e+03 4.415299999999999780e-01
2.107000000000000000e+03 4.421180000000000110e-01
2.110000000000000000e+03 4.422980000000000245e-01
2.113000000000000000e+03 4.420220000000000260e-01
2.116000000000000000e+03 4.414290000000000158e-01
2.119000000000000000e+03 4.402249999999999774e-01
2.122000000000000000e+03 4.383989999999999831e-01
2.125000000000000000e+03 4.359950000000000214e-01
2.128000000000000000e+03 4.329160000000000230e-01
2.131000000000000000e+03 4.293130000000000002e-01
2.134000000000000000e+03 4.250800000000000134e-01
2.137000000000000000e+03 4.198490000000000277e-01
2.140000000000000000e+03 4.137049999999999894e-01
2.143000000000000000e+03 4.070280000000000009e-01
2.146000000000000000e+03 3.997640000000000082e-01
2.149000000000000000e+03 3.915219999999999811e-01
2.152000000000000000e+03 3.827980000000000271e-01
2.155000000000000000e+03 3.738040000000000251e-01
2.158000000000000000e+03 3.641030000000000100e-01
2.161000000000000000e+03 3.536299999999999999e-01
2.164000000000000000e+03 3.429980000000000251e-01
2.167000000000000000e+03 3.321230000000000016e-01
2.170000000000000000e+03 3.202860000000000151e-01
2.173000000000000000e+03 3.080829999999999957e-01
2.176000000000000000e+03 2.956639999999999824e-01
2.179000000000000000e+03 2.828740000000000143e-01
2.182000000000000000e+03 2.694210000000000216e-01
2.185000000000000000e+03 2.557909999999999906e-01
2.188000000000000000e+03 2.421129999999999949e-01
2.191000000000000000e+03 2.282329999999999914e-01
2.194000000000000000e+03 2.144709999999999950e-01
2.197000000000000000e+03 2.011290000000000022e-01
2.200000000000000000e+03 1.881799999999999862e-01
2.203000000000000000e+03 1.760680000000000023e-01
2.206000000000000000e+03 1.645570000000000088e-01
2.209000000000000000e+03 1.536649999999999960e-01
2.212000000000000000e+03 1.437990000000000101e-01
2.215000000000000000e+03 1.348270000000000024e-01
2.218000000000000000e+03 1.263229999999999908e-01
2.221000000000000000e+03 1.184599999999999959e-01
2.224000000000000000e+03 1.115499999999999964e-01
2.227000000000000000e+03 1.050289999999999974e-01
2.230000000000000000e+03 9.869740000000000457e-02
2.233000000000000000e+03 9.294779999999999709e-02
2.236000000000000000e+03 8.769459999999999755e-02
2.239000000000000000e+03 8.250760000000000038e-02
2.242000000000000000e+03 7.750260000000000482e-02
2.245000000000000000e+03 7.298889999999999545e-02
2.248000000000000000e+03 6.874130000000000518e-02
2.251000000000000000e+03 6.459959999999999314e-02
2.254000000000000000e+03 6.079650000000000332e-02
2.257000000000000000e+03 5.740239999999999926e-02
2.260000000000000000e+03 5.418710000000000193e-02
2.263000000000000000e+03 5.119180000000000258e-02
2.266000000000000000e+03 4.853609999999999869e-02
2.269000000000000000e+03 4.612460000000000171e-02
2.272000000000000000e+03 4.386899999999999827e-02
2.275000000000000000e+03 4.175299999999999845e-02
2.278000000000000000e+03 3.985779999999999879e-02
2.281000000000000000e+03 3.802429999999999699e-02
2.284000000000000000e+03 3.623300000000000132e-02
2.287000000000000000e+03 3.454449999999999882e-02
2.290000000000000000e+03 3.286010000000000320e-02
2.293000000000000000e+03 3.116050000000000070e-02
2.296000000000000000e+03 2.946560000000000151e-02
2.299000000000000000e+03 2.778239999999999876e-02
2.302000000000000000e+03 2.604839999999999933e-02
2.305000000000000000e+03 2.432109999999999828e-02
2.308000000000000000e+03 2.261180000000000134e-02
2.311000000000000000e+03 2.086999999999999966e-02
2.314000000000000000e+03 1.919159999999999963e-02
2.317000000000000000e+03 1.752669999999999922e-02
2.320000000000000000e+03 1.588849999999999985e-02
2.323000000000000000e+03 1.435980000000000069e-02
2.326000000000000000e+03 1.286280000000000062e-02
2.329000000000000000e+03 1.145219999999999919e-02
2.332000000000000000e+03 1.016339999999999952e-02
2.335000000000000000e+03 8.930870000000000475e-03
2.338000000000000000e+03 7.784339999999999836e-03
2.341000000000000000e+03 6.757329999999999760e-03
2.344000000000000000e+03 5.847530000000000089e-03
2.347000000000000000e+03 5.059420000000000237e-03
2.350000000000000000e+03 4.351909999999999633e-03
2.353000000000000000e+03 3.733779999999999911e-03
2.356000000000000000e+03 3.207590000000000181e-03
2.359000000000000000e+03 2.754860000000000034e-03
2.362000000000000000e+03 2.366430000000000096e-03
2.365000000000000000e+03 2.016930000000000112e-03
2.368000000000000000e+03 1.722870000000000044e-03
2.371000000000000000e+03 1.488219999999999951e-03
2.374000000000000000e+03 1.284079999999999944e-03
2.377000000000000000e+03 1.114470000000000001e-03
2.380000000000000000e+03 9.728449999999999598e-04
2.383000000000000000e+03 8.510020000000000084e-04
2.386000000000000000e+03 7.507619999999999788e-04
2.389000000000000000e+03 6.575799999999999484e-04
2.392000000000000000e+03 5.619530000000000185e-04
2.395000000000000000e+03 4.989200000000000275e-04
2.398000000000000000e+03 4.504800000000000102e-04
2.401000000000000000e+03 4.104649999999999944e-04
2.404000000000000000e+03 3.766199999999999821e-04
2.407000000000000000e+03 3.466890000000000141e-04
2.410000000000000000e+03 3.219140000000000217e-04
2.413000000000000000e+03 3.016159999999999935e-04
2.416000000000000000e+03 2.843720000000000210e-04
2.419000000000000000e+03 2.693439999999999745e-04
2.422000000000000000e+03 2.556740000000000054e-04
2.425000000000000000e+03 2.447080000000000023e-04
2.428000000000000000e+03 2.358860000000000112e-04
2.431000000000000000e+03 2.281080000000000054e-04
2.434000000000000000e+03 2.216879999999999957e-04
2.437000000000000000e+03 2.159739999999999891e-04
2.440000000000000000e+03 2.107870000000000132e-04
2.443000000000000000e+03 2.062429999999999971e-04
2.446000000000000000e+03 2.024720000000000090e-04
2.449000000000000000e+03 1.997380000000000043e-04
2.452000000000000000e+03 1.969460000000000080e-04
2.455000000000000000e+03 1.941070000000000035e-04
2.458000000000000000e+03 1.914410000000000124e-04
2.461000000000000000e+03 1.887079999999999964e-04
2.464000000000000000e+03 1.857179999999999996e-04
2.467000000000000000e+03 1.829350000000000095e-04
2.470000000000000000e+03 1.811949999999999889e-04
2.473000000000000000e+03 1.797769999999999967e-04
2.476000000000000000e+03 1.787500000000000081e-04
2.479000000000000000e+03 1.781350000000000012e-04
2.482000000000000000e+03 1.777430000000000091e-04
2.485000000000000000e+03 1.778460000000000045e-04
2.488000000000000000e+03 1.784210000000000049e-04
2.491000000000000000e+03 1.793630000000000105e-04
2.494000000000000000e+03 1.805959999999999900e-04
2.497000000000000000e+03 1.820720000000000010e-04
2.500000000000000000e+03 1.840810000000000016e-04
2.503000000000000000e+03 1.867249999999999986e-04
2.506000000000000000e+03 1.899980000000000061e-04
2.509000000000000000e+03 1.936399999999999959e-04
2.512000000000000000e+03 1.978139999999999868e-04
2.515000000000000000e+03 2.026169999999999881e-04
2.518000000000000000e+03 2.076790000000000016e-04
2.521000000000000000e+03 2.134880000000000133e-04
2.524000000000000000e+03 2.203580000000000068e-04
2.527000000000000000e+03 2.278229999999999904e-04
2.530000000000000000e+03 2.358790000000000095e-04
2.533000000000000000e+03 2.450810000000000206e-04
2.536000000000000000e+03 2.565719999999999958e-04
2.539000000000000000e+03 2.692530000000000054e-04
2.542000000000000000e+03 2.835240000000000048e-04
2.545000000000000000e+03 3.005430000000000124e-04
2.548000000000000000e+03 3.192529999999999739e-04
2.551000000000000000e+03 3.404190000000000080e-04
2.554000000000000000e+03 3.654229999999999740e-04
2.557000000000000000e+03 3.956389999999999842e-04
2.560000000000000000e+03 4.285129999999999950e-04
2.563000000000000000e+03 4.661639999999999773e-04
2.566000000000000000e+03 5.102880000000000176e-04
2.569000000000000000e+03 5.593650000000000358e-04
2.572000000000000000e+03 6.156929999999999478e-04
2.575000000000000000e+03 6.801869999999999574e-04
2.578000000000000000e+03 7.531270000000000282e-04
2.581000000000000000e+03 8.325459999999999805e-04
2.584000000000000000e+03 9.233530000000000210e-04
2.587000000000000000e+03 1.024249999999999987e-03
2.590000000000000000e+03 1.133890000000000028e-03
2.593000000000000000e+03 1.257300000000000041e-03
2.596000000000000000e+03 1.391410000000000043e-03
2.599000000000000000e+03 1.532930000000000056e-03
2.602000000000000000e+03 1.685920000000000040e-03
2.605000000000000000e+03 1.853049999999999966e-03
2.608000000000000000e+03 2.028219999999999849e-03
2.611000000000000000e+03 2.213520000000000071e-03
2.614000000000000000e+03 2.410470000000000061e-03
2.617000000000000000e+03 2.612629999999999900e-03
2.620000000000000000e+03 2.816729999999999928e-03
2.623000000000000000e+03 3.027830000000000018e-03
2.626000000000000000e+03 3.240100000000000098e-03
2.629000000000000000e+03 3.451360000000000105e-03
2.632000000000000000e+03 3.664020000000000037e-03
2.635000000000000000e+03 3.867100000000000051e-03
2.638000000000000000e+03 4.062480000000000258e-03
2.641000000000000000e+03 4.254009999999999909e-03
2.644000000000000000e+03 4.432179999999999974e-03
2.647000000000000000e+03 4.587779999999999636e-03
2.650000000000000000e+03 4.735739999999999568e-03
2.653000000000000000e+03 4.871620000000000117e-03
2.656000000000000000e+03 4.975000000000000255e-03
2.659000000000000000e+03 5.058729999999999997e-03
2.662000000000000000e+03 5.131909999999999944e-03
2.665000000000000000e+03 5.174289999999999792e-03
2.668000000000000000e+03 5.188919999999999644e-03
2.671000000000000000e+03 5.186310000000000399e-03
2.674000000000000000e+03 5.164969999999999631e-03
2.677000000000000000e+03 5.116520000000000269e-03
2.680000000000000000e+03 5.048900000000000263e-03
2.683000000000000000e+03 4.963000000000000397e-03
2.686000000000000000e+03 4.858269999999999603e-03
2.689000000000000000e+03 4.743650000000000297e-03
2.692000000000000000e+03 4.607639999999999653e-03
2.695000000000000000e+03 4.455109999999999973e-03
2.698000000000000000e+03 4.300380000000000348e-03
2.701000000000000000e+03 4.139939999999999939e-03
2.704000000000000000e+03 3.956580000000000340e-03
2.707000000000000000e+03 3.772310000000000073e-03
2.710000000000000000e+03 3.595360000000000136e-03
2.713000000000000000e+03 3.409520000000000085e-03
2.716000000000000000e+03 3.212200000000000125e-03
2.719000000000000000e+03 3.027090000000000076e-03
2.722000000000000000e+03 2.849140000000000006e-03
2.725000000000000000e+03 2.661450000000000100e-03
2.728000000000000000e+03 2.480790000000000078e-03
2.731000000000000000e+03 2.312339999999999968e-03
2.734000000000000000e+03 2.150070000000000019e-03
2.737000000000000000e+03 1.988919999999999924e-03
2.740000000000000000e+03 1.840990000000000031e-03
2.743000000000000000e+03 1.702610000000000018e-03
2.746000000000000000e+03 1.572000000000000047e-03
2.749000000000000000e+03 1.452530000000000054e-03
2.752000000000000000e+03 1.342290000000000106e-03
2.755000000000000000e+03 1.242019999999999930e-03
2.758000000000000000e+03 1.152720000000000090e-03
2.761000000000000000e+03 1.072269999999999951e-03
2.764000000000000000e+03 9.982269999999999685e-04
2.767000000000000000e+03 9.351739999999999879e-04
2.770000000000000000e+03 8.826969999999999955e-04
2.773000000000000000e+03 8.341499999999999740e-04
2.776000000000000000e+03 7.916660000000000060e-04
2.779000000000000000e+03 7.598970000000000464e-04
2.782000000000000000e+03 7.323990000000000057e-04
2.785000000000000000e+03 7.072530000000000266e-04
2.788000000000000000e+03 6.899750000000000067e-04
2.791000000000000000e+03 6.799939999999999544e-04
2.794000000000000000e+03 6.698130000000000056e-04
2.797000000000000000e+03 6.615930000000000335e-04
2.800000000000000000e+03 6.596730000000000519e-04
2.803000000000000000e+03 6.582089999999999859e-04
2.806000000000000000e+03 6.565889999999999574e-04
2.809000000000000000e+03 6.577450000000000527e-04
2.812000000000000000e+03 6.612140000000000292e-04
2.815000000000000000e+03 6.637239999999999763e-04
2.818000000000000000e+03 6.660350000000000428e-04
2.821000000000000000e+03 6.698519999999999692e-04
2.824000000000000000e+03 6.720730000000000280e-04
2.827000000000000000e+03 6.735340000000000467e-04
2.830000000000000000e+03 6.746189999999999999e-04
2.833000000000000000e+03 6.761410000000000033e-04
2.836000000000000000e+03 6.780490000000000128e-04
2.839000000000000000e+03 6.791809999999999471e-04
2.842000000000000000e+03 6.797409999999999824e-04
2.845000000000000000e+03 6.810479999999999616e-04
2.848000000000000000e+03 6.837829999999999820e-04
2.851000000000000000e+03 6.860940000000000484e-04
2.854000000000000000e+03 6.893799999999999624e-04
2.857000000000000000e+03 6.948759999999999789e-04
2.860000000000000000e+03 7.004990000000000435e-04
2.863000000000000000e+03 7.057569999999999989e-04
2.866000000000000000e+03 7.139909999999999746e-04
2.869000000000000000e+03 7.241469999999999635e-04
2.872000000000000000e+03 7.354630000000000022e-04
2.875000000000000000e+03 7.445470000000000256e-04
2.878000000000000000e+03 7.238719999999999703e-04
2.881000000000000000e+03 6.995249999999999949e-04
2.884000000000000000e+03 6.772619999999999812e-04
2.887000000000000000e+03 6.775540000000000252e-04
2.890000000000000000e+03 6.971539999999999595e-04
2.893000000000000000e+03 7.190130000000000089e-04
2.896000000000000000e+03 7.191930000000000241e-04
2.899000000000000000e+03 7.043000000000000432e-04
2.902000000000000000e+03 6.918679999999999969e-04
2.905000000000000000e+03 6.875610000000000532e-04
2.908000000000000000e+03 6.834610000000000078e-04
2.911000000000000000e+03 6.593939999999999958e-04
2.914000000000000000e+03 6.027779999999999944e-04
2.917000000000000000e+03 4.959419999999999757e-04
2.920000000000000000e+03 3.967880000000000235e-04
2.923000000000000000e+03 3.238669999999999809e-04
2.926000000000000000e+03 2.862920000000000026e-04
2.929000000000000000e+03 2.988439999999999868e-04
2.932000000000000000e+03 3.008740000000000199e-04
2.935000000000000000e+03 2.744110000000000125e-04
2.938000000000000000e+03 2.482849999999999988e-04
2.941000000000000000e+03 2.236309999999999871e-04
2.944000000000000000e+03 2.226250000000000039e-04
2.947000000000000000e+03 2.326999999999999913e-04
2.950000000000000000e+03 2.444559999999999919e-04
2.953000000000000000e+03 2.563949999999999736e-04
2.956000000000000000e+03 2.676770000000000191e-04
2.959000000000000000e+03 2.354240000000000011e-04
2.962000000000000000e+03 1.675369999999999919e-04
2.965000000000000000e+03 9.964990000000000284e-05
2.968000000000000000e+03 4.136220000000000185e-05
2.971000000000000000e+03 3.250019999999999759e-05
2.974000000000000000e+03 3.288470000000000043e-05
2.977000000000000000e+03 3.326679999999999801e-05
2.980000000000000000e+03 3.361450000000000147e-05
2.983000000000000000e+03 3.399279999999999750e-05
2.986000000000000000e+03 3.430430000000000290e-05
2.989000000000000000e+03 3.460020000000000120e-05
2.992000000000000000e+03 3.489169999999999663e-05
2.995000000000000000e+03 3.523819999999999747e-05
2.998000000000000000e+03 3.554850000000000024e-05
3.001000000000000000e+03 3.583149999999999736e-05
3.004000000000000000e+03 3.612160000000000327e-05
3.007000000000000000e+03 3.648999999999999791e-05
3.010000000000000000e+03 3.687450000000000076e-05
3.013000000000000000e+03 3.730949999999999913e-05
3.016000000000000000e+03 3.775379999999999757e-05
3.019000000000000000e+03 3.825739999999999729e-05
3.022000000000000000e+03 3.864210000000000057e-05
3.025000000000000000e+03 3.896960000000000040e-05
3.028000000000000000e+03 3.922960000000000130e-05
3.031000000000000000e+03 3.956120000000000334e-05
3.034000000000000000e+03 3.989899999999999865e-05
3.037000000000000000e+03 4.027670000000000013e-05
3.040000000000000000e+03 4.066559999999999907e-05
3.043000000000000000e+03 4.112309999999999935e-05
3.046000000000000000e+03 4.163730000000000198e-05
3.049000000000000000e+03 4.216789999999999991e-05
3.052000000000000000e+03 4.265100000000000212e-05
3.055000000000000000e+03 4.312579999999999967e-05
3.058000000000000000e+03 4.358809999999999692e-05
3.061000000000000000e+03 4.405110000000000248e-05
3.064000000000000000e+03 4.457370000000000321e-05
3.067000000000000000e+03 4.514899999999999751e-05
3.070000000000000000e+03 4.571040000000000200e-05
3.073000000000000000e+03 4.622519999999999917e-05
3.076000000000000000e+03 4.670560000000000222e-05
3.079000000000000000e+03 4.717190000000000147e-05
3.082000000000000000e+03 4.764490000000000185e-05
3.085000000000000000e+03 4.780629999999999662e-05
3.088000000000000000e+03 4.637289999999999777e-05
3.091000000000000000e+03 4.478809999999999898e-05
3.094000000000000000e+03 4.430450000000000246e-05
3.097000000000000000e+03 4.548289999999999782e-05
3.100000000000000000e+03 4.665669999999999665e-05
3.103000000000000000e+03 4.734679999999999873e-05
3.106000000000000000e+03 4.780049999999999745e-05
3.109000000000000000e+03 4.835010000000000317e-05
3.112000000000000000e+03 4.990660000000000088e-05
3.115000000000000000e+03 5.162470000000000058e-05
3.118000000000000000e+03 5.268830000000000171e-05
3.121000000000000000e+03 5.202499999999999741e-05
3.124000000000000000e+03 5.058839999999999832e-05
3.127000000000000000e+03 4.825579999999999968e-05
3.130000000000000000e+03 4.685360000000000149e-05
3.133000000000000000e+03 4.689509999999999762e-05
3.136000000000000000e+03 4.762499999999999888e-05
3.139000000000000000e+03 4.809960000000000277e-05
3.142000000000000000e+03 4.684790000000000254e-05
3.145000000000000000e+03 4.095519999999999711e-05
3.148000000000000000e+03 3.491000000000000288e-05
3.151000000000000000e+03 3.291030000000000236e-05
3.154000000000000000e+03 3.543009999999999812e-05
3.157000000000000000e+03 3.786519999999999789e-05
3.160000000000000000e+03 3.960239999999999881e-05
3.163000000000000000e+03 4.074859999999999810e-05
3.166000000000000000e+03 4.126529999999999944e-05
3.169000000000000000e+03 4.121430000000000281e-05
3.172000000000000000e+03 4.112740000000000200e-05
3.175000000000000000e+03 4.016499999999999915e-05
3.178000000000000000e+03 3.347830000000000098e-05
3.181000000000000000e+03 2.480640000000000021e-05
3.184000000000000000e+03 1.267259999999999959e-05
3.187000000000000000e+03 5.051940000000000118e-06
3.190000000000000000e+03 3.581200000000000330e-08
