1.437500000000000000e+03 0.000000000000000000e+00
1.441500000000000000e+03 3.534880000000000217e-07
1.445500000000000000e+03 5.187439999999999922e-06
1.449500000000000000e+03 1.084549999999999975e-05
1.453500000000000000e+03 1.596810000000000048e-05
1.457500000000000000e+03 2.221329999999999957e-05
1.461500000000000000e+03 2.504310000000000084e-05
1.465500000000000000e+03 2.593259999999999969e-05
1.469500000000000000e+03 2.702080000000000055e-05
1.473500000000000000e+03 2.820130000000000052e-05
1.477500000000000000e+03 2.935240000000000039e-05
1.481500000000000000e+03 3.044510000000000095e-05
1.485500000000000000e+03 3.117509999999999905e-05
1.489500000000000000e+03 3.177010000000000267e-05
1.493500000000000000e+03 3.179470000000000240e-05
1.497500000000000000e+03 3.162019999999999924e-05
1.501500000000000000e+03 3.109290000000000177e-05
1.505500000000000000e+03 3.045629999999999841e-05
1.509500000000000000e+03 2.978329999999999994e-05
1.513500000000000000e+03 2.917470000000000038e-05
1.517500000000000000e+03 2.897710000000000078e-05
1.521500000000000000e+03 2.894490000000000132e-05
1.525500000000000000e+03 2.958280000000000076e-05
1.529500000000000000e+03 3.040599999999999992e-05
1.533500000000000000e+03 3.162200000000000319e-05
1.537500000000000000e+03 3.283099999999999788e-05
1.541500000000000000e+03 3.378339999999999913e-05
1.545500000000000000e+03 3.450659999999999925e-05
1.549500000000000000e+03 3.438420000000000191e-05
1.553500000000000000e+03 3.386560000000000319e-05
1.557500000000000000e+03 3.228300000000000245e-05
1.561500000000000000e+03 3.040040000000000120e-05
1.565500000000000000e+03 2.776250000000000058e-05
1.569500000000000000e+03 2.502430000000000027e-05
1.573500000000000000e+03 2.220000000000000090e-05
1.577500000000000000e+03 1.954639999999999974e-05
1.581500000000000000e+03 1.736859999999999834e-05
1.585500000000000000e+03 1.556770000000000004e-05
1.589500000000000000e+03 1.470100000000000036e-05
1.593500000000000000e+03 1.423440000000000046e-05
1.597500000000000000e+03 1.461119999999999997e-05
1.601500000000000000e+03 1.531559999999999953e-05
1.605500000000000000e+03 1.659449999999999841e-05
1.609500000000000000e+03 1.793340000000000011e-05
1.613500000000000000e+03 1.949010000000000166e-05
1.617500000000000000e+03 2.096119999999999846e-05
1.621500000000000000e+03 2.229319999999999859e-05
1.625500000000000000e+03 2.324740000000000039e-05
1.629500000000000000e+03 2.373090000000000008e-05
1.633500000000000000e+03 2.374490000000000029e-05
1.637500000000000000e+03 2.306380000000000100e-05
1.641500000000000000e+03 2.218890000000000028e-05
1.645500000000000000e+03 2.087769999999999833e-05
1.649500000000000000e+03 1.976889999999999973e-05
1.653500000000000000e+03 1.866460000000000084e-05
1.657500000000000000e+03 1.772680000000000111e-05
1.661500000000000000e+03 1.696439999999999973e-05
1.665500000000000000e+03 1.641000000000000043e-05
1.669500000000000000e+03 1.584000000000000081e-05
1.673500000000000000e+03 1.535210000000000163e-05
1.677500000000000000e+03 1.514000000000000073e-05
1.681500000000000000e+03 1.501039999999999947e-05
1.685500000000000000e+03 1.493990000000000074e-05
1.689500000000000000e+03 1.491759999999999927e-05
1.693500000000000000e+03 1.494840000000000074e-05
1.697500000000000000e+03 1.496169999999999941e-05
1.701500000000000000e+03 1.500029999999999934e-05
1.705500000000000000e+03 1.506609999999999963e-05
1.709500000000000000e+03 1.515690000000000052e-05
1.713500000000000000e+03 1.523340000000000055e-05
1.717500000000000000e+03 1.532220000000000045e-05
1.721500000000000000e+03 1.542160000000000156e-05
1.725500000000000000e+03 1.549730000000000153e-05
1.729500000000000000e+03 1.555329999999999896e-05
1.733500000000000000e+03 1.563300000000000093e-05
1.737500000000000000e+03 1.578130000000000084e-05
1.741500000000000000e+03 1.595610000000000127e-05
1.745500000000000000e+03 1.620979999999999852e-05
1.749500000000000000e+03 1.658559999999999923e-05
1.753500000000000000e+03 1.700390000000000164e-05
1.757500000000000000e+03 1.745290000000000022e-05
1.761500000000000000e+03 1.788100000000000041e-05
1.765500000000000000e+03 1.831870000000000132e-05
1.769500000000000000e+03 1.881630000000000143e-05
1.773500000000000000e+03 1.933619999999999962e-05
1.777500000000000000e+03 2.020629999999999998e-05
1.781500000000000000e+03 2.137000000000000038e-05
1.785500000000000000e+03 2.238220000000000061e-05
1.789500000000000000e+03 2.207389999999999884e-05
1.793500000000000000e+03 2.151289999999999862e-05
1.797500000000000000e+03 2.090159999999999992e-05
1.801500000000000000e+03 2.021460000000000124e-05
1.805500000000000000e+03 1.948109999999999886e-05
1.809500000000000000e+03 1.847610000000000086e-05
1.813500000000000000e+03 1.743249999999999954e-05
1.817500000000000000e+03 1.600029999999999993e-05
1.821500000000000000e+03 1.404740000000000039e-05
1.825500000000000000e+03 1.229510000000000024e-05
1.829500000000000000e+03 1.193479999999999964e-05
1.833500000000000000e+03 1.186410000000000047e-05
1.837500000000000000e+03 1.178690000000000060e-05
1.841500000000000000e+03 1.169120000000000082e-05
1.845500000000000000e+03 1.156019999999999987e-05
1.849500000000000000e+03 1.139619999999999941e-05
1.853500000000000000e+03 1.126980000000000008e-05
1.857500000000000000e+03 1.111739999999999964e-05
1.861500000000000000e+03 1.087569999999999990e-05
1.865500000000000000e+03 1.067839999999999927e-05
1.869500000000000000e+03 1.061449999999999976e-05
1.873500000000000000e+03 1.060289999999999974e-05
1.877500000000000000e+03 1.058909999999999997e-05
1.881500000000000000e+03 1.066100000000000008e-05
1.885500000000000000e+03 1.074210000000000003e-05
1.889500000000000000e+03 1.072889999999999989e-05
1.893500000000000000e+03 1.074600000000000011e-05
1.897500000000000000e+03 1.081209999999999936e-05
1.901500000000000000e+03 1.090610000000000049e-05
1.905500000000000000e+03 1.106450000000000054e-05
1.909500000000000000e+03 1.140370000000000061e-05
1.913500000000000000e+03 1.178840000000000050e-05
1.917500000000000000e+03 1.214639999999999944e-05
1.921500000000000000e+03 1.257400000000000023e-05
1.925500000000000000e+03 1.299890000000000018e-05
1.929500000000000000e+03 1.352610000000000082e-05
1.933500000000000000e+03 1.407140000000000050e-05
1.937500000000000000e+03 1.460869999999999957e-05
1.941500000000000000e+03 1.520369999999999980e-05
1.945500000000000000e+03 1.580519999999999904e-05
1.949500000000000000e+03 1.658170000000000084e-05
1.953500000000000000e+03 1.740949999999999993e-05
1.957500000000000000e+03 1.841770000000000156e-05
1.961500000000000000e+03 1.976330000000000101e-05
1.965500000000000000e+03 2.114910000000000051e-05
1.969500000000000000e+03 2.303999999999999964e-05
1.973500000000000000e+03 2.510200000000000124e-05
1.977500000000000000e+03 2.756079999999999877e-05
1.981500000000000000e+03 3.086350000000000020e-05
1.985500000000000000e+03 3.430519999999999810e-05
1.989500000000000000e+03 3.911749999999999944e-05
1.993500000000000000e+03 4.446979999999999900e-05
1.997500000000000000e+03 5.104919999999999906e-05
2.001500000000000000e+03 6.002029999999999860e-05
2.005500000000000000e+03 6.940859999999999814e-05
2.009500000000000000e+03 8.529319999999999849e-05
2.013500000000000000e+03 1.034910000000000024e-04
2.017500000000000000e+03 1.274220000000000008e-04
2.021500000000000000e+03 1.638739999999999967e-04
2.025500000000000000e+03 2.022270000000000003e-04
2.029500000000000000e+03 2.662839999999999869e-04
2.033500000000000000e+03 3.399249999999999819e-04
2.037500000000000000e+03 4.349879999999999762e-04
2.041500000000000000e+03 5.787989999999999585e-04
2.045500000000000000e+03 7.282859999999999724e-04
2.049500000000000000e+03 9.525179999999999628e-04
2.053500000000000000e+03 1.206100000000000097e-03
2.057500000000000000e+03 1.496490000000000060e-03
2.061500000000000000e+03 1.875010000000000088e-03
2.065500000000000000e+03 2.261190000000000162e-03
2.069500000000000000e+03 2.726549999999999894e-03
2.073500000000000000e+03 3.224780000000000008e-03
2.077500000000000000e+03 3.732669999999999998e-03
2.081500000000000000e+03 4.264320000000000263e-03
2.085500000000000000e+03 4.796179999999999714e-03
2.089500000000000000e+03 5.288420000000000273e-03
2.093500000000000000e+03 5.763919999999999634e-03
2.097500000000000000e+03 6.205959999999999949e-03
2.101500000000000000e+03 6.556610000000000042e-03
2.105500000000000000e+03 6.900200000000000430e-03
2.109500000000000000e+03 7.141149999999999755e-03
2.113500000000000000e+03 7.336699999999999819e-03
2.117500000000000000e+03 7.509120000000000204e-03
2.121500000000000000e+03 7.678189999999999668e-03
2.125500000000000000e+03 7.931739999999999624e-03
2.129500000000000000e+03 8.170389999999999597e-03
2.133500000000000000e+03 8.408670000000000033e-03
2.137500000000000000e+03 8.828859999999999139e-03
2.141500000000000000e+03 9.425869999999999388e-03
2.145500000000000000e+03 1.012459999999999923e-02
2.149500000000000000e+03 1.090780000000000048e-02
2.153500000000000000e+03 1.186590000000000041e-02
2.157500000000000000e+03 1.295040000000000080e-02
2.161500000000000000e+03 1.414450000000000082e-02
2.165500000000000000e+03 1.541870000000000046e-02
2.169500000000000000e+03 1.674350000000000144e-02
2.173500000000000000e+03 1.810439999999999966e-02
2.177500000000000000e+03 1.949599999999999944e-02
2.181500000000000000e+03 2.090080000000000063e-02
2.185500000000000000e+03 2.230460000000000081e-02
2.189500000000000000e+03 2.372180000000000122e-02
2.193500000000000000e+03 2.516660000000000078e-02
2.197500000000000000e+03 2.663499999999999895e-02
2.201500000000000000e+03 2.811289999999999970e-02
2.205500000000000000e+03 2.960700000000000137e-02
2.209500000000000000e+03 3.114669999999999939e-02
2.213500000000000000e+03 3.272259999999999752e-02
2.217500000000000000e+03 3.433230000000000309e-02
2.221500000000000000e+03 3.596889999999999810e-02
2.225500000000000000e+03 3.762660000000000310e-02
2.229500000000000000e+03 3.930150000000000310e-02
2.233500000000000000e+03 4.100469999999999809e-02
2.237500000000000000e+03 4.272750000000000159e-02
2.241500000000000000e+03 4.444420000000000315e-02
2.245500000000000000e+03 4.614619999999999833e-02
2.249500000000000000e+03 4.776129999999999959e-02
2.253500000000000000e+03 4.931979999999999698e-02
2.257500000000000000e+03 5.075169999999999682e-02
2.261500000000000000e+03 5.210290000000000060e-02
2.265500000000000000e+03 5.326340000000000241e-02
2.269500000000000000e+03 5.430449999999999861e-02
2.273500000000000000e+03 5.510489999999999833e-02
2.277500000000000000e+03 5.576770000000000338e-02
2.281500000000000000e+03 5.622839999999999783e-02
2.285500000000000000e+03 5.657500000000000029e-02
2.289500000000000000e+03 5.676989999999999814e-02
2.293500000000000000e+03 5.689269999999999744e-02
2.297500000000000000e+03 5.692610000000000031e-02
2.301500000000000000e+03 5.692370000000000069e-02
2.305500000000000000e+03 5.691079999999999750e-02
2.309500000000000000e+03 5.688689999999999719e-02
2.313500000000000000e+03 5.689199999999999813e-02
2.317500000000000000e+03 5.692549999999999694e-02
2.321500000000000000e+03 5.699749999999999955e-02
2.325500000000000000e+03 5.709670000000000023e-02
2.329500000000000000e+03 5.721239999999999659e-02
2.333500000000000000e+03 5.734680000000000333e-02
2.337500000000000000e+03 5.750630000000000325e-02
2.341500000000000000e+03 5.765350000000000336e-02
2.345500000000000000e+03 5.781059999999999671e-02
2.349500000000000000e+03 5.805359999999999687e-02
2.353500000000000000e+03 5.826459999999999972e-02
2.357500000000000000e+03 5.853690000000000282e-02
2.361500000000000000e+03 5.898869999999999808e-02
2.365500000000000000e+03 5.951719999999999927e-02
2.369500000000000000e+03 6.030750000000000000e-02
2.373500000000000000e+03 6.179919999999999858e-02
2.377500000000000000e+03 6.417380000000000306e-02
2.381500000000000000e+03 6.822040000000000048e-02
2.385500000000000000e+03 7.476249999999999563e-02
2.389500000000000000e+03 8.533540000000000569e-02
2.393500000000000000e+03 1.023580000000000045e-01
2.397500000000000000e+03 1.273759999999999892e-01
2.401500000000000000e+03 1.643010000000000026e-01
2.405500000000000000e+03 2.126800000000000079e-01
2.409500000000000000e+03 2.780480000000000174e-01
2.413500000000000000e+03 3.522239999999999815e-01
2.417500000000000000e+03 4.393619999999999748e-01
2.421500000000000000e+03 5.295630000000000059e-01
2.425500000000000000e+03 6.186059999999999892e-01
2.429500000000000000e+03 7.034479999999999622e-01
2.433500000000000000e+03 7.768589999999999662e-01
2.437500000000000000e+03 8.383180000000000076e-01
2.441500000000000000e+03 8.857840000000000158e-01
2.445500000000000000e+03 9.197279999999999900e-01
2.449500000000000000e+03 9.425179999999999669e-01
2.453500000000000000e+03 9.570250000000000146e-01
2.457500000000000000e+03 9.666310000000000180e-01
2.461500000000000000e+03 9.735289999999999777e-01
2.465500000000000000e+03 9.792070000000000496e-01
2.469500000000000000e+03 9.829520000000000479e-01
2.473500000000000000e+03 9.859590000000000298e-01
2.477500000000000000e+03 9.882410000000000361e-01
2.481500000000000000e+03 9.907390000000000363e-01
2.485500000000000000e+03 9.926810000000000356e-01
2.489500000000000000e+03 9.948240000000000416e-01
2.493500000000000000e+03 9.982450000000000490e-01
2.497500000000000000e+03 1.000000000000000000e+00
2.501500000000000000e+03 9.990200000000000191e-01
2.505500000000000000e+03 9.930219999999999603e-01
2.509500000000000000e+03 9.800539999999999807e-01
2.513500000000000000e+03 9.569969999999999866e-01
2.517500000000000000e+03 9.245149999999999757e-01
2.521500000000000000e+03 8.791839999999999655e-01
2.525500000000000000e+03 8.233409999999999895e-01
2.529500000000000000e+03 7.564020000000000188e-01
2.533500000000000000e+03 6.818229999999999569e-01
2.537500000000000000e+03 5.998620000000000063e-01
2.541500000000000000e+03 5.160709999999999464e-01
2.545500000000000000e+03 4.321539999999999826e-01
2.549500000000000000e+03 3.522609999999999908e-01
2.553500000000000000e+03 2.792850000000000055e-01
2.557500000000000000e+03 2.174059999999999881e-01
2.561500000000000000e+03 1.673250000000000015e-01
2.565500000000000000e+03 1.306420000000000081e-01
2.569500000000000000e+03 1.044080000000000008e-01
2.573500000000000000e+03 8.766150000000000331e-02
2.577500000000000000e+03 7.728930000000000522e-02
2.581500000000000000e+03 7.054950000000000110e-02
2.585500000000000000e+03 6.703670000000000462e-02
2.589500000000000000e+03 6.462710000000000676e-02
2.593500000000000000e+03 6.277420000000000222e-02
2.597500000000000000e+03 6.142240000000000200e-02
2.601500000000000000e+03 6.068119999999999764e-02
2.605500000000000000e+03 6.016559999999999964e-02
2.609500000000000000e+03 5.970990000000000325e-02
2.613500000000000000e+03 5.923609999999999987e-02
2.617500000000000000e+03 5.875289999999999679e-02
2.621500000000000000e+03 5.826619999999999716e-02
2.625500000000000000e+03 5.778880000000000128e-02
2.629500000000000000e+03 5.732040000000000052e-02
2.633500000000000000e+03 5.687419999999999976e-02
2.637500000000000000e+03 5.646179999999999949e-02
2.641500000000000000e+03 5.606060000000000210e-02
2.645500000000000000e+03 5.570200000000000151e-02
2.649500000000000000e+03 5.537360000000000199e-02
2.653500000000000000e+03 5.507750000000000146e-02
2.657500000000000000e+03 5.481570000000000192e-02
2.661500000000000000e+03 5.460040000000000032e-02
2.665500000000000000e+03 5.439970000000000222e-02
2.669500000000000000e+03 5.419709999999999805e-02
2.673500000000000000e+03 5.394179999999999808e-02
2.677500000000000000e+03 5.368679999999999980e-02
2.681500000000000000e+03 5.336119999999999752e-02
2.685500000000000000e+03 5.299829999999999819e-02
2.689500000000000000e+03 5.236299999999999982e-02
2.693500000000000000e+03 5.157980000000000204e-02
2.697500000000000000e+03 5.050919999999999715e-02
2.701500000000000000e+03 4.917160000000000281e-02
2.705500000000000000e+03 4.747269999999999962e-02
2.709500000000000000e+03 4.541150000000000048e-02
2.713500000000000000e+03 4.309670000000000167e-02
2.717500000000000000e+03 4.053820000000000340e-02
2.721500000000000000e+03 3.774380000000000096e-02
2.725500000000000000e+03 3.476909999999999723e-02
2.729500000000000000e+03 3.178559999999999719e-02
2.733500000000000000e+03 2.876770000000000022e-02
2.737500000000000000e+03 2.588949999999999932e-02
2.741500000000000000e+03 2.313039999999999888e-02
2.745500000000000000e+03 2.063250000000000153e-02
2.749500000000000000e+03 1.835989999999999844e-02
2.753500000000000000e+03 1.638620000000000007e-02
2.757500000000000000e+03 1.464410000000000017e-02
2.761500000000000000e+03 1.320679999999999944e-02
2.765500000000000000e+03 1.197999999999999933e-02
2.769500000000000000e+03 1.097710000000000005e-02
2.773500000000000000e+03 1.012820000000000040e-02
2.777500000000000000e+03 9.433360000000000009e-03
2.781500000000000000e+03 8.814529999999999241e-03
2.785500000000000000e+03 8.290950000000000056e-03
2.789500000000000000e+03 7.809899999999999828e-03
2.793500000000000000e+03 7.355600000000000332e-03
2.797500000000000000e+03 6.930590000000000361e-03
2.801500000000000000e+03 6.506999999999999763e-03
2.805500000000000000e+03 6.083940000000000355e-03
2.809500000000000000e+03 5.650969999999999951e-03
2.813500000000000000e+03 5.141439999999999726e-03
2.817500000000000000e+03 4.684390000000000082e-03
2.821500000000000000e+03 4.280260000000000141e-03
2.825500000000000000e+03 3.881200000000000015e-03
2.829500000000000000e+03 3.473570000000000043e-03
2.833500000000000000e+03 3.025959999999999848e-03
2.837500000000000000e+03 2.597920000000000090e-03
2.841500000000000000e+03 2.274910000000000213e-03
2.845500000000000000e+03 1.974319999999999894e-03
2.849500000000000000e+03 1.686720000000000060e-03
2.853500000000000000e+03 1.447280000000000007e-03
2.857500000000000000e+03 1.212130000000000065e-03
2.861500000000000000e+03 1.019090000000000057e-03
2.865500000000000000e+03 8.514749999999999749e-04
2.869500000000000000e+03 6.945500000000000502e-04
2.873500000000000000e+03 5.813920000000000199e-04
2.877500000000000000e+03 4.722360000000000099e-04
2.881500000000000000e+03 3.878579999999999853e-04
2.885500000000000000e+03 3.194210000000000170e-04
2.889500000000000000e+03 2.558009999999999993e-04
2.893500000000000000e+03 2.121670000000000034e-04
2.897500000000000000e+03 1.706099999999999945e-04
2.901500000000000000e+03 1.394800000000000130e-04
2.905500000000000000e+03 1.155690000000000043e-04
2.909500000000000000e+03 9.344660000000000076e-05
2.913500000000000000e+03 7.920579999999999982e-05
2.917500000000000000e+03 6.583920000000000484e-05
2.921500000000000000e+03 5.587420000000000114e-05
2.925500000000000000e+03 4.842209999999999841e-05
2.929500000000000000e+03 4.155040000000000117e-05
2.933500000000000000e+03 3.711250000000000085e-05
2.937500000000000000e+03 3.299650000000000163e-05
2.941500000000000000e+03 3.002660000000000149e-05
2.945500000000000000e+03 2.798929999999999983e-05
2.949500000000000000e+03 2.614279999999999981e-05
2.953500000000000000e+03 2.524969999999999984e-05
2.957500000000000000e+03 2.447199999999999880e-05
2.961500000000000000e+03 2.389930000000000003e-05
2.965500000000000000e+03 2.354049999999999933e-05
2.969500000000000000e+03 2.321129999999999916e-05
2.973500000000000000e+03 2.309610000000000067e-05
2.977500000000000000e+03 2.300899999999999942e-05
2.981500000000000000e+03 2.275740000000000000e-05
2.985500000000000000e+03 2.237750000000000047e-05
2.989500000000000000e+03 2.162950000000000018e-05
2.993500000000000000e+03 2.069070000000000165e-05
2.997500000000000000e+03 2.022400000000000152e-05
3.001500000000000000e+03 1.972189999999999832e-05
3.005500000000000000e+03 1.899060000000000076e-05
3.009500000000000000e+03 1.789459999999999974e-05
3.013500000000000000e+03 1.719380000000000130e-05
3.017500000000000000e+03 1.711099999999999931e-05
3.021500000000000000e+03 1.704510000000000050e-05
3.025500000000000000e+03 1.694549999999999895e-05
3.029500000000000000e+03 1.662790000000000050e-05
3.033500000000000000e+03 1.661690000000000009e-05
3.037500000000000000e+03 1.659209999999999993e-05
3.041500000000000000e+03 1.665430000000000079e-05
3.045500000000000000e+03 1.676799999999999938e-05
3.049500000000000000e+03 1.659880000000000106e-05
3.053500000000000000e+03 1.647060000000000117e-05
3.057500000000000000e+03 1.631989999999999938e-05
3.061500000000000000e+03 1.630249999999999850e-05
3.065500000000000000e+03 1.644290000000000142e-05
3.069500000000000000e+03 1.664129999999999939e-05
3.073500000000000000e+03 1.685050000000000070e-05
3.077500000000000000e+03 1.701969999999999902e-05
3.081500000000000000e+03 1.720620000000000138e-05
3.085500000000000000e+03 1.738550000000000151e-05
3.089500000000000000e+03 1.762470000000000085e-05
3.093500000000000000e+03 1.788979999999999938e-05
3.097500000000000000e+03 1.809959999999999862e-05
3.101500000000000000e+03 1.826529999999999942e-05
3.105500000000000000e+03 1.839159999999999854e-05
3.109500000000000000e+03 1.852599999999999847e-05
3.113500000000000000e+03 1.880299999999999937e-05
3.117500000000000000e+03 1.911760000000000141e-05
3.121500000000000000e+03 1.937980000000000036e-05
3.125500000000000000e+03 1.954749999999999877e-05
3.129500000000000000e+03 1.969500000000000032e-05
3.133500000000000000e+03 1.991969999999999836e-05
3.137500000000000000e+03 2.022220000000000097e-05
3.141500000000000000e+03 2.052249999999999875e-05
3.145500000000000000e+03 2.072120000000000076e-05
3.149500000000000000e+03 2.092899999999999901e-05
3.153500000000000000e+03 2.108730000000000053e-05
3.157500000000000000e+03 2.130589999999999874e-05
3.161500000000000000e+03 2.153740000000000152e-05
3.165500000000000000e+03 2.170169999999999925e-05
3.169500000000000000e+03 2.183400000000000136e-05
3.173500000000000000e+03 2.181710000000000157e-05
3.177500000000000000e+03 2.180189999999999873e-05
3.181500000000000000e+03 2.181080000000000131e-05
3.185500000000000000e+03 2.186729999999999983e-05
3.189500000000000000e+03 2.190500000000000118e-05
3.193500000000000000e+03 2.183540000000000104e-05
3.197500000000000000e+03 2.169790000000000108e-05
3.201500000000000000e+03 2.165509999999999872e-05
3.205500000000000000e+03 2.172890000000000130e-05
3.209500000000000000e+03 2.189819999999999983e-05
3.213500000000000000e+03 2.200960000000000015e-05
3.217500000000000000e+03 2.197270000000000055e-05
3.221500000000000000e+03 2.193730000000000086e-05
3.225500000000000000e+03 1.879079999999999973e-05
3.229500000000000000e+03 1.392320000000000080e-05
3.233500000000000000e+03 1.231639999999999951e-05
3.237500000000000000e+03 1.236959999999999927e-05
3.241500000000000000e+03 1.232830000000000019e-05
3.245500000000000000e+03 9.089249999999999416e-06
3.249500000000000000e+03 4.230709999999999851e-06
3.253500000000000000e+03 2.604130000000000171e-06
3.257500000000000000e+03 2.601049999999999855e-06
3.261500000000000000e+03 2.597790000000000076e-06
3.265500000000000000e+03 2.594179999999999953e-06
3.269500000000000000e+03 2.593880000000000143e-06
3.273500000000000000e+03 2.647870000000000112e-06
3.277500000000000000e+03 2.720470000000000060e-06
3.281500000000000000e+03 2.804769999999999829e-06
3.285500000000000000e+03 2.914029999999999949e-06
3.289500000000000000e+03 3.024049999999999871e-06
3.293500000000000000e+03 3.133489999999999877e-06
3.297500000000000000e+03 3.242729999999999868e-06
3.301500000000000000e+03 3.351739999999999863e-06
3.305500000000000000e+03 3.460199999999999922e-06
3.309500000000000000e+03 3.567270000000000152e-06
3.313500000000000000e+03 3.647609999999999878e-06
3.317500000000000000e+03 3.717670000000000017e-06
3.321500000000000000e+03 3.765949999999999917e-06
3.325500000000000000e+03 3.762759999999999953e-06
3.329500000000000000e+03 3.755039999999999881e-06
3.333500000000000000e+03 3.695930000000000035e-06
3.337500000000000000e+03 3.615950000000000082e-06
3.341500000000000000e+03 3.556730000000000165e-06
3.345500000000000000e+03 3.549199999999999832e-06
3.349500000000000000e+03 3.544130000000000065e-06
3.353500000000000000e+03 3.539050000000000023e-06
3.357500000000000000e+03 3.533969999999999980e-06
3.361500000000000000e+03 3.528899999999999789e-06
3.365500000000000000e+03 3.523860000000000004e-06
3.369500000000000000e+03 3.518809999999999942e-06
3.373500000000000000e+03 3.513619999999999827e-06
3.377500000000000000e+03 3.508359999999999898e-06
3.381500000000000000e+03 3.503099999999999969e-06
3.385500000000000000e+03 3.497879999999999873e-06
3.389500000000000000e+03 3.492649999999999925e-06
3.393500000000000000e+03 3.487399999999999848e-06
3.397500000000000000e+03 3.482150000000000195e-06
3.401500000000000000e+03 3.476900000000000118e-06
3.405500000000000000e+03 3.471670000000000170e-06
3.409500000000000000e+03 3.467600000000000054e-06
3.413500000000000000e+03 3.511130000000000127e-06
3.417500000000000000e+03 3.578339999999999946e-06
3.421500000000000000e+03 3.630199999999999988e-06
3.425500000000000000e+03 3.633769999999999854e-06
3.429500000000000000e+03 3.634489999999999824e-06
3.433500000000000000e+03 3.656560000000000021e-06
3.437500000000000000e+03 3.689780000000000102e-06
3.441500000000000000e+03 3.707799999999999889e-06
3.445500000000000000e+03 3.674919999999999875e-06
3.449500000000000000e+03 3.639070000000000041e-06
3.453500000000000000e+03 3.658130000000000160e-06
3.457500000000000000e+03 3.707210000000000120e-06
3.461500000000000000e+03 3.763459999999999793e-06
3.465500000000000000e+03 3.845430000000000044e-06
3.469500000000000000e+03 3.929229999999999987e-06
3.473500000000000000e+03 3.991820000000000179e-06
3.477500000000000000e+03 4.042279999999999692e-06
3.481500000000000000e+03 4.099620000000000231e-06
3.485500000000000000e+03 4.183439999999999879e-06
3.489500000000000000e+03 4.269379999999999601e-06
3.493500000000000000e+03 4.311850000000000060e-06
3.497500000000000000e+03 4.328289999999999856e-06
3.501500000000000000e+03 4.347429999999999642e-06
3.505500000000000000e+03 4.377540000000000273e-06
3.509500000000000000e+03 4.408630000000000005e-06
3.513500000000000000e+03 4.417669999999999667e-06
3.517500000000000000e+03 4.412640000000000158e-06
3.521500000000000000e+03 4.426109999999999708e-06
3.525500000000000000e+03 4.518440000000000059e-06
3.529500000000000000e+03 4.618540000000000168e-06
3.533500000000000000e+03 4.697500000000000341e-06
3.537500000000000000e+03 4.762020000000000021e-06
3.541500000000000000e+03 4.820619999999999765e-06
3.545500000000000000e+03 4.852779999999999809e-06
3.549500000000000000e+03 4.882059999999999976e-06
3.553500000000000000e+03 4.971499999999999750e-06
3.557500000000000000e+03 5.104799999999999812e-06
3.561500000000000000e+03 5.232320000000000414e-06
3.565500000000000000e+03 5.332809999999999853e-06
3.569500000000000000e+03 5.430070000000000342e-06
3.573500000000000000e+03 5.466179999999999730e-06
3.577500000000000000e+03 5.454749999999999740e-06
3.581500000000000000e+03 5.447229999999999683e-06
3.585500000000000000e+03 5.458889999999999670e-06
3.589500000000000000e+03 5.473050000000000056e-06
3.593500000000000000e+03 5.482980000000000145e-06
3.597500000000000000e+03 5.489379999999999779e-06
3.601500000000000000e+03 5.502699999999999848e-06
3.605500000000000000e+03 5.551929999999999714e-06
3.609500000000000000e+03 5.606209999999999641e-06
3.613500000000000000e+03 5.677780000000000381e-06
3.617500000000000000e+03 5.764609999999999683e-06
3.621500000000000000e+03 5.851600000000000014e-06
3.625500000000000000e+03 5.939460000000000220e-06
3.629500000000000000e+03 6.027440000000000350e-06
3.633500000000000000e+03 6.081879999999999612e-06
3.637500000000000000e+03 6.104769999999999998e-06
3.641500000000000000e+03 6.135849999999999876e-06
3.645500000000000000e+03 6.214769999999999791e-06
3.649500000000000000e+03 6.301429999999999907e-06
3.653500000000000000e+03 6.371739999999999747e-06
3.657500000000000000e+03 6.425690000000000306e-06
3.661500000000000000e+03 6.480349999999999712e-06
3.665500000000000000e+03 6.539520000000000367e-06
3.669500000000000000e+03 6.599469999999999683e-06
3.673500000000000000e+03 6.690949999999999864e-06
3.677500000000000000e+03 6.816089999999999991e-06
3.681500000000000000e+03 6.932809999999999781e-06
3.685500000000000000e+03 6.993529999999999599e-06
3.689500000000000000e+03 7.044030000000000217e-06
3.693500000000000000e+03 7.093339999999999750e-06
3.697500000000000000e+03 7.141320000000000263e-06
3.701500000000000000e+03 7.195940000000000259e-06
3.705500000000000000e+03 7.298050000000000370e-06
3.709500000000000000e+03 7.409339999999999774e-06
3.713500000000000000e+03 7.505570000000000206e-06
3.717500000000000000e+03 7.583529999999999880e-06
3.721500000000000000e+03 7.658309999999999865e-06
3.725500000000000000e+03 7.708429999999999311e-06
3.729500000000000000e+03 7.753540000000000646e-06
3.733500000000000000e+03 7.825780000000000822e-06
3.737500000000000000e+03 7.933109999999999335e-06
3.741500000000000000e+03 8.037570000000000364e-06
3.745500000000000000e+03 8.117959999999999776e-06
3.749500000000000000e+03 8.193190000000000748e-06
3.753500000000000000e+03 8.294329999999999918e-06
3.757500000000000000e+03 8.431180000000000141e-06
3.761500000000000000e+03 8.570400000000000140e-06
3.765500000000000000e+03 8.731459999999999916e-06
3.769500000000000000e+03 8.897429999999999277e-06
3.773500000000000000e+03 9.062559999999999168e-06
3.777500000000000000e+03 9.226420000000000002e-06
3.781500000000000000e+03 9.387889999999999660e-06
3.785500000000000000e+03 9.524779999999999293e-06
3.789500000000000000e+03 9.655880000000000460e-06
3.793500000000000000e+03 9.762510000000000827e-06
3.797500000000000000e+03 9.830679999999999193e-06
3.801500000000000000e+03 9.812270000000000500e-06
3.805500000000000000e+03 8.802520000000000553e-06
3.809500000000000000e+03 7.548880000000000135e-06
3.813500000000000000e+03 6.906739999999999707e-06
3.817500000000000000e+03 7.289359999999999781e-06
3.821500000000000000e+03 7.648839999999999768e-06
3.825500000000000000e+03 7.711300000000000183e-06
3.829500000000000000e+03 7.696059999999999631e-06
3.833500000000000000e+03 7.991200000000000671e-06
3.837500000000000000e+03 8.830300000000000819e-06
3.841500000000000000e+03 9.664960000000000380e-06
3.845500000000000000e+03 1.039129999999999993e-05
3.849500000000000000e+03 1.108729999999999971e-05
3.853500000000000000e+03 1.154250000000000003e-05
3.857500000000000000e+03 1.155600000000000083e-05
3.861500000000000000e+03 1.156019999999999987e-05
3.865500000000000000e+03 1.151689999999999980e-05
3.869500000000000000e+03 1.145920000000000033e-05
3.873500000000000000e+03 9.881859999999999947e-06
3.877500000000000000e+03 5.383599999999999582e-06
3.881500000000000000e+03 1.049340000000000104e-06
