3.619500000000000000e+03 0.000000000000000000e+00
3.627500000000000000e+03 1.008299999999999943e-06
3.635500000000000000e+03 6.401139999999999838e-06
3.643500000000000000e+03 1.023380000000000017e-05
3.651500000000000000e+03 1.663110000000000074e-05
3.659500000000000000e+03 2.789050000000000004e-05
3.667500000000000000e+03 3.724250000000000130e-05
3.675500000000000000e+03 4.805429999999999831e-05
3.683500000000000000e+03 5.091740000000000144e-05
3.691500000000000000e+03 5.111679999999999821e-05
3.699500000000000000e+03 5.135809999999999876e-05
3.707500000000000000e+03 5.192260000000000327e-05
3.715500000000000000e+03 5.295229999999999783e-05
3.723500000000000000e+03 5.433139999999999958e-05
3.731500000000000000e+03 5.565679999999999879e-05
3.739500000000000000e+03 5.728690000000000203e-05
3.747500000000000000e+03 5.893630000000000017e-05
3.755500000000000000e+03 6.013250000000000067e-05
3.763500000000000000e+03 6.120420000000000602e-05
3.771500000000000000e+03 6.179379999999999780e-05
3.779500000000000000e+03 6.222679999999999856e-05
3.787500000000000000e+03 6.278009999999999884e-05
3.795500000000000000e+03 6.291219999999999712e-05
3.803500000000000000e+03 6.283320000000000008e-05
3.811500000000000000e+03 6.270110000000000180e-05
3.819500000000000000e+03 6.258800000000000452e-05
3.827500000000000000e+03 6.274349999999999990e-05
3.835500000000000000e+03 6.318370000000000290e-05
3.843500000000000000e+03 6.389720000000000209e-05
3.851500000000000000e+03 6.535020000000000325e-05
3.859500000000000000e+03 6.692629999999999651e-05
3.867500000000000000e+03 6.931980000000000672e-05
3.875500000000000000e+03 7.160110000000000129e-05
3.883500000000000000e+03 7.387449999999999887e-05
3.891500000000000000e+03 7.579009999999999794e-05
3.899500000000000000e+03 7.702520000000000243e-05
3.907500000000000000e+03 7.826970000000000043e-05
3.915500000000000000e+03 7.927429999999999416e-05
3.923500000000000000e+03 8.010360000000000332e-05
3.931500000000000000e+03 8.092669999999999887e-05
3.939500000000000000e+03 8.153339999999999427e-05
3.947500000000000000e+03 8.249489999999999514e-05
3.955500000000000000e+03 8.366099999999999741e-05
3.963500000000000000e+03 8.582519999999999949e-05
3.971500000000000000e+03 8.850469999999999984e-05
3.979500000000000000e+03 9.170989999999999416e-05
3.987500000000000000e+03 9.505130000000000252e-05
3.995500000000000000e+03 9.822719999999999358e-05
4.003500000000000000e+03 1.008069999999999989e-04
4.011500000000000000e+03 1.031070000000000006e-04
4.019500000000000000e+03 1.044440000000000049e-04
4.027500000000000000e+03 1.056060000000000050e-04
4.035500000000000000e+03 1.061079999999999944e-04
4.043500000000000000e+03 1.069210000000000017e-04
4.051500000000000000e+03 1.082909999999999971e-04
4.059500000000000000e+03 1.101860000000000052e-04
4.067500000000000000e+03 1.130569999999999985e-04
4.075500000000000000e+03 1.160620000000000011e-04
4.083500000000000000e+03 1.193870000000000006e-04
4.091500000000000000e+03 1.225330000000000006e-04
4.099500000000000000e+03 1.257580000000000113e-04
4.107500000000000000e+03 1.292169999999999929e-04
4.115500000000000000e+03 1.327210000000000054e-04
4.123500000000000000e+03 1.370040000000000049e-04
4.131500000000000000e+03 1.409840000000000041e-04
4.139500000000000000e+03 1.447499999999999948e-04
4.147500000000000000e+03 1.493959999999999906e-04
4.155500000000000000e+03 1.538619999999999983e-04
4.163500000000000000e+03 1.586029999999999992e-04
4.171500000000000000e+03 1.634600000000000105e-04
4.179500000000000000e+03 1.675699999999999965e-04
4.187500000000000000e+03 1.714789999999999891e-04
4.195500000000000000e+03 1.756089999999999919e-04
4.203500000000000000e+03 1.793800000000000071e-04
4.211500000000000000e+03 1.833919999999999951e-04
4.219500000000000000e+03 1.875310000000000041e-04
4.227500000000000000e+03 1.912679999999999990e-04
4.235500000000000000e+03 1.914720000000000126e-04
4.243500000000000000e+03 1.928300000000000088e-04
4.251500000000000000e+03 1.956740000000000107e-04
4.259500000000000000e+03 1.914750000000000057e-04
4.267500000000000000e+03 1.903089999999999968e-04
4.275500000000000000e+03 1.910670000000000055e-04
4.283500000000000000e+03 1.941559999999999890e-04
4.291500000000000000e+03 2.043249999999999927e-04
4.299500000000000000e+03 2.240669999999999945e-04
4.307500000000000000e+03 2.478310000000000062e-04
4.315500000000000000e+03 2.718500000000000213e-04
4.323500000000000000e+03 2.990460000000000232e-04
4.331500000000000000e+03 3.211609999999999834e-04
4.339500000000000000e+03 3.410560000000000089e-04
4.347500000000000000e+03 3.596860000000000118e-04
4.355500000000000000e+03 3.803799999999999868e-04
4.363500000000000000e+03 4.027929999999999770e-04
4.371500000000000000e+03 4.295950000000000094e-04
4.379500000000000000e+03 4.602739999999999913e-04
4.387500000000000000e+03 4.963090000000000080e-04
4.395500000000000000e+03 5.371749999999999789e-04
4.403500000000000000e+03 5.852659999999999764e-04
4.411500000000000000e+03 6.404019999999999851e-04
4.419500000000000000e+03 7.039830000000000393e-04
4.427500000000000000e+03 7.795529999999999951e-04
4.435500000000000000e+03 8.966860000000000542e-04
4.443500000000000000e+03 1.056990000000000056e-03
4.451500000000000000e+03 1.213859999999999982e-03
4.459500000000000000e+03 1.374060000000000082e-03
4.467500000000000000e+03 1.565060000000000062e-03
4.475500000000000000e+03 1.792149999999999950e-03
4.483500000000000000e+03 2.073139999999999792e-03
4.491500000000000000e+03 2.404789999999999966e-03
4.499500000000000000e+03 2.870039999999999918e-03
4.507500000000000000e+03 3.439269999999999914e-03
4.515500000000000000e+03 4.128689999999999964e-03
4.523500000000000000e+03 4.991159999999999694e-03
4.531500000000000000e+03 6.097240000000000298e-03
4.539500000000000000e+03 7.649600000000000323e-03
4.547500000000000000e+03 9.692779999999999799e-03
4.555500000000000000e+03 1.287360000000000067e-02
4.563500000000000000e+03 1.691109999999999836e-02
4.571500000000000000e+03 2.247549999999999895e-02
4.579500000000000000e+03 2.932569999999999968e-02
4.587500000000000000e+03 3.764220000000000066e-02
4.595500000000000000e+03 4.756149999999999961e-02
4.603500000000000000e+03 5.869869999999999949e-02
4.611500000000000000e+03 7.210060000000000080e-02
4.619500000000000000e+03 8.711670000000000524e-02
4.627500000000000000e+03 1.048800000000000010e-01
4.635500000000000000e+03 1.243549999999999933e-01
4.643500000000000000e+03 1.453149999999999997e-01
4.651500000000000000e+03 1.657170000000000032e-01
4.659500000000000000e+03 1.856800000000000117e-01
4.667500000000000000e+03 2.026729999999999920e-01
4.675500000000000000e+03 2.180400000000000116e-01
4.683500000000000000e+03 2.313469999999999971e-01
4.691500000000000000e+03 2.426460000000000006e-01
4.699500000000000000e+03 2.518159999999999843e-01
4.707500000000000000e+03 2.593239999999999990e-01
4.715500000000000000e+03 2.649090000000000056e-01
4.723500000000000000e+03 2.687379999999999769e-01
4.731500000000000000e+03 2.715090000000000003e-01
4.739500000000000000e+03 2.733229999999999826e-01
4.747500000000000000e+03 2.745710000000000095e-01
4.755500000000000000e+03 2.754070000000000129e-01
4.763500000000000000e+03 2.766440000000000010e-01
4.771500000000000000e+03 2.776689999999999992e-01
4.779500000000000000e+03 2.787970000000000170e-01
4.787500000000000000e+03 2.802290000000000059e-01
4.795500000000000000e+03 2.822450000000000236e-01
4.803500000000000000e+03 2.841839999999999922e-01
4.811500000000000000e+03 2.862930000000000197e-01
4.819500000000000000e+03 2.907009999999999872e-01
4.827500000000000000e+03 2.997909999999999742e-01
4.835500000000000000e+03 3.180819999999999759e-01
4.843500000000000000e+03 3.483999999999999875e-01
4.851500000000000000e+03 3.924469999999999903e-01
4.859500000000000000e+03 4.495069999999999899e-01
4.867500000000000000e+03 5.091550000000000242e-01
4.875500000000000000e+03 5.712639999999999940e-01
4.883500000000000000e+03 6.207340000000000080e-01
4.891500000000000000e+03 6.695079999999999920e-01
4.899500000000000000e+03 7.109269999999999756e-01
4.907500000000000000e+03 7.601670000000000371e-01
4.915500000000000000e+03 8.108699999999999797e-01
4.923500000000000000e+03 8.637880000000000003e-01
4.931500000000000000e+03 9.091599999999999682e-01
4.939500000000000000e+03 9.441019999999999968e-01
4.947500000000000000e+03 9.678250000000000464e-01
4.955500000000000000e+03 9.821870000000000323e-01
4.963500000000000000e+03 9.912429999999999852e-01
4.971500000000000000e+03 9.960120000000000084e-01
4.979500000000000000e+03 9.987589999999999524e-01
4.987500000000000000e+03 1.000000000000000000e+00
4.995500000000000000e+03 9.992990000000000483e-01
5.003500000000000000e+03 9.970550000000000246e-01
5.011500000000000000e+03 9.937240000000000517e-01
5.019500000000000000e+03 9.885620000000000518e-01
5.027500000000000000e+03 9.815519999999999801e-01
5.035500000000000000e+03 9.653030000000000221e-01
5.043500000000000000e+03 9.419710000000000027e-01
5.051500000000000000e+03 9.018049999999999677e-01
5.059500000000000000e+03 8.533659999999999579e-01
5.067500000000000000e+03 7.945330000000000448e-01
5.075500000000000000e+03 7.367430000000000367e-01
5.083500000000000000e+03 6.821369999999999933e-01
5.091500000000000000e+03 6.379270000000000218e-01
5.099500000000000000e+03 6.023220000000000240e-01
5.107500000000000000e+03 5.662230000000000318e-01
5.115500000000000000e+03 5.261209999999999498e-01
5.123500000000000000e+03 4.892920000000000047e-01
5.131500000000000000e+03 4.537019999999999942e-01
5.139500000000000000e+03 4.131589999999999985e-01
5.147500000000000000e+03 3.756180000000000074e-01
5.155500000000000000e+03 3.326689999999999925e-01
5.163500000000000000e+03 2.964330000000000020e-01
5.171500000000000000e+03 2.635700000000000265e-01
5.179500000000000000e+03 2.369769999999999932e-01
5.187500000000000000e+03 2.192880000000000107e-01
5.195500000000000000e+03 2.061080000000000134e-01
5.203500000000000000e+03 1.990619999999999890e-01
5.211500000000000000e+03 1.920300000000000062e-01
5.219500000000000000e+03 1.856059999999999932e-01
5.227500000000000000e+03 1.795249999999999901e-01
5.235500000000000000e+03 1.744469999999999910e-01
5.243500000000000000e+03 1.697909999999999975e-01
5.251500000000000000e+03 1.646440000000000126e-01
5.259500000000000000e+03 1.600409999999999888e-01
5.267500000000000000e+03 1.563839999999999952e-01
5.275500000000000000e+03 1.540960000000000107e-01
5.283500000000000000e+03 1.521369999999999945e-01
5.291500000000000000e+03 1.508940000000000003e-01
5.299500000000000000e+03 1.469630000000000103e-01
5.307500000000000000e+03 1.424989999999999868e-01
5.315500000000000000e+03 1.376280000000000003e-01
5.323500000000000000e+03 1.318620000000000070e-01
5.331500000000000000e+03 1.270290000000000030e-01
5.339500000000000000e+03 1.233920000000000017e-01
5.347500000000000000e+03 1.195350000000000024e-01
5.355500000000000000e+03 1.139099999999999974e-01
5.363500000000000000e+03 1.069760000000000016e-01
5.371500000000000000e+03 9.997570000000000068e-02
5.379500000000000000e+03 9.215139999999999443e-02
5.387500000000000000e+03 8.510310000000000097e-02
5.395500000000000000e+03 7.963349999999999596e-02
5.403500000000000000e+03 7.542559999999999543e-02
5.411500000000000000e+03 7.157439999999999636e-02
5.419500000000000000e+03 6.917810000000000625e-02
5.427500000000000000e+03 6.721939999999999860e-02
5.435500000000000000e+03 6.550190000000000179e-02
5.443500000000000000e+03 6.409439999999999582e-02
5.451500000000000000e+03 6.253720000000000112e-02
5.459500000000000000e+03 6.117419999999999802e-02
5.467500000000000000e+03 5.957199999999999995e-02
5.475500000000000000e+03 5.757450000000000068e-02
5.483500000000000000e+03 5.551149999999999834e-02
5.491500000000000000e+03 5.298930000000000307e-02
5.499500000000000000e+03 5.062189999999999745e-02
5.507500000000000000e+03 4.856869999999999937e-02
5.515500000000000000e+03 4.655739999999999879e-02
5.523500000000000000e+03 4.459679999999999894e-02
5.531500000000000000e+03 4.275410000000000321e-02
5.539500000000000000e+03 4.104340000000000072e-02
5.547500000000000000e+03 3.923959999999999948e-02
5.555500000000000000e+03 3.752509999999999873e-02
5.563500000000000000e+03 3.586049999999999655e-02
5.571500000000000000e+03 3.422619999999999829e-02
5.579500000000000000e+03 3.262580000000000341e-02
5.587500000000000000e+03 3.103279999999999927e-02
5.595500000000000000e+03 2.948270000000000057e-02
5.603500000000000000e+03 2.794289999999999968e-02
5.611500000000000000e+03 2.643859999999999960e-02
5.619500000000000000e+03 2.494789999999999855e-02
5.627500000000000000e+03 2.347120000000000109e-02
5.635500000000000000e+03 2.199419999999999847e-02
5.643500000000000000e+03 2.053489999999999829e-02
5.651500000000000000e+03 1.907599999999999921e-02
5.659500000000000000e+03 1.760739999999999875e-02
5.667500000000000000e+03 1.612639999999999907e-02
5.675500000000000000e+03 1.465409999999999976e-02
5.683500000000000000e+03 1.321190000000000038e-02
5.691500000000000000e+03 1.177240000000000057e-02
5.699500000000000000e+03 1.004900000000000064e-02
5.707500000000000000e+03 8.346789999999999765e-03
5.715500000000000000e+03 7.198150000000000381e-03
5.723500000000000000e+03 6.103420000000000026e-03
5.731500000000000000e+03 4.427559999999999656e-03
5.739500000000000000e+03 2.878470000000000160e-03
5.747500000000000000e+03 2.282259999999999931e-03
5.755500000000000000e+03 1.299199999999999921e-03
5.763500000000000000e+03 2.373759999999999987e-04
5.771500000000000000e+03 3.254989999999999815e-05
5.779500000000000000e+03 3.250890000000000312e-05
5.787500000000000000e+03 3.333690000000000264e-05
5.795500000000000000e+03 3.376699999999999705e-05
5.803500000000000000e+03 3.291799999999999891e-05
5.811500000000000000e+03 2.630670000000000005e-05
5.819500000000000000e+03 2.143020000000000024e-05
5.827500000000000000e+03 2.192680000000000155e-05
5.835500000000000000e+03 2.236169999999999971e-05
5.843500000000000000e+03 2.356090000000000002e-05
5.851500000000000000e+03 2.600159999999999852e-05
5.859500000000000000e+03 2.736080000000000069e-05
5.867500000000000000e+03 2.649809999999999961e-05
5.875500000000000000e+03 1.671039999999999844e-05
5.883500000000000000e+03 3.427530000000000199e-06
