1.777000000000000000e+03 0.000000000000000000e+00
1.782000000000000000e+03 1.862169999999999952e-06
1.787000000000000000e+03 8.539879999999999626e-06
1.792000000000000000e+03 1.339099999999999935e-05
1.797000000000000000e+03 1.387820000000000038e-05
1.802000000000000000e+03 1.455520000000000084e-05
1.807000000000000000e+03 2.410939999999999993e-05
1.812000000000000000e+03 3.797800000000000129e-05
1.817000000000000000e+03 4.338119999999999726e-05
1.822000000000000000e+03 4.473549999999999884e-05
1.827000000000000000e+03 4.648409999999999765e-05
1.832000000000000000e+03 4.817109999999999692e-05
1.837000000000000000e+03 4.964589999999999845e-05
1.842000000000000000e+03 5.088779999999999752e-05
1.847000000000000000e+03 5.185130000000000278e-05
1.852000000000000000e+03 5.263739999999999852e-05
1.857000000000000000e+03 5.267910000000000187e-05
1.862000000000000000e+03 5.249449999999999689e-05
1.867000000000000000e+03 5.174880000000000164e-05
1.872000000000000000e+03 5.117299999999999947e-05
1.877000000000000000e+03 5.056570000000000276e-05
1.882000000000000000e+03 5.027959999999999884e-05
1.887000000000000000e+03 5.025509999999999933e-05
1.892000000000000000e+03 5.044450000000000127e-05
1.897000000000000000e+03 5.141599999999999697e-05
1.902000000000000000e+03 5.228010000000000111e-05
1.907000000000000000e+03 5.371249999999999777e-05
1.912000000000000000e+03 5.469229999999999811e-05
1.917000000000000000e+03 5.559880000000000036e-05
1.922000000000000000e+03 5.571750000000000314e-05
1.927000000000000000e+03 5.490839999999999762e-05
1.932000000000000000e+03 5.348669999999999732e-05
1.937000000000000000e+03 5.085449999999999904e-05
1.942000000000000000e+03 4.791670000000000152e-05
1.947000000000000000e+03 4.384559999999999911e-05
1.952000000000000000e+03 3.995769999999999861e-05
1.957000000000000000e+03 3.590490000000000245e-05
1.962000000000000000e+03 3.256579999999999913e-05
1.967000000000000000e+03 2.974459999999999978e-05
1.972000000000000000e+03 2.771669999999999841e-05
1.977000000000000000e+03 2.670499999999999927e-05
1.982000000000000000e+03 2.633589999999999971e-05
1.987000000000000000e+03 2.694409999999999839e-05
1.992000000000000000e+03 2.794060000000000147e-05
1.997000000000000000e+03 2.969359999999999976e-05
2.002000000000000000e+03 3.152349999999999727e-05
2.007000000000000000e+03 3.350920000000000098e-05
2.012000000000000000e+03 3.514349999999999988e-05
2.017000000000000000e+03 3.637790000000000283e-05
2.022000000000000000e+03 3.710549999999999905e-05
2.027000000000000000e+03 3.737480000000000001e-05
2.032000000000000000e+03 3.724129999999999867e-05
2.037000000000000000e+03 3.648520000000000094e-05
2.042000000000000000e+03 3.525059999999999755e-05
2.047000000000000000e+03 3.338320000000000252e-05
2.052000000000000000e+03 3.151769999999999810e-05
2.057000000000000000e+03 2.958839999999999948e-05
2.062000000000000000e+03 2.766619999999999949e-05
2.067000000000000000e+03 2.593620000000000081e-05
2.072000000000000000e+03 2.446370000000000093e-05
2.077000000000000000e+03 2.329589999999999832e-05
2.082000000000000000e+03 2.250450000000000112e-05
2.087000000000000000e+03 2.213390000000000165e-05
2.092000000000000000e+03 2.183390000000000114e-05
2.097000000000000000e+03 2.155600000000000165e-05
2.102000000000000000e+03 2.134639999999999945e-05
2.107000000000000000e+03 2.127170000000000167e-05
2.112000000000000000e+03 2.128700000000000134e-05
2.117000000000000000e+03 2.131580000000000012e-05
2.122000000000000000e+03 2.128789999999999993e-05
2.127000000000000000e+03 2.125489999999999872e-05
2.132000000000000000e+03 2.126190000000000051e-05
2.137000000000000000e+03 2.126530000000000119e-05
2.142000000000000000e+03 2.124869999999999868e-05
2.147000000000000000e+03 2.130899999999999876e-05
2.152000000000000000e+03 2.145180000000000017e-05
2.157000000000000000e+03 2.174639999999999901e-05
2.162000000000000000e+03 2.202599999999999884e-05
2.167000000000000000e+03 2.228380000000000169e-05
2.172000000000000000e+03 2.260000000000000046e-05
2.177000000000000000e+03 2.295019999999999924e-05
2.182000000000000000e+03 2.350039999999999950e-05
2.187000000000000000e+03 2.408859999999999837e-05
2.192000000000000000e+03 2.497299999999999959e-05
2.197000000000000000e+03 2.642450000000000086e-05
2.202000000000000000e+03 2.779020000000000034e-05
2.207000000000000000e+03 2.762299999999999963e-05
2.212000000000000000e+03 2.679149999999999921e-05
2.217000000000000000e+03 2.588070000000000108e-05
2.222000000000000000e+03 2.502740000000000029e-05
2.227000000000000000e+03 2.418919999999999873e-05
2.232000000000000000e+03 2.308309999999999927e-05
2.237000000000000000e+03 2.189280000000000154e-05
2.242000000000000000e+03 2.034920000000000161e-05
2.247000000000000000e+03 1.818570000000000107e-05
2.252000000000000000e+03 1.617449999999999905e-05
2.257000000000000000e+03 1.569130000000000001e-05
2.262000000000000000e+03 1.550109999999999970e-05
2.267000000000000000e+03 1.530589999999999859e-05
2.272000000000000000e+03 1.516910000000000017e-05
2.277000000000000000e+03 1.503780000000000026e-05
2.282000000000000000e+03 1.488059999999999946e-05
2.287000000000000000e+03 1.473399999999999988e-05
2.292000000000000000e+03 1.463509999999999986e-05
2.297000000000000000e+03 1.449969999999999943e-05
2.302000000000000000e+03 1.432100000000000061e-05
2.307000000000000000e+03 1.416379999999999981e-05
2.312000000000000000e+03 1.393639999999999925e-05
2.317000000000000000e+03 1.378449999999999991e-05
2.322000000000000000e+03 1.377969999999999954e-05
2.327000000000000000e+03 1.374719999999999943e-05
2.332000000000000000e+03 1.359669999999999977e-05
2.337000000000000000e+03 1.353789999999999959e-05
2.342000000000000000e+03 1.377809999999999942e-05
2.347000000000000000e+03 1.403379999999999936e-05
2.352000000000000000e+03 1.421810000000000029e-05
2.357000000000000000e+03 1.449989999999999987e-05
2.362000000000000000e+03 1.478620000000000083e-05
2.367000000000000000e+03 1.514399999999999934e-05
2.372000000000000000e+03 1.563339999999999842e-05
2.377000000000000000e+03 1.611859999999999845e-05
2.382000000000000000e+03 1.671610000000000077e-05
2.387000000000000000e+03 1.741539999999999931e-05
2.392000000000000000e+03 1.834209999999999842e-05
2.397000000000000000e+03 1.927259999999999908e-05
2.402000000000000000e+03 2.020249999999999843e-05
2.407000000000000000e+03 2.125849999999999984e-05
2.412000000000000000e+03 2.225009999999999895e-05
2.417000000000000000e+03 2.363179999999999963e-05
2.422000000000000000e+03 2.518240000000000135e-05
2.427000000000000000e+03 2.695260000000000009e-05
2.432000000000000000e+03 2.927469999999999942e-05
2.437000000000000000e+03 3.168399999999999683e-05
2.442000000000000000e+03 3.503709999999999697e-05
2.447000000000000000e+03 3.883919999999999907e-05
2.452000000000000000e+03 4.336009999999999843e-05
2.457000000000000000e+03 4.931700000000000233e-05
2.462000000000000000e+03 5.552140000000000005e-05
2.467000000000000000e+03 6.481909999999999744e-05
2.472000000000000000e+03 7.509290000000000062e-05
2.477000000000000000e+03 8.919489999999999537e-05
2.482000000000000000e+03 1.100070000000000057e-04
2.487000000000000000e+03 1.323909999999999866e-04
2.492000000000000000e+03 1.703870000000000070e-04
2.497000000000000000e+03 2.127920000000000050e-04
2.502000000000000000e+03 2.717659999999999998e-04
2.507000000000000000e+03 3.559720000000000267e-04
2.512000000000000000e+03 4.474179999999999911e-04
2.517000000000000000e+03 6.002409999999999473e-04
2.522000000000000000e+03 7.670739999999999677e-04
2.527000000000000000e+03 9.888250000000000338e-04
2.532000000000000000e+03 1.279369999999999943e-03
2.537000000000000000e+03 1.585980000000000072e-03
2.542000000000000000e+03 2.003630000000000168e-03
2.547000000000000000e+03 2.441950000000000023e-03
2.552000000000000000e+03 2.945339999999999851e-03
2.557000000000000000e+03 3.515859999999999992e-03
2.562000000000000000e+03 4.091860000000000115e-03
2.567000000000000000e+03 4.697569999999999871e-03
2.572000000000000000e+03 5.308290000000000231e-03
2.577000000000000000e+03 5.882759999999999899e-03
2.582000000000000000e+03 6.426880000000000266e-03
2.587000000000000000e+03 6.947929999999999731e-03
2.592000000000000000e+03 7.357419999999999932e-03
2.597000000000000000e+03 7.754379999999999953e-03
2.602000000000000000e+03 8.048029999999999420e-03
2.607000000000000000e+03 8.271050000000000277e-03
2.612000000000000000e+03 8.475029999999999716e-03
2.617000000000000000e+03 8.596209999999999962e-03
2.622000000000000000e+03 8.713049999999999962e-03
2.627000000000000000e+03 8.804199999999999873e-03
2.632000000000000000e+03 8.884690000000000643e-03
2.637000000000000000e+03 8.990510000000000168e-03
2.642000000000000000e+03 9.240150000000000793e-03
2.647000000000000000e+03 9.525340000000000196e-03
2.652000000000000000e+03 9.845879999999999563e-03
2.657000000000000000e+03 1.021999999999999992e-02
2.662000000000000000e+03 1.077430000000000054e-02
2.667000000000000000e+03 1.139079999999999954e-02
2.672000000000000000e+03 1.215950000000000017e-02
2.677000000000000000e+03 1.297719999999999950e-02
2.682000000000000000e+03 1.390289999999999929e-02
2.687000000000000000e+03 1.487630000000000029e-02
2.692000000000000000e+03 1.591040000000000162e-02
2.697000000000000000e+03 1.699250000000000066e-02
2.702000000000000000e+03 1.812630000000000144e-02
2.707000000000000000e+03 1.932700000000000043e-02
2.712000000000000000e+03 2.066339999999999844e-02
2.717000000000000000e+03 2.216999999999999874e-02
2.722000000000000000e+03 2.382880000000000068e-02
2.727000000000000000e+03 2.568490000000000009e-02
2.732000000000000000e+03 2.775280000000000108e-02
2.737000000000000000e+03 3.002559999999999951e-02
2.742000000000000000e+03 3.258029999999999954e-02
2.747000000000000000e+03 3.540209999999999885e-02
2.752000000000000000e+03 3.842990000000000295e-02
2.757000000000000000e+03 4.171679999999999833e-02
2.762000000000000000e+03 4.516440000000000038e-02
2.767000000000000000e+03 4.874740000000000323e-02
2.772000000000000000e+03 5.243330000000000213e-02
2.777000000000000000e+03 5.615730000000000027e-02
2.782000000000000000e+03 5.992750000000000160e-02
2.787000000000000000e+03 6.366760000000000475e-02
2.792000000000000000e+03 6.735760000000000358e-02
2.797000000000000000e+03 7.084940000000000682e-02
2.802000000000000000e+03 7.416879999999999307e-02
2.807000000000000000e+03 7.717390000000000361e-02
2.812000000000000000e+03 7.993830000000000380e-02
2.817000000000000000e+03 8.239059999999999440e-02
2.822000000000000000e+03 8.453439999999999566e-02
2.827000000000000000e+03 8.638369999999999382e-02
2.832000000000000000e+03 8.786349999999999716e-02
2.837000000000000000e+03 8.909040000000000015e-02
2.842000000000000000e+03 9.000149999999999817e-02
2.847000000000000000e+03 9.077509999999999746e-02
2.852000000000000000e+03 9.134309999999999652e-02
2.857000000000000000e+03 9.185759999999999759e-02
2.862000000000000000e+03 9.225060000000000204e-02
2.867000000000000000e+03 9.256999999999999951e-02
2.872000000000000000e+03 9.286679999999999935e-02
2.877000000000000000e+03 9.313749999999999807e-02
2.882000000000000000e+03 9.345449999999999591e-02
2.887000000000000000e+03 9.380750000000000199e-02
2.892000000000000000e+03 9.417580000000000395e-02
2.897000000000000000e+03 9.454110000000000291e-02
2.902000000000000000e+03 9.493229999999999724e-02
2.907000000000000000e+03 9.533859999999999557e-02
2.912000000000000000e+03 9.581570000000000364e-02
2.917000000000000000e+03 9.626869999999999872e-02
2.922000000000000000e+03 9.686670000000000003e-02
2.927000000000000000e+03 9.774130000000000318e-02
2.932000000000000000e+03 9.899049999999999516e-02
2.937000000000000000e+03 1.005970000000000059e-01
2.942000000000000000e+03 1.027610000000000051e-01
2.947000000000000000e+03 1.056710000000000010e-01
2.952000000000000000e+03 1.098009999999999958e-01
2.957000000000000000e+03 1.154649999999999982e-01
2.962000000000000000e+03 1.240900000000000059e-01
2.967000000000000000e+03 1.363280000000000047e-01
2.972000000000000000e+03 1.542759999999999965e-01
2.977000000000000000e+03 1.801590000000000136e-01
2.982000000000000000e+03 2.170529999999999959e-01
2.987000000000000000e+03 2.667760000000000131e-01
2.992000000000000000e+03 3.338749999999999774e-01
2.997000000000000000e+03 4.144100000000000006e-01
3.002000000000000000e+03 5.091499999999999915e-01
3.007000000000000000e+03 6.091940000000000133e-01
3.012000000000000000e+03 7.063160000000000549e-01
3.017000000000000000e+03 7.949929999999999497e-01
3.022000000000000000e+03 8.656380000000000186e-01
3.027000000000000000e+03 9.182519999999999571e-01
3.032000000000000000e+03 9.495430000000000259e-01
3.037000000000000000e+03 9.663439999999999808e-01
3.042000000000000000e+03 9.743450000000000166e-01
3.047000000000000000e+03 9.791860000000000008e-01
3.052000000000000000e+03 9.833290000000000086e-01
3.057000000000000000e+03 9.893939999999999957e-01
3.062000000000000000e+03 9.954589999999999828e-01
3.067000000000000000e+03 9.996610000000000218e-01
3.072000000000000000e+03 1.000000000000000000e+00
3.077000000000000000e+03 9.976089999999999680e-01
3.082000000000000000e+03 9.932640000000000358e-01
3.087000000000000000e+03 9.874089999999999812e-01
3.092000000000000000e+03 9.795760000000000023e-01
3.097000000000000000e+03 9.732210000000000027e-01
3.102000000000000000e+03 9.675099999999999811e-01
3.107000000000000000e+03 9.611100000000000199e-01
3.112000000000000000e+03 9.492800000000000127e-01
3.117000000000000000e+03 9.294160000000000199e-01
3.122000000000000000e+03 9.018220000000000125e-01
3.127000000000000000e+03 8.608940000000000481e-01
3.132000000000000000e+03 8.070380000000000331e-01
3.137000000000000000e+03 7.353600000000000136e-01
3.142000000000000000e+03 6.518869999999999942e-01
3.147000000000000000e+03 5.608030000000000515e-01
3.152000000000000000e+03 4.674459999999999726e-01
3.157000000000000000e+03 3.818010000000000015e-01
3.162000000000000000e+03 3.057549999999999990e-01
3.167000000000000000e+03 2.475199999999999900e-01
3.172000000000000000e+03 2.015270000000000117e-01
3.177000000000000000e+03 1.692970000000000030e-01
3.182000000000000000e+03 1.465970000000000051e-01
3.187000000000000000e+03 1.333820000000000006e-01
3.192000000000000000e+03 1.242479999999999973e-01
3.197000000000000000e+03 1.183670000000000000e-01
3.202000000000000000e+03 1.136640000000000011e-01
3.207000000000000000e+03 1.098370000000000041e-01
3.212000000000000000e+03 1.077300000000000063e-01
3.217000000000000000e+03 1.064900000000000013e-01
3.222000000000000000e+03 1.055890000000000023e-01
3.227000000000000000e+03 1.049130000000000063e-01
3.232000000000000000e+03 1.040520000000000056e-01
3.237000000000000000e+03 1.030760000000000010e-01
3.242000000000000000e+03 1.022350000000000064e-01
3.247000000000000000e+03 1.013310000000000044e-01
3.252000000000000000e+03 1.004089999999999983e-01
3.257000000000000000e+03 9.946960000000000524e-02
3.262000000000000000e+03 9.856449999999999934e-02
3.267000000000000000e+03 9.768910000000000093e-02
3.272000000000000000e+03 9.682920000000000416e-02
3.277000000000000000e+03 9.599249999999999450e-02
3.282000000000000000e+03 9.515650000000000497e-02
3.287000000000000000e+03 9.426690000000000069e-02
3.292000000000000000e+03 9.330589999999999717e-02
3.297000000000000000e+03 9.220609999999999917e-02
3.302000000000000000e+03 9.090620000000000644e-02
3.307000000000000000e+03 8.943099999999999661e-02
3.312000000000000000e+03 8.765820000000000556e-02
3.317000000000000000e+03 8.571689999999999865e-02
3.322000000000000000e+03 8.329229999999999967e-02
3.327000000000000000e+03 8.074720000000000508e-02
3.332000000000000000e+03 7.784209999999999741e-02
3.337000000000000000e+03 7.494789999999999786e-02
3.342000000000000000e+03 7.185809999999999420e-02
3.347000000000000000e+03 6.881059999999999954e-02
3.352000000000000000e+03 6.576659999999999451e-02
3.357000000000000000e+03 6.267490000000000561e-02
3.362000000000000000e+03 5.944239999999999940e-02
3.367000000000000000e+03 5.587679999999999730e-02
3.372000000000000000e+03 5.222129999999999828e-02
3.377000000000000000e+03 4.823539999999999772e-02
3.382000000000000000e+03 4.430130000000000179e-02
3.387000000000000000e+03 4.012910000000000088e-02
3.392000000000000000e+03 3.616819999999999757e-02
3.397000000000000000e+03 3.226360000000000339e-02
3.402000000000000000e+03 2.858250000000000027e-02
3.407000000000000000e+03 2.508219999999999894e-02
3.412000000000000000e+03 2.193490000000000023e-02
3.417000000000000000e+03 1.912439999999999973e-02
3.422000000000000000e+03 1.672130000000000144e-02
3.427000000000000000e+03 1.471030000000000081e-02
3.432000000000000000e+03 1.303679999999999943e-02
3.437000000000000000e+03 1.169010000000000014e-02
3.442000000000000000e+03 1.057680000000000078e-02
3.447000000000000000e+03 9.643820000000000864e-03
3.452000000000000000e+03 8.858889999999999473e-03
3.457000000000000000e+03 8.149170000000000719e-03
3.462000000000000000e+03 7.504270000000000385e-03
3.467000000000000000e+03 6.910480000000000095e-03
3.472000000000000000e+03 6.322079999999999887e-03
3.477000000000000000e+03 5.770800000000000408e-03
3.482000000000000000e+03 5.225269999999999741e-03
3.487000000000000000e+03 4.700629999999999913e-03
3.492000000000000000e+03 4.199080000000000000e-03
3.497000000000000000e+03 3.664750000000000039e-03
3.502000000000000000e+03 3.121790000000000155e-03
3.507000000000000000e+03 2.705100000000000213e-03
3.512000000000000000e+03 2.336029999999999791e-03
3.517000000000000000e+03 2.001950000000000170e-03
3.522000000000000000e+03 1.713859999999999993e-03
3.527000000000000000e+03 1.436189999999999949e-03
3.532000000000000000e+03 1.218960000000000052e-03
3.537000000000000000e+03 1.015419999999999951e-03
3.542000000000000000e+03 8.453830000000000068e-04
3.547000000000000000e+03 7.118429999999999810e-04
3.552000000000000000e+03 5.848649999999999509e-04
3.557000000000000000e+03 4.939340000000000180e-04
3.562000000000000000e+03 4.091669999999999943e-04
3.567000000000000000e+03 3.408309999999999899e-04
3.572000000000000000e+03 2.880010000000000230e-04
3.577000000000000000e+03 2.376179999999999872e-04
3.582000000000000000e+03 1.930310000000000023e-04
3.587000000000000000e+03 1.524069999999999928e-04
3.592000000000000000e+03 1.229710000000000124e-04
3.597000000000000000e+03 9.339700000000000042e-05
3.602000000000000000e+03 7.560690000000000281e-05
3.607000000000000000e+03 6.634739999999999431e-05
3.612000000000000000e+03 5.776300000000000244e-05
3.617000000000000000e+03 5.146210000000000319e-05
3.622000000000000000e+03 4.647769999999999717e-05
3.627000000000000000e+03 4.201019999999999971e-05
3.632000000000000000e+03 3.933840000000000269e-05
3.637000000000000000e+03 3.681509999999999926e-05
3.642000000000000000e+03 3.528650000000000173e-05
3.647000000000000000e+03 3.426149999999999714e-05
3.652000000000000000e+03 3.339639999999999758e-05
3.657000000000000000e+03 3.296860000000000144e-05
3.662000000000000000e+03 3.266159999999999913e-05
3.667000000000000000e+03 3.260609999999999941e-05
3.672000000000000000e+03 3.271260000000000254e-05
3.677000000000000000e+03 3.272720000000000067e-05
3.682000000000000000e+03 3.238480000000000205e-05
3.687000000000000000e+03 3.194900000000000192e-05
3.692000000000000000e+03 3.100139999999999764e-05
3.697000000000000000e+03 2.991200000000000092e-05
3.702000000000000000e+03 2.932129999999999996e-05
3.707000000000000000e+03 2.870129999999999912e-05
3.712000000000000000e+03 2.809340000000000109e-05
3.717000000000000000e+03 2.750509999999999861e-05
3.722000000000000000e+03 2.726680000000000125e-05
3.727000000000000000e+03 2.700009999999999921e-05
3.732000000000000000e+03 2.652859999999999873e-05
3.737000000000000000e+03 2.556309999999999925e-05
3.742000000000000000e+03 2.360229999999999932e-05
3.747000000000000000e+03 2.218480000000000145e-05
3.752000000000000000e+03 2.176839999999999982e-05
3.757000000000000000e+03 2.156800000000000085e-05
3.762000000000000000e+03 2.147899999999999883e-05
3.767000000000000000e+03 2.190030000000000104e-05
3.772000000000000000e+03 2.284809999999999898e-05
3.777000000000000000e+03 2.389609999999999979e-05
3.782000000000000000e+03 2.506800000000000122e-05
3.787000000000000000e+03 2.580940000000000060e-05
3.792000000000000000e+03 2.613830000000000011e-05
3.797000000000000000e+03 2.636209999999999956e-05
3.802000000000000000e+03 2.646199999999999838e-05
3.807000000000000000e+03 2.663030000000000150e-05
3.812000000000000000e+03 2.685240000000000061e-05
3.817000000000000000e+03 2.708529999999999968e-05
3.822000000000000000e+03 2.733869999999999966e-05
3.827000000000000000e+03 2.763039999999999892e-05
3.832000000000000000e+03 2.795240000000000024e-05
3.837000000000000000e+03 2.837099999999999992e-05
3.842000000000000000e+03 2.893939999999999943e-05
3.847000000000000000e+03 2.944520000000000058e-05
3.852000000000000000e+03 2.989559999999999885e-05
3.857000000000000000e+03 3.019989999999999863e-05
3.862000000000000000e+03 3.044850000000000163e-05
3.867000000000000000e+03 3.086029999999999996e-05
3.872000000000000000e+03 3.133150000000000317e-05
3.877000000000000000e+03 3.179029999999999953e-05
3.882000000000000000e+03 3.222030000000000049e-05
3.887000000000000000e+03 3.259410000000000020e-05
3.892000000000000000e+03 3.289080000000000026e-05
3.897000000000000000e+03 3.327440000000000112e-05
3.902000000000000000e+03 3.360959999999999751e-05
3.907000000000000000e+03 3.369689999999999920e-05
3.912000000000000000e+03 3.365679999999999936e-05
3.917000000000000000e+03 3.341759999999999663e-05
3.922000000000000000e+03 3.319289999999999860e-05
3.927000000000000000e+03 3.324990000000000161e-05
3.932000000000000000e+03 3.340849999999999701e-05
3.937000000000000000e+03 3.365319999999999824e-05
3.942000000000000000e+03 3.390019999999999774e-05
3.947000000000000000e+03 3.403569999999999670e-05
3.952000000000000000e+03 3.424939999999999772e-05
3.957000000000000000e+03 3.448169999999999886e-05
3.962000000000000000e+03 3.472289999999999920e-05
3.967000000000000000e+03 3.493879999999999827e-05
3.972000000000000000e+03 3.509870000000000329e-05
3.977000000000000000e+03 3.523169999999999677e-05
3.982000000000000000e+03 3.316350000000000190e-05
3.987000000000000000e+03 2.768029999999999991e-05
3.992000000000000000e+03 2.462110000000000047e-05
3.997000000000000000e+03 2.444840000000000126e-05
4.002000000000000000e+03 2.427099999999999852e-05
4.007000000000000000e+03 2.423999999999999831e-05
4.012000000000000000e+03 2.429479999999999989e-05
4.017000000000000000e+03 2.456019999999999907e-05
4.022000000000000000e+03 2.478940000000000020e-05
4.027000000000000000e+03 2.483829999999999900e-05
4.032000000000000000e+03 2.203549999999999934e-05
4.037000000000000000e+03 1.162620000000000060e-05
4.042000000000000000e+03 3.644279999999999860e-06
4.047000000000000000e+03 3.137150000000000110e-06
4.052000000000000000e+03 3.257640000000000205e-06
4.057000000000000000e+03 3.383690000000000040e-06
4.062000000000000000e+03 3.509260000000000177e-06
4.067000000000000000e+03 3.634390000000000028e-06
4.072000000000000000e+03 3.759390000000000102e-06
4.077000000000000000e+03 3.883689999999999911e-06
4.082000000000000000e+03 4.007900000000000201e-06
4.087000000000000000e+03 4.107569999999999875e-06
4.092000000000000000e+03 4.187819999999999657e-06
4.097000000000000000e+03 4.253409999999999651e-06
4.102000000000000000e+03 4.254779999999999775e-06
4.107000000000000000e+03 4.248519999999999771e-06
4.112000000000000000e+03 4.190590000000000310e-06
4.117000000000000000e+03 4.098980000000000352e-06
4.122000000000000000e+03 4.024490000000000325e-06
4.127000000000000000e+03 4.012919999999999858e-06
4.132000000000000000e+03 4.007109999999999993e-06
4.137000000000000000e+03 4.001290000000000276e-06
4.142000000000000000e+03 3.995480000000000411e-06
4.147000000000000000e+03 3.989669999999999699e-06
4.152000000000000000e+03 3.983890000000000239e-06
4.157000000000000000e+03 3.978109999999999932e-06
4.162000000000000000e+03 3.972159999999999591e-06
4.167000000000000000e+03 3.966140000000000282e-06
4.172000000000000000e+03 3.960120000000000126e-06
4.177000000000000000e+03 3.954140000000000228e-06
4.182000000000000000e+03 3.948149999999999629e-06
4.187000000000000000e+03 3.942140000000000173e-06
4.192000000000000000e+03 3.936120000000000017e-06
4.197000000000000000e+03 3.930109999999999714e-06
4.202000000000000000e+03 3.924119999999999963e-06
4.207000000000000000e+03 3.921630000000000263e-06
4.212000000000000000e+03 3.978969999999999954e-06
4.217000000000000000e+03 4.055960000000000381e-06
4.222000000000000000e+03 4.106580000000000076e-06
4.227000000000000000e+03 4.108020000000000015e-06
4.232000000000000000e+03 4.110729999999999858e-06
4.237000000000000000e+03 4.140980000000000119e-06
4.242000000000000000e+03 4.179019999999999843e-06
4.247000000000000000e+03 4.186410000000000123e-06
4.252000000000000000e+03 4.144890000000000053e-06
4.257000000000000000e+03 4.111050000000000221e-06
4.262000000000000000e+03 4.149859999999999601e-06
4.267000000000000000e+03 4.206069999999999864e-06
4.272000000000000000e+03 4.279419999999999763e-06
4.277000000000000000e+03 4.375559999999999828e-06
4.282000000000000000e+03 4.467809999999999665e-06
4.287000000000000000e+03 4.531269999999999732e-06
4.292000000000000000e+03 4.589060000000000410e-06
4.297000000000000000e+03 4.666310000000000390e-06
4.302000000000000000e+03 4.764760000000000269e-06
4.307000000000000000e+03 4.853510000000000055e-06
4.312000000000000000e+03 4.881789999999999723e-06
4.317000000000000000e+03 4.900629999999999699e-06
4.322000000000000000e+03 4.928309999999999745e-06
4.327000000000000000e+03 4.963919999999999731e-06
4.332000000000000000e+03 4.993250000000000008e-06
4.337000000000000000e+03 4.991570000000000220e-06
4.342000000000000000e+03 4.985799999999999766e-06
4.347000000000000000e+03 5.049559999999999643e-06
4.352000000000000000e+03 5.164220000000000168e-06
4.357000000000000000e+03 5.271490000000000413e-06
4.362000000000000000e+03 5.348619999999999622e-06
4.367000000000000000e+03 5.422299999999999737e-06
4.372000000000000000e+03 5.471119999999999720e-06
4.377000000000000000e+03 5.504649999999999889e-06
4.382000000000000000e+03 5.563320000000000294e-06
4.387000000000000000e+03 5.708920000000000222e-06
4.392000000000000000e+03 5.860960000000000040e-06
4.397000000000000000e+03 5.986349999999999868e-06
4.402000000000000000e+03 6.097750000000000190e-06
4.407000000000000000e+03 6.179180000000000358e-06
4.412000000000000000e+03 6.171049999999999980e-06
4.417000000000000000e+03 6.158700000000000005e-06
4.422000000000000000e+03 6.166150000000000247e-06
4.427000000000000000e+03 6.182369999999999898e-06
4.432000000000000000e+03 6.196099999999999850e-06
4.437000000000000000e+03 6.203700000000000421e-06
4.442000000000000000e+03 6.212960000000000227e-06
4.447000000000000000e+03 6.260879999999999931e-06
4.452000000000000000e+03 6.323060000000000240e-06
4.457000000000000000e+03 6.397160000000000090e-06
4.462000000000000000e+03 6.495870000000000370e-06
4.467000000000000000e+03 6.595389999999999715e-06
4.472000000000000000e+03 6.695870000000000149e-06
4.477000000000000000e+03 6.796650000000000394e-06
4.482000000000000000e+03 6.870619999999999619e-06
4.487000000000000000e+03 6.897589999999999973e-06
4.492000000000000000e+03 6.928880000000000142e-06
4.497000000000000000e+03 7.013849999999999771e-06
4.502000000000000000e+03 7.113110000000000410e-06
4.507000000000000000e+03 7.197409999999999755e-06
4.512000000000000000e+03 7.259199999999999887e-06
4.517000000000000000e+03 7.321600000000000340e-06
4.522000000000000000e+03 7.389129999999999674e-06
4.527000000000000000e+03 7.457790000000000132e-06
4.532000000000000000e+03 7.559919999999999948e-06
4.537000000000000000e+03 7.703260000000000172e-06
4.542000000000000000e+03 7.837259999999999228e-06
4.547000000000000000e+03 7.906739999999999450e-06
4.552000000000000000e+03 7.964580000000000238e-06
4.557000000000000000e+03 8.020969999999999541e-06
4.562000000000000000e+03 8.075919999999999751e-06
4.567000000000000000e+03 8.140549999999999504e-06
4.572000000000000000e+03 8.259970000000000132e-06
4.577000000000000000e+03 8.387439999999999777e-06
4.582000000000000000e+03 8.494030000000000734e-06
4.587000000000000000e+03 8.583340000000000731e-06
4.592000000000000000e+03 8.666500000000000795e-06
4.597000000000000000e+03 8.721590000000000635e-06
4.602000000000000000e+03 8.773249999999999392e-06
4.607000000000000000e+03 8.867429999999999564e-06
4.612000000000000000e+03 8.990360000000000097e-06
4.617000000000000000e+03 9.106199999999999313e-06
4.622000000000000000e+03 9.194999999999999208e-06
4.627000000000000000e+03 9.281819999999999505e-06
4.632000000000000000e+03 9.412929999999999678e-06
4.637000000000000000e+03 9.569679999999999490e-06
4.642000000000000000e+03 9.733849999999999987e-06
4.647000000000000000e+03 9.922230000000000036e-06
4.652000000000000000e+03 1.011229999999999973e-05
4.657000000000000000e+03 1.030079999999999970e-05
4.662000000000000000e+03 1.048839999999999939e-05
4.667000000000000000e+03 1.066650000000000028e-05
4.672000000000000000e+03 1.081800000000000044e-05
4.677000000000000000e+03 1.096609999999999992e-05
4.682000000000000000e+03 1.106469999999999928e-05
4.687000000000000000e+03 1.114279999999999943e-05
4.692000000000000000e+03 1.077310000000000024e-05
4.697000000000000000e+03 9.376690000000000513e-06
4.702000000000000000e+03 8.013640000000000070e-06
4.707000000000000000e+03 7.994289999999999993e-06
4.712000000000000000e+03 8.433449999999999698e-06
4.717000000000000000e+03 8.719539999999999528e-06
4.722000000000000000e+03 8.709480000000000509e-06
4.727000000000000000e+03 8.748549999999999442e-06
4.732000000000000000e+03 9.503900000000000604e-06
4.737000000000000000e+03 1.046940000000000008e-05
4.742000000000000000e+03 1.137169999999999990e-05
4.747000000000000000e+03 1.217000000000000037e-05
4.752000000000000000e+03 1.290620000000000020e-05
4.757000000000000000e+03 1.306020000000000076e-05
4.762000000000000000e+03 1.306899999999999973e-05
4.767000000000000000e+03 1.304649999999999952e-05
4.772000000000000000e+03 1.298050000000000049e-05
4.777000000000000000e+03 1.241459999999999969e-05
4.782000000000000000e+03 7.993849999999999705e-06
4.787000000000000000e+03 2.778029999999999896e-06
