1.020950000000000000e+04 0.000000000000000000e+00
1.022950000000000000e+04 2.429999999999999922e-07
1.024950000000000000e+04 7.430610000000000334e-06
1.026950000000000000e+04 1.747980000000000161e-05
1.028950000000000000e+04 2.101229999999999870e-05
1.030950000000000000e+04 2.185769999999999911e-05
1.032950000000000000e+04 2.141269999999999914e-05
1.034950000000000000e+04 2.043990000000000059e-05
1.036950000000000000e+04 1.848469999999999939e-05
1.038950000000000000e+04 1.655970000000000003e-05
1.040950000000000000e+04 1.811709999999999972e-05
1.042950000000000000e+04 2.060889999999999847e-05
1.044950000000000000e+04 2.316929999999999855e-05
1.046950000000000000e+04 2.485580000000000011e-05
1.048950000000000000e+04 2.417000000000000067e-05
1.050950000000000000e+04 2.861919999999999867e-05
1.052950000000000000e+04 3.425150000000000232e-05
1.054950000000000000e+04 4.370200000000000273e-05
1.056950000000000000e+04 6.203390000000000249e-05
1.058950000000000000e+04 7.732039999999999920e-05
1.060950000000000000e+04 1.039899999999999988e-04
1.062950000000000000e+04 1.356420000000000000e-04
1.064950000000000000e+04 1.891080000000000061e-04
1.066950000000000000e+04 2.637979999999999839e-04
1.068950000000000000e+04 3.978930000000000205e-04
1.070950000000000000e+04 6.012230000000000135e-04
1.072950000000000000e+04 9.873589999999999364e-04
1.074950000000000000e+04 1.554599999999999949e-03
1.076950000000000000e+04 2.582749999999999976e-03
1.078950000000000000e+04 4.029010000000000404e-03
1.080950000000000000e+04 6.391100000000000253e-03
1.082950000000000000e+04 8.994719999999999452e-03
1.084950000000000000e+04 1.200219999999999933e-02
1.086950000000000000e+04 1.462800000000000038e-02
1.088950000000000000e+04 1.654189999999999827e-02
1.090950000000000000e+04 1.786439999999999903e-02
1.092950000000000000e+04 1.828770000000000048e-02
1.094950000000000000e+04 1.848349999999999993e-02
1.096950000000000000e+04 1.839400000000000063e-02
1.098950000000000000e+04 1.856160000000000102e-02
1.100950000000000000e+04 1.907980000000000093e-02
1.102950000000000000e+04 2.046780000000000127e-02
1.104950000000000000e+04 2.262810000000000168e-02
1.106950000000000000e+04 2.625860000000000000e-02
1.108950000000000000e+04 3.071729999999999947e-02
1.110950000000000000e+04 3.677180000000000032e-02
1.112950000000000000e+04 4.369470000000000298e-02
1.114950000000000000e+04 5.143059999999999993e-02
1.116950000000000000e+04 6.029469999999999968e-02
1.118950000000000000e+04 7.054399999999999560e-02
1.120950000000000000e+04 8.290540000000000409e-02
1.122950000000000000e+04 9.876329999999999831e-02
1.124950000000000000e+04 1.171839999999999965e-01
1.126950000000000000e+04 1.422190000000000121e-01
1.128950000000000000e+04 1.641720000000000124e-01
1.130950000000000000e+04 1.771949999999999914e-01
1.132950000000000000e+04 1.933159999999999878e-01
1.134950000000000000e+04 2.180249999999999966e-01
1.136950000000000000e+04 2.436860000000000137e-01
1.138950000000000000e+04 2.652459999999999818e-01
1.140950000000000000e+04 2.964160000000000128e-01
1.142950000000000000e+04 3.469940000000000246e-01
1.144950000000000000e+04 4.070280000000000009e-01
1.146950000000000000e+04 4.734579999999999900e-01
1.148950000000000000e+04 5.376140000000000363e-01
1.150950000000000000e+04 5.884960000000000191e-01
1.152950000000000000e+04 6.231430000000000025e-01
1.154950000000000000e+04 6.434919999999999529e-01
1.156950000000000000e+04 6.552099999999999591e-01
1.158950000000000000e+04 6.585509999999999975e-01
1.160950000000000000e+04 6.690009999999999568e-01
1.162950000000000000e+04 6.886459999999999804e-01
1.164950000000000000e+04 7.244249999999999856e-01
1.166950000000000000e+04 7.702499999999999902e-01
1.168950000000000000e+04 8.126640000000000530e-01
1.170950000000000000e+04 8.475669999999999593e-01
1.172950000000000000e+04 8.727000000000000313e-01
1.174950000000000000e+04 8.952120000000000077e-01
1.176950000000000000e+04 9.056530000000000413e-01
1.178950000000000000e+04 9.024579999999999824e-01
1.180950000000000000e+04 8.913060000000000427e-01
1.182950000000000000e+04 8.769190000000000040e-01
1.184950000000000000e+04 8.640619999999999967e-01
1.186950000000000000e+04 8.555340000000000167e-01
1.188950000000000000e+04 8.587740000000000373e-01
1.190950000000000000e+04 8.696030000000000149e-01
1.192950000000000000e+04 8.842630000000000212e-01
1.194950000000000000e+04 9.031190000000000051e-01
1.196950000000000000e+04 9.240909999999999958e-01
1.198950000000000000e+04 9.436529999999999641e-01
1.200950000000000000e+04 9.587269999999999959e-01
1.202950000000000000e+04 9.699640000000000484e-01
1.204950000000000000e+04 9.782110000000000527e-01
1.206950000000000000e+04 9.840029999999999610e-01
1.208950000000000000e+04 9.884579999999999478e-01
1.210950000000000000e+04 9.918940000000000534e-01
1.212950000000000000e+04 9.947319999999999496e-01
1.214950000000000000e+04 9.968420000000000059e-01
1.216950000000000000e+04 9.982739999999999947e-01
1.218950000000000000e+04 9.987800000000000011e-01
1.220950000000000000e+04 9.988820000000000476e-01
1.222950000000000000e+04 9.983419999999999517e-01
1.224950000000000000e+04 9.985659999999999537e-01
1.226950000000000000e+04 9.993769999999999598e-01
1.228950000000000000e+04 9.998329999999999718e-01
1.230950000000000000e+04 1.000000000000000000e+00
1.232950000000000000e+04 9.993239999999999901e-01
1.234950000000000000e+04 9.980379999999999807e-01
1.236950000000000000e+04 9.961710000000000287e-01
1.238950000000000000e+04 9.928409999999999735e-01
1.240950000000000000e+04 9.877500000000000169e-01
1.242950000000000000e+04 9.819409999999999528e-01
1.244950000000000000e+04 9.768999999999999906e-01
1.246950000000000000e+04 9.733479999999999910e-01
1.248950000000000000e+04 9.723309999999999453e-01
1.250950000000000000e+04 9.714840000000000142e-01
1.252950000000000000e+04 9.683190000000000408e-01
1.254950000000000000e+04 9.647559999999999469e-01
1.256950000000000000e+04 9.620389999999999775e-01
1.258950000000000000e+04 9.605500000000000149e-01
1.260950000000000000e+04 9.593760000000000066e-01
1.262950000000000000e+04 9.567849999999999966e-01
1.264950000000000000e+04 9.528079999999999883e-01
1.266950000000000000e+04 9.481880000000000308e-01
1.268950000000000000e+04 9.438870000000000315e-01
1.270950000000000000e+04 9.409159999999999746e-01
1.272950000000000000e+04 9.404550000000000409e-01
1.274950000000000000e+04 9.413169999999999593e-01
1.276950000000000000e+04 9.403460000000000152e-01
1.278950000000000000e+04 9.380560000000000009e-01
1.280950000000000000e+04 9.361770000000000369e-01
1.282950000000000000e+04 9.342899999999999539e-01
1.284950000000000000e+04 9.321880000000000166e-01
1.286950000000000000e+04 9.304569999999999785e-01
1.288950000000000000e+04 9.301030000000000131e-01
1.290950000000000000e+04 9.305529999999999635e-01
1.292950000000000000e+04 9.299220000000000264e-01
1.294950000000000000e+04 9.290950000000000042e-01
1.296950000000000000e+04 9.287440000000000140e-01
1.298950000000000000e+04 9.276900000000000146e-01
1.300950000000000000e+04 9.231350000000000389e-01
1.302950000000000000e+04 9.165170000000000261e-01
1.304950000000000000e+04 9.094189999999999774e-01
1.306950000000000000e+04 8.990099999999999758e-01
1.308950000000000000e+04 8.803889999999999771e-01
1.310950000000000000e+04 8.574990000000000112e-01
1.312950000000000000e+04 8.335029999999999939e-01
1.314950000000000000e+04 8.065489999999999604e-01
1.316950000000000000e+04 7.780099999999999794e-01
1.318950000000000000e+04 7.437890000000000335e-01
1.320950000000000000e+04 7.106339999999999879e-01
1.322950000000000000e+04 6.782340000000000035e-01
1.324950000000000000e+04 6.474440000000000195e-01
1.326950000000000000e+04 6.178890000000000216e-01
1.328950000000000000e+04 5.874840000000000062e-01
1.330950000000000000e+04 5.560920000000000307e-01
1.332950000000000000e+04 5.176349999999999563e-01
1.334950000000000000e+04 4.714960000000000262e-01
1.336950000000000000e+04 4.182060000000000222e-01
1.338950000000000000e+04 3.623449999999999727e-01
1.340950000000000000e+04 3.043029999999999902e-01
1.342950000000000000e+04 2.507869999999999822e-01
1.344950000000000000e+04 2.029590000000000005e-01
1.346950000000000000e+04 1.620360000000000134e-01
1.348950000000000000e+04 1.291839999999999933e-01
1.350950000000000000e+04 1.032789999999999958e-01
1.352950000000000000e+04 8.455360000000000653e-02
1.354950000000000000e+04 7.053850000000000398e-02
1.356950000000000000e+04 6.113600000000000284e-02
1.358950000000000000e+04 5.463919999999999888e-02
1.360950000000000000e+04 5.032140000000000224e-02
1.362950000000000000e+04 4.681699999999999751e-02
1.364950000000000000e+04 4.415229999999999849e-02
1.366950000000000000e+04 4.056169999999999914e-02
1.368950000000000000e+04 3.644180000000000336e-02
1.370950000000000000e+04 3.173120000000000107e-02
1.372950000000000000e+04 2.640330000000000107e-02
1.374950000000000000e+04 2.081109999999999904e-02
1.376950000000000000e+04 1.555600000000000038e-02
1.378950000000000000e+04 1.109369999999999974e-02
1.380950000000000000e+04 7.469210000000000432e-03
1.382950000000000000e+04 4.973439999999999979e-03
1.384950000000000000e+04 3.033179999999999904e-03
1.386950000000000000e+04 1.970250000000000213e-03
1.388950000000000000e+04 1.163989999999999947e-03
1.390950000000000000e+04 7.659179999999999808e-04
1.392950000000000000e+04 4.632780000000000188e-04
1.394950000000000000e+04 3.172970000000000217e-04
1.396950000000000000e+04 2.035109999999999968e-04
1.398950000000000000e+04 1.443209999999999892e-04
1.400950000000000000e+04 9.787409999999999860e-05
1.402950000000000000e+04 7.401879999999999679e-05
1.404950000000000000e+04 5.705140000000000065e-05
1.406950000000000000e+04 4.921140000000000117e-05
1.408950000000000000e+04 4.385670000000000312e-05
1.410950000000000000e+04 3.638529999999999873e-05
1.412950000000000000e+04 2.558909999999999866e-05
1.414950000000000000e+04 2.259469999999999900e-05
1.416950000000000000e+04 2.055849999999999976e-05
1.418950000000000000e+04 9.675280000000000647e-06
1.420950000000000000e+04 6.651440000000000432e-07
