1.453500000000000000e+03 0.000000000000000000e+00
1.457500000000000000e+03 1.066199999999999978e-07
1.461500000000000000e+03 3.260490000000000101e-06
1.465500000000000000e+03 1.054840000000000051e-05
1.469500000000000000e+03 1.622660000000000148e-05
1.473500000000000000e+03 1.789830000000000107e-05
1.477500000000000000e+03 1.848370000000000059e-05
1.481500000000000000e+03 1.926819999999999960e-05
1.485500000000000000e+03 2.012439999999999997e-05
1.489500000000000000e+03 2.099399999999999923e-05
1.493500000000000000e+03 2.183830000000000062e-05
1.497500000000000000e+03 2.263240000000000035e-05
1.501500000000000000e+03 2.318920000000000153e-05
1.505500000000000000e+03 2.343910000000000061e-05
1.509500000000000000e+03 2.340190000000000035e-05
1.513500000000000000e+03 2.310520000000000030e-05
1.517500000000000000e+03 2.266030000000000054e-05
1.521500000000000000e+03 2.212760000000000139e-05
1.525500000000000000e+03 2.160599999999999947e-05
1.529500000000000000e+03 2.114829999999999876e-05
1.533500000000000000e+03 2.096149999999999912e-05
1.537500000000000000e+03 2.111289999999999906e-05
1.541500000000000000e+03 2.160589999999999925e-05
1.545500000000000000e+03 2.240510000000000000e-05
1.549500000000000000e+03 2.334899999999999956e-05
1.553500000000000000e+03 2.434269999999999988e-05
1.557500000000000000e+03 2.510500000000000104e-05
1.561500000000000000e+03 2.553320000000000145e-05
1.565500000000000000e+03 2.546689999999999837e-05
1.569500000000000000e+03 2.488749999999999846e-05
1.573500000000000000e+03 2.373600000000000110e-05
1.577500000000000000e+03 2.206570000000000119e-05
1.581500000000000000e+03 2.008770000000000081e-05
1.585500000000000000e+03 1.793680000000000079e-05
1.589500000000000000e+03 1.583220000000000065e-05
1.593500000000000000e+03 1.386900000000000054e-05
1.597500000000000000e+03 1.224280000000000076e-05
1.601500000000000000e+03 1.099320000000000005e-05
1.605500000000000000e+03 1.021460000000000042e-05
1.609500000000000000e+03 9.879010000000000474e-06
1.613500000000000000e+03 9.984740000000000561e-06
1.617500000000000000e+03 1.046090000000000008e-05
1.621500000000000000e+03 1.122549999999999950e-05
1.625500000000000000e+03 1.219070000000000002e-05
1.629500000000000000e+03 1.334970000000000027e-05
1.633500000000000000e+03 1.459760000000000064e-05
1.637500000000000000e+03 1.569200000000000155e-05
1.641500000000000000e+03 1.664960000000000065e-05
1.645500000000000000e+03 1.721429999999999881e-05
1.649500000000000000e+03 1.732539999999999848e-05
1.653500000000000000e+03 1.692879999999999960e-05
1.657500000000000000e+03 1.615090000000000151e-05
1.661500000000000000e+03 1.524970000000000072e-05
1.665500000000000000e+03 1.431519999999999975e-05
1.669500000000000000e+03 1.343850000000000017e-05
1.673500000000000000e+03 1.266799999999999967e-05
1.677500000000000000e+03 1.204049999999999932e-05
1.681500000000000000e+03 1.159489999999999973e-05
1.685500000000000000e+03 1.139299999999999917e-05
1.689500000000000000e+03 1.146659999999999962e-05
1.693500000000000000e+03 1.191449999999999917e-05
1.697500000000000000e+03 1.242950000000000017e-05
1.701500000000000000e+03 1.301130000000000026e-05
1.705500000000000000e+03 1.365319999999999999e-05
1.709500000000000000e+03 1.428240000000000068e-05
1.713500000000000000e+03 1.454800000000000030e-05
1.717500000000000000e+03 1.472379999999999953e-05
1.721500000000000000e+03 1.489129999999999920e-05
1.725500000000000000e+03 1.509139999999999920e-05
1.729500000000000000e+03 1.530919999999999905e-05
1.733500000000000000e+03 1.550539999999999896e-05
1.737500000000000000e+03 1.567920000000000059e-05
1.741500000000000000e+03 1.586239999999999910e-05
1.745500000000000000e+03 1.605409999999999932e-05
1.749500000000000000e+03 1.622999999999999877e-05
1.753500000000000000e+03 1.644319999999999869e-05
1.757500000000000000e+03 1.671219999999999900e-05
1.761500000000000000e+03 1.701730000000000053e-05
1.765500000000000000e+03 1.735580000000000076e-05
1.769500000000000000e+03 1.773329999999999842e-05
1.773500000000000000e+03 1.812840000000000079e-05
1.777500000000000000e+03 1.852779999999999903e-05
1.781500000000000000e+03 1.892690000000000000e-05
1.785500000000000000e+03 1.938249999999999950e-05
1.789500000000000000e+03 1.979489999999999914e-05
1.793500000000000000e+03 2.021000000000000132e-05
1.797500000000000000e+03 2.075400000000000153e-05
1.801500000000000000e+03 2.135650000000000127e-05
1.805500000000000000e+03 2.196540000000000149e-05
1.809500000000000000e+03 2.257700000000000085e-05
1.813500000000000000e+03 2.325570000000000165e-05
1.817500000000000000e+03 2.411870000000000000e-05
1.821500000000000000e+03 2.498849999999999970e-05
1.825500000000000000e+03 2.642470000000000130e-05
1.829500000000000000e+03 2.817370000000000098e-05
1.833500000000000000e+03 2.950540000000000045e-05
1.837500000000000000e+03 2.892290000000000052e-05
1.841500000000000000e+03 2.811930000000000028e-05
1.845500000000000000e+03 2.724510000000000110e-05
1.849500000000000000e+03 2.628499999999999991e-05
1.853500000000000000e+03 2.529279999999999948e-05
1.857500000000000000e+03 2.397289999999999878e-05
1.861500000000000000e+03 2.256630000000000110e-05
1.865500000000000000e+03 2.070479999999999868e-05
1.869500000000000000e+03 1.796580000000000000e-05
1.873500000000000000e+03 1.524899999999999918e-05
1.877500000000000000e+03 1.433170000000000036e-05
1.881500000000000000e+03 1.417149999999999976e-05
1.885500000000000000e+03 1.401100000000000019e-05
1.889500000000000000e+03 1.384280000000000069e-05
1.893500000000000000e+03 1.373050000000000008e-05
1.897500000000000000e+03 1.371610000000000070e-05
1.901500000000000000e+03 1.371840000000000066e-05
1.905500000000000000e+03 1.367249999999999996e-05
1.909500000000000000e+03 1.352769999999999925e-05
1.913500000000000000e+03 1.335959999999999996e-05
1.917500000000000000e+03 1.328120000000000084e-05
1.921500000000000000e+03 1.330420000000000045e-05
1.925500000000000000e+03 1.333949999999999993e-05
1.929500000000000000e+03 1.346599999999999948e-05
1.933500000000000000e+03 1.367079999999999962e-05
1.937500000000000000e+03 1.390399999999999935e-05
1.941500000000000000e+03 1.407660000000000004e-05
1.945500000000000000e+03 1.421030000000000013e-05
1.949500000000000000e+03 1.438469999999999968e-05
1.953500000000000000e+03 1.455469999999999975e-05
1.957500000000000000e+03 1.473820000000000062e-05
1.961500000000000000e+03 1.502260000000000081e-05
1.965500000000000000e+03 1.531330000000000126e-05
1.969500000000000000e+03 1.563039999999999861e-05
1.973500000000000000e+03 1.596680000000000102e-05
1.977500000000000000e+03 1.634240000000000128e-05
1.981500000000000000e+03 1.694660000000000136e-05
1.985500000000000000e+03 1.758770000000000103e-05
1.989500000000000000e+03 1.830480000000000133e-05
1.993500000000000000e+03 1.912540000000000157e-05
1.997500000000000000e+03 1.997739999999999951e-05
2.001500000000000000e+03 2.111599999999999908e-05
2.005500000000000000e+03 2.239079999999999914e-05
2.009500000000000000e+03 2.395030000000000005e-05
2.013500000000000000e+03 2.600179999999999896e-05
2.017500000000000000e+03 2.808110000000000123e-05
2.021500000000000000e+03 3.082849999999999799e-05
2.025500000000000000e+03 3.389600000000000208e-05
2.029500000000000000e+03 3.726090000000000099e-05
2.033500000000000000e+03 5.070209999999999691e-05
2.037500000000000000e+03 1.226909999999999947e-04
2.041500000000000000e+03 1.775910000000000010e-04
2.045500000000000000e+03 2.156039999999999910e-04
2.049500000000000000e+03 2.665550000000000254e-04
2.053500000000000000e+03 3.281299999999999907e-04
2.057500000000000000e+03 3.964199999999999755e-04
2.061500000000000000e+03 4.771220000000000170e-04
2.065500000000000000e+03 5.747670000000000079e-04
2.069500000000000000e+03 6.843770000000000105e-04
2.073500000000000000e+03 8.245600000000000065e-04
2.077500000000000000e+03 9.865720000000000132e-04
2.081500000000000000e+03 1.183620000000000028e-03
2.085500000000000000e+03 1.434919999999999902e-03
2.089500000000000000e+03 1.709369999999999987e-03
2.093500000000000000e+03 2.064340000000000012e-03
2.097500000000000000e+03 2.463649999999999955e-03
2.101500000000000000e+03 2.899140000000000137e-03
2.105500000000000000e+03 3.456320000000000139e-03
2.109500000000000000e+03 4.023719999999999727e-03
2.113500000000000000e+03 4.687539999999999589e-03
2.117500000000000000e+03 5.437159999999999910e-03
2.121500000000000000e+03 6.202880000000000026e-03
2.125500000000000000e+03 7.079629999999999951e-03
2.129500000000000000e+03 7.981510000000000687e-03
2.133500000000000000e+03 8.907049999999999690e-03
2.137500000000000000e+03 9.876889999999999281e-03
2.141500000000000000e+03 1.087089999999999931e-02
2.145500000000000000e+03 1.183750000000000080e-02
2.149500000000000000e+03 1.281110000000000061e-02
2.153500000000000000e+03 1.377620000000000060e-02
2.157500000000000000e+03 1.467509999999999995e-02
2.161500000000000000e+03 1.562309999999999914e-02
2.165500000000000000e+03 1.653400000000000009e-02
2.169500000000000000e+03 1.750190000000000079e-02
2.173500000000000000e+03 1.848330000000000112e-02
2.177500000000000000e+03 1.941999999999999976e-02
2.181500000000000000e+03 2.047809999999999908e-02
2.185500000000000000e+03 2.168350000000000138e-02
2.189500000000000000e+03 2.297619999999999871e-02
2.193500000000000000e+03 2.440919999999999895e-02
2.197500000000000000e+03 2.598519999999999996e-02
2.201500000000000000e+03 2.769299999999999887e-02
2.205500000000000000e+03 2.943459999999999827e-02
2.209500000000000000e+03 3.123570000000000166e-02
2.213500000000000000e+03 3.313959999999999823e-02
2.217500000000000000e+03 3.510350000000000276e-02
2.221500000000000000e+03 3.710600000000000009e-02
2.225500000000000000e+03 3.922919999999999879e-02
2.229500000000000000e+03 4.140710000000000224e-02
2.233500000000000000e+03 4.359459999999999724e-02
2.237500000000000000e+03 4.577520000000000200e-02
2.241500000000000000e+03 4.804930000000000312e-02
2.245500000000000000e+03 5.038610000000000311e-02
2.249500000000000000e+03 5.279049999999999715e-02
2.253500000000000000e+03 5.524559999999999887e-02
2.257500000000000000e+03 5.772139999999999910e-02
2.261500000000000000e+03 6.019990000000000063e-02
2.265500000000000000e+03 6.265110000000000123e-02
2.269500000000000000e+03 6.509349999999999858e-02
2.273500000000000000e+03 6.746030000000000082e-02
2.277500000000000000e+03 6.977039999999999631e-02
2.281500000000000000e+03 7.196070000000000244e-02
2.285500000000000000e+03 7.405810000000000171e-02
2.289500000000000000e+03 7.595970000000000499e-02
2.293500000000000000e+03 7.772729999999999917e-02
2.297500000000000000e+03 7.926300000000000012e-02
2.301500000000000000e+03 8.061469999999999747e-02
2.305500000000000000e+03 8.177579999999999572e-02
2.309500000000000000e+03 8.282290000000000485e-02
2.313500000000000000e+03 8.370940000000000325e-02
2.317500000000000000e+03 8.448039999999999716e-02
2.321500000000000000e+03 8.510080000000000422e-02
2.325500000000000000e+03 8.561340000000000616e-02
2.329500000000000000e+03 8.610360000000000236e-02
2.333500000000000000e+03 8.659600000000000630e-02
2.337500000000000000e+03 8.712519999999999987e-02
2.341500000000000000e+03 8.768120000000000080e-02
2.345500000000000000e+03 8.827250000000000374e-02
2.349500000000000000e+03 8.883330000000000393e-02
2.353500000000000000e+03 8.937559999999999949e-02
2.357500000000000000e+03 8.990410000000000068e-02
2.361500000000000000e+03 9.041299999999999337e-02
2.365500000000000000e+03 9.087449999999999695e-02
2.369500000000000000e+03 9.132899999999999352e-02
2.373500000000000000e+03 9.177319999999999922e-02
2.377500000000000000e+03 9.223339999999999317e-02
2.381500000000000000e+03 9.267369999999999775e-02
2.385500000000000000e+03 9.315779999999999894e-02
2.389500000000000000e+03 9.364169999999999439e-02
2.393500000000000000e+03 9.410060000000000646e-02
2.397500000000000000e+03 9.472949999999999426e-02
2.401500000000000000e+03 9.575309999999999377e-02
2.405500000000000000e+03 9.722350000000000436e-02
2.409500000000000000e+03 9.948659999999999448e-02
2.413500000000000000e+03 1.027829999999999994e-01
2.417500000000000000e+03 1.088709999999999956e-01
2.421500000000000000e+03 1.181709999999999983e-01
2.425500000000000000e+03 1.345820000000000072e-01
2.429500000000000000e+03 1.582899999999999863e-01
2.433500000000000000e+03 1.941370000000000040e-01
2.437500000000000000e+03 2.405190000000000106e-01
2.441500000000000000e+03 2.972879999999999967e-01
2.445500000000000000e+03 3.632710000000000106e-01
2.449500000000000000e+03 4.336180000000000034e-01
2.453500000000000000e+03 5.074819999999999887e-01
2.457500000000000000e+03 5.812079999999999469e-01
2.461500000000000000e+03 6.536710000000000020e-01
2.465500000000000000e+03 7.222159999999999691e-01
2.469500000000000000e+03 7.855560000000000320e-01
2.473500000000000000e+03 8.404709999999999681e-01
2.477500000000000000e+03 8.844659999999999744e-01
2.481500000000000000e+03 9.162460000000000049e-01
2.485500000000000000e+03 9.383200000000000429e-01
2.489500000000000000e+03 9.520290000000000141e-01
2.493500000000000000e+03 9.617449999999999610e-01
2.497500000000000000e+03 9.683819999999999650e-01
2.501500000000000000e+03 9.740429999999999922e-01
2.505500000000000000e+03 9.800510000000000055e-01
2.509500000000000000e+03 9.862079999999999735e-01
2.513500000000000000e+03 9.917200000000000459e-01
2.517500000000000000e+03 9.954479999999999995e-01
2.521500000000000000e+03 9.978909999999999725e-01
2.525500000000000000e+03 9.996070000000000233e-01
2.529500000000000000e+03 1.000000000000000000e+00
2.533500000000000000e+03 9.987329999999999819e-01
2.537500000000000000e+03 9.942010000000000014e-01
2.541500000000000000e+03 9.839360000000000328e-01
2.545500000000000000e+03 9.678419999999999801e-01
2.549500000000000000e+03 9.414670000000000538e-01
2.553500000000000000e+03 9.058829999999999938e-01
2.557500000000000000e+03 8.581269999999999731e-01
2.561500000000000000e+03 7.999579999999999469e-01
2.565500000000000000e+03 7.335789999999999811e-01
2.569500000000000000e+03 6.595689999999999609e-01
2.573500000000000000e+03 5.845359999999999445e-01
2.577500000000000000e+03 5.058049999999999491e-01
2.581500000000000000e+03 4.320519999999999916e-01
2.585500000000000000e+03 3.612900000000000000e-01
2.589500000000000000e+03 2.995920000000000250e-01
2.593500000000000000e+03 2.474590000000000123e-01
2.597500000000000000e+03 2.051260000000000028e-01
2.601500000000000000e+03 1.738359999999999905e-01
2.605500000000000000e+03 1.509300000000000086e-01
2.609500000000000000e+03 1.355800000000000061e-01
2.613500000000000000e+03 1.249600000000000016e-01
2.617500000000000000e+03 1.186600000000000016e-01
2.621500000000000000e+03 1.145290000000000058e-01
2.625500000000000000e+03 1.116769999999999985e-01
2.629500000000000000e+03 1.094910000000000050e-01
2.633500000000000000e+03 1.078289999999999943e-01
2.637500000000000000e+03 1.065470000000000028e-01
2.641500000000000000e+03 1.056450000000000028e-01
2.645500000000000000e+03 1.050480000000000025e-01
2.649500000000000000e+03 1.044049999999999978e-01
2.653500000000000000e+03 1.036569999999999991e-01
2.657500000000000000e+03 1.029579999999999940e-01
2.661500000000000000e+03 1.021529999999999938e-01
2.665500000000000000e+03 1.011399999999999938e-01
2.669500000000000000e+03 1.000219999999999998e-01
2.673500000000000000e+03 9.890409999999999480e-02
2.677500000000000000e+03 9.760779999999999457e-02
2.681500000000000000e+03 9.631729999999999459e-02
2.685500000000000000e+03 9.496159999999999324e-02
2.689500000000000000e+03 9.360140000000000127e-02
2.693500000000000000e+03 9.219579999999999442e-02
2.697500000000000000e+03 9.075039999999999496e-02
2.701500000000000000e+03 8.921210000000000251e-02
2.705500000000000000e+03 8.758280000000000232e-02
2.709500000000000000e+03 8.575489999999999502e-02
2.713500000000000000e+03 8.359980000000000189e-02
2.717500000000000000e+03 8.128520000000000190e-02
2.721500000000000000e+03 7.844489999999999796e-02
2.725500000000000000e+03 7.528559999999999419e-02
2.729500000000000000e+03 7.163339999999999985e-02
2.733500000000000000e+03 6.780700000000000616e-02
2.737500000000000000e+03 6.360180000000000000e-02
2.741500000000000000e+03 5.938720000000000110e-02
2.745500000000000000e+03 5.518560000000000132e-02
2.749500000000000000e+03 5.105500000000000316e-02
2.753500000000000000e+03 4.709470000000000323e-02
2.757500000000000000e+03 4.337520000000000264e-02
2.761500000000000000e+03 3.984179999999999666e-02
2.765500000000000000e+03 3.655189999999999828e-02
2.769500000000000000e+03 3.358880000000000199e-02
2.773500000000000000e+03 3.085109999999999936e-02
2.777500000000000000e+03 2.844669999999999838e-02
2.781500000000000000e+03 2.625339999999999965e-02
2.785500000000000000e+03 2.434139999999999915e-02
2.789500000000000000e+03 2.257670000000000163e-02
2.793500000000000000e+03 2.103350000000000011e-02
2.797500000000000000e+03 1.958649999999999974e-02
2.801500000000000000e+03 1.836650000000000088e-02
2.805500000000000000e+03 1.718360000000000026e-02
2.809500000000000000e+03 1.618690000000000059e-02
2.813500000000000000e+03 1.525699999999999973e-02
2.817500000000000000e+03 1.444980000000000049e-02
2.821500000000000000e+03 1.370610000000000057e-02
2.825500000000000000e+03 1.308239999999999924e-02
2.829500000000000000e+03 1.250270000000000027e-02
2.833500000000000000e+03 1.201319999999999992e-02
2.837500000000000000e+03 1.158439999999999991e-02
2.841500000000000000e+03 1.120709999999999935e-02
2.845500000000000000e+03 1.086209999999999953e-02
2.849500000000000000e+03 1.055649999999999991e-02
2.853500000000000000e+03 1.025590000000000009e-02
2.857500000000000000e+03 9.954489999999999866e-03
2.861500000000000000e+03 9.652930000000000538e-03
2.865500000000000000e+03 9.281640000000000723e-03
2.869500000000000000e+03 8.877480000000000093e-03
2.873500000000000000e+03 8.483529999999999544e-03
2.877500000000000000e+03 8.034209999999999963e-03
2.881500000000000000e+03 7.629470000000000175e-03
2.885500000000000000e+03 7.199549999999999873e-03
2.889500000000000000e+03 6.725590000000000040e-03
2.893500000000000000e+03 6.250290000000000359e-03
2.897500000000000000e+03 5.749159999999999687e-03
2.901500000000000000e+03 5.235550000000000273e-03
2.905500000000000000e+03 4.726290000000000179e-03
2.909500000000000000e+03 4.235680000000000348e-03
2.913500000000000000e+03 3.733069999999999791e-03
2.917500000000000000e+03 3.273970000000000179e-03
2.921500000000000000e+03 2.852749999999999817e-03
2.925500000000000000e+03 2.449429999999999837e-03
2.929500000000000000e+03 2.113369999999999832e-03
2.933500000000000000e+03 1.783279999999999935e-03
2.937500000000000000e+03 1.499619999999999903e-03
2.941500000000000000e+03 1.256830000000000013e-03
2.945500000000000000e+03 1.030019999999999981e-03
2.949500000000000000e+03 8.656039999999999611e-04
2.953500000000000000e+03 7.125159999999999523e-04
2.957500000000000000e+03 5.820890000000000439e-04
2.961500000000000000e+03 4.859080000000000105e-04
2.965500000000000000e+03 3.917470000000000153e-04
2.969500000000000000e+03 3.247060000000000181e-04
2.973500000000000000e+03 2.661040000000000258e-04
2.977500000000000000e+03 2.144629999999999963e-04
2.981500000000000000e+03 1.797629999999999931e-04
2.985500000000000000e+03 1.459649999999999891e-04
2.989500000000000000e+03 1.219270000000000000e-04
2.993500000000000000e+03 1.030679999999999964e-04
2.997500000000000000e+03 8.563759999999999472e-05
3.001500000000000000e+03 7.434249999999999507e-05
3.005500000000000000e+03 6.366169999999999392e-05
3.009500000000000000e+03 5.533650000000000119e-05
3.013500000000000000e+03 4.915220000000000011e-05
3.017500000000000000e+03 4.336609999999999803e-05
3.021500000000000000e+03 3.973620000000000082e-05
3.025500000000000000e+03 3.621300000000000040e-05
3.029500000000000000e+03 3.341930000000000036e-05
3.033500000000000000e+03 3.182689999999999846e-05
3.037500000000000000e+03 3.036209999999999853e-05
3.041500000000000000e+03 2.979580000000000024e-05
3.045500000000000000e+03 2.951379999999999854e-05
3.049500000000000000e+03 2.957080000000000155e-05
3.053500000000000000e+03 2.997820000000000039e-05
3.057500000000000000e+03 3.062119999999999746e-05
3.061500000000000000e+03 3.105969999999999673e-05
3.065500000000000000e+03 3.118890000000000220e-05
3.069500000000000000e+03 3.127289999999999665e-05
3.073500000000000000e+03 3.101469999999999970e-05
3.077500000000000000e+03 3.072949999999999776e-05
3.081500000000000000e+03 3.030000000000000128e-05
3.085500000000000000e+03 2.970389999999999863e-05
3.089500000000000000e+03 2.913470000000000076e-05
3.093500000000000000e+03 2.853700000000000138e-05
3.097500000000000000e+03 2.794419999999999920e-05
3.101500000000000000e+03 2.735340000000000140e-05
3.105500000000000000e+03 2.680699999999999931e-05
3.109500000000000000e+03 2.632289999999999831e-05
3.113500000000000000e+03 2.596619999999999883e-05
3.117500000000000000e+03 2.563670000000000139e-05
3.121500000000000000e+03 2.531279999999999929e-05
3.125500000000000000e+03 2.519679999999999904e-05
3.129500000000000000e+03 2.510399999999999885e-05
3.133500000000000000e+03 2.511929999999999851e-05
3.137500000000000000e+03 2.521900000000000029e-05
3.141500000000000000e+03 2.534219999999999938e-05
3.145500000000000000e+03 2.567769999999999981e-05
3.149500000000000000e+03 2.618810000000000088e-05
3.153500000000000000e+03 2.672959999999999900e-05
3.157500000000000000e+03 2.731809999999999854e-05
3.161500000000000000e+03 2.805180000000000135e-05
3.165500000000000000e+03 2.879050000000000158e-05
3.169500000000000000e+03 2.948929999999999903e-05
3.173500000000000000e+03 3.054749999999999848e-05
3.177500000000000000e+03 3.177220000000000050e-05
3.181500000000000000e+03 3.302090000000000092e-05
3.185500000000000000e+03 3.490290000000000086e-05
3.189500000000000000e+03 3.725800000000000140e-05
3.193500000000000000e+03 3.967770000000000129e-05
3.197500000000000000e+03 4.260100000000000090e-05
3.201500000000000000e+03 4.636379999999999815e-05
3.205500000000000000e+03 5.012670000000000239e-05
3.209500000000000000e+03 5.416260000000000215e-05
3.213500000000000000e+03 6.003710000000000155e-05
3.217500000000000000e+03 6.624069999999999752e-05
3.221500000000000000e+03 7.256110000000000565e-05
3.225500000000000000e+03 8.068639999999999374e-05
3.229500000000000000e+03 8.941209999999999729e-05
3.233500000000000000e+03 9.806290000000000601e-05
3.237500000000000000e+03 1.083099999999999981e-04
3.241500000000000000e+03 1.201339999999999987e-04
3.245500000000000000e+03 1.319640000000000125e-04
3.249500000000000000e+03 1.444340000000000066e-04
3.253500000000000000e+03 1.584029999999999943e-04
3.257500000000000000e+03 1.723139999999999904e-04
3.261500000000000000e+03 1.847879999999999933e-04
3.265500000000000000e+03 1.952669999999999992e-04
3.269500000000000000e+03 2.065339999999999982e-04
3.273500000000000000e+03 2.173010000000000122e-04
3.277500000000000000e+03 2.272560000000000075e-04
3.281500000000000000e+03 2.392259999999999894e-04
3.285500000000000000e+03 2.514050000000000095e-04
3.289500000000000000e+03 2.613340000000000021e-04
3.293500000000000000e+03 2.685090000000000003e-04
3.297500000000000000e+03 2.756829999999999828e-04
3.301500000000000000e+03 2.811669999999999729e-04
3.305500000000000000e+03 2.816280000000000215e-04
3.309500000000000000e+03 2.817729999999999736e-04
3.313500000000000000e+03 2.813049999999999774e-04
3.317500000000000000e+03 2.758360000000000065e-04
3.321500000000000000e+03 2.693139999999999900e-04
3.325500000000000000e+03 2.627349999999999976e-04
3.329500000000000000e+03 2.530440000000000120e-04
3.333500000000000000e+03 2.417230000000000030e-04
3.337500000000000000e+03 2.304030000000000097e-04
3.341500000000000000e+03 2.181820000000000059e-04
3.345500000000000000e+03 2.046709999999999925e-04
3.349500000000000000e+03 1.911600000000000061e-04
3.353500000000000000e+03 1.777209999999999879e-04
3.357500000000000000e+03 1.645530000000000083e-04
3.361500000000000000e+03 1.514859999999999926e-04
3.365500000000000000e+03 1.385559999999999928e-04
3.369500000000000000e+03 1.269920000000000066e-04
3.373500000000000000e+03 1.157840000000000014e-04
3.377500000000000000e+03 1.045759999999999962e-04
3.381500000000000000e+03 9.484650000000000069e-05
3.385500000000000000e+03 8.600049999999999763e-05
3.389500000000000000e+03 7.715409999999999369e-05
3.393500000000000000e+03 6.926760000000000068e-05
3.397500000000000000e+03 6.302910000000000272e-05
3.401500000000000000e+03 5.676229999999999693e-05
3.405500000000000000e+03 5.089910000000000197e-05
3.409500000000000000e+03 4.680879999999999812e-05
3.413500000000000000e+03 4.281470000000000192e-05
3.417500000000000000e+03 3.891249999999999717e-05
3.421500000000000000e+03 3.630209999999999926e-05
3.425500000000000000e+03 3.403349999999999865e-05
3.429500000000000000e+03 3.177580000000000161e-05
3.433500000000000000e+03 3.047580000000000051e-05
3.437500000000000000e+03 2.982820000000000013e-05
3.441500000000000000e+03 2.918059999999999976e-05
3.445500000000000000e+03 2.879859999999999902e-05
3.449500000000000000e+03 2.893840000000000062e-05
3.453500000000000000e+03 2.908960000000000013e-05
3.457500000000000000e+03 2.933860000000000062e-05
3.461500000000000000e+03 3.006569999999999913e-05
3.465500000000000000e+03 3.085409999999999992e-05
3.469500000000000000e+03 3.164590000000000138e-05
3.473500000000000000e+03 3.249330000000000279e-05
3.477500000000000000e+03 3.336009999999999930e-05
3.481500000000000000e+03 3.422690000000000259e-05
3.485500000000000000e+03 3.496409999999999953e-05
3.489500000000000000e+03 3.558819999999999920e-05
3.493500000000000000e+03 3.621219999999999864e-05
3.497500000000000000e+03 3.671649999999999990e-05
3.501500000000000000e+03 3.695790000000000067e-05
3.505500000000000000e+03 3.726509999999999664e-05
3.509500000000000000e+03 3.752589999999999930e-05
3.513500000000000000e+03 3.739189999999999685e-05
3.517500000000000000e+03 3.714090000000000214e-05
3.521500000000000000e+03 3.688130000000000211e-05
3.525500000000000000e+03 3.643250000000000058e-05
3.529500000000000000e+03 3.590460000000000179e-05
3.533500000000000000e+03 3.535219999999999671e-05
3.537500000000000000e+03 3.484790000000000224e-05
3.541500000000000000e+03 3.446359999999999983e-05
3.545500000000000000e+03 3.415439999999999947e-05
3.549500000000000000e+03 3.393199999999999971e-05
3.553500000000000000e+03 3.382939999999999835e-05
3.557500000000000000e+03 3.376940000000000231e-05
3.561500000000000000e+03 3.378229999999999672e-05
3.565500000000000000e+03 3.425009999999999925e-05
3.569500000000000000e+03 3.478459999999999896e-05
3.573500000000000000e+03 3.534309999999999709e-05
3.577500000000000000e+03 3.662329999999999882e-05
3.581500000000000000e+03 3.823869999999999694e-05
3.585500000000000000e+03 3.982060000000000292e-05
3.589500000000000000e+03 4.161719999999999856e-05
3.593500000000000000e+03 4.376570000000000010e-05
3.597500000000000000e+03 4.592839999999999889e-05
3.601500000000000000e+03 4.822169999999999945e-05
3.605500000000000000e+03 5.089910000000000197e-05
3.609500000000000000e+03 5.356679999999999677e-05
3.613500000000000000e+03 5.471979999999999742e-05
3.617500000000000000e+03 4.243720000000000088e-05
3.621500000000000000e+03 2.721619999999999872e-05
3.625500000000000000e+03 1.210769999999999929e-05
3.629500000000000000e+03 6.801710000000000308e-06
3.633500000000000000e+03 6.892189999999999990e-06
3.637500000000000000e+03 6.959960000000000021e-06
3.641500000000000000e+03 7.001020000000000099e-06
3.645500000000000000e+03 7.052109999999999638e-06
3.649500000000000000e+03 7.212200000000000167e-06
3.653500000000000000e+03 7.399119999999999726e-06
3.657500000000000000e+03 7.569560000000000080e-06
3.661500000000000000e+03 7.706770000000000075e-06
3.665500000000000000e+03 7.838970000000000267e-06
3.669500000000000000e+03 7.867509999999999489e-06
3.673500000000000000e+03 7.851490000000000276e-06
3.677500000000000000e+03 7.843149999999999607e-06
3.681500000000000000e+03 7.861080000000000297e-06
3.685500000000000000e+03 7.880940000000000476e-06
3.689500000000000000e+03 7.894439999999999585e-06
3.693500000000000000e+03 7.903419999999999285e-06
3.697500000000000000e+03 7.921149999999999537e-06
3.701500000000000000e+03 7.989240000000000778e-06
3.705500000000000000e+03 8.065350000000000630e-06
3.709500000000000000e+03 8.161370000000000771e-06
3.713500000000000000e+03 8.283139999999999777e-06
3.717500000000000000e+03 8.405010000000000695e-06
3.721500000000000000e+03 8.528070000000000157e-06
3.725500000000000000e+03 8.651460000000000682e-06
3.729500000000000000e+03 8.746689999999999768e-06
3.733500000000000000e+03 8.780809999999999706e-06
3.737500000000000000e+03 8.814829999999999424e-06
3.741500000000000000e+03 8.908599999999999714e-06
3.745500000000000000e+03 9.030119999999999865e-06
3.749500000000000000e+03 9.142590000000000501e-06
3.753500000000000000e+03 9.221020000000000019e-06
3.757500000000000000e+03 9.296659999999999180e-06
3.761500000000000000e+03 9.377039999999999586e-06
3.765500000000000000e+03 9.461110000000000629e-06
3.769500000000000000e+03 9.555999999999999648e-06
3.773500000000000000e+03 9.719459999999999604e-06
3.777500000000000000e+03 9.894959999999999872e-06
3.781500000000000000e+03 1.002729999999999969e-05
3.785500000000000000e+03 1.009810000000000078e-05
3.789500000000000000e+03 1.016869999999999973e-05
3.793500000000000000e+03 1.023679999999999997e-05
3.797500000000000000e+03 1.030410000000000016e-05
3.801500000000000000e+03 1.039710000000000079e-05
3.805500000000000000e+03 1.055070000000000048e-05
3.809500000000000000e+03 1.070600000000000050e-05
3.813500000000000000e+03 1.083069999999999949e-05
3.817500000000000000e+03 1.094000000000000029e-05
3.821500000000000000e+03 1.104099999999999983e-05
3.825500000000000000e+03 1.110739999999999974e-05
3.829500000000000000e+03 1.117069999999999962e-05
3.833500000000000000e+03 1.128090000000000070e-05
3.837500000000000000e+03 1.143140000000000036e-05
3.841500000000000000e+03 1.157709999999999966e-05
3.845500000000000000e+03 1.168899999999999939e-05
3.849500000000000000e+03 1.179450000000000032e-05
3.853500000000000000e+03 1.193370000000000062e-05
3.857500000000000000e+03 1.212549999999999936e-05
3.861500000000000000e+03 1.231930000000000079e-05
3.865500000000000000e+03 1.254250000000000062e-05
3.869500000000000000e+03 1.277529999999999947e-05
3.873500000000000000e+03 1.300719999999999974e-05
3.877500000000000000e+03 1.323710000000000071e-05
3.881500000000000000e+03 1.346650000000000058e-05
3.885500000000000000e+03 1.366619999999999970e-05
3.889500000000000000e+03 1.385009999999999975e-05
3.893500000000000000e+03 1.401900000000000079e-05
3.897500000000000000e+03 1.412170000000000067e-05
3.901500000000000000e+03 1.421730000000000023e-05
3.905500000000000000e+03 1.336000000000000084e-05
3.909500000000000000e+03 1.160200000000000005e-05
3.913500000000000000e+03 1.006109999999999927e-05
3.917500000000000000e+03 1.024199999999999952e-05
3.921500000000000000e+03 1.077969999999999947e-05
3.925500000000000000e+03 1.111129999999999982e-05
3.929500000000000000e+03 1.109230000000000051e-05
3.933500000000000000e+03 1.112049999999999966e-05
3.937500000000000000e+03 1.199969999999999965e-05
3.941500000000000000e+03 1.318179999999999973e-05
3.945500000000000000e+03 1.431129999999999967e-05
3.949500000000000000e+03 1.529559999999999972e-05
3.953500000000000000e+03 1.626699999999999858e-05
3.957500000000000000e+03 1.662999999999999833e-05
3.961500000000000000e+03 1.664070000000000146e-05
3.965500000000000000e+03 1.663710000000000034e-05
3.969500000000000000e+03 1.656470000000000083e-05
3.973500000000000000e+03 1.648389999999999984e-05
3.977500000000000000e+03 1.331210000000000084e-05
3.981500000000000000e+03 6.926249999999999966e-06
3.985500000000000000e+03 1.068429999999999992e-06
