2.007000000000000000e+03 0.000000000000000000e+00
2.012000000000000000e+03 4.573660000000000206e-07
2.017000000000000000e+03 5.406399999999999601e-06
2.022000000000000000e+03 1.301760000000000052e-05
2.027000000000000000e+03 1.710840000000000039e-05
2.032000000000000000e+03 1.764810000000000133e-05
2.037000000000000000e+03 1.816599999999999853e-05
2.042000000000000000e+03 1.889679999999999837e-05
2.047000000000000000e+03 1.965609999999999973e-05
2.052000000000000000e+03 2.043319999999999945e-05
2.057000000000000000e+03 2.120490000000000089e-05
2.062000000000000000e+03 2.192810000000000101e-05
2.067000000000000000e+03 2.260119999999999970e-05
2.072000000000000000e+03 2.295430000000000146e-05
2.077000000000000000e+03 2.309529999999999892e-05
2.082000000000000000e+03 2.300650000000000072e-05
2.087000000000000000e+03 2.268609999999999952e-05
2.092000000000000000e+03 2.229379999999999990e-05
2.097000000000000000e+03 2.180339999999999863e-05
2.102000000000000000e+03 2.132260000000000148e-05
2.107000000000000000e+03 2.090340000000000047e-05
2.112000000000000000e+03 2.057140000000000094e-05
2.117000000000000000e+03 2.063989999999999868e-05
2.122000000000000000e+03 2.088640000000000047e-05
2.127000000000000000e+03 2.146460000000000113e-05
2.132000000000000000e+03 2.225819999999999977e-05
2.137000000000000000e+03 2.311280000000000002e-05
2.142000000000000000e+03 2.402760000000000014e-05
2.147000000000000000e+03 2.473209999999999992e-05
2.152000000000000000e+03 2.509309999999999866e-05
2.157000000000000000e+03 2.520429999999999855e-05
2.162000000000000000e+03 2.470460000000000060e-05
2.167000000000000000e+03 2.395720000000000163e-05
2.172000000000000000e+03 2.257189999999999983e-05
2.177000000000000000e+03 2.093039999999999869e-05
2.182000000000000000e+03 1.908849999999999859e-05
2.187000000000000000e+03 1.712149999999999862e-05
2.192000000000000000e+03 1.526449999999999929e-05
2.197000000000000000e+03 1.352169999999999964e-05
2.202000000000000000e+03 1.203289999999999960e-05
2.207000000000000000e+03 1.094039999999999947e-05
2.212000000000000000e+03 1.008410000000000057e-05
2.217000000000000000e+03 9.764089999999999548e-06
2.222000000000000000e+03 9.648230000000000627e-06
2.227000000000000000e+03 9.986100000000000833e-06
2.232000000000000000e+03 1.052200000000000022e-05
2.237000000000000000e+03 1.128620000000000046e-05
2.242000000000000000e+03 1.220049999999999949e-05
2.247000000000000000e+03 1.310090000000000022e-05
2.252000000000000000e+03 1.398449999999999968e-05
2.257000000000000000e+03 1.473880000000000024e-05
2.262000000000000000e+03 1.528820000000000043e-05
2.267000000000000000e+03 1.563189999999999851e-05
2.272000000000000000e+03 1.547009999999999949e-05
2.277000000000000000e+03 1.509689999999999940e-05
2.282000000000000000e+03 1.423680000000000064e-05
2.287000000000000000e+03 1.317959999999999999e-05
2.292000000000000000e+03 1.206280000000000079e-05
2.297000000000000000e+03 1.090939999999999926e-05
2.302000000000000000e+03 9.823369999999999428e-06
2.307000000000000000e+03 8.807770000000000207e-06
2.312000000000000000e+03 7.893059999999999608e-06
2.317000000000000000e+03 7.131369999999999621e-06
2.322000000000000000e+03 6.487320000000000257e-06
2.327000000000000000e+03 6.111660000000000028e-06
2.332000000000000000e+03 5.807470000000000320e-06
2.337000000000000000e+03 5.548989999999999874e-06
2.342000000000000000e+03 5.314110000000000354e-06
2.347000000000000000e+03 5.121179999999999645e-06
2.352000000000000000e+03 4.958490000000000192e-06
2.357000000000000000e+03 4.826929999999999879e-06
2.362000000000000000e+03 4.726939999999999842e-06
2.367000000000000000e+03 4.611980000000000353e-06
2.372000000000000000e+03 4.469780000000000258e-06
2.377000000000000000e+03 4.333749999999999800e-06
2.382000000000000000e+03 4.225410000000000088e-06
2.387000000000000000e+03 4.117190000000000301e-06
2.392000000000000000e+03 3.978819999999999625e-06
2.397000000000000000e+03 3.831070000000000066e-06
2.402000000000000000e+03 3.707949999999999795e-06
2.407000000000000000e+03 3.600530000000000067e-06
2.412000000000000000e+03 3.470550000000000170e-06
2.417000000000000000e+03 3.316989999999999899e-06
2.422000000000000000e+03 3.186819999999999839e-06
2.427000000000000000e+03 3.096350000000000009e-06
2.432000000000000000e+03 3.031399999999999894e-06
2.437000000000000000e+03 3.018900000000000014e-06
2.442000000000000000e+03 3.021119999999999884e-06
2.447000000000000000e+03 3.030750000000000163e-06
2.452000000000000000e+03 3.041780000000000123e-06
2.457000000000000000e+03 3.039220000000000185e-06
2.462000000000000000e+03 3.023660000000000117e-06
2.467000000000000000e+03 2.950219999999999851e-06
2.472000000000000000e+03 2.817029999999999861e-06
2.477000000000000000e+03 3.219590000000000205e-06
2.482000000000000000e+03 4.223690000000000044e-06
2.487000000000000000e+03 4.955299999999999804e-06
2.492000000000000000e+03 4.910760000000000227e-06
2.497000000000000000e+03 4.828439999999999632e-06
2.502000000000000000e+03 4.734780000000000262e-06
2.507000000000000000e+03 4.639720000000000362e-06
2.512000000000000000e+03 4.602999999999999805e-06
2.517000000000000000e+03 4.590769999999999755e-06
2.522000000000000000e+03 4.549110000000000055e-06
2.527000000000000000e+03 4.476989999999999804e-06
2.532000000000000000e+03 4.434539999999999897e-06
2.537000000000000000e+03 4.457960000000000090e-06
2.542000000000000000e+03 4.496900000000000093e-06
2.547000000000000000e+03 4.582930000000000182e-06
2.552000000000000000e+03 4.679219999999999730e-06
2.557000000000000000e+03 4.745110000000000381e-06
2.562000000000000000e+03 4.792400000000000059e-06
2.567000000000000000e+03 4.814689999999999976e-06
2.572000000000000000e+03 4.806680000000000369e-06
2.577000000000000000e+03 4.730049999999999716e-06
2.582000000000000000e+03 4.560319999999999902e-06
2.587000000000000000e+03 4.416950000000000121e-06
2.592000000000000000e+03 4.269110000000000195e-06
2.597000000000000000e+03 4.108510000000000411e-06
2.602000000000000000e+03 3.960539999999999861e-06
2.607000000000000000e+03 3.844670000000000241e-06
2.612000000000000000e+03 3.832090000000000270e-06
2.617000000000000000e+03 3.893689999999999815e-06
2.622000000000000000e+03 3.920849999999999908e-06
2.627000000000000000e+03 3.920799999999999798e-06
2.632000000000000000e+03 3.889909999999999658e-06
2.637000000000000000e+03 3.827929999999999788e-06
2.642000000000000000e+03 3.810199999999999959e-06
2.647000000000000000e+03 3.865690000000000253e-06
2.652000000000000000e+03 3.928060000000000301e-06
2.657000000000000000e+03 3.974619999999999733e-06
2.662000000000000000e+03 4.036079999999999650e-06
2.667000000000000000e+03 4.176110000000000408e-06
2.672000000000000000e+03 4.348950000000000095e-06
2.677000000000000000e+03 4.486809999999999822e-06
2.682000000000000000e+03 4.595649999999999783e-06
2.687000000000000000e+03 4.661280000000000034e-06
2.692000000000000000e+03 4.681720000000000129e-06
2.697000000000000000e+03 4.692819999999999904e-06
2.702000000000000000e+03 4.696350000000000360e-06
2.707000000000000000e+03 4.698540000000000249e-06
2.712000000000000000e+03 4.700759999999999696e-06
2.717000000000000000e+03 4.703409999999999578e-06
2.722000000000000000e+03 4.706139999999999973e-06
2.727000000000000000e+03 4.708950000000000036e-06
2.732000000000000000e+03 4.711789999999999657e-06
2.737000000000000000e+03 4.714620000000000272e-06
2.742000000000000000e+03 4.717399999999999930e-06
2.747000000000000000e+03 4.720269999999999955e-06
2.752000000000000000e+03 4.732579999999999673e-06
2.757000000000000000e+03 4.759420000000000249e-06
2.762000000000000000e+03 4.825250000000000092e-06
2.767000000000000000e+03 4.979829999999999720e-06
2.772000000000000000e+03 5.156329999999999639e-06
2.777000000000000000e+03 5.309829999999999948e-06
2.782000000000000000e+03 5.499269999999999612e-06
2.787000000000000000e+03 5.767309999999999674e-06
2.792000000000000000e+03 6.054699999999999815e-06
2.797000000000000000e+03 6.316079999999999843e-06
2.802000000000000000e+03 6.547589999999999935e-06
2.807000000000000000e+03 6.778419999999999892e-06
2.812000000000000000e+03 7.056660000000000298e-06
2.817000000000000000e+03 7.439999999999999917e-06
2.822000000000000000e+03 7.960839999999999491e-06
2.827000000000000000e+03 8.536119999999999174e-06
2.832000000000000000e+03 9.176180000000000632e-06
2.837000000000000000e+03 9.848729999999999808e-06
2.842000000000000000e+03 1.052489999999999981e-05
2.847000000000000000e+03 1.122149999999999920e-05
2.852000000000000000e+03 1.201889999999999939e-05
2.857000000000000000e+03 1.289010000000000047e-05
2.862000000000000000e+03 1.387469999999999948e-05
2.867000000000000000e+03 1.501969999999999953e-05
2.872000000000000000e+03 1.630190000000000057e-05
2.877000000000000000e+03 1.780169999999999932e-05
2.882000000000000000e+03 1.944660000000000114e-05
2.887000000000000000e+03 2.142120000000000084e-05
2.892000000000000000e+03 2.363710000000000108e-05
2.897000000000000000e+03 2.631950000000000102e-05
2.902000000000000000e+03 2.937110000000000073e-05
2.907000000000000000e+03 3.297760000000000085e-05
2.912000000000000000e+03 3.713939999999999885e-05
2.917000000000000000e+03 4.185330000000000127e-05
2.922000000000000000e+03 4.733270000000000169e-05
2.927000000000000000e+03 5.342149999999999666e-05
2.932000000000000000e+03 6.063139999999999686e-05
2.937000000000000000e+03 6.859380000000000045e-05
2.942000000000000000e+03 7.810620000000000106e-05
2.947000000000000000e+03 8.875850000000000070e-05
2.952000000000000000e+03 1.014510000000000016e-04
2.957000000000000000e+03 1.189480000000000002e-04
2.962000000000000000e+03 2.064489999999999880e-04
2.967000000000000000e+03 3.358239999999999750e-04
2.972000000000000000e+03 5.494099999999999592e-04
2.977000000000000000e+03 8.470230000000000250e-04
2.982000000000000000e+03 1.282319999999999988e-03
2.987000000000000000e+03 1.914300000000000073e-03
2.992000000000000000e+03 2.694719999999999841e-03
2.997000000000000000e+03 3.647399999999999861e-03
3.002000000000000000e+03 4.765720000000000199e-03
3.007000000000000000e+03 6.126170000000000226e-03
3.012000000000000000e+03 7.691240000000000229e-03
3.017000000000000000e+03 9.407570000000000515e-03
3.022000000000000000e+03 1.127300000000000003e-02
3.027000000000000000e+03 1.320089999999999979e-02
3.032000000000000000e+03 1.520499999999999977e-02
3.037000000000000000e+03 1.721610000000000154e-02
3.042000000000000000e+03 1.923899999999999916e-02
3.047000000000000000e+03 2.124130000000000115e-02
3.052000000000000000e+03 2.326970000000000080e-02
3.057000000000000000e+03 2.530220000000000038e-02
3.062000000000000000e+03 2.730250000000000038e-02
3.067000000000000000e+03 2.927679999999999866e-02
3.072000000000000000e+03 3.121780000000000041e-02
3.077000000000000000e+03 3.321249999999999897e-02
3.082000000000000000e+03 3.517010000000000275e-02
3.087000000000000000e+03 3.718199999999999977e-02
3.092000000000000000e+03 3.917530000000000318e-02
3.097000000000000000e+03 4.119470000000000076e-02
3.102000000000000000e+03 4.323230000000000128e-02
3.107000000000000000e+03 4.528179999999999705e-02
3.112000000000000000e+03 4.740470000000000100e-02
3.117000000000000000e+03 4.951889999999999764e-02
3.122000000000000000e+03 5.170570000000000027e-02
3.127000000000000000e+03 5.389189999999999953e-02
3.132000000000000000e+03 5.607179999999999803e-02
3.137000000000000000e+03 5.827070000000000166e-02
3.142000000000000000e+03 6.041780000000000067e-02
3.147000000000000000e+03 6.258020000000000249e-02
3.152000000000000000e+03 6.463990000000000014e-02
3.157000000000000000e+03 6.663959999999999329e-02
3.162000000000000000e+03 6.850199999999999345e-02
3.167000000000000000e+03 7.022860000000000213e-02
3.172000000000000000e+03 7.183839999999999670e-02
3.177000000000000000e+03 7.329009999999999692e-02
3.182000000000000000e+03 7.466520000000000101e-02
3.187000000000000000e+03 7.591119999999999812e-02
3.192000000000000000e+03 7.708520000000000649e-02
3.197000000000000000e+03 7.816090000000000537e-02
3.202000000000000000e+03 7.915320000000000689e-02
3.207000000000000000e+03 8.011340000000000128e-02
3.212000000000000000e+03 8.102080000000000393e-02
3.217000000000000000e+03 8.197079999999999644e-02
3.222000000000000000e+03 8.285960000000000547e-02
3.227000000000000000e+03 8.375180000000000125e-02
3.232000000000000000e+03 8.459780000000000078e-02
3.237000000000000000e+03 8.534669999999999757e-02
3.242000000000000000e+03 8.618889999999999885e-02
3.247000000000000000e+03 8.729049999999999310e-02
3.252000000000000000e+03 8.850049999999999584e-02
3.257000000000000000e+03 8.979929999999999857e-02
3.262000000000000000e+03 9.112209999999999754e-02
3.267000000000000000e+03 9.235980000000000578e-02
3.272000000000000000e+03 9.349319999999999853e-02
3.277000000000000000e+03 9.459059999999999691e-02
3.282000000000000000e+03 9.551540000000000030e-02
3.287000000000000000e+03 9.635190000000000421e-02
3.292000000000000000e+03 9.716610000000000524e-02
3.297000000000000000e+03 9.784110000000000029e-02
3.302000000000000000e+03 9.854670000000000096e-02
3.307000000000000000e+03 9.921489999999999476e-02
3.312000000000000000e+03 9.999750000000000305e-02
3.317000000000000000e+03 1.010140000000000066e-01
3.322000000000000000e+03 1.022219999999999934e-01
3.327000000000000000e+03 1.036809999999999954e-01
3.332000000000000000e+03 1.057040000000000063e-01
3.337000000000000000e+03 1.093729999999999980e-01
3.342000000000000000e+03 1.150069999999999981e-01
3.347000000000000000e+03 1.249070000000000041e-01
3.352000000000000000e+03 1.393550000000000066e-01
3.357000000000000000e+03 1.625169999999999948e-01
3.362000000000000000e+03 1.928100000000000092e-01
3.367000000000000000e+03 2.348179999999999990e-01
3.372000000000000000e+03 2.845679999999999876e-01
3.377000000000000000e+03 3.435909999999999798e-01
3.382000000000000000e+03 4.090489999999999959e-01
3.387000000000000000e+03 4.772259999999999835e-01
3.392000000000000000e+03 5.508330000000000171e-01
3.397000000000000000e+03 6.235349999999999504e-01
3.402000000000000000e+03 6.978280000000000038e-01
3.407000000000000000e+03 7.685680000000000289e-01
3.412000000000000000e+03 8.305059999999999665e-01
3.417000000000000000e+03 8.831550000000000233e-01
3.422000000000000000e+03 9.228910000000000169e-01
3.427000000000000000e+03 9.496019999999999461e-01
3.432000000000000000e+03 9.669370000000000465e-01
3.437000000000000000e+03 9.757930000000000215e-01
3.442000000000000000e+03 9.792779999999999818e-01
3.447000000000000000e+03 9.797470000000000345e-01
3.452000000000000000e+03 9.803380000000000427e-01
3.457000000000000000e+03 9.828189999999999982e-01
3.462000000000000000e+03 9.860189999999999788e-01
3.467000000000000000e+03 9.902619999999999756e-01
3.472000000000000000e+03 9.950109999999999788e-01
3.477000000000000000e+03 9.985910000000000064e-01
3.482000000000000000e+03 1.000000000000000000e+00
3.487000000000000000e+03 9.999219999999999775e-01
3.492000000000000000e+03 9.980599999999999472e-01
3.497000000000000000e+03 9.938979999999999482e-01
3.502000000000000000e+03 9.865410000000000013e-01
3.507000000000000000e+03 9.733880000000000310e-01
3.512000000000000000e+03 9.571910000000000140e-01
3.517000000000000000e+03 9.362479999999999691e-01
3.522000000000000000e+03 9.113769999999999927e-01
3.527000000000000000e+03 8.807160000000000544e-01
3.532000000000000000e+03 8.450130000000000141e-01
3.537000000000000000e+03 7.997659999999999769e-01
3.542000000000000000e+03 7.523370000000000335e-01
3.547000000000000000e+03 6.980779999999999763e-01
3.552000000000000000e+03 6.413130000000000219e-01
3.557000000000000000e+03 5.798699999999999966e-01
3.562000000000000000e+03 5.153839999999999533e-01
3.567000000000000000e+03 4.494500000000000162e-01
3.572000000000000000e+03 3.858610000000000095e-01
3.577000000000000000e+03 3.245720000000000272e-01
3.582000000000000000e+03 2.733039999999999914e-01
3.587000000000000000e+03 2.282639999999999947e-01
3.592000000000000000e+03 1.932580000000000131e-01
3.597000000000000000e+03 1.658660000000000134e-01
3.602000000000000000e+03 1.450490000000000113e-01
3.607000000000000000e+03 1.302059999999999884e-01
3.612000000000000000e+03 1.193430000000000046e-01
3.617000000000000000e+03 1.112419999999999937e-01
3.622000000000000000e+03 1.052460000000000062e-01
3.627000000000000000e+03 1.010009999999999936e-01
3.632000000000000000e+03 9.793520000000000003e-02
3.637000000000000000e+03 9.555919999999999692e-02
3.642000000000000000e+03 9.347139999999999616e-02
3.647000000000000000e+03 9.170300000000000673e-02
3.652000000000000000e+03 9.024770000000000014e-02
3.657000000000000000e+03 8.922489999999999588e-02
3.662000000000000000e+03 8.847820000000000684e-02
3.667000000000000000e+03 8.776660000000000017e-02
3.672000000000000000e+03 8.706160000000000287e-02
3.677000000000000000e+03 8.646070000000000144e-02
3.682000000000000000e+03 8.594799999999999662e-02
3.687000000000000000e+03 8.555400000000000504e-02
3.692000000000000000e+03 8.520859999999999546e-02
3.697000000000000000e+03 8.491279999999999661e-02
3.702000000000000000e+03 8.466799999999999327e-02
3.707000000000000000e+03 8.441959999999999742e-02
3.712000000000000000e+03 8.415680000000000383e-02
3.717000000000000000e+03 8.382349999999999524e-02
3.722000000000000000e+03 8.334239999999999704e-02
3.727000000000000000e+03 8.274280000000000523e-02
3.732000000000000000e+03 8.205379999999999618e-02
3.737000000000000000e+03 8.120049999999999490e-02
3.742000000000000000e+03 8.020099999999999452e-02
3.747000000000000000e+03 7.899169999999999803e-02
3.752000000000000000e+03 7.752950000000000119e-02
3.757000000000000000e+03 7.575429999999999664e-02
3.762000000000000000e+03 7.369459999999999900e-02
3.767000000000000000e+03 7.130450000000000677e-02
3.772000000000000000e+03 6.864019999999999844e-02
3.777000000000000000e+03 6.565759999999999652e-02
3.782000000000000000e+03 6.240640000000000076e-02
3.787000000000000000e+03 5.899399999999999783e-02
3.792000000000000000e+03 5.542350000000000054e-02
3.797000000000000000e+03 5.173540000000000083e-02
3.802000000000000000e+03 4.794790000000000163e-02
3.807000000000000000e+03 4.412640000000000312e-02
3.812000000000000000e+03 4.030859999999999999e-02
3.817000000000000000e+03 3.656539999999999790e-02
3.822000000000000000e+03 3.293990000000000112e-02
3.827000000000000000e+03 2.949219999999999967e-02
3.832000000000000000e+03 2.622949999999999934e-02
3.837000000000000000e+03 2.321109999999999840e-02
3.842000000000000000e+03 2.038560000000000025e-02
3.847000000000000000e+03 1.783210000000000003e-02
3.852000000000000000e+03 1.545750000000000075e-02
3.857000000000000000e+03 1.339090000000000072e-02
3.862000000000000000e+03 1.149099999999999948e-02
3.867000000000000000e+03 9.864279999999999576e-03
3.872000000000000000e+03 8.419670000000000626e-03
3.877000000000000000e+03 7.163759999999999920e-03
3.882000000000000000e+03 6.096990000000000048e-03
3.887000000000000000e+03 5.145590000000000233e-03
3.892000000000000000e+03 4.381460000000000216e-03
3.897000000000000000e+03 3.691820000000000171e-03
3.902000000000000000e+03 3.150510000000000029e-03
3.907000000000000000e+03 2.676369999999999964e-03
3.912000000000000000e+03 2.288679999999999968e-03
3.917000000000000000e+03 1.961220000000000064e-03
3.922000000000000000e+03 1.649250000000000108e-03
3.927000000000000000e+03 1.373780000000000010e-03
3.932000000000000000e+03 1.135209999999999995e-03
3.937000000000000000e+03 9.231779999999999761e-04
3.942000000000000000e+03 7.067109999999999495e-04
3.947000000000000000e+03 5.407800000000000367e-04
3.952000000000000000e+03 3.853740000000000139e-04
3.957000000000000000e+03 2.447509999999999747e-04
3.962000000000000000e+03 1.502730000000000027e-04
3.967000000000000000e+03 1.140550000000000049e-04
3.972000000000000000e+03 1.070010000000000010e-04
3.977000000000000000e+03 1.000120000000000040e-04
3.982000000000000000e+03 9.124689999999999537e-05
3.987000000000000000e+03 8.209240000000000027e-05
3.992000000000000000e+03 7.540040000000000403e-05
3.997000000000000000e+03 7.027089999999999834e-05
4.002000000000000000e+03 6.258169999999999749e-05
4.007000000000000000e+03 5.082599999999999754e-05
4.012000000000000000e+03 4.156610000000000171e-05
4.017000000000000000e+03 4.022520000000000240e-05
4.022000000000000000e+03 3.950740000000000057e-05
4.027000000000000000e+03 3.857979999999999949e-05
4.032000000000000000e+03 3.767059999999999810e-05
4.037000000000000000e+03 3.674609999999999704e-05
4.042000000000000000e+03 3.576399999999999843e-05
4.047000000000000000e+03 3.447469999999999707e-05
4.052000000000000000e+03 3.311489999999999697e-05
4.057000000000000000e+03 3.186389999999999828e-05
4.062000000000000000e+03 3.071350000000000333e-05
4.067000000000000000e+03 2.697519999999999882e-05
4.072000000000000000e+03 1.764379999999999868e-05
4.077000000000000000e+03 9.439100000000000818e-06
4.082000000000000000e+03 8.419479999999999898e-06
4.087000000000000000e+03 8.457000000000000514e-06
4.092000000000000000e+03 8.526319999999999708e-06
4.097000000000000000e+03 8.616769999999999833e-06
4.102000000000000000e+03 8.712050000000000723e-06
4.107000000000000000e+03 8.761570000000000547e-06
4.112000000000000000e+03 8.765060000000000746e-06
4.117000000000000000e+03 8.753210000000000173e-06
4.122000000000000000e+03 8.733070000000000736e-06
4.127000000000000000e+03 8.710389999999999794e-06
4.132000000000000000e+03 8.687739999999999257e-06
4.137000000000000000e+03 8.665099999999999420e-06
4.142000000000000000e+03 8.642450000000000577e-06
4.147000000000000000e+03 8.619540000000000486e-06
4.152000000000000000e+03 8.596079999999999189e-06
4.157000000000000000e+03 8.553879999999999830e-06
4.162000000000000000e+03 8.449039999999999323e-06
4.167000000000000000e+03 8.243179999999999570e-06
4.172000000000000000e+03 7.758740000000000189e-06
4.177000000000000000e+03 7.017050000000000011e-06
4.182000000000000000e+03 6.521699999999999748e-06
4.187000000000000000e+03 6.400210000000000001e-06
4.192000000000000000e+03 6.490049999999999805e-06
4.197000000000000000e+03 6.592289999999999694e-06
4.202000000000000000e+03 6.814949999999999863e-06
4.207000000000000000e+03 7.258270000000000050e-06
4.212000000000000000e+03 7.897090000000000313e-06
4.217000000000000000e+03 8.544610000000000172e-06
4.222000000000000000e+03 9.150589999999999408e-06
4.227000000000000000e+03 9.530789999999999596e-06
4.232000000000000000e+03 9.679060000000000804e-06
4.237000000000000000e+03 9.720689999999999252e-06
4.242000000000000000e+03 9.730880000000000589e-06
4.247000000000000000e+03 9.754490000000000521e-06
4.252000000000000000e+03 9.816840000000000017e-06
4.257000000000000000e+03 9.905299999999999844e-06
4.262000000000000000e+03 9.982370000000000785e-06
4.267000000000000000e+03 1.005659999999999956e-05
4.272000000000000000e+03 1.015590000000000046e-05
4.277000000000000000e+03 1.028660000000000075e-05
4.282000000000000000e+03 1.046149999999999970e-05
4.287000000000000000e+03 1.067399999999999979e-05
4.292000000000000000e+03 1.086290000000000064e-05
4.297000000000000000e+03 1.101120000000000056e-05
4.302000000000000000e+03 1.111840000000000014e-05
4.307000000000000000e+03 1.120449999999999920e-05
4.312000000000000000e+03 1.129109999999999935e-05
4.317000000000000000e+03 1.141249999999999958e-05
4.322000000000000000e+03 1.156060000000000075e-05
4.327000000000000000e+03 1.169240000000000006e-05
4.332000000000000000e+03 1.180249999999999923e-05
4.337000000000000000e+03 1.188979999999999922e-05
4.342000000000000000e+03 1.195910000000000041e-05
4.347000000000000000e+03 1.204229999999999988e-05
4.352000000000000000e+03 1.214739999999999994e-05
4.357000000000000000e+03 1.222110000000000061e-05
4.362000000000000000e+03 1.224139999999999938e-05
4.367000000000000000e+03 1.221449999999999969e-05
4.372000000000000000e+03 1.218610000000000010e-05
4.377000000000000000e+03 1.217710000000000069e-05
4.382000000000000000e+03 1.222970000000000083e-05
4.387000000000000000e+03 1.234439999999999992e-05
4.392000000000000000e+03 1.248380000000000065e-05
4.397000000000000000e+03 1.263600000000000065e-05
4.402000000000000000e+03 1.280650000000000012e-05
4.407000000000000000e+03 1.299099999999999979e-05
4.412000000000000000e+03 1.316500000000000016e-05
4.417000000000000000e+03 1.331629999999999988e-05
4.422000000000000000e+03 1.342490000000000084e-05
4.427000000000000000e+03 1.349350000000000049e-05
4.432000000000000000e+03 1.353019999999999965e-05
4.437000000000000000e+03 1.358170000000000076e-05
4.442000000000000000e+03 1.365500000000000055e-05
4.447000000000000000e+03 1.375339999999999947e-05
4.452000000000000000e+03 1.386629999999999970e-05
4.457000000000000000e+03 1.389590000000000023e-05
4.462000000000000000e+03 1.383350000000000062e-05
4.467000000000000000e+03 1.374670000000000003e-05
4.472000000000000000e+03 1.370190000000000005e-05
4.477000000000000000e+03 1.373409999999999951e-05
4.482000000000000000e+03 1.383270000000000056e-05
4.487000000000000000e+03 1.397550000000000028e-05
4.492000000000000000e+03 1.406639999999999970e-05
4.497000000000000000e+03 1.364630000000000011e-05
4.502000000000000000e+03 1.072130000000000016e-05
4.507000000000000000e+03 5.503890000000000086e-06
4.512000000000000000e+03 1.599939999999999965e-06
