2.134300000000000000e+04 0.000000000000000000e+00
2.139400000000000000e+04 1.530199999999999978e-06
2.144500000000000000e+04 2.458519999999999968e-05
2.149600000000000000e+04 5.391099999999999934e-05
2.154700000000000000e+04 7.940500000000000292e-05
2.159800000000000000e+04 9.425229999999999882e-05
2.164900000000000000e+04 8.096039999999999823e-05
2.170000000000000000e+04 7.016640000000000637e-05
2.175100000000000000e+04 6.534309999999999446e-05
2.180200000000000000e+04 6.079889999999999822e-05
2.185300000000000000e+04 5.704320000000000300e-05
2.190400000000000000e+04 6.346910000000000529e-05
2.195500000000000000e+04 7.069339999999999641e-05
2.200600000000000000e+04 7.181449999999999488e-05
2.205700000000000000e+04 9.620190000000000468e-05
2.210800000000000000e+04 1.458890000000000122e-04
2.215900000000000000e+04 1.920910000000000011e-04
2.221000000000000000e+04 2.195520000000000013e-04
2.226100000000000000e+04 2.572760000000000216e-04
2.231200000000000000e+04 3.072029999999999791e-04
2.236300000000000000e+04 4.231610000000000232e-04
2.241400000000000000e+04 6.268450000000000064e-04
2.246500000000000000e+04 1.391199999999999989e-03
2.251600000000000000e+04 2.937400000000000167e-03
2.256700000000000000e+04 6.646749999999999881e-03
2.261800000000000000e+04 1.154600000000000071e-02
2.266900000000000000e+04 1.821110000000000090e-02
2.272000000000000000e+04 2.562640000000000057e-02
2.277100000000000000e+04 3.357519999999999949e-02
2.282200000000000000e+04 4.080260000000000137e-02
2.287300000000000000e+04 4.736080000000000151e-02
2.292400000000000000e+04 5.085529999999999912e-02
2.297500000000000000e+04 5.380650000000000016e-02
2.302600000000000000e+04 5.702399999999999830e-02
2.307700000000000000e+04 6.060410000000000103e-02
2.312800000000000000e+04 6.452309999999999990e-02
2.317900000000000000e+04 6.978360000000000118e-02
2.323000000000000000e+04 7.540149999999999630e-02
2.328100000000000000e+04 8.294809999999999683e-02
2.333200000000000000e+04 9.128020000000000578e-02
2.338300000000000000e+04 1.020179999999999976e-01
2.343400000000000000e+04 1.129440000000000027e-01
2.348500000000000000e+04 1.250249999999999972e-01
2.353600000000000000e+04 1.349080000000000001e-01
2.358700000000000000e+04 1.442819999999999936e-01
2.363800000000000000e+04 1.532199999999999951e-01
2.368900000000000000e+04 1.611549999999999927e-01
2.374000000000000000e+04 1.689420000000000088e-01
2.379100000000000000e+04 1.751669999999999894e-01
2.384200000000000000e+04 1.813950000000000007e-01
2.389300000000000000e+04 1.885509999999999964e-01
2.394400000000000000e+04 1.960310000000000108e-01
2.399500000000000000e+04 2.051739999999999953e-01
2.404600000000000000e+04 2.168299999999999950e-01
2.409700000000000000e+04 2.293290000000000051e-01
2.414800000000000000e+04 2.433410000000000017e-01
2.419900000000000000e+04 2.565149999999999930e-01
2.425000000000000000e+04 2.692689999999999806e-01
2.430100000000000000e+04 2.783079999999999998e-01
2.435200000000000000e+04 2.857660000000000200e-01
2.440300000000000000e+04 2.932580000000000187e-01
2.445400000000000000e+04 2.995789999999999842e-01
2.450500000000000000e+04 3.063159999999999772e-01
2.455600000000000000e+04 3.138819999999999943e-01
2.460700000000000000e+04 3.216539999999999955e-01
2.465800000000000000e+04 3.322490000000000165e-01
2.470900000000000000e+04 3.428490000000000149e-01
2.476000000000000000e+04 3.530579999999999830e-01
2.481100000000000000e+04 3.612670000000000048e-01
2.486200000000000000e+04 3.694859999999999811e-01
2.491300000000000000e+04 3.774159999999999737e-01
2.496400000000000000e+04 3.856439999999999868e-01
2.501500000000000000e+04 3.940270000000000161e-01
2.506600000000000000e+04 4.021239999999999815e-01
2.511700000000000000e+04 4.092219999999999747e-01
2.516800000000000000e+04 4.162580000000000169e-01
2.521900000000000000e+04 4.235740000000000061e-01
2.527000000000000000e+04 4.294549999999999756e-01
2.532100000000000000e+04 4.362309999999999799e-01
2.537200000000000000e+04 4.425299999999999789e-01
2.542300000000000000e+04 4.492680000000000007e-01
2.547400000000000000e+04 4.567959999999999798e-01
2.552500000000000000e+04 4.667569999999999775e-01
2.557600000000000000e+04 4.776469999999999883e-01
2.562700000000000000e+04 4.903230000000000088e-01
2.567800000000000000e+04 5.014009999999999856e-01
2.572900000000000000e+04 5.105439999999999978e-01
2.578000000000000000e+04 5.186629999999999852e-01
2.583100000000000000e+04 5.267990000000000173e-01
2.588200000000000000e+04 5.358450000000000157e-01
2.593300000000000000e+04 5.434809999999999919e-01
2.598400000000000000e+04 5.507630000000000026e-01
2.603500000000000000e+04 5.571599999999999886e-01
2.608600000000000000e+04 5.639969999999999706e-01
2.613700000000000000e+04 5.728919999999999568e-01
2.618800000000000000e+04 5.835000000000000187e-01
2.623900000000000000e+04 5.927510000000000279e-01
2.629000000000000000e+04 6.004570000000000185e-01
2.634100000000000000e+04 6.059579999999999966e-01
2.639200000000000000e+04 6.081779999999999964e-01
2.644300000000000000e+04 6.116669999999999607e-01
2.649400000000000000e+04 6.174899999999999833e-01
2.654500000000000000e+04 6.255070000000000352e-01
2.659600000000000000e+04 6.366800000000000237e-01
2.664700000000000000e+04 6.478660000000000529e-01
2.669800000000000000e+04 6.586899999999999977e-01
2.674900000000000000e+04 6.697400000000000020e-01
2.680000000000000000e+04 6.810270000000000490e-01
2.685100000000000000e+04 6.912270000000000358e-01
2.690200000000000000e+04 6.999619999999999731e-01
2.695300000000000000e+04 7.032410000000000050e-01
2.700400000000000000e+04 7.018010000000000081e-01
2.705500000000000000e+04 6.978919999999999568e-01
2.710600000000000000e+04 6.934669999999999446e-01
2.715700000000000000e+04 6.952970000000000539e-01
2.720800000000000000e+04 7.003749999999999698e-01
2.725900000000000000e+04 7.092829999999999968e-01
2.731000000000000000e+04 7.182469999999999688e-01
2.736100000000000000e+04 7.254819999999999602e-01
2.741200000000000000e+04 7.314829999999999943e-01
2.746300000000000000e+04 7.366890000000000382e-01
2.751400000000000000e+04 7.436319999999999597e-01
2.756500000000000000e+04 7.507620000000000404e-01
2.761600000000000000e+04 7.584600000000000231e-01
2.766700000000000000e+04 7.673029999999999573e-01
2.771800000000000000e+04 7.758119999999999461e-01
2.776900000000000000e+04 7.868819999999999704e-01
2.782000000000000000e+04 7.995299999999999629e-01
2.787100000000000000e+04 8.138480000000000159e-01
2.792200000000000000e+04 8.286219999999999697e-01
2.797300000000000000e+04 8.396810000000000107e-01
2.802400000000000000e+04 8.475740000000000496e-01
2.807500000000000000e+04 8.515899999999999581e-01
2.812600000000000000e+04 8.543619999999999548e-01
2.817700000000000000e+04 8.568500000000000005e-01
2.822800000000000000e+04 8.612760000000000415e-01
2.827900000000000000e+04 8.672180000000000444e-01
2.833000000000000000e+04 8.715289999999999981e-01
2.838100000000000000e+04 8.773579999999999712e-01
2.843200000000000000e+04 8.823860000000000037e-01
2.848300000000000000e+04 8.881179999999999630e-01
2.853400000000000000e+04 8.953179999999999472e-01
2.858500000000000000e+04 9.016279999999999850e-01
2.863600000000000000e+04 9.063639999999999475e-01
2.868700000000000000e+04 9.093919999999999781e-01
2.873800000000000000e+04 9.099319999999999631e-01
2.878900000000000000e+04 9.102459999999999996e-01
2.884000000000000000e+04 9.113700000000000134e-01
2.889100000000000000e+04 9.122730000000000006e-01
2.894200000000000000e+04 9.142770000000000064e-01
2.899300000000000000e+04 9.164560000000000484e-01
2.904400000000000000e+04 9.177720000000000322e-01
2.909500000000000000e+04 9.191719999999999891e-01
2.914600000000000000e+04 9.218680000000000208e-01
2.919700000000000000e+04 9.247330000000000272e-01
2.924800000000000000e+04 9.280509999999999593e-01
2.929900000000000000e+04 9.320810000000000484e-01
2.935000000000000000e+04 9.352690000000000170e-01
2.940100000000000000e+04 9.387919999999999598e-01
2.945200000000000000e+04 9.422700000000000520e-01
2.950300000000000000e+04 9.467929999999999957e-01
2.955400000000000000e+04 9.517029999999999657e-01
2.960500000000000000e+04 9.562060000000000004e-01
2.965600000000000000e+04 9.604489999999999972e-01
2.970700000000000000e+04 9.628910000000000524e-01
2.975800000000000000e+04 9.637400000000000411e-01
2.980900000000000000e+04 9.643909999999999982e-01
2.986000000000000000e+04 9.644930000000000447e-01
2.991100000000000000e+04 9.648949999999999472e-01
2.996200000000000000e+04 9.661650000000000515e-01
3.001300000000000000e+04 9.671760000000000357e-01
3.006400000000000000e+04 9.683619999999999450e-01
3.011500000000000000e+04 9.695200000000000484e-01
3.016600000000000000e+04 9.706259999999999888e-01
3.021700000000000000e+04 9.721239999999999881e-01
3.026800000000000000e+04 9.743570000000000286e-01
3.031900000000000000e+04 9.776200000000000445e-01
3.037000000000000000e+04 9.804920000000000302e-01
3.042100000000000000e+04 9.822009999999999907e-01
3.047200000000000000e+04 9.837540000000000173e-01
3.052300000000000000e+04 9.839419999999999833e-01
3.057400000000000000e+04 9.840640000000000498e-01
3.062500000000000000e+04 9.859499999999999931e-01
3.067600000000000000e+04 9.878869999999999596e-01
3.072700000000000000e+04 9.903760000000000341e-01
3.077800000000000000e+04 9.924479999999999968e-01
3.082900000000000000e+04 9.921140000000000514e-01
3.088000000000000000e+04 9.901889999999999858e-01
3.093100000000000000e+04 9.878249999999999531e-01
3.098200000000000000e+04 9.858460000000000001e-01
3.103300000000000000e+04 9.854479999999999906e-01
3.108400000000000000e+04 9.868569999999999842e-01
3.113500000000000000e+04 9.902809999999999668e-01
3.118600000000000000e+04 9.936300000000000132e-01
3.123700000000000000e+04 9.968439999999999523e-01
3.128800000000000000e+04 9.988200000000000411e-01
3.133900000000000000e+04 9.995319999999999760e-01
3.139000000000000000e+04 1.000000000000000000e+00
3.144100000000000000e+04 9.995340000000000336e-01
3.149200000000000000e+04 9.980989999999999585e-01
3.154300000000000000e+04 9.961839999999999584e-01
3.159400000000000000e+04 9.934760000000000257e-01
3.164500000000000000e+04 9.910379999999999745e-01
3.169600000000000000e+04 9.889200000000000212e-01
3.174700000000000000e+04 9.888620000000000188e-01
3.179800000000000000e+04 9.903720000000000301e-01
3.184900000000000000e+04 9.927709999999999591e-01
3.190000000000000000e+04 9.952039999999999775e-01
3.195100000000000000e+04 9.960499999999999909e-01
3.200200000000000000e+04 9.953079999999999705e-01
3.205300000000000000e+04 9.922050000000000036e-01
3.210400000000000000e+04 9.883659999999999668e-01
3.215500000000000000e+04 9.843079999999999607e-01
3.220600000000000000e+04 9.808919999999999861e-01
3.225700000000000000e+04 9.799769999999999870e-01
3.230800000000000000e+04 9.797519999999999563e-01
3.235900000000000000e+04 9.816949999999999843e-01
3.241000000000000000e+04 9.841550000000000020e-01
3.246100000000000000e+04 9.858700000000000241e-01
3.251200000000000000e+04 9.877050000000000551e-01
3.256300000000000000e+04 9.877529999999999921e-01
3.261400000000000000e+04 9.857909999999999728e-01
3.266500000000000000e+04 9.816529999999999978e-01
3.271600000000000000e+04 9.739520000000000399e-01
3.276700000000000000e+04 9.624650000000000150e-01
3.281800000000000000e+04 9.487400000000000277e-01
3.286900000000000000e+04 9.334710000000000507e-01
3.292000000000000000e+04 9.190150000000000263e-01
3.297100000000000000e+04 9.063050000000000272e-01
3.302200000000000000e+04 8.948249999999999815e-01
3.307300000000000000e+04 8.837350000000000483e-01
3.312400000000000000e+04 8.714279999999999804e-01
3.317500000000000000e+04 8.581330000000000346e-01
3.322600000000000000e+04 8.441899999999999959e-01
3.327700000000000000e+04 8.299330000000000318e-01
3.332800000000000000e+04 8.184799999999999853e-01
3.337900000000000000e+04 8.067290000000000294e-01
3.343000000000000000e+04 7.975240000000000107e-01
3.348100000000000000e+04 7.882780000000000342e-01
3.353200000000000000e+04 7.793660000000000032e-01
3.358300000000000000e+04 7.714959999999999596e-01
3.363400000000000000e+04 7.644170000000000131e-01
3.368500000000000000e+04 7.583929999999999838e-01
3.373600000000000000e+04 7.535060000000000091e-01
3.378700000000000000e+04 7.483859999999999957e-01
3.383800000000000000e+04 7.435640000000000027e-01
3.388900000000000000e+04 7.377010000000000511e-01
3.394000000000000000e+04 7.312349999999999683e-01
3.399100000000000000e+04 7.228480000000000461e-01
3.404200000000000000e+04 7.130290000000000239e-01
3.409300000000000000e+04 7.012819999999999609e-01
3.414400000000000000e+04 6.883280000000000509e-01
3.419500000000000000e+04 6.739849999999999453e-01
3.424600000000000000e+04 6.599859999999999616e-01
3.429700000000000000e+04 6.458019999999999872e-01
3.434800000000000000e+04 6.319869999999999655e-01
3.439900000000000000e+04 6.173849999999999616e-01
3.445000000000000000e+04 6.011910000000000309e-01
3.450100000000000000e+04 5.832260000000000222e-01
3.455200000000000000e+04 5.642740000000000533e-01
3.460300000000000000e+04 5.464069999999999760e-01
3.465400000000000000e+04 5.294830000000000370e-01
3.470500000000000000e+04 5.162099999999999467e-01
3.475600000000000000e+04 5.039670000000000538e-01
3.480700000000000000e+04 4.941590000000000149e-01
3.485800000000000000e+04 4.843779999999999752e-01
3.490900000000000000e+04 4.755170000000000230e-01
3.496000000000000000e+04 4.671969999999999734e-01
3.501100000000000000e+04 4.592680000000000096e-01
3.506200000000000000e+04 4.522140000000000049e-01
3.511300000000000000e+04 4.456350000000000033e-01
3.516400000000000000e+04 4.387820000000000054e-01
3.521500000000000000e+04 4.320829999999999949e-01
3.526600000000000000e+04 4.245559999999999889e-01
3.531700000000000000e+04 4.163950000000000151e-01
3.536800000000000000e+04 4.079570000000000141e-01
3.541900000000000000e+04 3.991319999999999868e-01
3.547000000000000000e+04 3.903209999999999735e-01
3.552100000000000000e+04 3.822320000000000162e-01
3.557200000000000000e+04 3.747170000000000223e-01
3.562300000000000000e+04 3.679399999999999893e-01
3.567400000000000000e+04 3.613999999999999990e-01
3.572500000000000000e+04 3.550510000000000055e-01
3.577600000000000000e+04 3.484180000000000055e-01
3.582700000000000000e+04 3.420050000000000034e-01
3.587800000000000000e+04 3.353550000000000142e-01
3.592900000000000000e+04 3.287619999999999987e-01
3.598000000000000000e+04 3.227479999999999793e-01
3.603100000000000000e+04 3.166379999999999750e-01
3.608200000000000000e+04 3.106760000000000077e-01
3.613300000000000000e+04 3.046380000000000199e-01
3.618400000000000000e+04 2.981289999999999774e-01
3.623500000000000000e+04 2.916549999999999976e-01
3.628600000000000000e+04 2.851500000000000146e-01
3.633700000000000000e+04 2.787629999999999830e-01
3.638800000000000000e+04 2.728059999999999929e-01
3.643900000000000000e+04 2.673499999999999766e-01
3.649000000000000000e+04 2.619230000000000169e-01
3.654100000000000000e+04 2.569940000000000002e-01
3.659200000000000000e+04 2.523619999999999752e-01
3.664300000000000000e+04 2.475710000000000133e-01
3.669400000000000000e+04 2.433220000000000105e-01
3.674500000000000000e+04 2.393450000000000022e-01
3.679600000000000000e+04 2.354259999999999964e-01
3.684700000000000000e+04 2.320200000000000040e-01
3.689800000000000000e+04 2.285270000000000079e-01
3.694900000000000000e+04 2.251370000000000038e-01
3.700000000000000000e+04 2.219770000000000076e-01
3.705100000000000000e+04 2.188420000000000087e-01
3.710200000000000000e+04 2.159379999999999911e-01
3.715300000000000000e+04 2.132660000000000111e-01
3.720400000000000000e+04 2.105609999999999982e-01
3.725500000000000000e+04 2.079709999999999892e-01
3.730600000000000000e+04 2.055180000000000062e-01
3.735700000000000000e+04 2.029720000000000135e-01
3.740800000000000000e+04 2.002760000000000096e-01
3.745900000000000000e+04 1.973709999999999909e-01
3.751000000000000000e+04 1.942679999999999962e-01
3.756100000000000000e+04 1.907230000000000036e-01
3.761200000000000000e+04 1.869510000000000061e-01
3.766300000000000000e+04 1.831019999999999870e-01
3.771400000000000000e+04 1.790370000000000017e-01
3.776500000000000000e+04 1.753010000000000124e-01
3.781600000000000000e+04 1.714229999999999920e-01
3.786700000000000000e+04 1.680020000000000124e-01
3.791800000000000000e+04 1.649799999999999878e-01
3.796900000000000000e+04 1.621710000000000096e-01
3.802000000000000000e+04 1.597280000000000089e-01
3.807100000000000000e+04 1.577900000000000136e-01
3.812200000000000000e+04 1.559520000000000073e-01
3.817300000000000000e+04 1.545970000000000122e-01
3.822400000000000000e+04 1.530030000000000001e-01
3.827500000000000000e+04 1.512779999999999958e-01
3.832600000000000000e+04 1.492989999999999873e-01
3.837700000000000000e+04 1.469040000000000068e-01
3.842800000000000000e+04 1.445629999999999971e-01
3.847900000000000000e+04 1.421830000000000038e-01
3.853000000000000000e+04 1.399849999999999983e-01
3.858100000000000000e+04 1.380460000000000020e-01
3.863200000000000000e+04 1.366670000000000107e-01
3.868300000000000000e+04 1.354200000000000126e-01
3.873400000000000000e+04 1.345000000000000084e-01
3.878500000000000000e+04 1.336509999999999920e-01
3.883600000000000000e+04 1.329829999999999901e-01
3.888700000000000000e+04 1.323749999999999927e-01
3.893800000000000000e+04 1.318650000000000100e-01
3.898900000000000000e+04 1.313290000000000013e-01
3.904000000000000000e+04 1.308179999999999898e-01
3.909100000000000000e+04 1.302230000000000054e-01
3.914200000000000000e+04 1.294909999999999950e-01
3.919300000000000000e+04 1.286920000000000008e-01
3.924400000000000000e+04 1.279270000000000129e-01
3.929500000000000000e+04 1.270090000000000108e-01
3.934600000000000000e+04 1.262060000000000126e-01
3.939700000000000000e+04 1.254520000000000080e-01
3.944800000000000000e+04 1.246980000000000033e-01
3.949900000000000000e+04 1.240480000000000055e-01
3.955000000000000000e+04 1.234289999999999971e-01
3.960100000000000000e+04 1.227950000000000014e-01
3.965200000000000000e+04 1.219500000000000028e-01
3.970300000000000000e+04 1.208300000000000068e-01
3.975400000000000000e+04 1.194619999999999987e-01
3.980500000000000000e+04 1.176920000000000049e-01
3.985600000000000000e+04 1.154629999999999962e-01
3.990700000000000000e+04 1.128139999999999976e-01
3.995800000000000000e+04 1.097609999999999975e-01
4.000900000000000000e+04 1.063140000000000057e-01
4.006000000000000000e+04 1.026009999999999978e-01
4.011100000000000000e+04 9.860639999999999683e-02
4.016200000000000000e+04 9.447049999999999892e-02
4.021300000000000000e+04 9.021869999999999890e-02
4.026400000000000000e+04 8.605830000000000424e-02
4.031500000000000000e+04 8.183899999999999508e-02
4.036600000000000000e+04 7.773430000000000617e-02
4.041700000000000000e+04 7.378590000000000149e-02
4.046800000000000000e+04 6.976269999999999694e-02
4.051900000000000000e+04 6.580300000000000038e-02
4.057000000000000000e+04 6.164410000000000028e-02
4.062100000000000000e+04 5.735280000000000239e-02
4.067200000000000000e+04 5.303250000000000325e-02
4.072300000000000000e+04 4.861479999999999968e-02
4.077400000000000000e+04 4.406439999999999663e-02
4.082500000000000000e+04 3.970719999999999805e-02
4.087600000000000000e+04 3.547499999999999959e-02
4.092700000000000000e+04 3.134710000000000274e-02
4.097800000000000000e+04 2.745329999999999993e-02
4.102900000000000000e+04 2.378239999999999868e-02
4.108000000000000000e+04 2.021910000000000027e-02
4.113100000000000000e+04 1.700729999999999950e-02
4.118200000000000000e+04 1.396410000000000012e-02
4.123300000000000000e+04 1.137690000000000055e-02
4.128400000000000000e+04 9.083680000000000226e-03
4.133500000000000000e+04 7.232630000000000309e-03
4.138600000000000000e+04 5.643060000000000090e-03
4.143700000000000000e+04 4.503550000000000261e-03
4.148800000000000000e+04 3.588190000000000216e-03
4.153900000000000000e+04 2.903549999999999968e-03
4.159000000000000000e+04 2.371530000000000166e-03
4.164100000000000000e+04 1.938709999999999956e-03
4.169200000000000000e+04 1.636129999999999963e-03
4.174300000000000000e+04 1.367329999999999934e-03
4.179400000000000000e+04 1.144489999999999960e-03
4.184500000000000000e+04 9.322889999999999910e-04
4.189600000000000000e+04 7.987450000000000105e-04
4.194700000000000000e+04 7.248099999999999942e-04
4.199800000000000000e+04 6.487689999999999950e-04
4.204900000000000000e+04 5.651840000000000423e-04
4.210000000000000000e+04 5.319160000000000077e-04
4.215100000000000000e+04 4.968379999999999888e-04
4.220200000000000000e+04 4.519149999999999990e-04
4.225300000000000000e+04 4.224440000000000096e-04
4.230400000000000000e+04 3.889550000000000190e-04
4.235500000000000000e+04 3.278490000000000115e-04
4.240600000000000000e+04 2.728179999999999755e-04
4.245700000000000000e+04 2.481329999999999907e-04
4.250800000000000000e+04 2.385819999999999868e-04
4.255900000000000000e+04 2.299430000000000039e-04
4.261000000000000000e+04 2.042299999999999877e-04
4.266100000000000000e+04 1.894660000000000051e-04
4.271200000000000000e+04 1.986079999999999931e-04
4.276300000000000000e+04 2.009889999999999962e-04
4.281400000000000000e+04 1.891929999999999892e-04
4.286500000000000000e+04 1.825490000000000034e-04
4.291600000000000000e+04 1.888950000000000134e-04
4.296700000000000000e+04 1.949329999999999986e-04
4.301800000000000000e+04 1.963339999999999942e-04
4.306900000000000000e+04 1.855570000000000125e-04
4.312000000000000000e+04 1.744500000000000120e-04
4.317100000000000000e+04 1.719260000000000070e-04
4.322200000000000000e+04 1.604610000000000075e-04
4.327300000000000000e+04 1.414499999999999959e-04
4.332400000000000000e+04 1.276799999999999973e-04
4.337500000000000000e+04 1.339690000000000043e-04
4.342600000000000000e+04 1.455379999999999879e-04
4.347700000000000000e+04 1.287089999999999903e-04
4.352800000000000000e+04 8.721979999999999458e-05
4.357900000000000000e+04 7.199010000000000045e-05
4.363000000000000000e+04 8.600450000000000640e-05
4.368100000000000000e+04 6.543499999999999946e-05
4.373200000000000000e+04 2.388649999999999907e-05
4.378300000000000000e+04 1.163110000000000017e-07
