2.102500000000000000e+03 0.000000000000000000e+00
2.108500000000000000e+03 1.038519999999999958e-07
2.114500000000000000e+03 1.504960000000000072e-05
2.120500000000000000e+03 5.359289999999999979e-05
2.126500000000000000e+03 9.120799999999999817e-05
2.132500000000000000e+03 1.074720000000000037e-04
2.138500000000000000e+03 1.114410000000000059e-04
2.144500000000000000e+03 1.161399999999999960e-04
2.150500000000000000e+03 1.214950000000000014e-04
2.156500000000000000e+03 1.269210000000000000e-04
2.162500000000000000e+03 1.321879999999999887e-04
2.168500000000000000e+03 1.370520000000000017e-04
2.174500000000000000e+03 1.402639999999999974e-04
2.180500000000000000e+03 1.416830000000000053e-04
2.186500000000000000e+03 1.411159999999999953e-04
2.192500000000000000e+03 1.391049999999999904e-04
2.198500000000000000e+03 1.361679999999999878e-04
2.204500000000000000e+03 1.328420000000000132e-04
2.210500000000000000e+03 1.296769999999999986e-04
2.216500000000000000e+03 1.273699999999999952e-04
2.222500000000000000e+03 1.269739999999999942e-04
2.228500000000000000e+03 1.288619999999999870e-04
2.234500000000000000e+03 1.327869999999999875e-04
2.240500000000000000e+03 1.383249999999999877e-04
2.246500000000000000e+03 1.444449999999999901e-04
2.252500000000000000e+03 1.498580000000000008e-04
2.258500000000000000e+03 1.535429999999999900e-04
2.264500000000000000e+03 1.540930000000000034e-04
2.270500000000000000e+03 1.517740000000000007e-04
2.276500000000000000e+03 1.453450000000000119e-04
2.282500000000000000e+03 1.359649999999999899e-04
2.288500000000000000e+03 1.238289999999999964e-04
2.294500000000000000e+03 1.106560000000000058e-04
2.300500000000000000e+03 9.744499999999999961e-05
2.306500000000000000e+03 8.501589999999999354e-05
2.312500000000000000e+03 7.481730000000000617e-05
2.318500000000000000e+03 6.676660000000000548e-05
2.324500000000000000e+03 6.202489999999999631e-05
2.330500000000000000e+03 5.984920000000000290e-05
2.336500000000000000e+03 6.077200000000000023e-05
2.342500000000000000e+03 6.382889999999999463e-05
2.348500000000000000e+03 6.882920000000000162e-05
2.354500000000000000e+03 7.487489999999999695e-05
2.360500000000000000e+03 8.119180000000000418e-05
2.366500000000000000e+03 8.706260000000000225e-05
2.372500000000000000e+03 9.187129999999999570e-05
2.378500000000000000e+03 9.480470000000000390e-05
2.384500000000000000e+03 9.524179999999999333e-05
2.390500000000000000e+03 9.258209999999999574e-05
2.396500000000000000e+03 8.737169999999999561e-05
2.402500000000000000e+03 8.010900000000000160e-05
2.408500000000000000e+03 7.226180000000000667e-05
2.414500000000000000e+03 6.444390000000000144e-05
2.420500000000000000e+03 5.699570000000000049e-05
2.426500000000000000e+03 5.044999999999999978e-05
2.432500000000000000e+03 4.468090000000000110e-05
2.438500000000000000e+03 4.047119999999999971e-05
2.444500000000000000e+03 3.740509999999999869e-05
2.450500000000000000e+03 3.534719999999999930e-05
2.456500000000000000e+03 3.354229999999999902e-05
2.462500000000000000e+03 3.206890000000000055e-05
2.468500000000000000e+03 3.081379999999999964e-05
2.474500000000000000e+03 2.986290000000000168e-05
2.480500000000000000e+03 2.905509999999999902e-05
2.486500000000000000e+03 2.820969999999999861e-05
2.492500000000000000e+03 2.727489999999999868e-05
2.498500000000000000e+03 2.640110000000000037e-05
2.504500000000000000e+03 2.559709999999999926e-05
2.510500000000000000e+03 2.470509999999999831e-05
2.516500000000000000e+03 2.373669999999999925e-05
2.522500000000000000e+03 2.284699999999999996e-05
2.528500000000000000e+03 2.200830000000000069e-05
2.534500000000000000e+03 2.106900000000000106e-05
2.540500000000000000e+03 2.011149999999999879e-05
2.546500000000000000e+03 1.930939999999999846e-05
2.552500000000000000e+03 1.882540000000000106e-05
2.558500000000000000e+03 1.859439999999999937e-05
2.564500000000000000e+03 1.858779999999999845e-05
2.570500000000000000e+03 1.864480000000000147e-05
2.576500000000000000e+03 1.867580000000000168e-05
2.582500000000000000e+03 1.863830000000000077e-05
2.588500000000000000e+03 1.825249999999999846e-05
2.594500000000000000e+03 1.758199999999999870e-05
2.600500000000000000e+03 1.695900000000000144e-05
2.606500000000000000e+03 1.660640000000000079e-05
2.612500000000000000e+03 1.655159999999999921e-05
2.618500000000000000e+03 1.656399999999999930e-05
2.624500000000000000e+03 1.661120000000000115e-05
2.630500000000000000e+03 1.664909999999999955e-05
2.636500000000000000e+03 1.664729999999999899e-05
2.642500000000000000e+03 1.657280000000000165e-05
2.648500000000000000e+03 1.630109999999999882e-05
2.654500000000000000e+03 1.613469999999999987e-05
2.660500000000000000e+03 2.187329999999999944e-05
2.666500000000000000e+03 2.916489999999999922e-05
2.672500000000000000e+03 3.010970000000000074e-05
2.678500000000000000e+03 3.009750000000000110e-05
2.684500000000000000e+03 3.009159999999999832e-05
2.690500000000000000e+03 3.006689999999999837e-05
2.696500000000000000e+03 3.002490000000000115e-05
2.702500000000000000e+03 3.002170000000000091e-05
2.708500000000000000e+03 2.975900000000000087e-05
2.714500000000000000e+03 2.939890000000000070e-05
2.720500000000000000e+03 2.941859999999999986e-05
2.726500000000000000e+03 2.979950000000000158e-05
2.732500000000000000e+03 2.962719999999999986e-05
2.738500000000000000e+03 2.958400000000000000e-05
2.744500000000000000e+03 3.012660000000000053e-05
2.750500000000000000e+03 3.067830000000000069e-05
2.756500000000000000e+03 3.087569999999999985e-05
2.762500000000000000e+03 3.070209999999999866e-05
2.768500000000000000e+03 3.039220000000000016e-05
2.774500000000000000e+03 3.030790000000000166e-05
2.780500000000000000e+03 3.047600000000000095e-05
2.786500000000000000e+03 3.078970000000000101e-05
2.792500000000000000e+03 3.122969999999999680e-05
2.798500000000000000e+03 3.209529999999999745e-05
2.804500000000000000e+03 3.367769999999999775e-05
2.810500000000000000e+03 3.547319999999999776e-05
2.816500000000000000e+03 3.721969999999999874e-05
2.822500000000000000e+03 3.841919999999999970e-05
2.828500000000000000e+03 3.912480000000000189e-05
2.834500000000000000e+03 3.957049999999999663e-05
2.840500000000000000e+03 3.997299999999999828e-05
2.846500000000000000e+03 4.052130000000000114e-05
2.852500000000000000e+03 4.091009999999999986e-05
2.858500000000000000e+03 4.098440000000000015e-05
2.864500000000000000e+03 4.099639999999999936e-05
2.870500000000000000e+03 4.100819999999999813e-05
2.876500000000000000e+03 4.127570000000000192e-05
2.882500000000000000e+03 4.179039999999999887e-05
2.888500000000000000e+03 4.286529999999999768e-05
2.894500000000000000e+03 4.407190000000000066e-05
2.900500000000000000e+03 4.575040000000000161e-05
2.906500000000000000e+03 4.785130000000000042e-05
2.912500000000000000e+03 5.009800000000000044e-05
2.918500000000000000e+03 5.189330000000000001e-05
2.924500000000000000e+03 5.340399999999999894e-05
2.930500000000000000e+03 5.456259999999999832e-05
2.936500000000000000e+03 5.560300000000000279e-05
2.942500000000000000e+03 5.670020000000000306e-05
2.948500000000000000e+03 5.867569999999999795e-05
2.954500000000000000e+03 6.120240000000000207e-05
2.960500000000000000e+03 6.457450000000000321e-05
2.966500000000000000e+03 6.837369999999999895e-05
2.972500000000000000e+03 7.269530000000000176e-05
2.978500000000000000e+03 7.730429999999999778e-05
2.984500000000000000e+03 8.223970000000000477e-05
2.990500000000000000e+03 8.771570000000000452e-05
2.996500000000000000e+03 9.346140000000000610e-05
3.002500000000000000e+03 9.991459999999999372e-05
3.008500000000000000e+03 1.070220000000000063e-04
3.014500000000000000e+03 1.154799999999999989e-04
3.020500000000000000e+03 1.255659999999999968e-04
3.026500000000000000e+03 1.373450000000000072e-04
3.032500000000000000e+03 1.500899999999999945e-04
3.038500000000000000e+03 1.660420000000000071e-04
3.044500000000000000e+03 1.839619999999999981e-04
3.050500000000000000e+03 2.059390000000000081e-04
3.056500000000000000e+03 2.302949999999999897e-04
3.062500000000000000e+03 2.598920000000000115e-04
3.068500000000000000e+03 2.931729999999999796e-04
3.074500000000000000e+03 3.341420000000000002e-04
3.080500000000000000e+03 3.804109999999999870e-04
3.086500000000000000e+03 4.368400000000000256e-04
3.092500000000000000e+03 5.005800000000000353e-04
3.098500000000000000e+03 5.749859999999999867e-04
3.104500000000000000e+03 6.573139999999999886e-04
3.110500000000000000e+03 9.320679999999999807e-04
3.116500000000000000e+03 1.714370000000000000e-03
3.122500000000000000e+03 2.684929999999999869e-03
3.128500000000000000e+03 4.213680000000000030e-03
3.134500000000000000e+03 6.559100000000000000e-03
3.140500000000000000e+03 9.544250000000000650e-03
3.146500000000000000e+03 1.312239999999999934e-02
3.152500000000000000e+03 1.779740000000000141e-02
3.158500000000000000e+03 2.334800000000000070e-02
3.164500000000000000e+03 2.972160000000000080e-02
3.170500000000000000e+03 3.662359999999999921e-02
3.176500000000000000e+03 4.404580000000000300e-02
3.182500000000000000e+03 5.173749999999999877e-02
3.188500000000000000e+03 5.987220000000000042e-02
3.194500000000000000e+03 6.811399999999999400e-02
3.200500000000000000e+03 7.663709999999999967e-02
3.206500000000000000e+03 8.529599999999999682e-02
3.212500000000000000e+03 9.433769999999999656e-02
3.218500000000000000e+03 1.036849999999999994e-01
3.224500000000000000e+03 1.135039999999999938e-01
3.230500000000000000e+03 1.235060000000000047e-01
3.236500000000000000e+03 1.339710000000000067e-01
3.242500000000000000e+03 1.445799999999999863e-01
3.248500000000000000e+03 1.554730000000000001e-01
3.254500000000000000e+03 1.666169999999999873e-01
3.260500000000000000e+03 1.779719999999999913e-01
3.266500000000000000e+03 1.894589999999999885e-01
3.272500000000000000e+03 2.009799999999999920e-01
3.278500000000000000e+03 2.122429999999999872e-01
3.284500000000000000e+03 2.233090000000000075e-01
3.290500000000000000e+03 2.339930000000000065e-01
3.296500000000000000e+03 2.442020000000000024e-01
3.302500000000000000e+03 2.536889999999999978e-01
3.308500000000000000e+03 2.624870000000000259e-01
3.314500000000000000e+03 2.701000000000000068e-01
3.320500000000000000e+03 2.768840000000000190e-01
3.326500000000000000e+03 2.825010000000000021e-01
3.332500000000000000e+03 2.874220000000000108e-01
3.338500000000000000e+03 2.916270000000000251e-01
3.344500000000000000e+03 2.955039999999999889e-01
3.350500000000000000e+03 2.988439999999999985e-01
3.356500000000000000e+03 3.023159999999999736e-01
3.362500000000000000e+03 3.055800000000000183e-01
3.368500000000000000e+03 3.093580000000000219e-01
3.374500000000000000e+03 3.135490000000000221e-01
3.380500000000000000e+03 3.182550000000000101e-01
3.386500000000000000e+03 3.229560000000000208e-01
3.392500000000000000e+03 3.277909999999999990e-01
3.398500000000000000e+03 3.328309999999999880e-01
3.404500000000000000e+03 3.376410000000000244e-01
3.410500000000000000e+03 3.421239999999999837e-01
3.416500000000000000e+03 3.456000000000000183e-01
3.422500000000000000e+03 3.482520000000000060e-01
3.428500000000000000e+03 3.501420000000000088e-01
3.434500000000000000e+03 3.515690000000000204e-01
3.440500000000000000e+03 3.523819999999999730e-01
3.446500000000000000e+03 3.530200000000000005e-01
3.452500000000000000e+03 3.535420000000000229e-01
3.458500000000000000e+03 3.541650000000000076e-01
3.464500000000000000e+03 3.549760000000000137e-01
3.470500000000000000e+03 3.561699999999999866e-01
3.476500000000000000e+03 3.576070000000000082e-01
3.482500000000000000e+03 3.590780000000000083e-01
3.488500000000000000e+03 3.608009999999999828e-01
3.494500000000000000e+03 3.632799999999999918e-01
3.500500000000000000e+03 3.670280000000000209e-01
3.506500000000000000e+03 3.739529999999999799e-01
3.512500000000000000e+03 3.867900000000000227e-01
3.518500000000000000e+03 4.076500000000000123e-01
3.524500000000000000e+03 4.439020000000000188e-01
3.530500000000000000e+03 4.941229999999999789e-01
3.536500000000000000e+03 5.630209999999999937e-01
3.542500000000000000e+03 6.445440000000000058e-01
3.548500000000000000e+03 7.284350000000000547e-01
3.554500000000000000e+03 8.072730000000000183e-01
3.560500000000000000e+03 8.687730000000000175e-01
3.566500000000000000e+03 9.127140000000000253e-01
3.572500000000000000e+03 9.409640000000000226e-01
3.578500000000000000e+03 9.570429999999999771e-01
3.584500000000000000e+03 9.635059999999999736e-01
3.590500000000000000e+03 9.639600000000000390e-01
3.596500000000000000e+03 9.628440000000000332e-01
3.602500000000000000e+03 9.642439999999999900e-01
3.608500000000000000e+03 9.683519999999999905e-01
3.614500000000000000e+03 9.750590000000000090e-01
3.620500000000000000e+03 9.830210000000000337e-01
3.626500000000000000e+03 9.914929999999999577e-01
3.632500000000000000e+03 9.969000000000000083e-01
3.638500000000000000e+03 1.000000000000000000e+00
3.644500000000000000e+03 9.977369999999999850e-01
3.650500000000000000e+03 9.938420000000000032e-01
3.656500000000000000e+03 9.892819999999999947e-01
3.662500000000000000e+03 9.843199999999999728e-01
3.668500000000000000e+03 9.796540000000000248e-01
3.674500000000000000e+03 9.720729999999999649e-01
3.680500000000000000e+03 9.566149999999999931e-01
3.686500000000000000e+03 9.358990000000000364e-01
3.692500000000000000e+03 9.059180000000000010e-01
3.698500000000000000e+03 8.663689999999999447e-01
3.704500000000000000e+03 8.129070000000000462e-01
3.710500000000000000e+03 7.465720000000000134e-01
3.716500000000000000e+03 6.698250000000000037e-01
3.722500000000000000e+03 5.927700000000000191e-01
3.728500000000000000e+03 5.249409999999999910e-01
3.734500000000000000e+03 4.667859999999999787e-01
3.740500000000000000e+03 4.279800000000000271e-01
3.746500000000000000e+03 4.000750000000000139e-01
3.752500000000000000e+03 3.854259999999999908e-01
3.758500000000000000e+03 3.753949999999999787e-01
3.764500000000000000e+03 3.681260000000000088e-01
3.770500000000000000e+03 3.630610000000000226e-01
3.776500000000000000e+03 3.598239999999999772e-01
3.782500000000000000e+03 3.573770000000000002e-01
3.788500000000000000e+03 3.547199999999999798e-01
3.794500000000000000e+03 3.515650000000000164e-01
3.800500000000000000e+03 3.477850000000000108e-01
3.806500000000000000e+03 3.432729999999999948e-01
3.812500000000000000e+03 3.383760000000000101e-01
3.818500000000000000e+03 3.335400000000000031e-01
3.824500000000000000e+03 3.293209999999999749e-01
3.830500000000000000e+03 3.258570000000000078e-01
3.836500000000000000e+03 3.235250000000000070e-01
3.842500000000000000e+03 3.215359999999999885e-01
3.848500000000000000e+03 3.188880000000000048e-01
3.854500000000000000e+03 3.156349999999999989e-01
3.860500000000000000e+03 3.116470000000000073e-01
3.866500000000000000e+03 3.082900000000000085e-01
3.872500000000000000e+03 3.054859999999999798e-01
3.878500000000000000e+03 3.026840000000000086e-01
3.884500000000000000e+03 3.000149999999999761e-01
3.890500000000000000e+03 2.973720000000000252e-01
3.896500000000000000e+03 2.944979999999999820e-01
3.902500000000000000e+03 2.915389999999999926e-01
3.908500000000000000e+03 2.887560000000000127e-01
3.914500000000000000e+03 2.858249999999999957e-01
3.920500000000000000e+03 2.824189999999999756e-01
3.926500000000000000e+03 2.789209999999999745e-01
3.932500000000000000e+03 2.752350000000000074e-01
3.938500000000000000e+03 2.695810000000000151e-01
3.944500000000000000e+03 2.626870000000000038e-01
3.950500000000000000e+03 2.537619999999999876e-01
3.956500000000000000e+03 2.436339999999999895e-01
3.962500000000000000e+03 2.315619999999999901e-01
3.968500000000000000e+03 2.181049999999999933e-01
3.974500000000000000e+03 2.031020000000000048e-01
3.980500000000000000e+03 1.869290000000000118e-01
3.986500000000000000e+03 1.699839999999999962e-01
3.992500000000000000e+03 1.528770000000000129e-01
3.998500000000000000e+03 1.359799999999999898e-01
4.004500000000000000e+03 1.194520000000000026e-01
4.010500000000000000e+03 1.042010000000000020e-01
4.016500000000000000e+03 8.992609999999999493e-02
4.022500000000000000e+03 7.742079999999999795e-02
4.028500000000000000e+03 6.607369999999999910e-02
4.034500000000000000e+03 5.656739999999999685e-02
4.040500000000000000e+03 4.818209999999999854e-02
4.046500000000000000e+03 4.133010000000000156e-02
4.052500000000000000e+03 3.539389999999999897e-02
4.058500000000000000e+03 3.056740000000000151e-02
4.064500000000000000e+03 2.644749999999999879e-02
4.070500000000000000e+03 2.306429999999999939e-02
4.076500000000000000e+03 2.020150000000000071e-02
4.082500000000000000e+03 1.779779999999999904e-02
4.088500000000000000e+03 1.576040000000000080e-02
4.094500000000000000e+03 1.400400000000000082e-02
4.100500000000000000e+03 1.249270000000000068e-02
4.106500000000000000e+03 1.114730000000000061e-02
4.112500000000000000e+03 9.974810000000000620e-03
4.118500000000000000e+03 8.863710000000000339e-03
4.124500000000000000e+03 7.590010000000000333e-03
4.130500000000000000e+03 6.384660000000000335e-03
4.136500000000000000e+03 5.544689999999999688e-03
4.142500000000000000e+03 4.618060000000000220e-03
4.148500000000000000e+03 3.586810000000000172e-03
4.154500000000000000e+03 2.789659999999999796e-03
4.160500000000000000e+03 2.343079999999999989e-03
4.166500000000000000e+03 1.998750000000000093e-03
4.172500000000000000e+03 1.339499999999999979e-03
4.178500000000000000e+03 4.564969999999999900e-04
4.184500000000000000e+03 2.386149999999999914e-04
4.190500000000000000e+03 2.263020000000000027e-04
4.196500000000000000e+03 2.155310000000000071e-04
4.202500000000000000e+03 1.901369999999999992e-04
4.208500000000000000e+03 1.597769999999999985e-04
4.214500000000000000e+03 1.510089999999999902e-04
4.220500000000000000e+03 1.463059999999999914e-04
4.226500000000000000e+03 1.420690000000000115e-04
4.232500000000000000e+03 1.379309999999999911e-04
4.238500000000000000e+03 1.327810000000000015e-04
4.244500000000000000e+03 1.277569999999999899e-04
4.250500000000000000e+03 1.231139999999999871e-04
4.256500000000000000e+03 1.094300000000000009e-04
4.262500000000000000e+03 7.590589999999999436e-05
4.268500000000000000e+03 5.280930000000000276e-05
4.274500000000000000e+03 5.191679999999999733e-05
4.280500000000000000e+03 5.179979999999999828e-05
4.286500000000000000e+03 5.190980000000000231e-05
4.292500000000000000e+03 5.214279999999999821e-05
4.298500000000000000e+03 5.263210000000000045e-05
4.304500000000000000e+03 5.314190000000000022e-05
4.310500000000000000e+03 5.348000000000000296e-05
4.316500000000000000e+03 5.376420000000000271e-05
4.322500000000000000e+03 5.379110000000000071e-05
4.328500000000000000e+03 5.368769999999999760e-05
4.334500000000000000e+03 5.354589999999999838e-05
4.340500000000000000e+03 5.338660000000000145e-05
4.346500000000000000e+03 5.322749999999999818e-05
4.352500000000000000e+03 5.306600000000000320e-05
4.358500000000000000e+03 5.289280000000000289e-05
4.364500000000000000e+03 5.241439999999999744e-05
4.370500000000000000e+03 5.163639999999999913e-05
4.376500000000000000e+03 4.919630000000000194e-05
4.382500000000000000e+03 4.576640000000000281e-05
4.388500000000000000e+03 4.356530000000000114e-05
4.394500000000000000e+03 4.121130000000000301e-05
4.400500000000000000e+03 4.000890000000000246e-05
4.406500000000000000e+03 4.061100000000000132e-05
4.412500000000000000e+03 4.290579999999999839e-05
4.418500000000000000e+03 4.570150000000000281e-05
4.424500000000000000e+03 4.932900000000000154e-05
4.430500000000000000e+03 5.344089999999999854e-05
4.436500000000000000e+03 5.617209999999999705e-05
4.442500000000000000e+03 5.841909999999999773e-05
4.448500000000000000e+03 5.948619999999999976e-05
4.454500000000000000e+03 5.982110000000000227e-05
4.460500000000000000e+03 6.021549999999999971e-05
4.466500000000000000e+03 6.054370000000000107e-05
4.472500000000000000e+03 6.099009999999999734e-05
4.478500000000000000e+03 6.162260000000000188e-05
4.484500000000000000e+03 6.233420000000000367e-05
4.490500000000000000e+03 6.322650000000000188e-05
4.496500000000000000e+03 6.442010000000000347e-05
4.502500000000000000e+03 6.556919999999999556e-05
4.508500000000000000e+03 6.673009999999999998e-05
4.514500000000000000e+03 6.775090000000000214e-05
4.520500000000000000e+03 6.850530000000000291e-05
4.526500000000000000e+03 6.932270000000000630e-05
4.532500000000000000e+03 7.014009999999999613e-05
4.538500000000000000e+03 7.092110000000000102e-05
4.544500000000000000e+03 7.179919999999999521e-05
4.550500000000000000e+03 7.253749999999999456e-05
4.556500000000000000e+03 7.316949999999999800e-05
4.562500000000000000e+03 7.386149999999999747e-05
4.568500000000000000e+03 7.444559999999999752e-05
4.574500000000000000e+03 7.473050000000000558e-05
4.580500000000000000e+03 7.500449999999999652e-05
4.586500000000000000e+03 7.505949999999999515e-05
4.592500000000000000e+03 7.501020000000000224e-05
4.598500000000000000e+03 7.531099999999999774e-05
4.604500000000000000e+03 7.573440000000000456e-05
4.610500000000000000e+03 7.649110000000000360e-05
4.616500000000000000e+03 7.752370000000000452e-05
4.622500000000000000e+03 7.870640000000000253e-05
4.628500000000000000e+03 7.986260000000000342e-05
4.634500000000000000e+03 8.095720000000000477e-05
4.640500000000000000e+03 8.188400000000000409e-05
4.646500000000000000e+03 8.250889999999999874e-05
4.652500000000000000e+03 8.307169999999999951e-05
4.658500000000000000e+03 8.352570000000000567e-05
4.664500000000000000e+03 8.403210000000000475e-05
4.670500000000000000e+03 8.467169999999999775e-05
4.676500000000000000e+03 8.484980000000000202e-05
4.682500000000000000e+03 8.483849999999999757e-05
4.688500000000000000e+03 8.486920000000000390e-05
4.694500000000000000e+03 8.462109999999999522e-05
4.700500000000000000e+03 8.479079999999999462e-05
4.706500000000000000e+03 8.526920000000000007e-05
4.712500000000000000e+03 8.565880000000000054e-05
4.718500000000000000e+03 8.303800000000000016e-05
4.724500000000000000e+03 6.402109999999999594e-05
4.730500000000000000e+03 4.465600000000000071e-05
4.736500000000000000e+03 3.184640000000000056e-05
4.742500000000000000e+03 1.245750000000000058e-05
4.748500000000000000e+03 1.301550000000000058e-06
