5.424500000000000000e+03 0.000000000000000000e+00
5.434500000000000000e+03 9.867240000000000415e-06
5.444500000000000000e+03 3.604459999999999706e-05
5.454500000000000000e+03 5.157630000000000287e-05
5.464500000000000000e+03 5.510840000000000248e-05
5.474500000000000000e+03 5.570500000000000283e-05
5.484500000000000000e+03 7.365180000000000522e-05
5.494500000000000000e+03 1.877899999999999893e-04
5.504500000000000000e+03 3.317810000000000138e-04
5.514500000000000000e+03 4.740689999999999770e-04
5.524500000000000000e+03 7.032380000000000185e-04
5.534500000000000000e+03 1.048179999999999902e-03
5.544500000000000000e+03 1.851769999999999979e-03
5.554500000000000000e+03 3.213870000000000181e-03
5.564500000000000000e+03 5.865709999999999674e-03
5.574500000000000000e+03 9.465209999999999943e-03
5.584500000000000000e+03 1.451419999999999967e-02
5.594500000000000000e+03 2.060340000000000088e-02
5.604500000000000000e+03 2.776319999999999830e-02
5.614500000000000000e+03 3.521330000000000293e-02
5.624500000000000000e+03 4.467979999999999868e-02
5.634500000000000000e+03 5.566539999999999683e-02
5.644500000000000000e+03 7.096669999999999368e-02
5.654500000000000000e+03 9.065840000000000010e-02
5.664500000000000000e+03 1.151100000000000040e-01
5.674500000000000000e+03 1.431199999999999972e-01
5.684500000000000000e+03 1.735889999999999933e-01
5.694500000000000000e+03 2.036719999999999919e-01
5.704500000000000000e+03 2.313350000000000128e-01
5.714500000000000000e+03 2.550410000000000177e-01
5.724500000000000000e+03 2.781730000000000036e-01
5.734500000000000000e+03 3.012619999999999743e-01
5.744500000000000000e+03 3.314810000000000256e-01
5.754500000000000000e+03 3.692409999999999859e-01
5.764500000000000000e+03 4.134769999999999834e-01
5.774500000000000000e+03 4.571359999999999868e-01
5.784500000000000000e+03 4.958919999999999995e-01
5.794500000000000000e+03 5.262499999999999956e-01
5.804500000000000000e+03 5.456539999999999724e-01
5.814500000000000000e+03 5.631969999999999477e-01
5.824500000000000000e+03 5.810260000000000424e-01
5.834500000000000000e+03 5.981199999999999850e-01
5.844500000000000000e+03 6.116350000000000398e-01
5.854500000000000000e+03 6.192830000000000279e-01
5.864500000000000000e+03 6.262640000000000429e-01
5.874500000000000000e+03 6.335749999999999993e-01
5.884500000000000000e+03 6.502379999999999827e-01
5.894500000000000000e+03 6.743289999999999562e-01
5.904500000000000000e+03 6.973759999999999959e-01
5.914500000000000000e+03 7.206939999999999458e-01
5.924500000000000000e+03 7.390339999999999687e-01
5.934500000000000000e+03 7.562440000000000273e-01
5.944500000000000000e+03 7.792679999999999607e-01
5.954500000000000000e+03 7.966849999999999765e-01
5.964500000000000000e+03 8.092270000000000296e-01
5.974500000000000000e+03 8.267189999999999817e-01
5.984500000000000000e+03 8.422070000000000389e-01
5.994500000000000000e+03 8.600970000000000004e-01
6.004500000000000000e+03 8.754859999999999864e-01
6.014500000000000000e+03 8.866420000000000412e-01
6.024500000000000000e+03 8.943959999999999688e-01
6.034500000000000000e+03 8.978930000000000522e-01
6.044500000000000000e+03 8.991209999999999480e-01
6.054500000000000000e+03 8.984050000000000091e-01
6.064500000000000000e+03 9.004520000000000302e-01
6.074500000000000000e+03 9.053999999999999826e-01
6.084500000000000000e+03 9.095940000000000136e-01
6.094500000000000000e+03 9.145480000000000276e-01
6.104500000000000000e+03 9.237600000000000255e-01
6.114500000000000000e+03 9.311319999999999597e-01
6.124500000000000000e+03 9.341040000000000454e-01
6.134500000000000000e+03 9.367720000000000491e-01
6.144500000000000000e+03 9.413899999999999491e-01
6.154500000000000000e+03 9.434500000000000108e-01
6.164500000000000000e+03 9.430420000000000469e-01
6.174500000000000000e+03 9.474019999999999664e-01
6.184500000000000000e+03 9.540779999999999816e-01
6.194500000000000000e+03 9.560560000000000169e-01
6.204500000000000000e+03 9.557489999999999597e-01
6.214500000000000000e+03 9.577179999999999582e-01
6.224500000000000000e+03 9.599640000000000395e-01
6.234500000000000000e+03 9.603709999999999747e-01
6.244500000000000000e+03 9.609870000000000356e-01
6.254500000000000000e+03 9.637539999999999996e-01
6.264500000000000000e+03 9.670440000000000147e-01
6.274500000000000000e+03 9.693730000000000402e-01
6.284500000000000000e+03 9.717850000000000099e-01
6.294500000000000000e+03 9.744099999999999984e-01
6.304500000000000000e+03 9.773180000000000200e-01
6.314500000000000000e+03 9.799419999999999797e-01
6.324500000000000000e+03 9.802060000000000217e-01
6.334500000000000000e+03 9.817200000000000371e-01
6.344500000000000000e+03 9.863870000000000138e-01
6.354500000000000000e+03 9.909249999999999448e-01
6.364500000000000000e+03 9.941830000000000389e-01
6.374500000000000000e+03 9.966749999999999776e-01
6.384500000000000000e+03 9.987819999999999476e-01
6.394500000000000000e+03 9.995500000000000496e-01
6.404500000000000000e+03 1.000000000000000000e+00
6.414500000000000000e+03 9.989470000000000294e-01
6.424500000000000000e+03 9.951649999999999663e-01
6.434500000000000000e+03 9.872060000000000279e-01
6.444500000000000000e+03 9.713760000000000172e-01
6.454500000000000000e+03 9.520999999999999464e-01
6.464500000000000000e+03 9.300929999999999476e-01
6.474500000000000000e+03 9.052580000000000071e-01
6.484500000000000000e+03 8.747899999999999565e-01
6.494500000000000000e+03 8.454650000000000221e-01
6.504500000000000000e+03 8.171899999999999720e-01
6.514500000000000000e+03 7.881019999999999692e-01
6.524500000000000000e+03 7.492109999999999603e-01
6.534500000000000000e+03 6.996639999999999526e-01
6.544500000000000000e+03 6.398660000000000458e-01
6.554500000000000000e+03 5.752840000000000176e-01
6.564500000000000000e+03 5.056370000000000031e-01
6.574500000000000000e+03 4.373079999999999745e-01
6.584500000000000000e+03 3.691260000000000097e-01
6.594500000000000000e+03 3.095859999999999723e-01
6.604500000000000000e+03 2.575850000000000084e-01
6.614500000000000000e+03 2.147840000000000027e-01
6.624500000000000000e+03 1.789709999999999912e-01
6.634500000000000000e+03 1.512910000000000088e-01
6.644500000000000000e+03 1.286909999999999998e-01
6.654500000000000000e+03 1.082160000000000066e-01
6.664500000000000000e+03 9.220589999999999342e-02
6.674500000000000000e+03 7.857580000000000120e-02
6.684500000000000000e+03 6.610030000000000072e-02
6.694500000000000000e+03 5.280039999999999734e-02
6.704500000000000000e+03 4.189470000000000000e-02
6.714500000000000000e+03 3.211139999999999828e-02
6.724500000000000000e+03 2.404070000000000165e-02
6.734500000000000000e+03 1.692340000000000164e-02
6.744500000000000000e+03 1.214220000000000056e-02
6.754500000000000000e+03 8.247430000000000039e-03
6.764500000000000000e+03 5.684589999999999782e-03
6.774500000000000000e+03 3.786889999999999788e-03
6.784500000000000000e+03 2.755549999999999840e-03
6.794500000000000000e+03 1.952869999999999997e-03
6.804500000000000000e+03 1.397629999999999966e-03
6.814500000000000000e+03 1.100810000000000026e-03
6.824500000000000000e+03 9.241590000000000265e-04
6.834500000000000000e+03 8.055659999999999644e-04
6.844500000000000000e+03 6.944740000000000461e-04
6.854500000000000000e+03 5.916380000000000163e-04
6.864500000000000000e+03 4.886219999999999713e-04
6.874500000000000000e+03 4.027810000000000049e-04
6.884500000000000000e+03 3.550159999999999904e-04
6.894500000000000000e+03 3.339969999999999940e-04
6.904500000000000000e+03 2.979659999999999861e-04
6.914500000000000000e+03 2.596160000000000026e-04
6.924500000000000000e+03 2.428970000000000022e-04
6.934500000000000000e+03 2.356980000000000056e-04
6.944500000000000000e+03 2.332869999999999909e-04
6.954500000000000000e+03 2.298640000000000069e-04
6.964500000000000000e+03 2.254140000000000072e-04
6.974500000000000000e+03 2.145639999999999874e-04
6.984500000000000000e+03 2.031980000000000017e-04
6.994500000000000000e+03 1.873979999999999971e-04
7.004500000000000000e+03 1.743740000000000079e-04
7.014500000000000000e+03 1.706570000000000027e-04
7.024500000000000000e+03 1.614759999999999969e-04
7.034500000000000000e+03 1.539839999999999948e-04
7.044500000000000000e+03 1.529319999999999920e-04
7.054500000000000000e+03 1.540540000000000128e-04
7.064500000000000000e+03 1.563140000000000081e-04
7.074500000000000000e+03 1.574620000000000045e-04
7.084500000000000000e+03 1.520179999999999936e-04
7.094500000000000000e+03 1.351430000000000036e-04
7.104500000000000000e+03 1.271199999999999891e-04
7.114500000000000000e+03 1.287620000000000116e-04
7.124500000000000000e+03 1.311019999999999926e-04
7.134500000000000000e+03 1.343410000000000068e-04
7.144500000000000000e+03 1.377419999999999968e-04
7.154500000000000000e+03 1.420749999999999975e-04
7.164500000000000000e+03 1.359079999999999869e-04
7.174500000000000000e+03 1.140569999999999957e-04
7.184500000000000000e+03 9.832440000000000342e-05
7.194500000000000000e+03 8.726370000000000275e-05
7.204500000000000000e+03 8.276359999999999479e-05
7.214500000000000000e+03 7.048089999999999802e-05
7.224500000000000000e+03 4.531989999999999955e-05
7.234500000000000000e+03 3.570169999999999735e-05
7.244500000000000000e+03 3.619999999999999900e-05
7.254500000000000000e+03 3.730700000000000043e-05
7.264500000000000000e+03 4.010700000000000072e-05
7.274500000000000000e+03 4.208969999999999785e-05
7.284500000000000000e+03 4.241040000000000310e-05
7.294500000000000000e+03 3.477209999999999866e-05
7.304500000000000000e+03 2.459409999999999887e-05
7.314500000000000000e+03 2.331919999999999859e-05
7.324500000000000000e+03 2.336330000000000042e-05
7.334500000000000000e+03 1.577630000000000005e-05
7.344500000000000000e+03 3.283200000000000177e-06
