3.131200000000000000e+04 0.000000000000000000e+00
3.138700000000000000e+04 1.415000000000000005e-06
3.146200000000000000e+04 2.302719999999999867e-05
3.153700000000000000e+04 5.272190000000000085e-05
3.161200000000000000e+04 7.868869999999999760e-05
3.168700000000000000e+04 9.475390000000000093e-05
3.176200000000000000e+04 9.871130000000000475e-05
3.183700000000000000e+04 1.170330000000000025e-04
3.191200000000000000e+04 1.381370000000000091e-04
3.198700000000000000e+04 1.545919999999999998e-04
3.206200000000000000e+04 1.430349999999999883e-04
3.213700000000000000e+04 1.359309999999999967e-04
3.221200000000000000e+04 1.376820000000000008e-04
3.228700000000000000e+04 1.237289999999999939e-04
3.236200000000000000e+04 1.221870000000000009e-04
3.243700000000000000e+04 1.722670000000000093e-04
3.251200000000000000e+04 2.321400000000000102e-04
3.258700000000000000e+04 2.711170000000000268e-04
3.266200000000000000e+04 2.915710000000000177e-04
3.273700000000000000e+04 3.347930000000000047e-04
3.281200000000000000e+04 4.599550000000000101e-04
3.288700000000000000e+04 7.015139999999999787e-04
3.296200000000000000e+04 1.499440000000000104e-03
3.303700000000000000e+04 3.111409999999999784e-03
3.311200000000000000e+04 6.880360000000000295e-03
3.318700000000000000e+04 1.200730000000000026e-02
3.326200000000000000e+04 1.923959999999999906e-02
3.333700000000000000e+04 2.763929999999999859e-02
3.341200000000000000e+04 3.854189999999999700e-02
3.348700000000000000e+04 4.992780000000000135e-02
3.356200000000000000e+04 6.254809999999999537e-02
3.363700000000000000e+04 7.290380000000000471e-02
3.371200000000000000e+04 8.352840000000000265e-02
3.378700000000000000e+04 9.419059999999999933e-02
3.386200000000000000e+04 1.040869999999999990e-01
3.393700000000000000e+04 1.121530000000000027e-01
3.401200000000000000e+04 1.178509999999999974e-01
3.408700000000000000e+04 1.246739999999999932e-01
3.416200000000000000e+04 1.325159999999999949e-01
3.423700000000000000e+04 1.414870000000000017e-01
3.431200000000000000e+04 1.509419999999999928e-01
3.438700000000000000e+04 1.601090000000000013e-01
3.446200000000000000e+04 1.695609999999999895e-01
3.453700000000000000e+04 1.783480000000000065e-01
3.461200000000000000e+04 1.862099999999999866e-01
3.468700000000000000e+04 1.919039999999999913e-01
3.476200000000000000e+04 1.984670000000000045e-01
3.483700000000000000e+04 2.068480000000000041e-01
3.491200000000000000e+04 2.162699999999999900e-01
3.498700000000000000e+04 2.248900000000000066e-01
3.506200000000000000e+04 2.312740000000000073e-01
3.513700000000000000e+04 2.364529999999999965e-01
3.521200000000000000e+04 2.430640000000000023e-01
3.528700000000000000e+04 2.495690000000000131e-01
3.536200000000000000e+04 2.548469999999999902e-01
3.543700000000000000e+04 2.589879999999999960e-01
3.551200000000000000e+04 2.619299999999999962e-01
3.558700000000000000e+04 2.655750000000000055e-01
3.566200000000000000e+04 2.694489999999999941e-01
3.573700000000000000e+04 2.731410000000000227e-01
3.581200000000000000e+04 2.764229999999999743e-01
3.588700000000000000e+04 2.805150000000000143e-01
3.596200000000000000e+04 2.849999999999999756e-01
3.603700000000000000e+04 2.897359999999999935e-01
3.611200000000000000e+04 2.939749999999999863e-01
3.618700000000000000e+04 2.973290000000000100e-01
3.626200000000000000e+04 3.021789999999999754e-01
3.633700000000000000e+04 3.095169999999999866e-01
3.641200000000000000e+04 3.198079999999999812e-01
3.648700000000000000e+04 3.358740000000000059e-01
3.656200000000000000e+04 3.562339999999999951e-01
3.663700000000000000e+04 3.830709999999999948e-01
3.671200000000000000e+04 4.127219999999999778e-01
3.678700000000000000e+04 4.458679999999999866e-01
3.686200000000000000e+04 4.826230000000000242e-01
3.693700000000000000e+04 5.201630000000000420e-01
3.701200000000000000e+04 5.592679999999999874e-01
3.708700000000000000e+04 5.930999999999999606e-01
3.716200000000000000e+04 6.253699999999999815e-01
3.723700000000000000e+04 6.563039999999999985e-01
3.731200000000000000e+04 6.838629999999999987e-01
3.738700000000000000e+04 7.067290000000000516e-01
3.746200000000000000e+04 7.240330000000000377e-01
3.753700000000000000e+04 7.386599999999999833e-01
3.761200000000000000e+04 7.508629999999999471e-01
3.768700000000000000e+04 7.611949999999999550e-01
3.776200000000000000e+04 7.699139999999999873e-01
3.783700000000000000e+04 7.753499999999999837e-01
3.791200000000000000e+04 7.787150000000000460e-01
3.798700000000000000e+04 7.805990000000000428e-01
3.806200000000000000e+04 7.820880000000000054e-01
3.813700000000000000e+04 7.834029999999999605e-01
3.821200000000000000e+04 7.823560000000000514e-01
3.828700000000000000e+04 7.798270000000000479e-01
3.836200000000000000e+04 7.773320000000000229e-01
3.843700000000000000e+04 7.784309999999999841e-01
3.851200000000000000e+04 7.816220000000000390e-01
3.858700000000000000e+04 7.849479999999999791e-01
3.866200000000000000e+04 7.869979999999999754e-01
3.873700000000000000e+04 7.895889999999999853e-01
3.881200000000000000e+04 7.943780000000000285e-01
3.888700000000000000e+04 8.021249999999999769e-01
3.896200000000000000e+04 8.111850000000000449e-01
3.903700000000000000e+04 8.180220000000000269e-01
3.911200000000000000e+04 8.228140000000000454e-01
3.918700000000000000e+04 8.261150000000000437e-01
3.926200000000000000e+04 8.301300000000000345e-01
3.933700000000000000e+04 8.351819999999999800e-01
3.941200000000000000e+04 8.409320000000000128e-01
3.948700000000000000e+04 8.461220000000000407e-01
3.956200000000000000e+04 8.487010000000000387e-01
3.963700000000000000e+04 8.496289999999999676e-01
3.971200000000000000e+04 8.488189999999999902e-01
3.978700000000000000e+04 8.485519999999999730e-01
3.986200000000000000e+04 8.491640000000000299e-01
3.993700000000000000e+04 8.496120000000000339e-01
4.001200000000000000e+04 8.493990000000000151e-01
4.008700000000000000e+04 8.472020000000000106e-01
4.016200000000000000e+04 8.448759999999999604e-01
4.023700000000000000e+04 8.442119999999999624e-01
4.031200000000000000e+04 8.454180000000000028e-01
4.038700000000000000e+04 8.484140000000000015e-01
4.046200000000000000e+04 8.500379999999999603e-01
4.053700000000000000e+04 8.499579999999999913e-01
4.061200000000000000e+04 8.487909999999999622e-01
4.068700000000000000e+04 8.480569999999999498e-01
4.076200000000000000e+04 8.492269999999999541e-01
4.083700000000000000e+04 8.518350000000000088e-01
4.091200000000000000e+04 8.547120000000000273e-01
4.098700000000000000e+04 8.572260000000000435e-01
4.106200000000000000e+04 8.588510000000000311e-01
4.113700000000000000e+04 8.598630000000000440e-01
4.121200000000000000e+04 8.622130000000000072e-01
4.128700000000000000e+04 8.652830000000000243e-01
4.136200000000000000e+04 8.685030000000000250e-01
4.143700000000000000e+04 8.719209999999999461e-01
4.151200000000000000e+04 8.738280000000000491e-01
4.158700000000000000e+04 8.753159999999999830e-01
4.166200000000000000e+04 8.766840000000000188e-01
4.173700000000000000e+04 8.775370000000000115e-01
4.181200000000000000e+04 8.798089999999999522e-01
4.188700000000000000e+04 8.824809999999999599e-01
4.196200000000000000e+04 8.860200000000000298e-01
4.203700000000000000e+04 8.904389999999999805e-01
4.211200000000000000e+04 8.943860000000000143e-01
4.218700000000000000e+04 8.986020000000000119e-01
4.226200000000000000e+04 9.014400000000000190e-01
4.233700000000000000e+04 9.033379999999999743e-01
4.241200000000000000e+04 9.040420000000000122e-01
4.248700000000000000e+04 9.042719999999999647e-01
4.256200000000000000e+04 9.043099999999999472e-01
4.263700000000000000e+04 9.044250000000000345e-01
4.271200000000000000e+04 9.055649999999999533e-01
4.278700000000000000e+04 9.075469999999999926e-01
4.286200000000000000e+04 9.115590000000000082e-01
4.293700000000000000e+04 9.166220000000000478e-01
4.301200000000000000e+04 9.220469999999999500e-01
4.308700000000000000e+04 9.273759999999999781e-01
4.316200000000000000e+04 9.316659999999999942e-01
4.323700000000000000e+04 9.359790000000000054e-01
4.331200000000000000e+04 9.413629999999999498e-01
4.338700000000000000e+04 9.472350000000000492e-01
4.346200000000000000e+04 9.536919999999999842e-01
4.353700000000000000e+04 9.595900000000000540e-01
4.361200000000000000e+04 9.626609999999999889e-01
4.368700000000000000e+04 9.639929999999999888e-01
4.376200000000000000e+04 9.642340000000000355e-01
4.383700000000000000e+04 9.643969999999999487e-01
4.391200000000000000e+04 9.667750000000000510e-01
4.398700000000000000e+04 9.698069999999999746e-01
4.406200000000000000e+04 9.725610000000000088e-01
4.413700000000000000e+04 9.745169999999999666e-01
4.421200000000000000e+04 9.742199999999999749e-01
4.428700000000000000e+04 9.728949999999999543e-01
4.436200000000000000e+04 9.721950000000000314e-01
4.443700000000000000e+04 9.721819999999999906e-01
4.451200000000000000e+04 9.739470000000000072e-01
4.458700000000000000e+04 9.763269999999999449e-01
4.466200000000000000e+04 9.779480000000000395e-01
4.473700000000000000e+04 9.788339999999999819e-01
4.481200000000000000e+04 9.785239999999999494e-01
4.488700000000000000e+04 9.781109999999999527e-01
4.496200000000000000e+04 9.788360000000000394e-01
4.503700000000000000e+04 9.805169999999999719e-01
4.511200000000000000e+04 9.830360000000000209e-01
4.518700000000000000e+04 9.857019999999999671e-01
4.526200000000000000e+04 9.870060000000000500e-01
4.533700000000000000e+04 9.878660000000000219e-01
4.541200000000000000e+04 9.876979999999999649e-01
4.548700000000000000e+04 9.872199999999999864e-01
4.556200000000000000e+04 9.868219999999999770e-01
4.563700000000000000e+04 9.865770000000000373e-01
4.571200000000000000e+04 9.867540000000000200e-01
4.578700000000000000e+04 9.871659999999999879e-01
4.586200000000000000e+04 9.877939999999999499e-01
4.593700000000000000e+04 9.883600000000000163e-01
4.601200000000000000e+04 9.892999999999999572e-01
4.608700000000000000e+04 9.905249999999999888e-01
4.616200000000000000e+04 9.921990000000000531e-01
4.623700000000000000e+04 9.939999999999999947e-01
4.631200000000000000e+04 9.961069999999999647e-01
4.638700000000000000e+04 9.977190000000000225e-01
4.646200000000000000e+04 9.993250000000000188e-01
4.653700000000000000e+04 1.000000000000000000e+00
4.661200000000000000e+04 9.996030000000000193e-01
4.668700000000000000e+04 9.987099999999999866e-01
4.676200000000000000e+04 9.969130000000000491e-01
4.683700000000000000e+04 9.950679999999999525e-01
4.691200000000000000e+04 9.937120000000000397e-01
4.698700000000000000e+04 9.928709999999999480e-01
4.706200000000000000e+04 9.933039999999999647e-01
4.713700000000000000e+04 9.941010000000000124e-01
4.721200000000000000e+04 9.951259999999999550e-01
4.728700000000000000e+04 9.956030000000000157e-01
4.736200000000000000e+04 9.947350000000000358e-01
4.743700000000000000e+04 9.928670000000000551e-01
4.751200000000000000e+04 9.905490000000000128e-01
4.758700000000000000e+04 9.886810000000000320e-01
4.766200000000000000e+04 9.874000000000000554e-01
4.773700000000000000e+04 9.865599999999999925e-01
4.781200000000000000e+04 9.850219999999999532e-01
4.788700000000000000e+04 9.826089999999999547e-01
4.796200000000000000e+04 9.788240000000000274e-01
4.803700000000000000e+04 9.738970000000000127e-01
4.811200000000000000e+04 9.681469999999999798e-01
4.818700000000000000e+04 9.621480000000000032e-01
4.826200000000000000e+04 9.563390000000000502e-01
4.833700000000000000e+04 9.509750000000000147e-01
4.841200000000000000e+04 9.454369999999999719e-01
4.848700000000000000e+04 9.392650000000000166e-01
4.856200000000000000e+04 9.320450000000000124e-01
4.863700000000000000e+04 9.236919999999999575e-01
4.871200000000000000e+04 9.150530000000000053e-01
4.878700000000000000e+04 9.064290000000000402e-01
4.886200000000000000e+04 8.986600000000000144e-01
4.893700000000000000e+04 8.921200000000000241e-01
4.901200000000000000e+04 8.863640000000000407e-01
4.908700000000000000e+04 8.807859999999999578e-01
4.916200000000000000e+04 8.741079999999999961e-01
4.923700000000000000e+04 8.658949999999999703e-01
4.931200000000000000e+04 8.563709999999999933e-01
4.938700000000000000e+04 8.462009999999999810e-01
4.946200000000000000e+04 8.363920000000000243e-01
4.953700000000000000e+04 8.268360000000000154e-01
4.961200000000000000e+04 8.173470000000000457e-01
4.968700000000000000e+04 8.074750000000000538e-01
4.976200000000000000e+04 7.968899999999999872e-01
4.983700000000000000e+04 7.859040000000000470e-01
4.991200000000000000e+04 7.748909999999999965e-01
4.998700000000000000e+04 7.644440000000000124e-01
5.006200000000000000e+04 7.547629999999999617e-01
5.013700000000000000e+04 7.460139999999999549e-01
5.021200000000000000e+04 7.376359999999999584e-01
5.028700000000000000e+04 7.297369999999999690e-01
5.036200000000000000e+04 7.225059999999999816e-01
5.043700000000000000e+04 7.154340000000000144e-01
5.051200000000000000e+04 7.088379999999999681e-01
5.058700000000000000e+04 7.019060000000000299e-01
5.066200000000000000e+04 6.949980000000000047e-01
5.073700000000000000e+04 6.883899999999999464e-01
5.081200000000000000e+04 6.823489999999999833e-01
5.088700000000000000e+04 6.774900000000000366e-01
5.096200000000000000e+04 6.730460000000000331e-01
5.103700000000000000e+04 6.689230000000000453e-01
5.111200000000000000e+04 6.642130000000000534e-01
5.118700000000000000e+04 6.586779999999999857e-01
5.126200000000000000e+04 6.524609999999999577e-01
5.133700000000000000e+04 6.460320000000000507e-01
5.141200000000000000e+04 6.397979999999999778e-01
5.148700000000000000e+04 6.339339999999999975e-01
5.156200000000000000e+04 6.282400000000000206e-01
5.163700000000000000e+04 6.227470000000000505e-01
5.171200000000000000e+04 6.170179999999999554e-01
5.178700000000000000e+04 6.110999999999999766e-01
5.186200000000000000e+04 6.051020000000000287e-01
5.193700000000000000e+04 5.994680000000000009e-01
5.201200000000000000e+04 5.940950000000000397e-01
5.208700000000000000e+04 5.892119999999999580e-01
5.216200000000000000e+04 5.844679999999999875e-01
5.223700000000000000e+04 5.793709999999999694e-01
5.231200000000000000e+04 5.738100000000000422e-01
5.238700000000000000e+04 5.673850000000000282e-01
5.246200000000000000e+04 5.605320000000000302e-01
5.253700000000000000e+04 5.524379999999999846e-01
5.261200000000000000e+04 5.436370000000000369e-01
5.268700000000000000e+04 5.336030000000000495e-01
5.276200000000000000e+04 5.225440000000000085e-01
5.283700000000000000e+04 5.103349999999999831e-01
5.291200000000000000e+04 4.971639999999999948e-01
5.298700000000000000e+04 4.827210000000000112e-01
5.306200000000000000e+04 4.668840000000000212e-01
5.313700000000000000e+04 4.498840000000000061e-01
5.321200000000000000e+04 4.318779999999999841e-01
5.328700000000000000e+04 4.133780000000000232e-01
5.336200000000000000e+04 3.945119999999999738e-01
5.343700000000000000e+04 3.753810000000000202e-01
5.351200000000000000e+04 3.558350000000000124e-01
5.358700000000000000e+04 3.355310000000000237e-01
5.366200000000000000e+04 3.147139999999999938e-01
5.373700000000000000e+04 2.931779999999999942e-01
5.381200000000000000e+04 2.715449999999999808e-01
5.388700000000000000e+04 2.504910000000000192e-01
5.396200000000000000e+04 2.299849999999999950e-01
5.403700000000000000e+04 2.104840000000000044e-01
5.411200000000000000e+04 1.912560000000000093e-01
5.418700000000000000e+04 1.723570000000000102e-01
5.426200000000000000e+04 1.534339999999999871e-01
5.433700000000000000e+04 1.350049999999999861e-01
5.441200000000000000e+04 1.173639999999999961e-01
5.448700000000000000e+04 1.012190000000000034e-01
5.456200000000000000e+04 8.640680000000000582e-02
5.463700000000000000e+04 7.350840000000000152e-02
5.471200000000000000e+04 6.184379999999999739e-02
5.478700000000000000e+04 5.157400000000000179e-02
5.486200000000000000e+04 4.237839999999999663e-02
5.493700000000000000e+04 3.428640000000000160e-02
5.501200000000000000e+04 2.733419999999999947e-02
5.508700000000000000e+04 2.160230000000000136e-02
5.516200000000000000e+04 1.694390000000000132e-02
5.523700000000000000e+04 1.336159999999999952e-02
5.531200000000000000e+04 1.050500000000000045e-02
5.538700000000000000e+04 8.331810000000000258e-03
5.546200000000000000e+04 6.682369999999999977e-03
5.553700000000000000e+04 5.557020000000000189e-03
5.561200000000000000e+04 4.741750000000000305e-03
5.568700000000000000e+04 4.081740000000000368e-03
5.576200000000000000e+04 3.519309999999999886e-03
5.583700000000000000e+04 2.951829999999999905e-03
5.591200000000000000e+04 2.414550000000000116e-03
5.598700000000000000e+04 2.018709999999999949e-03
5.606200000000000000e+04 1.820280000000000075e-03
5.613700000000000000e+04 1.734539999999999910e-03
5.621200000000000000e+04 1.616859999999999912e-03
5.628700000000000000e+04 1.510309999999999951e-03
5.636200000000000000e+04 1.401839999999999900e-03
5.643700000000000000e+04 1.226139999999999912e-03
5.651200000000000000e+04 1.069520000000000019e-03
5.658700000000000000e+04 9.755179999999999798e-04
5.666200000000000000e+04 9.207759999999999946e-04
5.673700000000000000e+04 9.121339999999999917e-04
5.681200000000000000e+04 9.221330000000000022e-04
5.688700000000000000e+04 9.160550000000000376e-04
5.696200000000000000e+04 8.741379999999999983e-04
5.703700000000000000e+04 7.892170000000000435e-04
5.711200000000000000e+04 7.048360000000000259e-04
5.718700000000000000e+04 6.583140000000000129e-04
5.726200000000000000e+04 6.491720000000000520e-04
5.733700000000000000e+04 6.650960000000000032e-04
5.741200000000000000e+04 6.786869999999999752e-04
5.748700000000000000e+04 6.826700000000000216e-04
5.756200000000000000e+04 6.333379999999999999e-04
5.763700000000000000e+04 4.824820000000000064e-04
5.771200000000000000e+04 3.353419999999999752e-04
5.778700000000000000e+04 2.690459999999999987e-04
5.786200000000000000e+04 2.512869999999999947e-04
5.793700000000000000e+04 2.590390000000000249e-04
5.801200000000000000e+04 2.666319999999999910e-04
5.808700000000000000e+04 2.479839999999999757e-04
5.816200000000000000e+04 1.807869999999999887e-04
5.823700000000000000e+04 8.779809999999999546e-05
5.831200000000000000e+04 4.760669999999999941e-05
5.838700000000000000e+04 4.367179999999999749e-05
5.846200000000000000e+04 1.958799999999999948e-05
5.853700000000000000e+04 9.572159999999999337e-07
