2.097500000000000000e+03 0.000000000000000000e+00
2.101500000000000000e+03 1.046319999999999962e-06
2.105500000000000000e+03 1.051309999999999934e-04
2.109500000000000000e+03 3.489429999999999962e-04
2.113500000000000000e+03 5.086889999999999945e-04
2.117500000000000000e+03 6.373540000000000238e-04
2.121500000000000000e+03 8.013130000000000036e-04
2.125500000000000000e+03 9.893779999999999589e-04
2.129500000000000000e+03 1.202549999999999930e-03
2.133500000000000000e+03 1.441750000000000106e-03
2.137500000000000000e+03 1.712409999999999930e-03
2.141500000000000000e+03 2.022139999999999962e-03
2.145500000000000000e+03 2.377080000000000165e-03
2.149500000000000000e+03 2.786470000000000093e-03
2.153500000000000000e+03 3.264490000000000100e-03
2.157500000000000000e+03 3.817430000000000129e-03
2.161500000000000000e+03 4.442739999999999710e-03
2.165500000000000000e+03 5.120979999999999803e-03
2.169500000000000000e+03 5.841700000000000018e-03
2.173500000000000000e+03 6.596590000000000266e-03
2.177500000000000000e+03 7.379179999999999941e-03
2.181500000000000000e+03 8.168480000000000532e-03
2.185500000000000000e+03 8.953660000000000438e-03
2.189500000000000000e+03 9.735310000000000491e-03
2.193500000000000000e+03 1.051120000000000006e-02
2.197500000000000000e+03 1.126470000000000075e-02
2.201500000000000000e+03 1.198010000000000047e-02
2.205500000000000000e+03 1.268599999999999936e-02
2.209500000000000000e+03 1.341690000000000070e-02
2.213500000000000000e+03 1.419300000000000075e-02
2.217500000000000000e+03 1.500849999999999927e-02
2.221500000000000000e+03 1.588789999999999994e-02
2.225500000000000000e+03 1.684489999999999946e-02
2.229500000000000000e+03 1.787580000000000072e-02
2.233500000000000000e+03 1.895159999999999900e-02
2.237500000000000000e+03 2.006269999999999928e-02
2.241500000000000000e+03 2.122469999999999912e-02
2.245500000000000000e+03 2.239259999999999862e-02
2.249500000000000000e+03 2.353099999999999983e-02
2.253500000000000000e+03 2.462490000000000165e-02
2.257500000000000000e+03 2.568959999999999994e-02
2.261500000000000000e+03 2.674959999999999838e-02
2.265500000000000000e+03 2.781969999999999929e-02
2.269500000000000000e+03 2.889390000000000014e-02
2.273500000000000000e+03 2.996350000000000055e-02
2.277500000000000000e+03 3.101550000000000140e-02
2.281500000000000000e+03 3.202750000000000041e-02
2.285500000000000000e+03 3.302519999999999761e-02
2.289500000000000000e+03 3.403489999999999988e-02
2.293500000000000000e+03 3.506789999999999907e-02
2.297500000000000000e+03 3.608709999999999696e-02
2.301500000000000000e+03 3.708319999999999672e-02
2.305500000000000000e+03 3.805469999999999686e-02
2.309500000000000000e+03 3.892960000000000170e-02
2.313500000000000000e+03 3.966030000000000250e-02
2.317500000000000000e+03 4.025700000000000112e-02
2.321500000000000000e+03 4.084449999999999886e-02
2.325500000000000000e+03 4.145970000000000211e-02
2.329500000000000000e+03 4.208230000000000304e-02
2.333500000000000000e+03 4.265830000000000316e-02
2.337500000000000000e+03 4.314760000000000123e-02
2.341500000000000000e+03 4.357910000000000256e-02
2.345500000000000000e+03 4.402129999999999932e-02
2.349500000000000000e+03 4.450260000000000327e-02
2.353500000000000000e+03 4.502620000000000233e-02
2.357500000000000000e+03 4.558580000000000271e-02
2.361500000000000000e+03 4.615930000000000033e-02
2.365500000000000000e+03 4.674699999999999689e-02
2.369500000000000000e+03 4.736049999999999982e-02
2.373500000000000000e+03 4.801090000000000219e-02
2.377500000000000000e+03 4.867149999999999949e-02
2.381500000000000000e+03 4.932029999999999748e-02
2.385500000000000000e+03 4.996119999999999728e-02
2.389500000000000000e+03 5.066020000000000245e-02
2.393500000000000000e+03 5.141509999999999830e-02
2.397500000000000000e+03 5.216060000000000141e-02
2.401500000000000000e+03 5.284620000000000289e-02
2.405500000000000000e+03 5.346109999999999751e-02
2.409500000000000000e+03 5.401929999999999926e-02
2.413500000000000000e+03 5.457050000000000095e-02
2.417500000000000000e+03 5.516650000000000026e-02
2.421500000000000000e+03 5.581900000000000056e-02
2.425500000000000000e+03 5.646469999999999961e-02
2.429500000000000000e+03 5.702979999999999855e-02
2.433500000000000000e+03 5.747189999999999938e-02
2.437500000000000000e+03 5.776830000000000159e-02
2.441500000000000000e+03 5.796729999999999938e-02
2.445500000000000000e+03 5.811499999999999999e-02
2.449500000000000000e+03 5.822490000000000304e-02
2.453500000000000000e+03 5.835529999999999884e-02
2.457500000000000000e+03 5.856949999999999656e-02
2.461500000000000000e+03 5.890870000000000134e-02
2.465500000000000000e+03 5.929580000000000267e-02
2.469500000000000000e+03 5.973610000000000031e-02
2.473500000000000000e+03 6.025010000000000088e-02
2.477500000000000000e+03 6.083340000000000275e-02
2.481500000000000000e+03 6.138079999999999925e-02
2.485500000000000000e+03 6.210740000000000011e-02
2.489500000000000000e+03 6.305370000000000419e-02
2.493500000000000000e+03 6.446190000000000253e-02
2.497500000000000000e+03 6.640540000000000331e-02
2.501500000000000000e+03 6.949740000000000084e-02
2.505500000000000000e+03 7.365149999999999475e-02
2.509500000000000000e+03 8.005809999999999316e-02
2.513500000000000000e+03 8.910339999999999927e-02
2.517500000000000000e+03 1.031519999999999937e-01
2.521500000000000000e+03 1.235210000000000058e-01
2.525500000000000000e+03 1.517040000000000055e-01
2.529500000000000000e+03 1.894089999999999940e-01
2.533500000000000000e+03 2.364719999999999878e-01
2.537500000000000000e+03 2.958180000000000254e-01
2.541500000000000000e+03 3.633739999999999748e-01
2.545500000000000000e+03 4.411930000000000018e-01
2.549500000000000000e+03 5.265630000000000033e-01
2.553500000000000000e+03 6.137789999999999635e-01
2.557500000000000000e+03 6.988199999999999967e-01
2.561500000000000000e+03 7.753079999999999972e-01
2.565500000000000000e+03 8.416019999999999612e-01
2.569500000000000000e+03 8.937939999999999774e-01
2.573500000000000000e+03 9.280869999999999953e-01
2.577500000000000000e+03 9.516310000000000047e-01
2.581500000000000000e+03 9.608870000000000466e-01
2.585500000000000000e+03 9.652039999999999509e-01
2.589500000000000000e+03 9.668139999999999512e-01
2.593500000000000000e+03 9.692300000000000360e-01
2.597500000000000000e+03 9.733309999999999462e-01
2.601500000000000000e+03 9.778750000000000497e-01
2.605500000000000000e+03 9.831809999999999716e-01
2.609500000000000000e+03 9.886289999999999800e-01
2.613500000000000000e+03 9.937240000000000517e-01
2.617500000000000000e+03 9.977540000000000298e-01
2.621500000000000000e+03 9.994960000000000511e-01
2.625500000000000000e+03 1.000000000000000000e+00
2.629500000000000000e+03 9.997420000000000195e-01
2.633500000000000000e+03 9.985490000000000199e-01
2.637500000000000000e+03 9.941360000000000197e-01
2.641500000000000000e+03 9.879000000000000004e-01
2.645500000000000000e+03 9.762999999999999456e-01
2.649500000000000000e+03 9.595550000000000468e-01
2.653500000000000000e+03 9.295930000000000026e-01
2.657500000000000000e+03 8.868340000000000112e-01
2.661500000000000000e+03 8.329630000000000090e-01
2.665500000000000000e+03 7.670099999999999696e-01
2.669500000000000000e+03 6.940790000000000015e-01
2.673500000000000000e+03 6.093049999999999855e-01
2.677500000000000000e+03 5.204199999999999937e-01
2.681500000000000000e+03 4.297429999999999861e-01
2.685500000000000000e+03 3.448899999999999744e-01
2.689500000000000000e+03 2.708340000000000192e-01
2.693500000000000000e+03 2.101889999999999870e-01
2.697500000000000000e+03 1.660889999999999866e-01
2.701500000000000000e+03 1.352250000000000119e-01
2.705500000000000000e+03 1.143139999999999989e-01
2.709500000000000000e+03 1.017009999999999997e-01
2.713500000000000000e+03 9.333760000000000667e-02
2.717500000000000000e+03 8.833090000000000386e-02
2.721500000000000000e+03 8.436309999999999643e-02
2.725500000000000000e+03 8.202909999999999369e-02
2.729500000000000000e+03 8.044909999999999561e-02
2.733500000000000000e+03 7.915780000000000038e-02
2.737500000000000000e+03 7.896680000000000366e-02
2.741500000000000000e+03 7.941610000000000336e-02
2.745500000000000000e+03 8.001279999999999504e-02
2.749500000000000000e+03 8.082060000000000632e-02
2.753500000000000000e+03 8.150159999999999350e-02
2.757500000000000000e+03 8.191060000000000008e-02
2.761500000000000000e+03 8.216210000000000180e-02
2.765500000000000000e+03 8.230439999999999978e-02
2.769500000000000000e+03 8.235330000000000428e-02
2.773500000000000000e+03 8.231510000000000216e-02
2.777500000000000000e+03 8.219509999999999317e-02
2.781500000000000000e+03 8.200459999999999694e-02
2.785500000000000000e+03 8.173859999999999459e-02
2.789500000000000000e+03 8.135509999999999964e-02
2.793500000000000000e+03 8.078340000000000520e-02
2.797500000000000000e+03 7.995420000000000305e-02
2.801500000000000000e+03 7.875169999999999393e-02
2.805500000000000000e+03 7.703659999999999675e-02
2.809500000000000000e+03 7.477319999999999800e-02
2.813500000000000000e+03 7.191540000000000432e-02
2.817500000000000000e+03 6.840469999999999884e-02
2.821500000000000000e+03 6.433060000000000167e-02
2.825500000000000000e+03 5.976850000000000218e-02
2.829500000000000000e+03 5.479080000000000061e-02
2.833500000000000000e+03 4.960620000000000307e-02
2.837500000000000000e+03 4.437010000000000259e-02
2.841500000000000000e+03 3.921510000000000273e-02
2.845500000000000000e+03 3.427310000000000079e-02
2.849500000000000000e+03 2.961789999999999909e-02
2.853500000000000000e+03 2.534439999999999957e-02
2.857500000000000000e+03 2.151619999999999922e-02
2.861500000000000000e+03 1.811089999999999922e-02
2.865500000000000000e+03 1.512480000000000074e-02
2.869500000000000000e+03 1.257559999999999928e-02
2.873500000000000000e+03 1.040020000000000007e-02
2.877500000000000000e+03 8.560979999999999285e-03
2.881500000000000000e+03 7.050550000000000046e-03
2.885500000000000000e+03 5.801050000000000303e-03
2.889500000000000000e+03 4.762500000000000240e-03
2.893500000000000000e+03 3.925070000000000121e-03
2.897500000000000000e+03 3.244599999999999828e-03
2.901500000000000000e+03 2.687000000000000152e-03
2.905500000000000000e+03 2.238260000000000163e-03
2.909500000000000000e+03 1.877540000000000025e-03
2.913500000000000000e+03 1.583399999999999998e-03
2.917500000000000000e+03 1.345459999999999929e-03
2.921500000000000000e+03 1.156040000000000106e-03
2.925500000000000000e+03 1.001579999999999962e-03
2.929500000000000000e+03 8.752249999999999830e-04
2.933500000000000000e+03 7.741329999999999826e-04
2.937500000000000000e+03 6.913019999999999755e-04
2.941500000000000000e+03 6.219529999999999590e-04
2.945500000000000000e+03 5.640499999999999681e-04
2.949500000000000000e+03 5.145899999999999910e-04
2.953500000000000000e+03 4.718929999999999761e-04
2.957500000000000000e+03 4.352819999999999975e-04
2.961500000000000000e+03 4.028640000000000107e-04
2.965500000000000000e+03 3.732280000000000254e-04
2.969500000000000000e+03 3.460739999999999802e-04
2.973500000000000000e+03 3.216049999999999812e-04
2.977500000000000000e+03 2.992180000000000208e-04
2.981500000000000000e+03 2.782540000000000230e-04
2.985500000000000000e+03 2.578090000000000112e-04
2.989500000000000000e+03 2.375660000000000087e-04
2.993500000000000000e+03 2.177559999999999934e-04
2.997500000000000000e+03 1.988249999999999946e-04
3.001500000000000000e+03 1.810509999999999984e-04
3.005500000000000000e+03 1.650169999999999957e-04
3.009500000000000000e+03 1.495810000000000032e-04
3.013500000000000000e+03 9.891229999999999825e-05
3.017500000000000000e+03 3.252229999999999862e-05
3.021500000000000000e+03 2.111789999999999986e-06
