3.356000000000000000e+03 0.000000000000000000e+00
3.363000000000000000e+03 7.217890000000000319e-07
3.370000000000000000e+03 5.945720000000000224e-06
3.377000000000000000e+03 1.171270000000000053e-05
3.384000000000000000e+03 1.285109999999999966e-05
3.391000000000000000e+03 1.233070000000000037e-05
3.398000000000000000e+03 1.176460000000000083e-05
3.405000000000000000e+03 1.116619999999999992e-05
3.412000000000000000e+03 1.080529999999999970e-05
3.419000000000000000e+03 1.078320000000000037e-05
3.426000000000000000e+03 1.076579999999999948e-05
3.433000000000000000e+03 1.074990000000000019e-05
3.440000000000000000e+03 1.076760000000000004e-05
3.447000000000000000e+03 1.096969999999999934e-05
3.454000000000000000e+03 1.121830000000000066e-05
3.461000000000000000e+03 1.168839999999999976e-05
3.468000000000000000e+03 1.222829999999999946e-05
3.475000000000000000e+03 1.259820000000000078e-05
3.482000000000000000e+03 1.286119999999999978e-05
3.489000000000000000e+03 1.305419999999999946e-05
3.496000000000000000e+03 1.315830000000000072e-05
3.503000000000000000e+03 1.319380000000000063e-05
3.510000000000000000e+03 1.305949999999999922e-05
3.517000000000000000e+03 1.283350000000000003e-05
3.524000000000000000e+03 1.219739999999999946e-05
3.531000000000000000e+03 1.152120000000000075e-05
3.538000000000000000e+03 1.104360000000000045e-05
3.545000000000000000e+03 1.063020000000000031e-05
3.552000000000000000e+03 1.047100000000000020e-05
3.559000000000000000e+03 1.045539999999999988e-05
3.566000000000000000e+03 1.044190000000000077e-05
3.573000000000000000e+03 1.043080000000000015e-05
3.580000000000000000e+03 1.042000000000000018e-05
3.587000000000000000e+03 1.040969999999999962e-05
3.594000000000000000e+03 1.039930000000000054e-05
3.601000000000000000e+03 1.038899999999999997e-05
3.608000000000000000e+03 1.037859999999999919e-05
3.615000000000000000e+03 1.036830000000000032e-05
3.622000000000000000e+03 1.035789999999999954e-05
3.629000000000000000e+03 1.034750000000000046e-05
3.636000000000000000e+03 1.033709999999999967e-05
3.643000000000000000e+03 1.032689999999999933e-05
3.650000000000000000e+03 1.031670000000000068e-05
3.657000000000000000e+03 1.030670000000000078e-05
3.664000000000000000e+03 1.029710000000000006e-05
3.671000000000000000e+03 1.028759999999999956e-05
3.678000000000000000e+03 1.027880000000000059e-05
3.685000000000000000e+03 1.027030000000000058e-05
3.692000000000000000e+03 1.026439999999999951e-05
3.699000000000000000e+03 1.025909999999999974e-05
3.706000000000000000e+03 1.025410000000000064e-05
3.713000000000000000e+03 1.024930000000000028e-05
3.720000000000000000e+03 1.024449999999999992e-05
3.727000000000000000e+03 1.023959999999999934e-05
3.734000000000000000e+03 1.023470000000000045e-05
3.741000000000000000e+03 1.022949999999999921e-05
3.748000000000000000e+03 1.022380000000000027e-05
3.755000000000000000e+03 1.021669999999999995e-05
3.762000000000000000e+03 1.020990000000000028e-05
3.769000000000000000e+03 1.020639999999999938e-05
3.776000000000000000e+03 1.022209999999999993e-05
3.783000000000000000e+03 1.061110000000000078e-05
3.790000000000000000e+03 1.115490000000000055e-05
3.797000000000000000e+03 1.168720000000000052e-05
3.804000000000000000e+03 1.220999999999999999e-05
3.811000000000000000e+03 1.263810000000000017e-05
3.818000000000000000e+03 1.291039999999999924e-05
3.825000000000000000e+03 1.327620000000000005e-05
3.832000000000000000e+03 1.394569999999999931e-05
3.839000000000000000e+03 1.464140000000000012e-05
3.846000000000000000e+03 1.534779999999999898e-05
3.853000000000000000e+03 1.605239999999999898e-05
3.860000000000000000e+03 1.669140000000000082e-05
3.867000000000000000e+03 1.730839999999999847e-05
3.874000000000000000e+03 1.812469999999999945e-05
3.881000000000000000e+03 1.908650000000000098e-05
3.888000000000000000e+03 2.005560000000000158e-05
3.895000000000000000e+03 2.103529999999999831e-05
3.902000000000000000e+03 2.214479999999999845e-05
3.909000000000000000e+03 2.362500000000000166e-05
3.916000000000000000e+03 2.515539999999999974e-05
3.923000000000000000e+03 2.683080000000000068e-05
3.930000000000000000e+03 2.855970000000000034e-05
3.937000000000000000e+03 3.069239999999999772e-05
3.944000000000000000e+03 3.297019999999999817e-05
3.951000000000000000e+03 3.584059999999999698e-05
3.958000000000000000e+03 3.909700000000000192e-05
3.965000000000000000e+03 4.272130000000000041e-05
3.972000000000000000e+03 4.682550000000000086e-05
3.979000000000000000e+03 5.116470000000000160e-05
3.986000000000000000e+03 5.609479999999999696e-05
3.993000000000000000e+03 6.131690000000000241e-05
4.000000000000000000e+03 6.784880000000000674e-05
4.007000000000000000e+03 7.467239999999999338e-05
4.014000000000000000e+03 8.261969999999999774e-05
4.021000000000000000e+03 9.095020000000000209e-05
4.028000000000000000e+03 1.011769999999999971e-04
4.035000000000000000e+03 1.125109999999999939e-04
4.042000000000000000e+03 1.256540000000000001e-04
4.049000000000000000e+03 1.409030000000000026e-04
4.056000000000000000e+03 1.576000000000000090e-04
4.063000000000000000e+03 1.775819999999999948e-04
4.070000000000000000e+03 1.988830000000000133e-04
4.077000000000000000e+03 2.254489999999999890e-04
4.084000000000000000e+03 2.534750000000000219e-04
4.091000000000000000e+03 2.891899999999999874e-04
4.098000000000000000e+03 3.273150000000000061e-04
4.105000000000000000e+03 3.753809999999999894e-04
4.112000000000000000e+03 4.287049999999999824e-04
4.119000000000000000e+03 4.923529999999999530e-04
4.126000000000000000e+03 5.667670000000000303e-04
4.133000000000000000e+03 6.507769999999999527e-04
4.140000000000000000e+03 7.544980000000000393e-04
4.147000000000000000e+03 8.672769999999999568e-04
4.154000000000000000e+03 1.013489999999999920e-03
4.161000000000000000e+03 1.169059999999999978e-03
4.168000000000000000e+03 1.372930000000000070e-03
4.175000000000000000e+03 1.590990000000000026e-03
4.182000000000000000e+03 1.869419999999999893e-03
4.189000000000000000e+03 2.176990000000000175e-03
4.196000000000000000e+03 2.545379999999999865e-03
4.203000000000000000e+03 2.971290000000000129e-03
4.210000000000000000e+03 3.466550000000000100e-03
4.217000000000000000e+03 4.091100000000000292e-03
4.224000000000000000e+03 4.795970000000000094e-03
4.231000000000000000e+03 5.778400000000000376e-03
4.238000000000000000e+03 6.844300000000000210e-03
4.245000000000000000e+03 8.284669999999999188e-03
4.252000000000000000e+03 9.825179999999999331e-03
4.259000000000000000e+03 1.178769999999999991e-02
4.266000000000000000e+03 1.393319999999999975e-02
4.273000000000000000e+03 1.647590000000000166e-02
4.280000000000000000e+03 1.935680000000000039e-02
4.287000000000000000e+03 2.244909999999999961e-02
4.294000000000000000e+03 2.588659999999999919e-02
4.301000000000000000e+03 2.941819999999999852e-02
4.308000000000000000e+03 3.323659999999999809e-02
4.315000000000000000e+03 3.710279999999999828e-02
4.322000000000000000e+03 4.106490000000000140e-02
4.329000000000000000e+03 4.504120000000000346e-02
4.336000000000000000e+03 4.882140000000000091e-02
4.343000000000000000e+03 5.254890000000000255e-02
4.350000000000000000e+03 5.594079999999999886e-02
4.357000000000000000e+03 5.912099999999999994e-02
4.364000000000000000e+03 6.204069999999999724e-02
4.371000000000000000e+03 6.457870000000000277e-02
4.378000000000000000e+03 6.694640000000000313e-02
4.385000000000000000e+03 6.860969999999999569e-02
4.392000000000000000e+03 7.040050000000000474e-02
4.399000000000000000e+03 7.183789999999999620e-02
4.406000000000000000e+03 7.397510000000000197e-02
4.413000000000000000e+03 7.815679999999999850e-02
4.420000000000000000e+03 8.420640000000000069e-02
4.427000000000000000e+03 9.216839999999999755e-02
4.434000000000000000e+03 1.020510000000000028e-01
4.441000000000000000e+03 1.116459999999999952e-01
4.448000000000000000e+03 1.203089999999999993e-01
4.455000000000000000e+03 1.262689999999999924e-01
4.462000000000000000e+03 1.301480000000000137e-01
4.469000000000000000e+03 1.336630000000000040e-01
4.476000000000000000e+03 1.374900000000000011e-01
4.483000000000000000e+03 1.444380000000000108e-01
4.490000000000000000e+03 1.530910000000000049e-01
4.497000000000000000e+03 1.639859999999999929e-01
4.504000000000000000e+03 1.751590000000000091e-01
4.511000000000000000e+03 1.847969999999999891e-01
4.518000000000000000e+03 1.923650000000000082e-01
4.525000000000000000e+03 1.980629999999999891e-01
4.532000000000000000e+03 2.043490000000000029e-01
4.539000000000000000e+03 2.110899999999999999e-01
4.546000000000000000e+03 2.185630000000000073e-01
4.553000000000000000e+03 2.230910000000000115e-01
4.560000000000000000e+03 2.241200000000000137e-01
4.567000000000000000e+03 2.229200000000000070e-01
4.574000000000000000e+03 2.212840000000000085e-01
4.581000000000000000e+03 2.228999999999999870e-01
4.588000000000000000e+03 2.267800000000000094e-01
4.595000000000000000e+03 2.318280000000000063e-01
4.602000000000000000e+03 2.389519999999999977e-01
4.609000000000000000e+03 2.465749999999999886e-01
4.616000000000000000e+03 2.587709999999999733e-01
4.623000000000000000e+03 2.743760000000000088e-01
4.630000000000000000e+03 3.003719999999999724e-01
4.637000000000000000e+03 3.346390000000000198e-01
4.644000000000000000e+03 3.817499999999999782e-01
4.651000000000000000e+03 4.406919999999999726e-01
4.658000000000000000e+03 5.068359999999999532e-01
4.665000000000000000e+03 5.816350000000000131e-01
4.672000000000000000e+03 6.595879999999999521e-01
4.679000000000000000e+03 7.414410000000000167e-01
4.686000000000000000e+03 8.095010000000000261e-01
4.693000000000000000e+03 8.685270000000000490e-01
4.700000000000000000e+03 9.115929999999999866e-01
4.707000000000000000e+03 9.450309999999999544e-01
4.714000000000000000e+03 9.679590000000000138e-01
4.721000000000000000e+03 9.821429999999999882e-01
4.728000000000000000e+03 9.894819999999999727e-01
4.735000000000000000e+03 9.934199999999999697e-01
4.742000000000000000e+03 9.937820000000000542e-01
4.749000000000000000e+03 9.924840000000000328e-01
4.756000000000000000e+03 9.902370000000000339e-01
4.763000000000000000e+03 9.903129999999999988e-01
4.770000000000000000e+03 9.933170000000000055e-01
4.777000000000000000e+03 9.961820000000000119e-01
4.784000000000000000e+03 9.982469999999999954e-01
4.791000000000000000e+03 1.000000000000000000e+00
4.798000000000000000e+03 9.998380000000000045e-01
4.805000000000000000e+03 9.954169999999999963e-01
4.812000000000000000e+03 9.865639999999999965e-01
4.819000000000000000e+03 9.699670000000000236e-01
4.826000000000000000e+03 9.459849999999999648e-01
4.833000000000000000e+03 9.103759999999999630e-01
4.840000000000000000e+03 8.640390000000000015e-01
4.847000000000000000e+03 8.060819999999999652e-01
4.854000000000000000e+03 7.389809999999999990e-01
4.861000000000000000e+03 6.685360000000000191e-01
4.868000000000000000e+03 5.941619999999999679e-01
4.875000000000000000e+03 5.219110000000000138e-01
4.882000000000000000e+03 4.571990000000000220e-01
4.889000000000000000e+03 4.104099999999999970e-01
4.896000000000000000e+03 3.732519999999999727e-01
4.903000000000000000e+03 3.399329999999999852e-01
4.910000000000000000e+03 3.095359999999999778e-01
4.917000000000000000e+03 2.875750000000000250e-01
4.924000000000000000e+03 2.741759999999999753e-01
4.931000000000000000e+03 2.641189999999999927e-01
4.938000000000000000e+03 2.560660000000000158e-01
4.945000000000000000e+03 2.478720000000000090e-01
4.952000000000000000e+03 2.435759999999999870e-01
4.959000000000000000e+03 2.427489999999999926e-01
4.966000000000000000e+03 2.431669999999999943e-01
4.973000000000000000e+03 2.412789999999999935e-01
4.980000000000000000e+03 2.378089999999999926e-01
4.987000000000000000e+03 2.344749999999999890e-01
4.994000000000000000e+03 2.324400000000000077e-01
5.001000000000000000e+03 2.266110000000000069e-01
5.008000000000000000e+03 2.192679999999999907e-01
5.015000000000000000e+03 2.073679999999999968e-01
5.022000000000000000e+03 1.921380000000000032e-01
5.029000000000000000e+03 1.735460000000000058e-01
5.036000000000000000e+03 1.517570000000000030e-01
5.043000000000000000e+03 1.307030000000000136e-01
5.050000000000000000e+03 1.099239999999999939e-01
5.057000000000000000e+03 9.205679999999999419e-02
5.064000000000000000e+03 7.675039999999999640e-02
5.071000000000000000e+03 6.508569999999999633e-02
5.078000000000000000e+03 5.677159999999999845e-02
5.085000000000000000e+03 5.091029999999999861e-02
5.092000000000000000e+03 4.632259999999999850e-02
5.099000000000000000e+03 4.291869999999999713e-02
5.106000000000000000e+03 4.060020000000000295e-02
5.113000000000000000e+03 3.918739999999999724e-02
5.120000000000000000e+03 3.793749999999999900e-02
5.127000000000000000e+03 3.683449999999999919e-02
5.134000000000000000e+03 3.585909999999999792e-02
5.141000000000000000e+03 3.510350000000000276e-02
5.148000000000000000e+03 3.443510000000000321e-02
5.155000000000000000e+03 3.380520000000000053e-02
5.162000000000000000e+03 3.317719999999999697e-02
5.169000000000000000e+03 3.255290000000000267e-02
5.176000000000000000e+03 3.190090000000000287e-02
5.183000000000000000e+03 3.117580000000000004e-02
5.190000000000000000e+03 3.042709999999999859e-02
5.197000000000000000e+03 2.944259999999999933e-02
5.204000000000000000e+03 2.838620000000000032e-02
5.211000000000000000e+03 2.702339999999999950e-02
5.218000000000000000e+03 2.551569999999999880e-02
5.225000000000000000e+03 2.378349999999999909e-02
5.232000000000000000e+03 2.184840000000000046e-02
5.239000000000000000e+03 1.984299999999999953e-02
5.246000000000000000e+03 1.771290000000000017e-02
5.253000000000000000e+03 1.560839999999999970e-02
5.260000000000000000e+03 1.360710000000000044e-02
5.267000000000000000e+03 1.164699999999999937e-02
5.274000000000000000e+03 9.890960000000000724e-03
5.281000000000000000e+03 8.188449999999999895e-03
5.288000000000000000e+03 6.783510000000000408e-03
5.295000000000000000e+03 5.506010000000000418e-03
5.302000000000000000e+03 4.479770000000000106e-03
5.309000000000000000e+03 3.662040000000000087e-03
5.316000000000000000e+03 2.954500000000000095e-03
5.323000000000000000e+03 2.423110000000000021e-03
5.330000000000000000e+03 1.951290000000000056e-03
5.337000000000000000e+03 1.636010000000000025e-03
5.344000000000000000e+03 1.338119999999999934e-03
5.351000000000000000e+03 1.075400000000000010e-03
5.358000000000000000e+03 8.264620000000000299e-04
5.365000000000000000e+03 6.582940000000000232e-04
5.372000000000000000e+03 5.200499999999999828e-04
5.379000000000000000e+03 4.304430000000000257e-04
5.386000000000000000e+03 3.760430000000000044e-04
5.393000000000000000e+03 3.315750000000000229e-04
5.400000000000000000e+03 3.011040000000000092e-04
5.407000000000000000e+03 2.669600000000000055e-04
5.414000000000000000e+03 2.221609999999999893e-04
5.421000000000000000e+03 1.801250000000000008e-04
5.428000000000000000e+03 1.570619999999999948e-04
5.435000000000000000e+03 1.348660000000000061e-04
5.442000000000000000e+03 8.373080000000000139e-05
5.449000000000000000e+03 2.369750000000000139e-05
