2.084500000000000000e+03 0.000000000000000000e+00
2.090500000000000000e+03 3.050370000000000070e-07
2.096500000000000000e+03 7.388779999999999754e-06
2.102500000000000000e+03 2.541890000000000154e-05
2.108500000000000000e+03 4.051069999999999823e-05
2.114500000000000000e+03 4.736589999999999995e-05
2.120500000000000000e+03 5.064449999999999936e-05
2.126500000000000000e+03 5.281089999999999949e-05
2.132500000000000000e+03 5.520720000000000228e-05
2.138500000000000000e+03 5.768470000000000016e-05
2.144500000000000000e+03 6.007440000000000203e-05
2.150500000000000000e+03 6.224990000000000178e-05
2.156500000000000000e+03 6.357709999999999815e-05
2.162500000000000000e+03 6.421610000000000339e-05
2.168500000000000000e+03 6.384709999999999388e-05
2.174500000000000000e+03 6.296409999999999572e-05
2.180500000000000000e+03 6.158669999999999770e-05
2.186500000000000000e+03 6.011009999999999899e-05
2.192500000000000000e+03 5.871070000000000016e-05
2.198500000000000000e+03 5.777369999999999880e-05
2.204500000000000000e+03 5.784709999999999711e-05
2.210500000000000000e+03 5.873429999999999770e-05
2.216500000000000000e+03 6.075499999999999683e-05
2.222500000000000000e+03 6.320739999999999388e-05
2.228500000000000000e+03 6.600750000000000118e-05
2.234500000000000000e+03 6.826800000000000435e-05
2.240500000000000000e+03 6.965519999999999676e-05
2.246500000000000000e+03 6.965610000000000551e-05
2.252500000000000000e+03 6.817600000000000591e-05
2.258500000000000000e+03 6.496970000000000241e-05
2.264500000000000000e+03 6.036510000000000248e-05
2.270500000000000000e+03 5.477569999999999802e-05
2.276500000000000000e+03 4.872570000000000004e-05
2.282500000000000000e+03 4.283749999999999770e-05
2.288500000000000000e+03 3.736880000000000041e-05
2.294500000000000000e+03 3.305180000000000092e-05
2.300500000000000000e+03 2.970839999999999833e-05
2.306500000000000000e+03 2.796559999999999869e-05
2.312500000000000000e+03 2.727760000000000121e-05
2.318500000000000000e+03 2.808669999999999995e-05
2.324500000000000000e+03 2.965830000000000029e-05
2.330500000000000000e+03 3.217070000000000015e-05
2.336500000000000000e+03 3.490350000000000218e-05
2.342500000000000000e+03 3.774360000000000231e-05
2.348500000000000000e+03 4.024680000000000233e-05
2.354500000000000000e+03 4.215380000000000288e-05
2.360500000000000000e+03 4.307680000000000065e-05
2.366500000000000000e+03 4.271500000000000015e-05
2.372500000000000000e+03 4.109700000000000310e-05
2.378500000000000000e+03 3.827250000000000329e-05
2.384500000000000000e+03 3.494819999999999855e-05
2.390500000000000000e+03 3.133660000000000080e-05
2.396500000000000000e+03 2.787119999999999837e-05
2.402500000000000000e+03 2.460849999999999995e-05
2.408500000000000000e+03 2.179970000000000069e-05
2.414500000000000000e+03 1.942389999999999880e-05
2.420500000000000000e+03 1.780060000000000030e-05
2.426500000000000000e+03 1.657619999999999894e-05
2.432500000000000000e+03 1.566949999999999965e-05
2.438500000000000000e+03 1.490379999999999951e-05
2.444500000000000000e+03 1.428840000000000028e-05
2.450500000000000000e+03 1.376979999999999986e-05
2.456500000000000000e+03 1.338300000000000045e-05
2.462500000000000000e+03 1.299459999999999922e-05
2.468500000000000000e+03 1.257040000000000081e-05
2.474500000000000000e+03 1.216719999999999931e-05
2.480500000000000000e+03 1.179840000000000040e-05
2.486500000000000000e+03 1.139670000000000051e-05
2.492500000000000000e+03 1.095659999999999942e-05
2.498500000000000000e+03 1.054830000000000029e-05
2.504500000000000000e+03 1.016500000000000009e-05
2.510500000000000000e+03 9.738410000000000499e-06
2.516500000000000000e+03 9.292320000000000506e-06
2.522500000000000000e+03 8.919349999999999569e-06
2.528500000000000000e+03 8.629789999999999244e-06
2.534500000000000000e+03 8.489949999999999919e-06
2.540500000000000000e+03 8.442370000000000283e-06
2.546500000000000000e+03 8.451670000000000347e-06
2.552500000000000000e+03 8.471600000000000340e-06
2.558500000000000000e+03 8.458869999999999193e-06
2.564500000000000000e+03 9.110310000000000532e-06
2.570500000000000000e+03 1.014549999999999968e-05
2.576500000000000000e+03 1.031590000000000062e-05
2.582500000000000000e+03 1.003990000000000022e-05
2.588500000000000000e+03 9.820169999999999187e-06
2.594500000000000000e+03 9.688110000000000319e-06
2.600500000000000000e+03 9.657059999999999998e-06
2.606500000000000000e+03 9.670999999999999394e-06
2.612500000000000000e+03 9.671579999999999311e-06
2.618500000000000000e+03 9.646329999999999849e-06
2.624500000000000000e+03 9.581309999999999919e-06
2.630500000000000000e+03 9.467980000000000108e-06
2.636500000000000000e+03 9.460249999999999760e-06
2.642500000000000000e+03 9.506889999999999707e-06
2.648500000000000000e+03 9.548689999999999882e-06
2.654500000000000000e+03 9.608739999999999418e-06
2.660500000000000000e+03 9.647380000000000457e-06
2.666500000000000000e+03 9.664459999999999284e-06
2.672500000000000000e+03 9.602170000000000597e-06
2.678500000000000000e+03 9.420090000000000809e-06
2.684500000000000000e+03 8.952340000000000078e-06
2.690500000000000000e+03 8.475650000000000751e-06
2.696500000000000000e+03 8.147850000000000264e-06
2.702500000000000000e+03 7.868230000000000728e-06
2.708500000000000000e+03 7.681579999999999729e-06
2.714500000000000000e+03 7.612040000000000391e-06
2.720500000000000000e+03 7.705930000000000605e-06
2.726500000000000000e+03 7.787229999999999302e-06
2.732500000000000000e+03 7.833960000000000462e-06
2.738500000000000000e+03 7.795369999999999532e-06
2.744500000000000000e+03 7.669789999999999965e-06
2.750500000000000000e+03 7.672030000000000811e-06
2.756500000000000000e+03 7.790239999999999803e-06
2.762500000000000000e+03 7.918269999999999660e-06
2.768500000000000000e+03 8.119239999999999533e-06
2.774500000000000000e+03 8.487680000000000363e-06
2.780500000000000000e+03 8.941579999999999524e-06
2.786500000000000000e+03 9.355269999999999623e-06
2.792500000000000000e+03 9.711720000000000251e-06
2.798500000000000000e+03 9.912759999999999939e-06
2.804500000000000000e+03 1.002050000000000003e-05
2.810500000000000000e+03 1.006989999999999993e-05
2.816500000000000000e+03 1.008930000000000012e-05
2.822500000000000000e+03 1.010250000000000026e-05
2.828500000000000000e+03 1.011320000000000001e-05
2.834500000000000000e+03 1.012379999999999953e-05
2.840500000000000000e+03 1.013449999999999928e-05
2.846500000000000000e+03 1.014510000000000050e-05
2.852500000000000000e+03 1.015549999999999958e-05
2.858500000000000000e+03 1.017009999999999941e-05
2.864500000000000000e+03 1.021269999999999965e-05
2.870500000000000000e+03 1.032299999999999925e-05
2.876500000000000000e+03 1.062429999999999923e-05
2.882500000000000000e+03 1.118779999999999985e-05
2.888500000000000000e+03 1.176419999999999995e-05
2.894500000000000000e+03 1.238449999999999976e-05
2.900500000000000000e+03 1.305739999999999970e-05
2.906500000000000000e+03 1.369709999999999969e-05
2.912500000000000000e+03 1.429419999999999945e-05
2.918500000000000000e+03 1.499129999999999994e-05
2.924500000000000000e+03 1.581400000000000140e-05
2.930500000000000000e+03 1.680959999999999911e-05
2.936500000000000000e+03 1.810870000000000163e-05
2.942500000000000000e+03 1.961599999999999989e-05
2.948500000000000000e+03 2.137970000000000132e-05
2.954500000000000000e+03 2.332269999999999949e-05
2.960500000000000000e+03 2.537360000000000047e-05
2.966500000000000000e+03 2.757140000000000168e-05
2.972500000000000000e+03 3.003959999999999950e-05
2.978500000000000000e+03 3.291109999999999733e-05
2.984500000000000000e+03 3.629700000000000163e-05
2.990500000000000000e+03 4.010810000000000313e-05
2.996500000000000000e+03 4.459790000000000206e-05
3.002500000000000000e+03 4.987570000000000089e-05
3.008500000000000000e+03 5.626140000000000313e-05
3.014500000000000000e+03 6.384559999999999736e-05
3.020500000000000000e+03 7.297689999999999581e-05
3.026500000000000000e+03 8.366960000000000272e-05
3.032500000000000000e+03 9.633170000000000469e-05
3.038500000000000000e+03 1.110169999999999977e-04
3.044500000000000000e+03 1.283699999999999924e-04
3.050500000000000000e+03 1.486740000000000067e-04
3.056500000000000000e+03 1.724790000000000134e-04
3.062500000000000000e+03 2.004709999999999988e-04
3.068500000000000000e+03 2.336569999999999891e-04
3.074500000000000000e+03 2.735279999999999873e-04
3.080500000000000000e+03 3.261280000000000190e-04
3.086500000000000000e+03 4.776390000000000258e-04
3.092500000000000000e+03 7.335510000000000381e-04
3.098500000000000000e+03 1.223839999999999911e-03
3.104500000000000000e+03 1.861170000000000099e-03
3.110500000000000000e+03 2.667089999999999999e-03
3.116500000000000000e+03 3.675190000000000054e-03
3.122500000000000000e+03 5.059459999999999999e-03
3.128500000000000000e+03 6.719049999999999849e-03
3.134500000000000000e+03 8.664540000000000089e-03
3.140500000000000000e+03 1.080869999999999921e-02
3.146500000000000000e+03 1.313519999999999965e-02
3.152500000000000000e+03 1.556740000000000033e-02
3.158500000000000000e+03 1.814079999999999859e-02
3.164500000000000000e+03 2.079920000000000033e-02
3.170500000000000000e+03 2.354020000000000071e-02
3.176500000000000000e+03 2.636039999999999911e-02
3.182500000000000000e+03 2.936719999999999955e-02
3.188500000000000000e+03 3.246890000000000193e-02
3.194500000000000000e+03 3.575060000000000043e-02
3.200500000000000000e+03 3.916030000000000205e-02
3.206500000000000000e+03 4.275530000000000302e-02
3.212500000000000000e+03 4.646009999999999723e-02
3.218500000000000000e+03 5.035080000000000111e-02
3.224500000000000000e+03 5.441950000000000259e-02
3.230500000000000000e+03 5.866500000000000187e-02
3.236500000000000000e+03 6.306849999999999956e-02
3.242500000000000000e+03 6.755250000000000143e-02
3.248500000000000000e+03 7.211579999999999380e-02
3.254500000000000000e+03 7.670040000000000191e-02
3.260500000000000000e+03 8.126139999999999752e-02
3.266500000000000000e+03 8.571819999999999440e-02
3.272500000000000000e+03 9.005929999999999491e-02
3.278500000000000000e+03 9.419460000000000333e-02
3.284500000000000000e+03 9.809589999999999976e-02
3.290500000000000000e+03 1.019229999999999997e-01
3.296500000000000000e+03 1.055640000000000051e-01
3.302500000000000000e+03 1.092169999999999946e-01
3.308500000000000000e+03 1.126609999999999973e-01
3.314500000000000000e+03 1.158020000000000022e-01
3.320500000000000000e+03 1.184430000000000066e-01
3.326500000000000000e+03 1.205360000000000043e-01
3.332500000000000000e+03 1.219750000000000001e-01
3.338500000000000000e+03 1.230099999999999943e-01
3.344500000000000000e+03 1.239579999999999987e-01
3.350500000000000000e+03 1.247000000000000053e-01
3.356500000000000000e+03 1.257270000000000054e-01
3.362500000000000000e+03 1.271390000000000020e-01
3.368500000000000000e+03 1.287899999999999878e-01
3.374500000000000000e+03 1.304889999999999939e-01
3.380500000000000000e+03 1.321759999999999879e-01
3.386500000000000000e+03 1.337430000000000008e-01
3.392500000000000000e+03 1.352770000000000084e-01
3.398500000000000000e+03 1.368070000000000119e-01
3.404500000000000000e+03 1.383659999999999890e-01
3.410500000000000000e+03 1.399549999999999961e-01
3.416500000000000000e+03 1.415230000000000099e-01
3.422500000000000000e+03 1.431709999999999927e-01
3.428500000000000000e+03 1.448669999999999958e-01
3.434500000000000000e+03 1.466929999999999901e-01
3.440500000000000000e+03 1.483609999999999929e-01
3.446500000000000000e+03 1.500519999999999909e-01
3.452500000000000000e+03 1.521730000000000027e-01
3.458500000000000000e+03 1.551899999999999946e-01
3.464500000000000000e+03 1.594379999999999964e-01
3.470500000000000000e+03 1.662649999999999961e-01
3.476500000000000000e+03 1.775400000000000034e-01
3.482500000000000000e+03 1.967339999999999922e-01
3.488500000000000000e+03 2.275280000000000080e-01
3.494500000000000000e+03 2.751390000000000224e-01
3.500500000000000000e+03 3.434150000000000258e-01
3.506500000000000000e+03 4.317949999999999844e-01
3.512500000000000000e+03 5.369279999999999609e-01
3.518500000000000000e+03 6.462980000000000391e-01
3.524500000000000000e+03 7.506089999999999707e-01
3.530500000000000000e+03 8.371239999999999792e-01
3.536500000000000000e+03 9.009080000000000421e-01
3.542500000000000000e+03 9.416120000000000045e-01
3.548500000000000000e+03 9.587790000000000479e-01
3.554500000000000000e+03 9.644669999999999632e-01
3.560500000000000000e+03 9.632560000000000011e-01
3.566500000000000000e+03 9.625590000000000535e-01
3.572500000000000000e+03 9.647890000000000077e-01
3.578500000000000000e+03 9.719719999999999471e-01
3.584500000000000000e+03 9.818810000000000038e-01
3.590500000000000000e+03 9.913520000000000110e-01
3.596500000000000000e+03 9.986500000000000377e-01
3.602500000000000000e+03 1.000000000000000000e+00
3.608500000000000000e+03 9.957110000000000127e-01
3.614500000000000000e+03 9.881450000000000511e-01
3.620500000000000000e+03 9.809240000000000181e-01
3.626500000000000000e+03 9.758759999999999657e-01
3.632500000000000000e+03 9.732929999999999637e-01
3.638500000000000000e+03 9.726089999999999458e-01
3.644500000000000000e+03 9.685230000000000228e-01
3.650500000000000000e+03 9.585860000000000491e-01
3.656500000000000000e+03 9.382909999999999862e-01
3.662500000000000000e+03 9.009260000000000046e-01
3.668500000000000000e+03 8.439320000000000155e-01
3.674500000000000000e+03 7.643860000000000099e-01
3.680500000000000000e+03 6.685410000000000519e-01
3.686500000000000000e+03 5.618319999999999981e-01
3.692500000000000000e+03 4.600290000000000212e-01
3.698500000000000000e+03 3.697940000000000116e-01
3.704500000000000000e+03 2.993350000000000177e-01
3.710500000000000000e+03 2.487370000000000136e-01
3.716500000000000000e+03 2.127860000000000029e-01
3.722500000000000000e+03 1.898829999999999962e-01
3.728500000000000000e+03 1.745049999999999935e-01
3.734500000000000000e+03 1.643989999999999896e-01
3.740500000000000000e+03 1.580120000000000136e-01
3.746500000000000000e+03 1.535449999999999871e-01
3.752500000000000000e+03 1.497529999999999972e-01
3.758500000000000000e+03 1.465309999999999946e-01
3.764500000000000000e+03 1.433129999999999959e-01
3.770500000000000000e+03 1.402670000000000028e-01
3.776500000000000000e+03 1.380079999999999918e-01
3.782500000000000000e+03 1.362210000000000087e-01
3.788500000000000000e+03 1.345159999999999967e-01
3.794500000000000000e+03 1.326980000000000104e-01
3.800500000000000000e+03 1.307770000000000044e-01
3.806500000000000000e+03 1.288479999999999903e-01
3.812500000000000000e+03 1.270509999999999973e-01
3.818500000000000000e+03 1.253019999999999967e-01
3.824500000000000000e+03 1.228800000000000031e-01
3.830500000000000000e+03 1.202130000000000004e-01
3.836500000000000000e+03 1.175009999999999943e-01
3.842500000000000000e+03 1.149840000000000029e-01
3.848500000000000000e+03 1.127500000000000030e-01
3.854500000000000000e+03 1.110030000000000044e-01
3.860500000000000000e+03 1.095760000000000067e-01
3.866500000000000000e+03 1.085829999999999990e-01
3.872500000000000000e+03 1.076249999999999984e-01
3.878500000000000000e+03 1.069019999999999970e-01
3.884500000000000000e+03 1.061649999999999955e-01
3.890500000000000000e+03 1.053840000000000054e-01
3.896500000000000000e+03 1.043140000000000039e-01
3.902500000000000000e+03 1.027639999999999942e-01
3.908500000000000000e+03 1.004150000000000043e-01
3.914500000000000000e+03 9.729820000000000135e-02
3.920500000000000000e+03 9.334860000000000380e-02
3.926500000000000000e+03 8.858969999999999345e-02
3.932500000000000000e+03 8.311620000000000119e-02
3.938500000000000000e+03 7.701429999999999387e-02
3.944500000000000000e+03 7.050570000000000448e-02
3.950500000000000000e+03 6.359929999999999750e-02
3.956500000000000000e+03 5.661650000000000016e-02
3.962500000000000000e+03 4.964559999999999806e-02
3.968500000000000000e+03 4.302650000000000224e-02
3.974500000000000000e+03 3.676249999999999657e-02
3.980500000000000000e+03 3.110629999999999992e-02
3.986500000000000000e+03 2.602700000000000152e-02
3.992500000000000000e+03 2.160520000000000149e-02
3.998500000000000000e+03 1.781759999999999941e-02
4.004500000000000000e+03 1.463120000000000046e-02
4.010500000000000000e+03 1.198699999999999939e-02
4.016500000000000000e+03 9.805690000000000586e-03
4.022500000000000000e+03 8.005709999999999216e-03
4.028500000000000000e+03 6.558529999999999915e-03
4.034500000000000000e+03 5.363770000000000343e-03
4.040500000000000000e+03 4.431850000000000199e-03
4.046500000000000000e+03 3.654590000000000095e-03
4.052500000000000000e+03 3.048369999999999899e-03
4.058500000000000000e+03 2.534520000000000176e-03
4.064500000000000000e+03 2.139170000000000134e-03
4.070500000000000000e+03 1.795039999999999917e-03
4.076500000000000000e+03 1.513800000000000041e-03
4.082500000000000000e+03 1.257950000000000084e-03
4.088500000000000000e+03 1.011970000000000057e-03
4.094500000000000000e+03 7.886069999999999799e-04
4.100500000000000000e+03 5.638480000000000401e-04
4.106500000000000000e+03 3.179780000000000106e-04
4.112500000000000000e+03 1.937379999999999940e-04
4.118500000000000000e+03 1.523750000000000039e-04
4.124500000000000000e+03 1.364659999999999907e-04
4.130500000000000000e+03 1.230480000000000050e-04
4.136500000000000000e+03 1.137969999999999948e-04
4.142500000000000000e+03 1.011730000000000019e-04
4.148500000000000000e+03 8.406779999999999494e-05
4.154500000000000000e+03 7.448210000000000301e-05
4.160500000000000000e+03 7.202730000000000070e-05
4.166500000000000000e+03 6.933370000000000331e-05
4.172500000000000000e+03 6.722750000000000644e-05
4.178500000000000000e+03 6.569479999999999992e-05
4.184500000000000000e+03 6.387269999999999580e-05
4.190500000000000000e+03 6.106080000000000329e-05
4.196500000000000000e+03 5.516509999999999806e-05
4.202500000000000000e+03 5.071559999999999941e-05
4.208500000000000000e+03 4.664400000000000268e-05
4.214500000000000000e+03 3.460159999999999750e-05
4.220500000000000000e+03 2.482309999999999955e-05
4.226500000000000000e+03 2.393180000000000014e-05
4.232500000000000000e+03 2.372940000000000018e-05
4.238500000000000000e+03 2.359820000000000049e-05
4.244500000000000000e+03 2.353360000000000114e-05
4.250500000000000000e+03 2.357490000000000022e-05
4.256500000000000000e+03 2.372010000000000012e-05
4.262500000000000000e+03 2.393119999999999883e-05
4.268500000000000000e+03 2.414080000000000102e-05
4.274500000000000000e+03 2.427909999999999934e-05
4.280500000000000000e+03 2.432219999999999898e-05
4.286500000000000000e+03 2.435090000000000092e-05
4.292500000000000000e+03 2.433830000000000040e-05
4.298500000000000000e+03 2.427889999999999890e-05
4.304500000000000000e+03 2.421330000000000075e-05
4.310500000000000000e+03 2.414009999999999949e-05
4.316500000000000000e+03 2.406609999999999986e-05
4.322500000000000000e+03 2.394920000000000103e-05
4.328500000000000000e+03 2.372510000000000092e-05
4.334500000000000000e+03 2.311089999999999924e-05
4.340500000000000000e+03 2.192950000000000070e-05
4.346500000000000000e+03 2.038460000000000131e-05
4.352500000000000000e+03 1.919539999999999921e-05
4.358500000000000000e+03 1.893439999999999951e-05
4.364500000000000000e+03 1.874530000000000160e-05
4.370500000000000000e+03 1.881339999999999846e-05
4.376500000000000000e+03 1.980480000000000052e-05
4.382500000000000000e+03 2.141040000000000087e-05
4.388500000000000000e+03 2.310120000000000169e-05
4.394500000000000000e+03 2.453640000000000110e-05
4.400500000000000000e+03 2.566300000000000146e-05
4.406500000000000000e+03 2.629419999999999975e-05
4.412500000000000000e+03 2.676969999999999884e-05
4.418500000000000000e+03 2.713830000000000070e-05
4.424500000000000000e+03 2.735219999999999877e-05
4.430500000000000000e+03 2.759189999999999920e-05
4.436500000000000000e+03 2.779239999999999838e-05
4.442500000000000000e+03 2.804380000000000075e-05
4.448500000000000000e+03 2.842919999999999879e-05
4.454500000000000000e+03 2.890950000000000163e-05
4.460500000000000000e+03 2.945089999999999953e-05
4.466500000000000000e+03 2.999200000000000016e-05
4.472500000000000000e+03 3.041949999999999903e-05
4.478500000000000000e+03 3.080069999999999802e-05
4.484500000000000000e+03 3.118310000000000304e-05
4.490500000000000000e+03 3.156689999999999757e-05
4.496500000000000000e+03 3.199609999999999678e-05
4.502500000000000000e+03 3.238279999999999767e-05
4.508500000000000000e+03 3.269640000000000090e-05
4.514500000000000000e+03 3.300260000000000145e-05
4.520500000000000000e+03 3.330220000000000109e-05
4.526500000000000000e+03 3.360610000000000338e-05
4.532500000000000000e+03 3.386470000000000121e-05
4.538500000000000000e+03 3.396299999999999992e-05
4.544500000000000000e+03 3.395510000000000292e-05
4.550500000000000000e+03 3.398989999999999791e-05
4.556500000000000000e+03 3.409430000000000322e-05
4.562500000000000000e+03 3.430390000000000202e-05
4.568500000000000000e+03 3.462840000000000205e-05
4.574500000000000000e+03 3.500580000000000288e-05
4.580500000000000000e+03 3.546769999999999925e-05
4.586500000000000000e+03 3.600179999999999808e-05
4.592500000000000000e+03 3.651920000000000096e-05
4.598500000000000000e+03 3.693680000000000184e-05
4.604500000000000000e+03 3.726460000000000232e-05
4.610500000000000000e+03 3.751979999999999947e-05
4.616500000000000000e+03 3.774869999999999994e-05
4.622500000000000000e+03 3.803450000000000320e-05
4.628500000000000000e+03 3.831440000000000030e-05
4.634500000000000000e+03 3.849639999999999958e-05
4.640500000000000000e+03 3.850120000000000332e-05
4.646500000000000000e+03 3.836150000000000193e-05
4.652500000000000000e+03 3.833640000000000111e-05
4.658500000000000000e+03 3.849190000000000326e-05
4.664500000000000000e+03 3.868759999999999869e-05
4.670500000000000000e+03 3.891909999999999809e-05
4.676500000000000000e+03 3.747959999999999942e-05
4.682500000000000000e+03 3.205350000000000067e-05
4.688500000000000000e+03 2.202319999999999948e-05
4.694500000000000000e+03 1.196140000000000037e-05
4.700500000000000000e+03 8.085259999999999225e-06
4.706500000000000000e+03 6.392009999999999809e-06
4.712500000000000000e+03 2.352310000000000184e-06
