5.424500000000000000e+03 0.000000000000000000e+00
5.434500000000000000e+03 6.294269999999999623e-06
5.444500000000000000e+03 2.322239999999999979e-05
5.454500000000000000e+03 4.647439999999999671e-05
5.464500000000000000e+03 7.694819999999999622e-05
5.474500000000000000e+03 9.470920000000000456e-05
5.484500000000000000e+03 1.071450000000000050e-04
5.494500000000000000e+03 1.632089999999999886e-04
5.504500000000000000e+03 2.961039999999999961e-04
5.514500000000000000e+03 4.594679999999999858e-04
5.524500000000000000e+03 6.265819999999999853e-04
5.534500000000000000e+03 9.433920000000000370e-04
5.544500000000000000e+03 1.534750000000000090e-03
5.554500000000000000e+03 2.460649999999999990e-03
5.564500000000000000e+03 3.926279999999999874e-03
5.574500000000000000e+03 6.433849999999999639e-03
5.584500000000000000e+03 1.033240000000000026e-02
5.594500000000000000e+03 1.582120000000000054e-02
5.604500000000000000e+03 2.329020000000000049e-02
5.614500000000000000e+03 3.338329999999999770e-02
5.624500000000000000e+03 4.558849999999999708e-02
5.634500000000000000e+03 6.034520000000000162e-02
5.644500000000000000e+03 7.653949999999999643e-02
5.654500000000000000e+03 9.494149999999999812e-02
5.664500000000000000e+03 1.142460000000000003e-01
5.674500000000000000e+03 1.358820000000000028e-01
5.684500000000000000e+03 1.588559999999999972e-01
5.694500000000000000e+03 1.872749999999999970e-01
5.704500000000000000e+03 2.176210000000000089e-01
5.714500000000000000e+03 2.509049999999999891e-01
5.724500000000000000e+03 2.828200000000000158e-01
5.734500000000000000e+03 3.151089999999999725e-01
5.744500000000000000e+03 3.514800000000000146e-01
5.754500000000000000e+03 3.931810000000000027e-01
5.764500000000000000e+03 4.416570000000000218e-01
5.774500000000000000e+03 4.892859999999999987e-01
5.784500000000000000e+03 5.249340000000000117e-01
5.794500000000000000e+03 5.476699999999999902e-01
5.804500000000000000e+03 5.526309999999999834e-01
5.814500000000000000e+03 5.551690000000000236e-01
5.824500000000000000e+03 5.590420000000000389e-01
5.834500000000000000e+03 5.724000000000000199e-01
5.844500000000000000e+03 5.911140000000000283e-01
5.854500000000000000e+03 6.039740000000000109e-01
5.864500000000000000e+03 6.121959999999999624e-01
5.874500000000000000e+03 6.080170000000000297e-01
5.884500000000000000e+03 6.084199999999999608e-01
5.894500000000000000e+03 6.291489999999999583e-01
5.904500000000000000e+03 6.542099999999999582e-01
5.914500000000000000e+03 6.797400000000000109e-01
5.924500000000000000e+03 6.966510000000000202e-01
5.934500000000000000e+03 6.993139999999999912e-01
5.944500000000000000e+03 7.111730000000000551e-01
5.954500000000000000e+03 7.343410000000000215e-01
5.964500000000000000e+03 7.649029999999999996e-01
5.974500000000000000e+03 7.964299999999999713e-01
5.984500000000000000e+03 8.195789999999999464e-01
5.994500000000000000e+03 8.389940000000000175e-01
6.004500000000000000e+03 8.523589999999999778e-01
6.014500000000000000e+03 8.637620000000000298e-01
6.024500000000000000e+03 8.708270000000000177e-01
6.034500000000000000e+03 8.741609999999999658e-01
6.044500000000000000e+03 8.744849999999999568e-01
6.054500000000000000e+03 8.733560000000000212e-01
6.064500000000000000e+03 8.747230000000000283e-01
6.074500000000000000e+03 8.815359999999999863e-01
6.084500000000000000e+03 8.916290000000000049e-01
6.094500000000000000e+03 9.046520000000000117e-01
6.104500000000000000e+03 9.151989999999999847e-01
6.114500000000000000e+03 9.197389999999999732e-01
6.124500000000000000e+03 9.223919999999999897e-01
6.134500000000000000e+03 9.221369999999999845e-01
6.144500000000000000e+03 9.228079999999999616e-01
6.154500000000000000e+03 9.268309999999999604e-01
6.164500000000000000e+03 9.306010000000000115e-01
6.174500000000000000e+03 9.350669999999999815e-01
6.184500000000000000e+03 9.430309999999999526e-01
6.194500000000000000e+03 9.513700000000000490e-01
6.204500000000000000e+03 9.565299999999999914e-01
6.214500000000000000e+03 9.594930000000000403e-01
6.224500000000000000e+03 9.600360000000000005e-01
6.234500000000000000e+03 9.599729999999999652e-01
6.244500000000000000e+03 9.591420000000000501e-01
6.254500000000000000e+03 9.590710000000000068e-01
6.264500000000000000e+03 9.587970000000000104e-01
6.274500000000000000e+03 9.595219999999999860e-01
6.284500000000000000e+03 9.634989999999999943e-01
6.294500000000000000e+03 9.680509999999999948e-01
6.304500000000000000e+03 9.730079999999999840e-01
6.314500000000000000e+03 9.788980000000000459e-01
6.324500000000000000e+03 9.836000000000000298e-01
6.334500000000000000e+03 9.867289999999999672e-01
6.344500000000000000e+03 9.902069999999999483e-01
6.354500000000000000e+03 9.933279999999999887e-01
6.364500000000000000e+03 9.943729999999999514e-01
6.374500000000000000e+03 9.952999999999999625e-01
6.384500000000000000e+03 9.976739999999999498e-01
6.394500000000000000e+03 9.996289999999999898e-01
6.404500000000000000e+03 1.000000000000000000e+00
6.414500000000000000e+03 9.971139999999999448e-01
6.424500000000000000e+03 9.890459999999999807e-01
6.434500000000000000e+03 9.760250000000000314e-01
6.444500000000000000e+03 9.563669999999999671e-01
6.454500000000000000e+03 9.306990000000000540e-01
6.464500000000000000e+03 8.976579999999999560e-01
6.474500000000000000e+03 8.577360000000000539e-01
6.484500000000000000e+03 8.152760000000000007e-01
6.494500000000000000e+03 7.739979999999999638e-01
6.504500000000000000e+03 7.314049999999999718e-01
6.514500000000000000e+03 6.786689999999999667e-01
6.524500000000000000e+03 6.160330000000000528e-01
6.534500000000000000e+03 5.405640000000000445e-01
6.544500000000000000e+03 4.613530000000000131e-01
6.554500000000000000e+03 3.759310000000000151e-01
6.564500000000000000e+03 2.979280000000000261e-01
6.574500000000000000e+03 2.351270000000000027e-01
6.584500000000000000e+03 1.905729999999999924e-01
6.594500000000000000e+03 1.557429999999999926e-01
6.604500000000000000e+03 1.339349999999999985e-01
6.614500000000000000e+03 1.151849999999999957e-01
6.624500000000000000e+03 1.004329999999999945e-01
6.634500000000000000e+03 8.398569999999999647e-02
6.644500000000000000e+03 6.898189999999999877e-02
6.654500000000000000e+03 5.453680000000000333e-02
6.664500000000000000e+03 4.075720000000000037e-02
6.674500000000000000e+03 2.948689999999999992e-02
6.684500000000000000e+03 1.964779999999999999e-02
6.694500000000000000e+03 1.370799999999999970e-02
6.704500000000000000e+03 8.910790000000000030e-03
6.714500000000000000e+03 5.813099999999999865e-03
6.724500000000000000e+03 3.390729999999999786e-03
6.734500000000000000e+03 2.573999999999999899e-03
6.744500000000000000e+03 2.065790000000000074e-03
6.754500000000000000e+03 1.544779999999999938e-03
6.764500000000000000e+03 1.113840000000000056e-03
6.774500000000000000e+03 9.922959999999999333e-04
6.784500000000000000e+03 8.898829999999999501e-04
6.794500000000000000e+03 7.457930000000000201e-04
6.804500000000000000e+03 6.112189999999999767e-04
6.814500000000000000e+03 4.651899999999999829e-04
6.824500000000000000e+03 3.606659999999999922e-04
6.834500000000000000e+03 3.478660000000000064e-04
6.844500000000000000e+03 3.289669999999999964e-04
6.854500000000000000e+03 2.967339999999999952e-04
6.864500000000000000e+03 2.566169999999999996e-04
6.874500000000000000e+03 1.871479999999999910e-04
6.884500000000000000e+03 1.275039999999999908e-04
6.894500000000000000e+03 1.095180000000000041e-04
6.904500000000000000e+03 9.730949999999999388e-05
6.914500000000000000e+03 9.058520000000000135e-05
6.924500000000000000e+03 8.973770000000000650e-05
6.934500000000000000e+03 9.153929999999999955e-05
6.944500000000000000e+03 9.002030000000000275e-05
6.954500000000000000e+03 8.432230000000000411e-05
6.964500000000000000e+03 7.458929999999999413e-05
6.974500000000000000e+03 7.050440000000000212e-05
6.984500000000000000e+03 7.269220000000000174e-05
6.994500000000000000e+03 7.439300000000000415e-05
7.004500000000000000e+03 7.555239999999999851e-05
7.014500000000000000e+03 7.741009999999999937e-05
7.024500000000000000e+03 7.879079999999999786e-05
7.034500000000000000e+03 7.889760000000000165e-05
7.044500000000000000e+03 7.284269999999999970e-05
7.054500000000000000e+03 6.132140000000000550e-05
7.064500000000000000e+03 5.738900000000000229e-05
7.074500000000000000e+03 5.974040000000000150e-05
7.084500000000000000e+03 6.145230000000000115e-05
7.094500000000000000e+03 5.951140000000000081e-05
7.104500000000000000e+03 5.006770000000000176e-05
7.114500000000000000e+03 4.818109999999999852e-05
7.124500000000000000e+03 5.297510000000000039e-05
7.134500000000000000e+03 5.528029999999999994e-05
7.144500000000000000e+03 5.007599999999999964e-05
7.154500000000000000e+03 2.659029999999999849e-05
7.164500000000000000e+03 4.153380000000000204e-06
