3.435500000000000000e+03 0.000000000000000000e+00
3.443500000000000000e+03 5.877000000000000017e-07
3.451500000000000000e+03 3.186170000000000108e-06
3.459500000000000000e+03 6.588980000000000229e-06
3.467500000000000000e+03 1.007250000000000055e-05
3.475500000000000000e+03 1.388309999999999927e-05
3.483500000000000000e+03 1.517940000000000073e-05
3.491500000000000000e+03 1.448349999999999948e-05
3.499500000000000000e+03 1.394700000000000047e-05
3.507500000000000000e+03 1.352890000000000018e-05
3.515500000000000000e+03 1.333970000000000037e-05
3.523500000000000000e+03 1.335409999999999976e-05
3.531500000000000000e+03 1.360080000000000029e-05
3.539500000000000000e+03 1.830130000000000043e-05
3.547500000000000000e+03 2.824269999999999981e-05
3.555500000000000000e+03 3.345360000000000103e-05
3.563500000000000000e+03 3.415900000000000278e-05
3.571500000000000000e+03 3.462780000000000073e-05
3.579500000000000000e+03 3.494139999999999719e-05
3.587500000000000000e+03 3.515489999999999777e-05
3.595500000000000000e+03 3.549869999999999946e-05
3.603500000000000000e+03 3.589150000000000017e-05
3.611500000000000000e+03 3.602339999999999801e-05
3.619500000000000000e+03 3.616100000000000157e-05
3.627500000000000000e+03 3.638239999999999915e-05
3.635500000000000000e+03 3.628500000000000242e-05
3.643500000000000000e+03 3.597959999999999684e-05
3.651500000000000000e+03 3.605330000000000259e-05
3.659500000000000000e+03 3.639890000000000145e-05
3.667500000000000000e+03 3.653639999999999801e-05
3.675500000000000000e+03 3.652959999999999665e-05
3.683500000000000000e+03 3.646070000000000143e-05
3.691500000000000000e+03 3.638120000000000329e-05
3.699500000000000000e+03 3.629420000000000226e-05
3.707500000000000000e+03 3.618330000000000304e-05
3.715500000000000000e+03 3.612100000000000196e-05
3.723500000000000000e+03 3.619760000000000051e-05
3.731500000000000000e+03 3.669260000000000170e-05
3.739500000000000000e+03 3.762280000000000171e-05
3.747500000000000000e+03 3.877739999999999909e-05
3.755500000000000000e+03 3.986900000000000063e-05
3.763500000000000000e+03 4.060019999999999797e-05
3.771500000000000000e+03 4.113720000000000316e-05
3.779500000000000000e+03 4.160040000000000238e-05
3.787500000000000000e+03 4.219549999999999945e-05
3.795500000000000000e+03 4.275260000000000128e-05
3.803500000000000000e+03 4.294440000000000171e-05
3.811500000000000000e+03 4.294949999999999934e-05
3.819500000000000000e+03 4.292469999999999917e-05
3.827500000000000000e+03 4.310530000000000215e-05
3.835500000000000000e+03 4.363169999999999766e-05
3.843500000000000000e+03 4.468670000000000026e-05
3.851500000000000000e+03 4.602019999999999689e-05
3.859500000000000000e+03 4.740420000000000262e-05
3.867500000000000000e+03 4.894769999999999894e-05
3.875500000000000000e+03 5.066519999999999731e-05
3.883500000000000000e+03 5.210450000000000232e-05
3.891500000000000000e+03 5.316070000000000078e-05
3.899500000000000000e+03 5.389489999999999792e-05
3.907500000000000000e+03 5.433790000000000028e-05
3.915500000000000000e+03 5.481130000000000155e-05
3.923500000000000000e+03 5.597189999999999853e-05
3.931500000000000000e+03 5.766380000000000176e-05
3.939500000000000000e+03 5.966030000000000205e-05
3.947500000000000000e+03 6.182939999999999454e-05
3.955500000000000000e+03 6.387960000000000415e-05
3.963500000000000000e+03 6.594900000000000165e-05
3.971500000000000000e+03 6.819110000000000514e-05
3.979500000000000000e+03 7.074990000000000510e-05
3.987500000000000000e+03 7.348329999999999489e-05
3.995500000000000000e+03 7.632910000000000075e-05
4.003500000000000000e+03 7.919569999999999800e-05
4.011500000000000000e+03 8.227570000000000239e-05
4.019500000000000000e+03 8.622519999999999566e-05
4.027500000000000000e+03 9.076259999999999732e-05
4.035500000000000000e+03 9.508620000000000451e-05
4.043500000000000000e+03 9.972410000000000291e-05
4.051500000000000000e+03 1.048580000000000047e-04
4.059500000000000000e+03 1.104219999999999941e-04
4.067500000000000000e+03 1.162600000000000016e-04
4.075500000000000000e+03 1.226009999999999871e-04
4.083500000000000000e+03 1.296220000000000000e-04
4.091500000000000000e+03 1.380139999999999969e-04
4.099500000000000000e+03 1.476009999999999985e-04
4.107500000000000000e+03 1.585339999999999970e-04
4.115500000000000000e+03 1.703479999999999892e-04
4.123500000000000000e+03 1.802750000000000045e-04
4.131500000000000000e+03 1.860879999999999978e-04
4.139500000000000000e+03 1.961239999999999945e-04
4.147500000000000000e+03 2.130369999999999866e-04
4.155500000000000000e+03 2.363880000000000007e-04
4.163500000000000000e+03 2.669370000000000228e-04
4.171500000000000000e+03 3.068869999999999910e-04
4.179500000000000000e+03 3.500830000000000023e-04
4.187500000000000000e+03 3.957899999999999765e-04
4.195500000000000000e+03 4.449869999999999867e-04
4.203500000000000000e+03 5.015809999999999670e-04
4.211500000000000000e+03 5.660110000000000531e-04
4.219500000000000000e+03 6.433629999999999861e-04
4.227500000000000000e+03 7.340310000000000064e-04
4.235500000000000000e+03 8.431619999999999480e-04
4.243500000000000000e+03 1.030950000000000095e-03
4.251500000000000000e+03 1.350869999999999892e-03
4.259500000000000000e+03 1.804830000000000106e-03
4.267500000000000000e+03 2.430439999999999857e-03
4.275500000000000000e+03 3.381579999999999916e-03
4.283500000000000000e+03 4.571600000000000316e-03
4.291500000000000000e+03 6.109960000000000217e-03
4.299500000000000000e+03 8.052409999999999429e-03
4.307500000000000000e+03 1.055619999999999996e-02
4.315500000000000000e+03 1.345829999999999943e-02
4.323500000000000000e+03 1.697540000000000160e-02
4.331500000000000000e+03 2.096850000000000103e-02
4.339500000000000000e+03 2.559439999999999979e-02
4.347500000000000000e+03 3.072570000000000162e-02
4.355500000000000000e+03 3.649990000000000179e-02
4.363500000000000000e+03 4.274769999999999959e-02
4.371500000000000000e+03 4.955799999999999789e-02
4.379500000000000000e+03 5.678899999999999920e-02
4.387500000000000000e+03 6.440029999999999366e-02
4.395500000000000000e+03 7.233610000000000040e-02
4.403500000000000000e+03 8.054840000000000610e-02
4.411500000000000000e+03 8.898069999999999591e-02
4.419500000000000000e+03 9.750000000000000333e-02
4.427500000000000000e+03 1.062000000000000027e-01
4.435500000000000000e+03 1.150209999999999982e-01
4.443500000000000000e+03 1.240910000000000069e-01
4.451500000000000000e+03 1.332990000000000008e-01
4.459500000000000000e+03 1.428000000000000103e-01
4.467500000000000000e+03 1.523960000000000037e-01
4.475500000000000000e+03 1.623680000000000123e-01
4.483500000000000000e+03 1.721669999999999867e-01
4.491500000000000000e+03 1.822290000000000021e-01
4.499500000000000000e+03 1.917550000000000088e-01
4.507500000000000000e+03 2.009900000000000020e-01
4.515500000000000000e+03 2.096939999999999915e-01
4.523500000000000000e+03 2.182350000000000123e-01
4.531500000000000000e+03 2.259619999999999962e-01
4.539500000000000000e+03 2.337029999999999941e-01
4.547500000000000000e+03 2.410950000000000037e-01
4.555500000000000000e+03 2.477380000000000138e-01
4.563500000000000000e+03 2.537869999999999848e-01
4.571500000000000000e+03 2.589980000000000060e-01
4.579500000000000000e+03 2.633030000000000093e-01
4.587500000000000000e+03 2.669719999999999871e-01
4.595500000000000000e+03 2.706859999999999822e-01
4.603500000000000000e+03 2.743709999999999760e-01
4.611500000000000000e+03 2.784530000000000061e-01
4.619500000000000000e+03 2.824200000000000044e-01
4.627500000000000000e+03 2.868269999999999986e-01
4.635500000000000000e+03 2.907799999999999829e-01
4.643500000000000000e+03 2.942940000000000000e-01
4.651500000000000000e+03 2.969229999999999925e-01
4.659500000000000000e+03 2.983930000000000193e-01
4.667500000000000000e+03 2.993330000000000157e-01
4.675500000000000000e+03 2.996800000000000019e-01
4.683500000000000000e+03 3.003509999999999791e-01
4.691500000000000000e+03 3.016130000000000200e-01
4.699500000000000000e+03 3.055280000000000218e-01
4.707500000000000000e+03 3.126650000000000262e-01
4.715500000000000000e+03 3.269039999999999724e-01
4.723500000000000000e+03 3.494180000000000064e-01
4.731500000000000000e+03 3.846019999999999994e-01
4.739500000000000000e+03 4.324040000000000106e-01
4.747500000000000000e+03 4.906809999999999783e-01
4.755500000000000000e+03 5.595160000000000133e-01
4.763500000000000000e+03 6.277439999999999687e-01
4.771500000000000000e+03 6.950260000000000327e-01
4.779500000000000000e+03 7.561670000000000336e-01
4.787500000000000000e+03 8.096860000000000168e-01
4.795500000000000000e+03 8.547120000000000273e-01
4.803500000000000000e+03 8.895290000000000141e-01
4.811500000000000000e+03 9.198229999999999462e-01
4.819500000000000000e+03 9.449419999999999487e-01
4.827500000000000000e+03 9.648809999999999887e-01
4.835500000000000000e+03 9.782459999999999489e-01
4.843500000000000000e+03 9.882560000000000233e-01
4.851500000000000000e+03 9.941569999999999574e-01
4.859500000000000000e+03 9.980890000000000040e-01
4.867500000000000000e+03 1.000000000000000000e+00
4.875500000000000000e+03 9.995100000000000096e-01
4.883500000000000000e+03 9.983030000000000515e-01
4.891500000000000000e+03 9.979550000000000365e-01
4.899500000000000000e+03 9.965749999999999886e-01
4.907500000000000000e+03 9.939909999999999579e-01
4.915500000000000000e+03 9.873309999999999587e-01
4.923500000000000000e+03 9.746179999999999843e-01
4.931500000000000000e+03 9.519889999999999741e-01
4.939500000000000000e+03 9.166459999999999608e-01
4.947500000000000000e+03 8.669019999999999504e-01
4.955500000000000000e+03 8.044670000000000432e-01
4.963500000000000000e+03 7.309879999999999711e-01
4.971500000000000000e+03 6.508869999999999933e-01
4.979500000000000000e+03 5.723390000000000422e-01
4.987500000000000000e+03 4.995640000000000081e-01
4.995500000000000000e+03 4.357869999999999799e-01
5.003500000000000000e+03 3.804020000000000179e-01
5.011500000000000000e+03 3.319070000000000076e-01
5.019500000000000000e+03 2.947910000000000252e-01
5.027500000000000000e+03 2.666620000000000101e-01
5.035500000000000000e+03 2.467429999999999901e-01
5.043500000000000000e+03 2.334569999999999979e-01
5.051500000000000000e+03 2.238469999999999904e-01
5.059500000000000000e+03 2.170920000000000072e-01
5.067500000000000000e+03 2.118810000000000138e-01
5.075500000000000000e+03 2.069320000000000048e-01
5.083500000000000000e+03 2.024690000000000101e-01
5.091500000000000000e+03 1.993350000000000122e-01
5.099500000000000000e+03 1.966549999999999965e-01
5.107500000000000000e+03 1.947750000000000037e-01
5.115500000000000000e+03 1.943269999999999997e-01
5.123500000000000000e+03 1.940099999999999880e-01
5.131500000000000000e+03 1.922409999999999952e-01
5.139500000000000000e+03 1.896130000000000038e-01
5.147500000000000000e+03 1.868160000000000098e-01
5.155500000000000000e+03 1.845839999999999981e-01
5.163500000000000000e+03 1.819409999999999916e-01
5.171500000000000000e+03 1.789979999999999905e-01
5.179500000000000000e+03 1.756070000000000131e-01
5.187500000000000000e+03 1.717970000000000053e-01
5.195500000000000000e+03 1.678520000000000012e-01
5.203500000000000000e+03 1.639569999999999916e-01
5.211500000000000000e+03 1.606410000000000060e-01
5.219500000000000000e+03 1.574240000000000084e-01
5.227500000000000000e+03 1.547189999999999954e-01
5.235500000000000000e+03 1.522199999999999942e-01
5.243500000000000000e+03 1.496889999999999887e-01
5.251500000000000000e+03 1.466729999999999978e-01
5.259500000000000000e+03 1.434989999999999877e-01
5.267500000000000000e+03 1.400939999999999963e-01
5.275500000000000000e+03 1.364390000000000047e-01
5.283500000000000000e+03 1.319390000000000007e-01
5.291500000000000000e+03 1.265580000000000038e-01
5.299500000000000000e+03 1.203319999999999945e-01
5.307500000000000000e+03 1.136270000000000058e-01
5.315500000000000000e+03 1.066529999999999978e-01
5.323500000000000000e+03 9.949439999999999673e-02
5.331500000000000000e+03 9.224709999999999854e-02
5.339500000000000000e+03 8.490309999999999524e-02
5.347500000000000000e+03 7.773430000000000617e-02
5.355500000000000000e+03 7.050259999999999860e-02
5.363500000000000000e+03 6.363989999999999925e-02
5.371500000000000000e+03 5.691840000000000094e-02
5.379500000000000000e+03 5.073760000000000076e-02
5.387500000000000000e+03 4.480549999999999811e-02
5.395500000000000000e+03 3.946600000000000108e-02
5.403500000000000000e+03 3.449730000000000157e-02
5.411500000000000000e+03 3.011669999999999972e-02
5.419500000000000000e+03 2.620760000000000103e-02
5.427500000000000000e+03 2.281940000000000010e-02
5.435500000000000000e+03 1.987620000000000012e-02
5.443500000000000000e+03 1.734130000000000046e-02
5.451500000000000000e+03 1.520679999999999948e-02
5.459500000000000000e+03 1.337739999999999936e-02
5.467500000000000000e+03 1.186060000000000066e-02
5.475500000000000000e+03 1.050940000000000034e-02
5.483500000000000000e+03 9.324020000000000571e-03
5.491500000000000000e+03 8.243610000000000174e-03
5.499500000000000000e+03 7.275769999999999980e-03
5.507500000000000000e+03 6.378769999999999753e-03
5.515500000000000000e+03 5.551819999999999845e-03
5.523500000000000000e+03 4.791100000000000393e-03
5.531500000000000000e+03 4.090650000000000362e-03
5.539500000000000000e+03 3.458310000000000030e-03
5.547500000000000000e+03 2.837849999999999834e-03
5.555500000000000000e+03 1.962189999999999941e-03
5.563500000000000000e+03 1.037139999999999980e-03
5.571500000000000000e+03 4.986009999999999921e-04
5.579500000000000000e+03 3.938020000000000084e-04
5.587500000000000000e+03 3.464939999999999795e-04
5.595500000000000000e+03 3.103229999999999899e-04
5.603500000000000000e+03 2.704800000000000260e-04
5.611500000000000000e+03 2.280620000000000130e-04
5.619500000000000000e+03 2.068639999999999899e-04
5.627500000000000000e+03 2.010450000000000106e-04
5.635500000000000000e+03 1.936189999999999905e-04
5.643500000000000000e+03 1.857899999999999949e-04
5.651500000000000000e+03 1.772809999999999989e-04
5.659500000000000000e+03 1.582069999999999982e-04
5.667500000000000000e+03 1.288360000000000113e-04
5.675500000000000000e+03 1.038550000000000009e-04
5.683500000000000000e+03 8.264929999999999488e-05
5.691500000000000000e+03 6.275850000000000569e-05
5.699500000000000000e+03 2.981590000000000027e-05
5.707500000000000000e+03 2.754730000000000051e-06
