1.593500000000000000e+03 0.000000000000000000e+00
1.597500000000000000e+03 1.498690000000000088e-06
1.601500000000000000e+03 5.681889999999999906e-06
1.605500000000000000e+03 1.020739999999999988e-05
1.609500000000000000e+03 1.218310000000000030e-05
1.613500000000000000e+03 1.251080000000000056e-05
1.617500000000000000e+03 1.293529999999999963e-05
1.621500000000000000e+03 1.346229999999999984e-05
1.625500000000000000e+03 1.400469999999999993e-05
1.629500000000000000e+03 1.455410000000000013e-05
1.633500000000000000e+03 1.508479999999999997e-05
1.637500000000000000e+03 1.559009999999999834e-05
1.641500000000000000e+03 1.596319999999999990e-05
1.645500000000000000e+03 1.614809999999999876e-05
1.649500000000000000e+03 1.617429999999999861e-05
1.653500000000000000e+03 1.603950000000000118e-05
1.657500000000000000e+03 1.578630000000000164e-05
1.661500000000000000e+03 1.547700000000000106e-05
1.665500000000000000e+03 1.513040000000000001e-05
1.669500000000000000e+03 1.481170000000000084e-05
1.673500000000000000e+03 1.453989999999999948e-05
1.677500000000000000e+03 1.444869999999999941e-05
1.681500000000000000e+03 1.456060000000000083e-05
1.685500000000000000e+03 1.486049999999999943e-05
1.689500000000000000e+03 1.535150000000000032e-05
1.693500000000000000e+03 1.593750000000000114e-05
1.697500000000000000e+03 1.656440000000000017e-05
1.701500000000000000e+03 1.713089999999999890e-05
1.705500000000000000e+03 1.750049999999999956e-05
1.709500000000000000e+03 1.764589999999999990e-05
1.713500000000000000e+03 1.748969999999999960e-05
1.717500000000000000e+03 1.702009999999999989e-05
1.721500000000000000e+03 1.623179999999999933e-05
1.725500000000000000e+03 1.513479999999999950e-05
1.729500000000000000e+03 1.388549999999999945e-05
1.733500000000000000e+03 1.252579999999999957e-05
1.737500000000000000e+03 1.118529999999999945e-05
1.741500000000000000e+03 9.920180000000000623e-06
1.745500000000000000e+03 8.813279999999999414e-06
1.749500000000000000e+03 7.923510000000000308e-06
1.753500000000000000e+03 7.283949999999999946e-06
1.757500000000000000e+03 6.909240000000000107e-06
1.761500000000000000e+03 6.799870000000000339e-06
1.765500000000000000e+03 6.925399999999999796e-06
1.769500000000000000e+03 7.270330000000000066e-06
1.773500000000000000e+03 7.761160000000000075e-06
1.777500000000000000e+03 8.376809999999999847e-06
1.781500000000000000e+03 9.016520000000000537e-06
1.785500000000000000e+03 9.645680000000000118e-06
1.789500000000000000e+03 1.019399999999999930e-05
1.793500000000000000e+03 1.063299999999999967e-05
1.797500000000000000e+03 1.088430000000000013e-05
1.801500000000000000e+03 1.088849999999999917e-05
1.805500000000000000e+03 1.062710000000000029e-05
1.809500000000000000e+03 1.012180000000000023e-05
1.813500000000000000e+03 9.395829999999999452e-06
1.817500000000000000e+03 8.615769999999999334e-06
1.821500000000000000e+03 7.807039999999999371e-06
1.825500000000000000e+03 7.031589999999999875e-06
1.829500000000000000e+03 6.301990000000000119e-06
1.833500000000000000e+03 5.651979999999999713e-06
1.837500000000000000e+03 5.083139999999999921e-06
1.841500000000000000e+03 4.638269999999999724e-06
1.845500000000000000e+03 4.318740000000000091e-06
1.849500000000000000e+03 4.104780000000000364e-06
1.853500000000000000e+03 3.914290000000000092e-06
1.857500000000000000e+03 3.748899999999999801e-06
1.861500000000000000e+03 3.607689999999999928e-06
1.865500000000000000e+03 3.490809999999999956e-06
1.869500000000000000e+03 3.396219999999999901e-06
1.873500000000000000e+03 3.320510000000000079e-06
1.877500000000000000e+03 3.238400000000000199e-06
1.881500000000000000e+03 3.141789999999999865e-06
1.885500000000000000e+03 3.048259999999999848e-06
1.889500000000000000e+03 2.967210000000000005e-06
1.893500000000000000e+03 2.887499999999999883e-06
1.897500000000000000e+03 2.793440000000000058e-06
1.901500000000000000e+03 2.692010000000000082e-06
1.905500000000000000e+03 2.603220000000000040e-06
1.909500000000000000e+03 2.523849999999999985e-06
1.913500000000000000e+03 2.431770000000000182e-06
1.917500000000000000e+03 2.327119999999999837e-06
1.921500000000000000e+03 2.238299999999999813e-06
1.925500000000000000e+03 2.170959999999999794e-06
1.929500000000000000e+03 2.132400000000000116e-06
1.933500000000000000e+03 2.117640000000000108e-06
1.937500000000000000e+03 2.120420000000000190e-06
1.941500000000000000e+03 2.126570000000000122e-06
1.945500000000000000e+03 2.132269999999999915e-06
1.949500000000000000e+03 2.130779999999999867e-06
1.953500000000000000e+03 2.112079999999999944e-06
1.957500000000000000e+03 2.056480000000000002e-06
1.961500000000000000e+03 1.971130000000000049e-06
1.965500000000000000e+03 1.913200000000000165e-06
1.969500000000000000e+03 1.891070000000000005e-06
1.973500000000000000e+03 1.886909999999999947e-06
1.977500000000000000e+03 1.889070000000000067e-06
1.981500000000000000e+03 1.894189999999999943e-06
1.985500000000000000e+03 1.898760000000000096e-06
1.989500000000000000e+03 1.900649999999999963e-06
1.993500000000000000e+03 1.898929999999999918e-06
1.997500000000000000e+03 1.886670000000000098e-06
2.001500000000000000e+03 1.855839999999999921e-06
2.005500000000000000e+03 1.811480000000000019e-06
2.009500000000000000e+03 1.782630000000000075e-06
2.013500000000000000e+03 1.772190000000000095e-06
2.017500000000000000e+03 1.770180000000000092e-06
2.021500000000000000e+03 1.771739999999999955e-06
2.025500000000000000e+03 1.774899999999999939e-06
2.029500000000000000e+03 1.778059999999999922e-06
2.033500000000000000e+03 1.775819999999999923e-06
2.037500000000000000e+03 1.766810000000000030e-06
2.041500000000000000e+03 1.732959999999999922e-06
2.045500000000000000e+03 1.662610000000000036e-06
2.049500000000000000e+03 1.567970000000000083e-06
2.053500000000000000e+03 1.502250000000000101e-06
2.057500000000000000e+03 1.468020000000000092e-06
2.061500000000000000e+03 1.433580000000000003e-06
2.065500000000000000e+03 1.394469999999999966e-06
2.069500000000000000e+03 1.387440000000000094e-06
2.073500000000000000e+03 1.414680000000000065e-06
2.077500000000000000e+03 1.448350000000000075e-06
2.081500000000000000e+03 1.465729999999999983e-06
2.085500000000000000e+03 1.456239999999999969e-06
2.089500000000000000e+03 1.429540000000000081e-06
2.093500000000000000e+03 1.401419999999999959e-06
2.097500000000000000e+03 1.408599999999999947e-06
2.101500000000000000e+03 1.450120000000000018e-06
2.105500000000000000e+03 1.490629999999999948e-06
2.109500000000000000e+03 1.528990000000000035e-06
2.113500000000000000e+03 1.601200000000000018e-06
2.117500000000000000e+03 1.708740000000000093e-06
2.121500000000000000e+03 1.818279999999999894e-06
2.125500000000000000e+03 1.911620000000000173e-06
2.129500000000000000e+03 1.971089999999999792e-06
2.133500000000000000e+03 2.007979999999999958e-06
2.137500000000000000e+03 2.019559999999999854e-06
2.141500000000000000e+03 2.026380000000000070e-06
2.145500000000000000e+03 2.029480000000000091e-06
2.149500000000000000e+03 2.032070000000000011e-06
2.153500000000000000e+03 2.034639999999999801e-06
2.157500000000000000e+03 2.037210000000000016e-06
2.161500000000000000e+03 2.039790000000000082e-06
2.165500000000000000e+03 2.042370000000000149e-06
2.169500000000000000e+03 2.044949999999999793e-06
2.173500000000000000e+03 2.047510000000000154e-06
2.177500000000000000e+03 2.050040000000000111e-06
2.181500000000000000e+03 2.057579999999999873e-06
2.185500000000000000e+03 2.071499999999999987e-06
2.189500000000000000e+03 2.111679999999999914e-06
2.193500000000000000e+03 2.192310000000000022e-06
2.197500000000000000e+03 2.310549999999999841e-06
2.201500000000000000e+03 2.425849999999999822e-06
2.205500000000000000e+03 2.532669999999999927e-06
2.209500000000000000e+03 2.650490000000000012e-06
2.213500000000000000e+03 2.781469999999999985e-06
2.217500000000000000e+03 1.289850000000000026e-05
2.221500000000000000e+03 5.965589999999999917e-05
2.225500000000000000e+03 8.925419999999999665e-05
2.229500000000000000e+03 1.093190000000000015e-04
2.233500000000000000e+03 1.659730000000000049e-04
2.237500000000000000e+03 2.425609999999999973e-04
2.241500000000000000e+03 3.361220000000000050e-04
2.245500000000000000e+03 4.345509999999999803e-04
2.249500000000000000e+03 5.228950000000000004e-04
2.253500000000000000e+03 6.270320000000000234e-04
2.257500000000000000e+03 7.462340000000000249e-04
2.261500000000000000e+03 8.805570000000000194e-04
2.265500000000000000e+03 1.033049999999999984e-03
2.269500000000000000e+03 1.207619999999999961e-03
2.273500000000000000e+03 1.404939999999999922e-03
2.277500000000000000e+03 1.629969999999999900e-03
2.281500000000000000e+03 1.878810000000000072e-03
2.285500000000000000e+03 2.154049999999999802e-03
2.289500000000000000e+03 2.459509999999999821e-03
2.293500000000000000e+03 2.788399999999999906e-03
2.297500000000000000e+03 3.140169999999999854e-03
2.301500000000000000e+03 3.505439999999999858e-03
2.305500000000000000e+03 3.881560000000000045e-03
2.309500000000000000e+03 4.268209999999999713e-03
2.313500000000000000e+03 4.657599999999999588e-03
2.317500000000000000e+03 5.042460000000000345e-03
2.321500000000000000e+03 5.423709999999999989e-03
2.325500000000000000e+03 5.804300000000000084e-03
2.329500000000000000e+03 6.190560000000000333e-03
2.333500000000000000e+03 6.574309999999999876e-03
2.337500000000000000e+03 6.960929999999999722e-03
2.341500000000000000e+03 7.356930000000000240e-03
2.345500000000000000e+03 7.773429999999999576e-03
2.349500000000000000e+03 8.257240000000000760e-03
2.353500000000000000e+03 8.788290000000000685e-03
2.357500000000000000e+03 9.350920000000000412e-03
2.361500000000000000e+03 9.950209999999999264e-03
2.365500000000000000e+03 1.065259999999999992e-02
2.369500000000000000e+03 1.146480000000000068e-02
2.373500000000000000e+03 1.235559999999999957e-02
2.377500000000000000e+03 1.331309999999999959e-02
2.381500000000000000e+03 1.433120000000000054e-02
2.385500000000000000e+03 1.544459999999999930e-02
2.389500000000000000e+03 1.664519999999999889e-02
2.393500000000000000e+03 1.791289999999999896e-02
2.397500000000000000e+03 1.923520000000000091e-02
2.401500000000000000e+03 2.060460000000000069e-02
2.405500000000000000e+03 2.199730000000000088e-02
2.409500000000000000e+03 2.346099999999999922e-02
2.413500000000000000e+03 2.505769999999999872e-02
2.417500000000000000e+03 2.668859999999999982e-02
2.421500000000000000e+03 2.828960000000000155e-02
2.425500000000000000e+03 2.996729999999999880e-02
2.429500000000000000e+03 3.180410000000000181e-02
2.433500000000000000e+03 3.371539999999999954e-02
2.437500000000000000e+03 3.567719999999999919e-02
2.441500000000000000e+03 3.771959999999999896e-02
2.445500000000000000e+03 3.986719999999999847e-02
2.449500000000000000e+03 4.208800000000000041e-02
2.453500000000000000e+03 4.435410000000000047e-02
2.457500000000000000e+03 4.663860000000000228e-02
2.461500000000000000e+03 4.892559999999999965e-02
2.465500000000000000e+03 5.120929999999999926e-02
2.469500000000000000e+03 5.351770000000000138e-02
2.473500000000000000e+03 5.584179999999999700e-02
2.477500000000000000e+03 5.813929999999999793e-02
2.481500000000000000e+03 6.036029999999999868e-02
2.485500000000000000e+03 6.250239999999999962e-02
2.489500000000000000e+03 6.453530000000000377e-02
2.493500000000000000e+03 6.648769999999999680e-02
2.497500000000000000e+03 6.831199999999999772e-02
2.501500000000000000e+03 7.005540000000000378e-02
2.505500000000000000e+03 7.164990000000000248e-02
2.509500000000000000e+03 7.312649999999999706e-02
2.513500000000000000e+03 7.441739999999999466e-02
2.517500000000000000e+03 7.559829999999999328e-02
2.521500000000000000e+03 7.663949999999999929e-02
2.525500000000000000e+03 7.758950000000000569e-02
2.529500000000000000e+03 7.844420000000000559e-02
2.533500000000000000e+03 7.923479999999999412e-02
2.537500000000000000e+03 7.996789999999999454e-02
2.541500000000000000e+03 8.065949999999999509e-02
2.545500000000000000e+03 8.130690000000000139e-02
2.549500000000000000e+03 8.190340000000000120e-02
2.553500000000000000e+03 8.251630000000000076e-02
2.557500000000000000e+03 8.316659999999999331e-02
2.561500000000000000e+03 8.377579999999999749e-02
2.565500000000000000e+03 8.438199999999999867e-02
2.569500000000000000e+03 8.495750000000000524e-02
2.573500000000000000e+03 8.555279999999999829e-02
2.577500000000000000e+03 8.611119999999999886e-02
2.581500000000000000e+03 8.662590000000000567e-02
2.585500000000000000e+03 8.706400000000000250e-02
2.589500000000000000e+03 8.746389999999999720e-02
2.593500000000000000e+03 8.781369999999999454e-02
2.597500000000000000e+03 8.815939999999999888e-02
2.601500000000000000e+03 8.858149999999999358e-02
2.605500000000000000e+03 8.910609999999999364e-02
2.609500000000000000e+03 8.974970000000000170e-02
2.613500000000000000e+03 9.045269999999999699e-02
2.617500000000000000e+03 9.137409999999999977e-02
2.621500000000000000e+03 9.257210000000000438e-02
2.625500000000000000e+03 9.421799999999999620e-02
2.629500000000000000e+03 9.635860000000000258e-02
2.633500000000000000e+03 9.966289999999999871e-02
2.637500000000000000e+03 1.042440000000000033e-01
2.641500000000000000e+03 1.117760000000000004e-01
2.645500000000000000e+03 1.222229999999999983e-01
2.649500000000000000e+03 1.400820000000000121e-01
2.653500000000000000e+03 1.646430000000000116e-01
2.657500000000000000e+03 2.007980000000000043e-01
2.661500000000000000e+03 2.487570000000000059e-01
2.665500000000000000e+03 3.070669999999999789e-01
2.669500000000000000e+03 3.761729999999999796e-01
2.673500000000000000e+03 4.507669999999999733e-01
2.677500000000000000e+03 5.264839999999999520e-01
2.681500000000000000e+03 6.009370000000000545e-01
2.685500000000000000e+03 6.709070000000000311e-01
2.689500000000000000e+03 7.355540000000000411e-01
2.693500000000000000e+03 7.927779999999999827e-01
2.697500000000000000e+03 8.433129999999999793e-01
2.701500000000000000e+03 8.840810000000000057e-01
2.705500000000000000e+03 9.158290000000000042e-01
2.709500000000000000e+03 9.396430000000000060e-01
2.713500000000000000e+03 9.559699999999999864e-01
2.717500000000000000e+03 9.676489999999999814e-01
2.721500000000000000e+03 9.756719999999999837e-01
2.725500000000000000e+03 9.824330000000000007e-01
2.729500000000000000e+03 9.876759999999999984e-01
2.733500000000000000e+03 9.919550000000000312e-01
2.737500000000000000e+03 9.956030000000000157e-01
2.741500000000000000e+03 9.982010000000000050e-01
2.745500000000000000e+03 9.996859999999999635e-01
2.749500000000000000e+03 1.000000000000000000e+00
2.753500000000000000e+03 9.999529999999999808e-01
2.757500000000000000e+03 9.991759999999999531e-01
2.761500000000000000e+03 9.977740000000000498e-01
2.765500000000000000e+03 9.951539999999999830e-01
2.769500000000000000e+03 9.906000000000000361e-01
2.773500000000000000e+03 9.805690000000000239e-01
2.777500000000000000e+03 9.641490000000000338e-01
2.781500000000000000e+03 9.406299999999999661e-01
2.785500000000000000e+03 9.076760000000000383e-01
2.789500000000000000e+03 8.659740000000000215e-01
2.793500000000000000e+03 8.139509999999999801e-01
2.797500000000000000e+03 7.529810000000000114e-01
2.801500000000000000e+03 6.856039999999999912e-01
2.805500000000000000e+03 6.125749999999999806e-01
2.809500000000000000e+03 5.407220000000000359e-01
2.813500000000000000e+03 4.687850000000000072e-01
2.817500000000000000e+03 4.022319999999999784e-01
2.821500000000000000e+03 3.414019999999999833e-01
2.825500000000000000e+03 2.873769999999999936e-01
2.829500000000000000e+03 2.424699999999999911e-01
2.833500000000000000e+03 2.049060000000000048e-01
2.837500000000000000e+03 1.761310000000000098e-01
2.841500000000000000e+03 1.544099999999999917e-01
2.845500000000000000e+03 1.384650000000000047e-01
2.849500000000000000e+03 1.279770000000000074e-01
2.853500000000000000e+03 1.203150000000000053e-01
2.857500000000000000e+03 1.155950000000000033e-01
2.861500000000000000e+03 1.121879999999999961e-01
2.865500000000000000e+03 1.095900000000000069e-01
2.869500000000000000e+03 1.078699999999999937e-01
2.873500000000000000e+03 1.067310000000000064e-01
2.877500000000000000e+03 1.058100000000000013e-01
2.881500000000000000e+03 1.051470000000000043e-01
2.885500000000000000e+03 1.048619999999999969e-01
2.889500000000000000e+03 1.046519999999999950e-01
2.893500000000000000e+03 1.044599999999999973e-01
2.897500000000000000e+03 1.043290000000000051e-01
2.901500000000000000e+03 1.041860000000000008e-01
2.905500000000000000e+03 1.040269999999999945e-01
2.909500000000000000e+03 1.038609999999999950e-01
2.913500000000000000e+03 1.036979999999999985e-01
2.917500000000000000e+03 1.035189999999999999e-01
2.921500000000000000e+03 1.031939999999999941e-01
2.925500000000000000e+03 1.028140000000000026e-01
2.929500000000000000e+03 1.021750000000000019e-01
2.933500000000000000e+03 1.013929999999999970e-01
2.937500000000000000e+03 1.003470000000000056e-01
2.941500000000000000e+03 9.915129999999999777e-02
2.945500000000000000e+03 9.771190000000000431e-02
2.949500000000000000e+03 9.608510000000000661e-02
2.953500000000000000e+03 9.424470000000000069e-02
2.957500000000000000e+03 9.214120000000000643e-02
2.961500000000000000e+03 8.987190000000000456e-02
2.965500000000000000e+03 8.736739999999999784e-02
2.969500000000000000e+03 8.463690000000000102e-02
2.973500000000000000e+03 8.168590000000000573e-02
2.977500000000000000e+03 7.838939999999999797e-02
2.981500000000000000e+03 7.488580000000000236e-02
2.985500000000000000e+03 7.098949999999999705e-02
2.989500000000000000e+03 6.695769999999999500e-02
2.993500000000000000e+03 6.260870000000000324e-02
2.997500000000000000e+03 5.817030000000000117e-02
3.001500000000000000e+03 5.360050000000000231e-02
3.005500000000000000e+03 4.905849999999999794e-02
3.009500000000000000e+03 4.454629999999999701e-02
3.013500000000000000e+03 4.016190000000000038e-02
3.017500000000000000e+03 3.594119999999999954e-02
3.021500000000000000e+03 3.190640000000000143e-02
3.025500000000000000e+03 2.812730000000000091e-02
3.029500000000000000e+03 2.464600000000000124e-02
3.033500000000000000e+03 2.144619999999999860e-02
3.037500000000000000e+03 1.860490000000000060e-02
3.041500000000000000e+03 1.603629999999999986e-02
3.045500000000000000e+03 1.380370000000000034e-02
3.049500000000000000e+03 1.180469999999999957e-02
3.053500000000000000e+03 1.010089999999999946e-02
3.057500000000000000e+03 8.592360000000000275e-03
3.061500000000000000e+03 7.315969999999999765e-03
3.065500000000000000e+03 6.225269999999999762e-03
3.069500000000000000e+03 5.285820000000000102e-03
3.073500000000000000e+03 4.509179999999999786e-03
3.077500000000000000e+03 3.836099999999999840e-03
3.081500000000000000e+03 3.287410000000000158e-03
3.085500000000000000e+03 2.808800000000000185e-03
3.089500000000000000e+03 2.424949999999999935e-03
3.093500000000000000e+03 2.086619999999999968e-03
3.097500000000000000e+03 1.814220000000000069e-03
3.101500000000000000e+03 1.577430000000000108e-03
3.105500000000000000e+03 1.381520000000000014e-03
3.109500000000000000e+03 1.208700000000000052e-03
3.113500000000000000e+03 1.033059999999999925e-03
3.117500000000000000e+03 8.808579999999999882e-04
3.121500000000000000e+03 7.762879999999999781e-04
3.125500000000000000e+03 6.956609999999999790e-04
3.129500000000000000e+03 6.188510000000000148e-04
3.133500000000000000e+03 5.294889999999999580e-04
3.137500000000000000e+03 4.383699999999999923e-04
3.141500000000000000e+03 3.607060000000000257e-04
3.145500000000000000e+03 2.945770000000000224e-04
3.149500000000000000e+03 2.627500000000000170e-04
3.153500000000000000e+03 2.445060000000000202e-04
3.157500000000000000e+03 2.274839999999999924e-04
3.161500000000000000e+03 2.117689999999999980e-04
3.165500000000000000e+03 1.970349999999999999e-04
3.169500000000000000e+03 1.836410000000000126e-04
3.173500000000000000e+03 1.685169999999999995e-04
3.177500000000000000e+03 1.430000000000000064e-04
3.181500000000000000e+03 1.223300000000000028e-04
3.185500000000000000e+03 9.899979999999999360e-05
3.189500000000000000e+03 8.110230000000000444e-05
3.193500000000000000e+03 7.160959999999999960e-05
3.197500000000000000e+03 5.406249999999999950e-05
3.201500000000000000e+03 4.317920000000000156e-05
3.205500000000000000e+03 2.787380000000000069e-05
3.209500000000000000e+03 8.656509999999999896e-06
3.213500000000000000e+03 6.113909999999999880e-06
3.217500000000000000e+03 6.031350000000000284e-06
3.221500000000000000e+03 5.980329999999999712e-06
3.225500000000000000e+03 5.936629999999999605e-06
3.229500000000000000e+03 5.917930000000000106e-06
3.233500000000000000e+03 5.903780000000000419e-06
3.237500000000000000e+03 5.913490000000000365e-06
3.241500000000000000e+03 5.931049999999999736e-06
3.245500000000000000e+03 5.977269999999999948e-06
3.249500000000000000e+03 6.037179999999999854e-06
3.253500000000000000e+03 6.088780000000000342e-06
3.257500000000000000e+03 6.126580000000000217e-06
3.261500000000000000e+03 6.147250000000000309e-06
3.265500000000000000e+03 6.138420000000000090e-06
3.269500000000000000e+03 6.127749999999999903e-06
3.273500000000000000e+03 6.112029999999999654e-06
3.277500000000000000e+03 6.095999999999999741e-06
3.281500000000000000e+03 6.079979999999999681e-06
3.285500000000000000e+03 6.063949999999999768e-06
3.289500000000000000e+03 6.047589999999999640e-06
3.293500000000000000e+03 6.031099999999999736e-06
3.297500000000000000e+03 5.984190000000000383e-06
3.301500000000000000e+03 5.913620000000000142e-06
3.305500000000000000e+03 5.727310000000000057e-06
3.309500000000000000e+03 5.363949999999999694e-06
3.313500000000000000e+03 5.011680000000000101e-06
3.317500000000000000e+03 4.732279999999999862e-06
3.321500000000000000e+03 4.516779999999999977e-06
3.325500000000000000e+03 4.556089999999999606e-06
3.329500000000000000e+03 4.635590000000000285e-06
3.333500000000000000e+03 4.865189999999999746e-06
3.337500000000000000e+03 5.141480000000000112e-06
3.341500000000000000e+03 5.542439999999999911e-06
3.345500000000000000e+03 6.000819999999999917e-06
3.349500000000000000e+03 6.358519999999999897e-06
3.353500000000000000e+03 6.610039999999999651e-06
3.357500000000000000e+03 6.782130000000000234e-06
3.361500000000000000e+03 6.807019999999999923e-06
3.365500000000000000e+03 6.830689999999999817e-06
3.369500000000000000e+03 6.860959999999999783e-06
3.373500000000000000e+03 6.894959999999999796e-06
3.377500000000000000e+03 6.948240000000000072e-06
3.381500000000000000e+03 7.005330000000000062e-06
3.385500000000000000e+03 7.070790000000000279e-06
3.389500000000000000e+03 7.139650000000000328e-06
3.393500000000000000e+03 7.242899999999999721e-06
3.397500000000000000e+03 7.369659999999999673e-06
3.401500000000000000e+03 7.495999999999999889e-06
3.405500000000000000e+03 7.620989999999999687e-06
3.409500000000000000e+03 7.730739999999999780e-06
3.413500000000000000e+03 7.800760000000000509e-06
3.417500000000000000e+03 7.870489999999999585e-06
3.421500000000000000e+03 7.948890000000000393e-06
3.425500000000000000e+03 8.029240000000000395e-06
3.429500000000000000e+03 8.120460000000000175e-06
3.433500000000000000e+03 8.214169999999999656e-06
3.437500000000000000e+03 8.285609999999999772e-06
3.441500000000000000e+03 8.345829999999999341e-06
3.445500000000000000e+03 8.408130000000000421e-06
3.449500000000000000e+03 8.471759999999999675e-06
3.453500000000000000e+03 8.524200000000000481e-06
3.457500000000000000e+03 8.556559999999999269e-06
3.461500000000000000e+03 8.578969999999999958e-06
3.465500000000000000e+03 8.562259999999999909e-06
3.469500000000000000e+03 8.548320000000000514e-06
3.473500000000000000e+03 8.575080000000000576e-06
3.477500000000000000e+03 8.611520000000000180e-06
3.481500000000000000e+03 8.693139999999999239e-06
3.485500000000000000e+03 8.792629999999999874e-06
3.489500000000000000e+03 8.906480000000000486e-06
3.493500000000000000e+03 9.030139999999999570e-06
3.497500000000000000e+03 9.149100000000000207e-06
3.501500000000000000e+03 9.263609999999999556e-06
3.505500000000000000e+03 9.362199999999999911e-06
3.509500000000000000e+03 9.419729999999999342e-06
3.513500000000000000e+03 9.473100000000000831e-06
3.517500000000000000e+03 9.511539999999999738e-06
3.521500000000000000e+03 9.549339999999999614e-06
3.525500000000000000e+03 9.613559999999999483e-06
3.529500000000000000e+03 9.682849999999999967e-06
3.533500000000000000e+03 9.704220000000000746e-06
3.537500000000000000e+03 9.705249999999999955e-06
3.541500000000000000e+03 9.688430000000000682e-06
3.545500000000000000e+03 9.642989999999999979e-06
3.549500000000000000e+03 9.632589999999999198e-06
3.553500000000000000e+03 9.689810000000000659e-06
3.557500000000000000e+03 9.746579999999999439e-06
3.561500000000000000e+03 9.810999999999999748e-06
3.565500000000000000e+03 9.587959999999999254e-06
3.569500000000000000e+03 7.614590000000000053e-06
3.573500000000000000e+03 5.406420000000000153e-06
3.577500000000000000e+03 3.318679999999999962e-06
3.581500000000000000e+03 1.056329999999999930e-06
