2.295750000000000000e+04 0.000000000000000000e+00
2.300950000000000000e+04 9.584419999999998946e-07
2.306150000000000000e+04 9.013169999999999968e-06
2.311350000000000000e+04 1.826539999999999964e-05
2.316550000000000000e+04 2.630809999999999974e-05
2.321750000000000000e+04 3.157560000000000309e-05
2.326950000000000000e+04 2.764149999999999954e-05
2.332150000000000000e+04 2.378820000000000037e-05
2.337350000000000000e+04 2.216720000000000013e-05
2.342550000000000000e+04 2.069869999999999886e-05
2.347750000000000000e+04 1.930969999999999911e-05
2.352950000000000000e+04 2.049680000000000000e-05
2.358150000000000000e+04 3.086589999999999869e-05
2.363350000000000000e+04 3.911699999999999834e-05
2.368550000000000000e+04 4.290980000000000038e-05
2.373750000000000000e+04 5.260399999999999983e-05
2.378950000000000000e+04 5.884390000000000085e-05
2.384150000000000000e+04 6.956190000000000225e-05
2.389350000000000000e+04 8.956560000000000183e-05
2.394550000000000000e+04 1.125140000000000005e-04
2.399750000000000000e+04 1.358200000000000108e-04
2.404950000000000000e+04 1.723560000000000012e-04
2.410150000000000000e+04 2.398850000000000114e-04
2.415350000000000000e+04 4.880770000000000095e-04
2.420550000000000000e+04 9.398110000000000318e-04
2.425750000000000000e+04 2.093199999999999922e-03
2.430950000000000000e+04 3.550499999999999837e-03
2.436150000000000000e+04 5.639250000000000165e-03
2.441350000000000000e+04 7.893390000000000128e-03
2.446550000000000000e+04 1.039990000000000012e-02
2.451750000000000000e+04 1.277930000000000038e-02
2.456950000000000000e+04 1.499149999999999962e-02
2.462150000000000000e+04 1.658729999999999927e-02
2.467350000000000000e+04 1.763639999999999999e-02
2.472550000000000000e+04 1.885380000000000042e-02
2.477750000000000000e+04 2.055320000000000064e-02
2.482950000000000000e+04 2.259459999999999941e-02
2.488150000000000000e+04 2.505539999999999851e-02
2.493350000000000000e+04 2.766719999999999943e-02
2.498550000000000000e+04 3.056510000000000130e-02
2.503750000000000000e+04 3.397370000000000251e-02
2.508950000000000000e+04 3.790090000000000126e-02
2.514150000000000000e+04 4.257539999999999936e-02
2.519350000000000000e+04 4.712240000000000179e-02
2.524550000000000000e+04 5.193969999999999837e-02
2.529750000000000000e+04 5.711970000000000242e-02
2.534950000000000000e+04 6.237979999999999914e-02
2.540150000000000000e+04 6.720520000000000660e-02
2.545350000000000000e+04 7.097240000000000493e-02
2.550550000000000000e+04 7.371099999999999874e-02
2.555750000000000000e+04 7.607669999999999710e-02
2.560950000000000000e+04 7.846699999999999509e-02
2.566150000000000000e+04 8.099689999999999668e-02
2.571350000000000000e+04 8.316759999999999431e-02
2.576550000000000000e+04 8.507019999999999860e-02
2.581750000000000000e+04 8.704409999999999925e-02
2.586950000000000000e+04 9.049699999999999411e-02
2.592150000000000000e+04 9.537400000000000044e-02
2.597350000000000000e+04 1.039449999999999957e-01
2.602550000000000000e+04 1.154690000000000022e-01
2.607750000000000000e+04 1.325429999999999942e-01
2.612950000000000000e+04 1.540179999999999882e-01
2.618150000000000000e+04 1.788170000000000037e-01
2.623350000000000000e+04 2.058180000000000009e-01
2.628550000000000000e+04 2.317839999999999900e-01
2.633750000000000000e+04 2.564480000000000093e-01
2.638950000000000000e+04 2.796179999999999777e-01
2.644150000000000000e+04 3.002929999999999766e-01
2.649350000000000000e+04 3.163230000000000208e-01
2.654550000000000000e+04 3.280190000000000050e-01
2.659750000000000000e+04 3.361270000000000091e-01
2.664950000000000000e+04 3.432979999999999920e-01
2.670150000000000000e+04 3.524109999999999743e-01
2.675350000000000000e+04 3.639820000000000277e-01
2.680550000000000000e+04 3.786080000000000001e-01
2.685750000000000000e+04 3.937950000000000061e-01
2.690950000000000000e+04 4.082390000000000185e-01
2.696150000000000000e+04 4.203259999999999774e-01
2.701350000000000000e+04 4.300100000000000033e-01
2.706550000000000000e+04 4.369299999999999851e-01
2.711750000000000000e+04 4.416749999999999843e-01
2.716950000000000000e+04 4.440390000000000170e-01
2.722150000000000000e+04 4.451200000000000156e-01
2.727350000000000000e+04 4.461780000000000190e-01
2.732550000000000000e+04 4.477450000000000041e-01
2.737750000000000000e+04 4.520569999999999866e-01
2.742950000000000000e+04 4.594099999999999850e-01
2.748150000000000000e+04 4.703169999999999851e-01
2.753350000000000000e+04 4.833230000000000026e-01
2.758550000000000000e+04 4.966650000000000231e-01
2.763750000000000000e+04 5.100740000000000274e-01
2.768950000000000000e+04 5.211609999999999854e-01
2.774150000000000000e+04 5.316020000000000190e-01
2.779350000000000000e+04 5.412439999999999474e-01
2.784550000000000000e+04 5.511779999999999458e-01
2.789750000000000000e+04 5.626370000000000537e-01
2.794950000000000000e+04 5.754879999999999995e-01
2.800150000000000000e+04 5.903420000000000334e-01
2.805350000000000000e+04 6.055220000000000047e-01
2.810550000000000000e+04 6.215969999999999551e-01
2.815750000000000000e+04 6.371839999999999726e-01
2.820950000000000000e+04 6.520989999999999842e-01
2.826150000000000000e+04 6.670970000000000510e-01
2.831350000000000000e+04 6.801359999999999628e-01
2.836550000000000000e+04 6.927769999999999762e-01
2.841750000000000000e+04 7.036590000000000344e-01
2.846950000000000000e+04 7.139440000000000230e-01
2.852150000000000000e+04 7.243899999999999784e-01
2.857350000000000000e+04 7.341870000000000340e-01
2.862550000000000000e+04 7.446199999999999486e-01
2.867750000000000000e+04 7.543100000000000360e-01
2.872950000000000000e+04 7.638000000000000345e-01
2.878150000000000000e+04 7.728559999999999874e-01
2.883350000000000000e+04 7.812350000000000128e-01
2.888550000000000000e+04 7.886279999999999957e-01
2.893750000000000000e+04 7.943930000000000158e-01
2.898950000000000000e+04 7.989699999999999580e-01
2.904150000000000000e+04 8.034780000000000255e-01
2.909350000000000000e+04 8.087259999999999449e-01
2.914550000000000000e+04 8.161669999999999758e-01
2.919750000000000000e+04 8.249779999999999891e-01
2.924950000000000000e+04 8.342640000000000056e-01
2.930150000000000000e+04 8.424500000000000322e-01
2.935350000000000000e+04 8.479050000000000198e-01
2.940550000000000000e+04 8.509480000000000377e-01
2.945750000000000000e+04 8.516690000000000094e-01
2.950950000000000000e+04 8.524920000000000275e-01
2.956150000000000000e+04 8.535490000000000022e-01
2.961350000000000000e+04 8.561999999999999611e-01
2.966550000000000000e+04 8.599860000000000282e-01
2.971750000000000000e+04 8.642370000000000330e-01
2.976950000000000000e+04 8.694499999999999451e-01
2.982150000000000000e+04 8.747660000000000435e-01
2.987350000000000000e+04 8.811170000000000391e-01
2.992550000000000000e+04 8.880500000000000060e-01
2.997750000000000000e+04 8.949690000000000145e-01
3.002950000000000000e+04 9.014809999999999768e-01
3.008150000000000000e+04 9.067619999999999569e-01
3.013350000000000000e+04 9.105769999999999698e-01
3.018550000000000000e+04 9.133200000000000207e-01
3.023750000000000000e+04 9.145919999999999606e-01
3.028950000000000000e+04 9.150129999999999653e-01
3.034150000000000000e+04 9.144189999999999818e-01
3.039350000000000000e+04 9.132259999999999822e-01
3.044550000000000000e+04 9.132069999999999910e-01
3.049750000000000000e+04 9.140070000000000139e-01
3.054950000000000000e+04 9.171880000000000033e-01
3.060150000000000000e+04 9.215240000000000098e-01
3.065350000000000000e+04 9.266039999999999832e-01
3.070550000000000000e+04 9.318389999999999729e-01
3.075750000000000000e+04 9.366430000000000033e-01
3.080950000000000000e+04 9.414759999999999796e-01
3.086150000000000000e+04 9.461019999999999985e-01
3.091350000000000000e+04 9.509149999999999547e-01
3.096550000000000000e+04 9.549980000000000135e-01
3.101750000000000000e+04 9.584730000000000194e-01
3.106950000000000000e+04 9.605839999999999934e-01
3.112150000000000000e+04 9.616120000000000223e-01
3.117350000000000000e+04 9.619330000000000380e-01
3.122550000000000000e+04 9.618910000000000515e-01
3.127750000000000000e+04 9.625850000000000239e-01
3.132950000000000000e+04 9.639590000000000103e-01
3.138150000000000000e+04 9.664549999999999530e-01
3.143350000000000000e+04 9.696900000000000519e-01
3.148550000000000000e+04 9.729400000000000270e-01
3.153750000000000000e+04 9.758200000000000207e-01
3.158950000000000000e+04 9.777200000000000335e-01
3.164150000000000000e+04 9.787420000000000009e-01
3.169350000000000000e+04 9.791800000000000503e-01
3.174550000000000000e+04 9.799090000000000300e-01
3.179750000000000000e+04 9.810060000000000446e-01
3.184950000000000000e+04 9.835970000000000546e-01
3.190150000000000000e+04 9.870609999999999662e-01
3.195350000000000000e+04 9.906279999999999530e-01
3.200550000000000000e+04 9.938240000000000407e-01
3.205750000000000000e+04 9.951860000000000150e-01
3.210950000000000000e+04 9.950740000000000141e-01
3.216150000000000000e+04 9.933840000000000447e-01
3.221350000000000000e+04 9.909379999999999855e-01
3.226550000000000000e+04 9.890400000000000302e-01
3.231750000000000000e+04 9.878710000000000546e-01
3.236950000000000000e+04 9.878609999999999891e-01
3.242150000000000000e+04 9.891950000000000465e-01
3.247350000000000000e+04 9.912879999999999470e-01
3.252550000000000000e+04 9.938780000000000392e-01
3.257750000000000000e+04 9.969670000000000476e-01
3.262950000000000000e+04 9.990050000000000319e-01
3.268150000000000000e+04 1.000000000000000000e+00
3.273350000000000000e+04 9.991459999999999786e-01
3.278550000000000000e+04 9.964589999999999836e-01
3.283750000000000000e+04 9.935629999999999740e-01
3.288950000000000000e+04 9.902940000000000076e-01
3.294150000000000000e+04 9.883750000000000036e-01
3.299350000000000000e+04 9.877059999999999729e-01
3.304550000000000000e+04 9.878780000000000339e-01
3.309750000000000000e+04 9.893070000000000475e-01
3.314950000000000000e+04 9.907629999999999493e-01
3.320150000000000000e+04 9.925500000000000433e-01
3.325350000000000000e+04 9.948320000000000496e-01
3.330550000000000000e+04 9.968120000000000314e-01
3.335750000000000000e+04 9.983180000000000387e-01
3.340950000000000000e+04 9.981539999999999857e-01
3.346150000000000000e+04 9.945019999999999971e-01
3.351350000000000000e+04 9.873990000000000267e-01
3.356550000000000000e+04 9.746150000000000091e-01
3.361750000000000000e+04 9.584319999999999506e-01
3.366950000000000000e+04 9.381169999999999787e-01
3.372150000000000000e+04 9.158640000000000114e-01
3.377350000000000000e+04 8.916629999999999834e-01
3.382550000000000000e+04 8.658069999999999933e-01
3.387750000000000000e+04 8.383260000000000156e-01
3.392950000000000000e+04 8.099049999999999860e-01
3.398150000000000000e+04 7.816189999999999527e-01
3.403350000000000000e+04 7.552689999999999682e-01
3.408550000000000000e+04 7.317179999999999795e-01
3.413750000000000000e+04 7.123190000000000355e-01
3.418950000000000000e+04 6.971640000000000059e-01
3.424150000000000000e+04 6.855369999999999520e-01
3.429350000000000000e+04 6.775949999999999473e-01
3.434550000000000000e+04 6.707699999999999774e-01
3.439750000000000000e+04 6.654870000000000507e-01
3.444950000000000000e+04 6.592569999999999819e-01
3.450150000000000000e+04 6.527629999999999821e-01
3.455350000000000000e+04 6.454630000000000090e-01
3.460550000000000000e+04 6.376140000000000141e-01
3.465750000000000000e+04 6.296279999999999655e-01
3.470950000000000000e+04 6.214150000000000507e-01
3.476150000000000000e+04 6.132039999999999713e-01
3.481350000000000000e+04 6.048130000000000450e-01
3.486550000000000000e+04 5.965549999999999464e-01
3.491750000000000000e+04 5.884650000000000158e-01
3.496950000000000000e+04 5.815420000000000034e-01
3.502150000000000000e+04 5.757550000000000168e-01
3.507350000000000000e+04 5.714879999999999960e-01
3.512550000000000000e+04 5.677990000000000537e-01
3.517750000000000000e+04 5.647269999999999790e-01
3.522950000000000000e+04 5.617779999999999996e-01
3.528150000000000000e+04 5.587579999999999769e-01
3.533350000000000000e+04 5.556969999999999965e-01
3.538550000000000000e+04 5.517520000000000202e-01
3.543750000000000000e+04 5.468260000000000343e-01
3.548950000000000000e+04 5.402230000000000087e-01
3.554150000000000000e+04 5.315819999999999990e-01
3.559350000000000000e+04 5.211759999999999726e-01
3.564550000000000000e+04 5.090860000000000385e-01
3.569750000000000000e+04 4.954959999999999920e-01
3.574950000000000000e+04 4.799829999999999930e-01
3.580150000000000000e+04 4.625759999999999872e-01
3.585350000000000000e+04 4.427659999999999929e-01
3.590550000000000000e+04 4.216909999999999825e-01
3.595750000000000000e+04 4.001419999999999977e-01
3.600950000000000000e+04 3.801249999999999907e-01
3.606150000000000000e+04 3.619339999999999780e-01
3.611350000000000000e+04 3.463669999999999805e-01
3.616550000000000000e+04 3.322640000000000038e-01
3.621750000000000000e+04 3.188650000000000095e-01
3.626950000000000000e+04 3.059339999999999837e-01
3.632150000000000000e+04 2.933790000000000009e-01
3.637350000000000000e+04 2.815819999999999990e-01
3.642550000000000000e+04 2.703889999999999905e-01
3.647750000000000000e+04 2.601720000000000144e-01
3.652950000000000000e+04 2.488869999999999971e-01
3.658150000000000000e+04 2.377579999999999971e-01
3.663350000000000000e+04 2.253680000000000128e-01
3.668550000000000000e+04 2.124129999999999907e-01
3.673750000000000000e+04 1.999380000000000046e-01
3.678950000000000000e+04 1.873670000000000058e-01
3.684150000000000000e+04 1.755950000000000011e-01
3.689350000000000000e+04 1.639809999999999879e-01
3.694550000000000000e+04 1.522930000000000117e-01
3.699750000000000000e+04 1.400349999999999928e-01
3.704950000000000000e+04 1.277989999999999959e-01
3.710150000000000000e+04 1.158389999999999975e-01
3.715350000000000000e+04 1.048309999999999936e-01
3.720550000000000000e+04 9.612650000000000361e-02
3.725750000000000000e+04 8.839969999999999772e-02
3.730950000000000000e+04 8.307609999999999995e-02
3.736150000000000000e+04 7.825250000000000261e-02
3.741350000000000000e+04 7.458190000000000652e-02
3.746550000000000000e+04 7.114729999999999666e-02
3.751750000000000000e+04 6.805460000000000675e-02
3.756950000000000000e+04 6.509620000000000684e-02
3.762150000000000000e+04 6.217290000000000316e-02
3.767350000000000000e+04 5.933800000000000185e-02
3.772550000000000000e+04 5.649309999999999748e-02
3.777750000000000000e+04 5.380660000000000304e-02
3.782950000000000000e+04 5.118190000000000239e-02
3.788150000000000000e+04 4.860570000000000168e-02
3.793350000000000000e+04 4.602359999999999784e-02
3.798550000000000000e+04 4.339409999999999795e-02
3.803750000000000000e+04 4.067910000000000276e-02
3.808950000000000000e+04 3.791379999999999750e-02
3.814150000000000000e+04 3.506270000000000220e-02
3.819350000000000000e+04 3.226799999999999807e-02
3.824550000000000000e+04 2.960679999999999909e-02
3.829750000000000000e+04 2.700179999999999941e-02
3.834950000000000000e+04 2.447190000000000129e-02
3.840150000000000000e+04 2.195949999999999985e-02
3.845350000000000000e+04 1.940209999999999851e-02
3.850550000000000000e+04 1.688910000000000064e-02
3.855750000000000000e+04 1.452969999999999956e-02
3.860950000000000000e+04 1.228820000000000086e-02
3.866150000000000000e+04 1.036929999999999970e-02
3.871350000000000000e+04 8.607770000000000699e-03
3.876550000000000000e+04 7.169260000000000216e-03
3.881750000000000000e+04 5.855169999999999819e-03
3.886950000000000000e+04 4.780659999999999944e-03
3.892150000000000000e+04 3.801500000000000191e-03
3.897350000000000000e+04 3.054100000000000131e-03
3.902550000000000000e+04 2.392039999999999791e-03
3.907750000000000000e+04 1.929399999999999952e-03
3.912950000000000000e+04 1.539020000000000101e-03
3.918150000000000000e+04 1.242040000000000028e-03
3.923350000000000000e+04 9.935250000000000938e-04
3.928550000000000000e+04 8.050629999999999592e-04
3.933750000000000000e+04 6.515009999999999682e-04
3.938950000000000000e+04 5.701280000000000410e-04
3.944150000000000000e+04 5.191710000000000205e-04
3.949350000000000000e+04 4.816439999999999849e-04
3.954550000000000000e+04 4.465389999999999746e-04
3.959750000000000000e+04 3.733349999999999755e-04
3.964950000000000000e+04 2.858900000000000156e-04
3.970150000000000000e+04 2.283639999999999975e-04
3.975350000000000000e+04 2.021400000000000128e-04
3.980550000000000000e+04 1.922740000000000094e-04
3.985750000000000000e+04 1.849090000000000011e-04
3.990950000000000000e+04 1.780589999999999972e-04
3.996150000000000000e+04 1.636700000000000101e-04
4.001350000000000000e+04 1.411340000000000077e-04
4.006550000000000000e+04 1.189810000000000048e-04
4.011750000000000000e+04 1.080470000000000041e-04
4.016950000000000000e+04 1.070510000000000022e-04
4.022150000000000000e+04 1.101759999999999968e-04
4.027350000000000000e+04 1.195029999999999975e-04
4.032550000000000000e+04 1.241779999999999891e-04
4.037750000000000000e+04 1.186970000000000055e-04
4.042950000000000000e+04 1.060729999999999990e-04
4.048150000000000000e+04 9.249199999999999468e-05
4.053350000000000000e+04 8.502249999999999446e-05
4.058550000000000000e+04 8.419750000000000151e-05
4.063750000000000000e+04 8.486059999999999860e-05
4.068950000000000000e+04 8.578639999999999573e-05
4.074150000000000000e+04 9.138699999999999764e-05
4.079350000000000000e+04 9.648189999999999523e-05
4.084550000000000000e+04 8.103089999999999696e-05
4.089750000000000000e+04 4.595869999999999757e-05
4.094950000000000000e+04 2.453810000000000144e-05
4.100150000000000000e+04 2.253560000000000155e-05
4.105350000000000000e+04 2.277099999999999933e-05
4.110550000000000000e+04 2.772509999999999989e-05
4.115750000000000000e+04 3.267220000000000204e-05
4.120950000000000000e+04 2.083949999999999927e-05
4.126150000000000000e+04 4.424599999999999955e-06
