2.037000000000000000e+03 0.000000000000000000e+00
2.042000000000000000e+03 5.299770000000000082e-07
2.047000000000000000e+03 5.411080000000000037e-06
2.052000000000000000e+03 1.114320000000000031e-05
2.057000000000000000e+03 1.668550000000000144e-05
2.062000000000000000e+03 2.713569999999999839e-05
2.067000000000000000e+03 3.726959999999999973e-05
2.072000000000000000e+03 4.093099999999999825e-05
2.077000000000000000e+03 4.212149999999999982e-05
2.082000000000000000e+03 4.361840000000000237e-05
2.087000000000000000e+03 4.531389999999999995e-05
2.092000000000000000e+03 4.698990000000000220e-05
2.097000000000000000e+03 4.866480000000000203e-05
2.102000000000000000e+03 5.001450000000000031e-05
2.107000000000000000e+03 5.118960000000000198e-05
2.112000000000000000e+03 5.201539999999999669e-05
2.117000000000000000e+03 5.217609999999999669e-05
2.122000000000000000e+03 5.204679999999999777e-05
2.127000000000000000e+03 5.144999999999999698e-05
2.132000000000000000e+03 5.059119999999999768e-05
2.137000000000000000e+03 4.966699999999999728e-05
2.142000000000000000e+03 4.865349999999999758e-05
2.147000000000000000e+03 4.801119999999999867e-05
2.152000000000000000e+03 4.754920000000000208e-05
2.157000000000000000e+03 4.753360000000000175e-05
2.162000000000000000e+03 4.823810000000000153e-05
2.167000000000000000e+03 4.926259999999999824e-05
2.172000000000000000e+03 5.080799999999999873e-05
2.177000000000000000e+03 5.258199999999999902e-05
2.182000000000000000e+03 5.411769999999999856e-05
2.187000000000000000e+03 5.565270000000000335e-05
2.192000000000000000e+03 5.637739999999999999e-05
2.197000000000000000e+03 5.647380000000000130e-05
2.202000000000000000e+03 5.571920000000000009e-05
2.207000000000000000e+03 5.388120000000000176e-05
2.212000000000000000e+03 5.147239999999999867e-05
2.217000000000000000e+03 4.812539999999999836e-05
2.222000000000000000e+03 4.427350000000000225e-05
2.227000000000000000e+03 4.029960000000000291e-05
2.232000000000000000e+03 3.614590000000000234e-05
2.237000000000000000e+03 3.248060000000000205e-05
2.242000000000000000e+03 2.909480000000000136e-05
2.247000000000000000e+03 2.638600000000000114e-05
2.252000000000000000e+03 2.446009999999999981e-05
2.257000000000000000e+03 2.316400000000000048e-05
2.262000000000000000e+03 2.279170000000000067e-05
2.267000000000000000e+03 2.299649999999999912e-05
2.272000000000000000e+03 2.389660000000000089e-05
2.277000000000000000e+03 2.529439999999999960e-05
2.282000000000000000e+03 2.692840000000000123e-05
2.287000000000000000e+03 2.887330000000000018e-05
2.292000000000000000e+03 3.067950000000000332e-05
2.297000000000000000e+03 3.239509999999999753e-05
2.302000000000000000e+03 3.368840000000000089e-05
2.307000000000000000e+03 3.444930000000000236e-05
2.312000000000000000e+03 3.475750000000000053e-05
2.317000000000000000e+03 3.415769999999999993e-05
2.322000000000000000e+03 3.298960000000000005e-05
2.327000000000000000e+03 3.130739999999999776e-05
2.332000000000000000e+03 2.901440000000000125e-05
2.337000000000000000e+03 2.663900000000000024e-05
2.342000000000000000e+03 2.419490000000000106e-05
2.347000000000000000e+03 2.187210000000000020e-05
2.352000000000000000e+03 1.973639999999999962e-05
2.357000000000000000e+03 1.783210000000000161e-05
2.362000000000000000e+03 1.629750000000000109e-05
2.367000000000000000e+03 1.496300000000000056e-05
2.372000000000000000e+03 1.391140000000000033e-05
2.377000000000000000e+03 1.320039999999999986e-05
2.382000000000000000e+03 1.262769999999999939e-05
2.387000000000000000e+03 1.212619999999999920e-05
2.392000000000000000e+03 1.169539999999999987e-05
2.397000000000000000e+03 1.133940000000000023e-05
2.402000000000000000e+03 1.100870000000000016e-05
2.407000000000000000e+03 1.070580000000000006e-05
2.412000000000000000e+03 1.045560000000000032e-05
2.417000000000000000e+03 1.020629999999999916e-05
2.422000000000000000e+03 9.915419999999999673e-06
2.427000000000000000e+03 9.604259999999999420e-06
2.432000000000000000e+03 9.327360000000000428e-06
2.437000000000000000e+03 9.079149999999999292e-06
2.442000000000000000e+03 8.800539999999999261e-06
2.447000000000000000e+03 8.479660000000000057e-06
2.452000000000000000e+03 8.173339999999999574e-06
2.457000000000000000e+03 7.914170000000000834e-06
2.462000000000000000e+03 7.664679999999999941e-06
2.467000000000000000e+03 7.389919999999999882e-06
2.472000000000000000e+03 7.180260000000000266e-06
2.477000000000000000e+03 7.034169999999999942e-06
2.482000000000000000e+03 6.934059999999999981e-06
2.487000000000000000e+03 7.045570000000000375e-06
2.492000000000000000e+03 8.365249999999999233e-06
2.497000000000000000e+03 9.925229999999999838e-06
2.502000000000000000e+03 1.036670000000000020e-05
2.507000000000000000e+03 1.013130000000000073e-05
2.512000000000000000e+03 9.890309999999999840e-06
2.517000000000000000e+03 9.652449999999999377e-06
2.522000000000000000e+03 9.347929999999999453e-06
2.527000000000000000e+03 9.156470000000000781e-06
2.532000000000000000e+03 9.074030000000000263e-06
2.537000000000000000e+03 9.053939999999999241e-06
2.542000000000000000e+03 9.050230000000000592e-06
2.547000000000000000e+03 9.092870000000000238e-06
2.552000000000000000e+03 9.158339999999999461e-06
2.557000000000000000e+03 1.024260000000000083e-05
2.562000000000000000e+03 1.432480000000000047e-05
2.567000000000000000e+03 2.018630000000000017e-05
2.572000000000000000e+03 2.354120000000000087e-05
2.577000000000000000e+03 2.394010000000000140e-05
2.582000000000000000e+03 2.385060000000000167e-05
2.587000000000000000e+03 2.379780000000000109e-05
2.592000000000000000e+03 2.376550000000000141e-05
2.597000000000000000e+03 2.379379999999999909e-05
2.602000000000000000e+03 2.394010000000000140e-05
2.607000000000000000e+03 2.411189999999999864e-05
2.612000000000000000e+03 2.427830000000000098e-05
2.617000000000000000e+03 2.448080000000000115e-05
2.622000000000000000e+03 2.479209999999999934e-05
2.627000000000000000e+03 2.516240000000000154e-05
2.632000000000000000e+03 2.525020000000000094e-05
2.637000000000000000e+03 2.509489999999999922e-05
2.642000000000000000e+03 2.511090000000000042e-05
2.647000000000000000e+03 2.529549999999999862e-05
2.652000000000000000e+03 2.543700000000000057e-05
2.657000000000000000e+03 2.541029999999999962e-05
2.662000000000000000e+03 2.533820000000000077e-05
2.667000000000000000e+03 2.533070000000000127e-05
2.672000000000000000e+03 2.533960000000000045e-05
2.677000000000000000e+03 2.528850000000000021e-05
2.682000000000000000e+03 2.525099999999999930e-05
2.687000000000000000e+03 2.523190000000000147e-05
2.692000000000000000e+03 2.520319999999999952e-05
2.697000000000000000e+03 2.543720000000000101e-05
2.702000000000000000e+03 2.599970000000000113e-05
2.707000000000000000e+03 2.691890000000000073e-05
2.712000000000000000e+03 2.788910000000000035e-05
2.717000000000000000e+03 2.874889999999999846e-05
2.722000000000000000e+03 2.954700000000000018e-05
2.727000000000000000e+03 3.020370000000000018e-05
2.732000000000000000e+03 3.076709999999999889e-05
2.737000000000000000e+03 3.130660000000000279e-05
2.742000000000000000e+03 3.183879999999999745e-05
2.747000000000000000e+03 3.219129999999999789e-05
2.752000000000000000e+03 3.235740000000000296e-05
2.757000000000000000e+03 3.237709999999999872e-05
2.762000000000000000e+03 3.237540000000000177e-05
2.767000000000000000e+03 3.246490000000000150e-05
2.772000000000000000e+03 3.269159999999999715e-05
2.777000000000000000e+03 3.321389999999999721e-05
2.782000000000000000e+03 3.396259999999999904e-05
2.787000000000000000e+03 3.485720000000000230e-05
2.792000000000000000e+03 3.578680000000000099e-05
2.797000000000000000e+03 3.688019999999999970e-05
2.802000000000000000e+03 3.807120000000000236e-05
2.807000000000000000e+03 3.918110000000000337e-05
2.812000000000000000e+03 4.006849999999999762e-05
2.817000000000000000e+03 4.061959999999999985e-05
2.822000000000000000e+03 4.096680000000000221e-05
2.827000000000000000e+03 4.130179999999999816e-05
2.832000000000000000e+03 4.178159999999999990e-05
2.837000000000000000e+03 4.253900000000000048e-05
2.842000000000000000e+03 4.361319999999999775e-05
2.847000000000000000e+03 4.494710000000000204e-05
2.852000000000000000e+03 4.640860000000000151e-05
2.857000000000000000e+03 4.780920000000000298e-05
2.862000000000000000e+03 4.925140000000000079e-05
2.867000000000000000e+03 5.082589999999999732e-05
2.872000000000000000e+03 5.259550000000000152e-05
2.877000000000000000e+03 5.462759999999999854e-05
2.882000000000000000e+03 5.691719999999999776e-05
2.887000000000000000e+03 5.934939999999999796e-05
2.892000000000000000e+03 6.188650000000000455e-05
2.897000000000000000e+03 6.448310000000000608e-05
2.902000000000000000e+03 6.727749999999999410e-05
2.907000000000000000e+03 7.057409999999999909e-05
2.912000000000000000e+03 7.430230000000000179e-05
2.917000000000000000e+03 7.817649999999999935e-05
2.922000000000000000e+03 8.223950000000000433e-05
2.927000000000000000e+03 8.686620000000000528e-05
2.932000000000000000e+03 9.190619999999999768e-05
2.937000000000000000e+03 9.742450000000000209e-05
2.942000000000000000e+03 1.034029999999999991e-04
2.947000000000000000e+03 1.099690000000000037e-04
2.952000000000000000e+03 1.175419999999999937e-04
2.957000000000000000e+03 1.262339999999999979e-04
2.962000000000000000e+03 1.366209999999999918e-04
2.967000000000000000e+03 1.482069999999999991e-04
2.972000000000000000e+03 1.616950000000000028e-04
2.977000000000000000e+03 1.765570000000000106e-04
2.982000000000000000e+03 1.912740000000000122e-04
2.987000000000000000e+03 2.059560000000000047e-04
2.992000000000000000e+03 2.225279999999999945e-04
2.997000000000000000e+03 2.440979999999999929e-04
3.002000000000000000e+03 2.720050000000000224e-04
3.007000000000000000e+03 3.065330000000000008e-04
3.012000000000000000e+03 3.814199999999999904e-04
3.017000000000000000e+03 6.576359999999999628e-04
3.022000000000000000e+03 1.124959999999999936e-03
3.027000000000000000e+03 1.718630000000000071e-03
3.032000000000000000e+03 2.418099999999999850e-03
3.037000000000000000e+03 3.293320000000000188e-03
3.042000000000000000e+03 4.477309999999999970e-03
3.047000000000000000e+03 6.009500000000000085e-03
3.052000000000000000e+03 7.923200000000000034e-03
3.057000000000000000e+03 1.004209999999999998e-02
3.062000000000000000e+03 1.241729999999999917e-02
3.067000000000000000e+03 1.503020000000000050e-02
3.072000000000000000e+03 1.784880000000000147e-02
3.077000000000000000e+03 2.078899999999999845e-02
3.082000000000000000e+03 2.384589999999999974e-02
3.087000000000000000e+03 2.692709999999999895e-02
3.092000000000000000e+03 3.006810000000000038e-02
3.097000000000000000e+03 3.322900000000000159e-02
3.102000000000000000e+03 3.646060000000000273e-02
3.107000000000000000e+03 3.975879999999999692e-02
3.112000000000000000e+03 4.301520000000000343e-02
3.117000000000000000e+03 4.630129999999999663e-02
3.122000000000000000e+03 4.959800000000000320e-02
3.127000000000000000e+03 5.303340000000000137e-02
3.132000000000000000e+03 5.650329999999999936e-02
3.137000000000000000e+03 6.006229999999999902e-02
3.142000000000000000e+03 6.375939999999999386e-02
3.147000000000000000e+03 6.752589999999999981e-02
3.152000000000000000e+03 7.154480000000000561e-02
3.157000000000000000e+03 7.561039999999999428e-02
3.162000000000000000e+03 7.990429999999999755e-02
3.167000000000000000e+03 8.427679999999999894e-02
3.172000000000000000e+03 8.880979999999999430e-02
3.177000000000000000e+03 9.345610000000000028e-02
3.182000000000000000e+03 9.818680000000000463e-02
3.187000000000000000e+03 1.030319999999999986e-01
3.192000000000000000e+03 1.079389999999999933e-01
3.197000000000000000e+03 1.128310000000000007e-01
3.202000000000000000e+03 1.178460000000000063e-01
3.207000000000000000e+03 1.227270000000000028e-01
3.212000000000000000e+03 1.279609999999999914e-01
3.217000000000000000e+03 1.332790000000000086e-01
3.222000000000000000e+03 1.389720000000000122e-01
3.227000000000000000e+03 1.449090000000000100e-01
3.232000000000000000e+03 1.509119999999999906e-01
3.237000000000000000e+03 1.571160000000000057e-01
3.242000000000000000e+03 1.628239999999999965e-01
3.247000000000000000e+03 1.686370000000000091e-01
3.252000000000000000e+03 1.738129999999999953e-01
3.257000000000000000e+03 1.789070000000000105e-01
3.262000000000000000e+03 1.841520000000000101e-01
3.267000000000000000e+03 1.894740000000000035e-01
3.272000000000000000e+03 1.946980000000000099e-01
3.277000000000000000e+03 1.996509999999999951e-01
3.282000000000000000e+03 2.042889999999999984e-01
3.287000000000000000e+03 2.080960000000000032e-01
3.292000000000000000e+03 2.113119999999999998e-01
3.297000000000000000e+03 2.138470000000000093e-01
3.302000000000000000e+03 2.162219999999999975e-01
3.307000000000000000e+03 2.180999999999999883e-01
3.312000000000000000e+03 2.199079999999999924e-01
3.317000000000000000e+03 2.214210000000000067e-01
3.322000000000000000e+03 2.229440000000000033e-01
3.327000000000000000e+03 2.243729999999999891e-01
3.332000000000000000e+03 2.257609999999999895e-01
3.337000000000000000e+03 2.270999999999999963e-01
3.342000000000000000e+03 2.285159999999999969e-01
3.347000000000000000e+03 2.299009999999999942e-01
3.352000000000000000e+03 2.312919999999999976e-01
3.357000000000000000e+03 2.326439999999999897e-01
3.362000000000000000e+03 2.339160000000000128e-01
3.367000000000000000e+03 2.353179999999999994e-01
3.372000000000000000e+03 2.367470000000000130e-01
3.377000000000000000e+03 2.386830000000000063e-01
3.382000000000000000e+03 2.413629999999999942e-01
3.387000000000000000e+03 2.453819999999999890e-01
3.392000000000000000e+03 2.522940000000000182e-01
3.397000000000000000e+03 2.619009999999999949e-01
3.402000000000000000e+03 2.787189999999999945e-01
3.407000000000000000e+03 3.000959999999999739e-01
3.412000000000000000e+03 3.335600000000000231e-01
3.417000000000000000e+03 3.741300000000000181e-01
3.422000000000000000e+03 4.261030000000000095e-01
3.427000000000000000e+03 4.864680000000000115e-01
3.432000000000000000e+03 5.508349999999999635e-01
3.437000000000000000e+03 6.204709999999999948e-01
3.442000000000000000e+03 6.870300000000000296e-01
3.447000000000000000e+03 7.498590000000000533e-01
3.452000000000000000e+03 8.049800000000000288e-01
3.457000000000000000e+03 8.524040000000000505e-01
3.462000000000000000e+03 8.896020000000000039e-01
3.467000000000000000e+03 9.188269999999999493e-01
3.472000000000000000e+03 9.398849999999999705e-01
3.477000000000000000e+03 9.559400000000000119e-01
3.482000000000000000e+03 9.654559999999999809e-01
3.487000000000000000e+03 9.723289999999999988e-01
3.492000000000000000e+03 9.768719999999999626e-01
3.497000000000000000e+03 9.814599999999999991e-01
3.502000000000000000e+03 9.851459999999999662e-01
3.507000000000000000e+03 9.900379999999999736e-01
3.512000000000000000e+03 9.943089999999999984e-01
3.517000000000000000e+03 9.979850000000000110e-01
3.522000000000000000e+03 1.000000000000000000e+00
3.527000000000000000e+03 9.989440000000000541e-01
3.532000000000000000e+03 9.970409999999999551e-01
3.537000000000000000e+03 9.952050000000000063e-01
3.542000000000000000e+03 9.920069999999999721e-01
3.547000000000000000e+03 9.887550000000000505e-01
3.552000000000000000e+03 9.847939999999999472e-01
3.557000000000000000e+03 9.790309999999999846e-01
3.562000000000000000e+03 9.724319999999999631e-01
3.567000000000000000e+03 9.623760000000000092e-01
3.572000000000000000e+03 9.463460000000000205e-01
3.577000000000000000e+03 9.230410000000000004e-01
3.582000000000000000e+03 8.922010000000000218e-01
3.587000000000000000e+03 8.513889999999999514e-01
3.592000000000000000e+03 8.044130000000000447e-01
3.597000000000000000e+03 7.463049999999999962e-01
3.602000000000000000e+03 6.828899999999999970e-01
3.607000000000000000e+03 6.133960000000000523e-01
3.612000000000000000e+03 5.410760000000000014e-01
3.617000000000000000e+03 4.722060000000000146e-01
3.622000000000000000e+03 4.080150000000000166e-01
3.627000000000000000e+03 3.538419999999999899e-01
3.632000000000000000e+03 3.112449999999999939e-01
3.637000000000000000e+03 2.789849999999999830e-01
3.642000000000000000e+03 2.556240000000000179e-01
3.647000000000000000e+03 2.384040000000000048e-01
3.652000000000000000e+03 2.274170000000000080e-01
3.657000000000000000e+03 2.190269999999999995e-01
3.662000000000000000e+03 2.120990000000000097e-01
3.667000000000000000e+03 2.063959999999999961e-01
3.672000000000000000e+03 2.017420000000000047e-01
3.677000000000000000e+03 1.973419999999999896e-01
3.682000000000000000e+03 1.937939999999999940e-01
3.687000000000000000e+03 1.907270000000000076e-01
3.692000000000000000e+03 1.889039999999999886e-01
3.697000000000000000e+03 1.876639999999999975e-01
3.702000000000000000e+03 1.868620000000000003e-01
3.707000000000000000e+03 1.858700000000000074e-01
3.712000000000000000e+03 1.839919999999999889e-01
3.717000000000000000e+03 1.819399999999999906e-01
3.722000000000000000e+03 1.798180000000000056e-01
3.727000000000000000e+03 1.776850000000000096e-01
3.732000000000000000e+03 1.752990000000000104e-01
3.737000000000000000e+03 1.723619999999999874e-01
3.742000000000000000e+03 1.693900000000000128e-01
3.747000000000000000e+03 1.663739999999999941e-01
3.752000000000000000e+03 1.634289999999999909e-01
3.757000000000000000e+03 1.606160000000000088e-01
3.762000000000000000e+03 1.581200000000000105e-01
3.767000000000000000e+03 1.559909999999999908e-01
3.772000000000000000e+03 1.541750000000000065e-01
3.777000000000000000e+03 1.526470000000000049e-01
3.782000000000000000e+03 1.513569999999999915e-01
3.787000000000000000e+03 1.503059999999999952e-01
3.792000000000000000e+03 1.492300000000000015e-01
3.797000000000000000e+03 1.479270000000000029e-01
3.802000000000000000e+03 1.463470000000000049e-01
3.807000000000000000e+03 1.447070000000000023e-01
3.812000000000000000e+03 1.426709999999999923e-01
3.817000000000000000e+03 1.404769999999999908e-01
3.822000000000000000e+03 1.377670000000000006e-01
3.827000000000000000e+03 1.346120000000000094e-01
3.832000000000000000e+03 1.306900000000000006e-01
3.837000000000000000e+03 1.262540000000000051e-01
3.842000000000000000e+03 1.211109999999999964e-01
3.847000000000000000e+03 1.156279999999999947e-01
3.852000000000000000e+03 1.095519999999999966e-01
3.857000000000000000e+03 1.030660000000000048e-01
3.862000000000000000e+03 9.627679999999999572e-02
3.867000000000000000e+03 8.924859999999999738e-02
3.872000000000000000e+03 8.218129999999999880e-02
3.877000000000000000e+03 7.505090000000000372e-02
3.882000000000000000e+03 6.800000000000000488e-02
3.887000000000000000e+03 6.119770000000000071e-02
3.892000000000000000e+03 5.465099999999999819e-02
3.897000000000000000e+03 4.858830000000000093e-02
3.902000000000000000e+03 4.295709999999999806e-02
3.907000000000000000e+03 3.785260000000000014e-02
3.912000000000000000e+03 3.337249999999999939e-02
3.917000000000000000e+03 2.930579999999999991e-02
3.922000000000000000e+03 2.588620000000000157e-02
3.927000000000000000e+03 2.277850000000000014e-02
3.932000000000000000e+03 2.018829999999999930e-02
3.937000000000000000e+03 1.789079999999999837e-02
3.942000000000000000e+03 1.590700000000000100e-02
3.947000000000000000e+03 1.422759999999999997e-02
3.952000000000000000e+03 1.270190000000000034e-02
3.957000000000000000e+03 1.141619999999999961e-02
3.962000000000000000e+03 1.021210000000000000e-02
3.967000000000000000e+03 9.186780000000000293e-03
3.972000000000000000e+03 8.227949999999999500e-03
3.977000000000000000e+03 7.374559999999999622e-03
3.982000000000000000e+03 6.595939999999999789e-03
3.987000000000000000e+03 5.876100000000000420e-03
3.992000000000000000e+03 5.173559999999999791e-03
3.997000000000000000e+03 4.408979999999999844e-03
4.002000000000000000e+03 3.647549999999999838e-03
4.007000000000000000e+03 3.017970000000000028e-03
4.012000000000000000e+03 2.455870000000000188e-03
4.017000000000000000e+03 1.780960000000000052e-03
4.022000000000000000e+03 1.193489999999999959e-03
4.027000000000000000e+03 7.307389999999999979e-04
4.032000000000000000e+03 3.231840000000000147e-04
4.037000000000000000e+03 1.852420000000000130e-04
4.042000000000000000e+03 1.056579999999999970e-04
4.047000000000000000e+03 9.793770000000000253e-05
4.052000000000000000e+03 9.514930000000000057e-05
4.057000000000000000e+03 9.213089999999999572e-05
4.062000000000000000e+03 8.883919999999999469e-05
4.067000000000000000e+03 8.586159999999999799e-05
4.072000000000000000e+03 8.346910000000000353e-05
4.077000000000000000e+03 8.195780000000000328e-05
4.082000000000000000e+03 8.089179999999999689e-05
4.087000000000000000e+03 7.943469999999999351e-05
4.092000000000000000e+03 7.615489999999999825e-05
4.097000000000000000e+03 6.950659999999999619e-05
4.102000000000000000e+03 6.432239999999999930e-05
4.107000000000000000e+03 6.253530000000000416e-05
4.112000000000000000e+03 6.088829999999999774e-05
4.117000000000000000e+03 5.885569999999999962e-05
4.122000000000000000e+03 5.685589999999999888e-05
4.127000000000000000e+03 5.499599999999999996e-05
4.132000000000000000e+03 5.314689999999999763e-05
4.137000000000000000e+03 4.394880000000000179e-05
4.142000000000000000e+03 2.957480000000000016e-05
4.147000000000000000e+03 1.969439999999999901e-05
4.152000000000000000e+03 1.934640000000000166e-05
4.157000000000000000e+03 1.938719999999999964e-05
4.162000000000000000e+03 1.943570000000000096e-05
4.167000000000000000e+03 1.945969999999999937e-05
4.172000000000000000e+03 1.949839999999999953e-05
4.177000000000000000e+03 1.957839999999999876e-05
4.182000000000000000e+03 1.968669999999999906e-05
4.187000000000000000e+03 1.981140000000000144e-05
4.192000000000000000e+03 1.988390000000000117e-05
4.197000000000000000e+03 1.990690000000000078e-05
4.202000000000000000e+03 1.987509999999999882e-05
4.207000000000000000e+03 1.983529999999999964e-05
4.212000000000000000e+03 1.978429999999999962e-05
4.217000000000000000e+03 1.973100000000000133e-05
4.222000000000000000e+03 1.960479999999999905e-05
4.227000000000000000e+03 1.943939999999999891e-05
4.232000000000000000e+03 1.905189999999999965e-05
4.237000000000000000e+03 1.837730000000000106e-05
4.242000000000000000e+03 1.786900000000000120e-05
4.247000000000000000e+03 1.778329999999999963e-05
4.252000000000000000e+03 1.766930000000000039e-05
4.257000000000000000e+03 1.722959999999999848e-05
4.262000000000000000e+03 1.650859999999999979e-05
4.267000000000000000e+03 1.590150000000000013e-05
4.272000000000000000e+03 1.582480000000000136e-05
4.277000000000000000e+03 1.622679999999999853e-05
4.282000000000000000e+03 1.684920000000000124e-05
4.287000000000000000e+03 1.737219999999999945e-05
4.292000000000000000e+03 1.790870000000000016e-05
4.297000000000000000e+03 1.862999999999999951e-05
4.302000000000000000e+03 1.958380000000000044e-05
4.307000000000000000e+03 2.054259999999999878e-05
4.312000000000000000e+03 2.141269999999999914e-05
4.317000000000000000e+03 2.201030000000000168e-05
4.322000000000000000e+03 2.229280000000000110e-05
4.327000000000000000e+03 2.239559999999999950e-05
4.332000000000000000e+03 2.248499999999999902e-05
4.337000000000000000e+03 2.262889999999999945e-05
4.342000000000000000e+03 2.282540000000000003e-05
4.347000000000000000e+03 2.311819999999999831e-05
4.352000000000000000e+03 2.340139999999999926e-05
4.357000000000000000e+03 2.362620000000000090e-05
4.362000000000000000e+03 2.386459999999999848e-05
4.367000000000000000e+03 2.412100000000000165e-05
4.372000000000000000e+03 2.443140000000000125e-05
4.377000000000000000e+03 2.480800000000000033e-05
4.382000000000000000e+03 2.520579999999999845e-05
4.387000000000000000e+03 2.555760000000000074e-05
4.392000000000000000e+03 2.580450000000000002e-05
4.397000000000000000e+03 2.602120000000000084e-05
4.402000000000000000e+03 2.620180000000000043e-05
4.407000000000000000e+03 2.641650000000000026e-05
4.412000000000000000e+03 2.670019999999999891e-05
4.417000000000000000e+03 2.699049999999999849e-05
4.422000000000000000e+03 2.720439999999999995e-05
4.427000000000000000e+03 2.731760000000000083e-05
4.432000000000000000e+03 2.741330000000000061e-05
4.437000000000000000e+03 2.750930000000000104e-05
4.442000000000000000e+03 2.764180000000000020e-05
4.447000000000000000e+03 2.785429999999999859e-05
4.452000000000000000e+03 2.801499999999999859e-05
4.457000000000000000e+03 2.811699999999999863e-05
4.462000000000000000e+03 2.819230000000000111e-05
4.467000000000000000e+03 2.829100000000000069e-05
4.472000000000000000e+03 2.848590000000000115e-05
4.477000000000000000e+03 2.871809999999999868e-05
4.482000000000000000e+03 2.901329999999999884e-05
4.487000000000000000e+03 2.930889999999999987e-05
4.492000000000000000e+03 2.957480000000000016e-05
4.497000000000000000e+03 2.985760000000000023e-05
4.502000000000000000e+03 3.017600000000000043e-05
4.507000000000000000e+03 3.047509999999999897e-05
4.512000000000000000e+03 3.076749999999999976e-05
4.517000000000000000e+03 3.099450000000000284e-05
4.522000000000000000e+03 3.111019999999999904e-05
4.527000000000000000e+03 3.108110000000000300e-05
4.532000000000000000e+03 3.108620000000000063e-05
4.537000000000000000e+03 3.119929999999999790e-05
4.542000000000000000e+03 3.135920000000000293e-05
4.547000000000000000e+03 3.160449999999999870e-05
4.552000000000000000e+03 3.174279999999999702e-05
4.557000000000000000e+03 3.171060000000000095e-05
4.562000000000000000e+03 3.161450000000000029e-05
4.567000000000000000e+03 2.926590000000000045e-05
4.572000000000000000e+03 2.451490000000000139e-05
4.577000000000000000e+03 2.114679999999999886e-05
4.582000000000000000e+03 2.118330000000000096e-05
4.587000000000000000e+03 2.132040000000000004e-05
4.592000000000000000e+03 2.030189999999999954e-05
4.597000000000000000e+03 1.578379999999999955e-05
4.602000000000000000e+03 9.094719999999999213e-06
4.607000000000000000e+03 3.570920000000000109e-06
4.612000000000000000e+03 1.438020000000000061e-07
