1.224400000000000000e+04 0.000000000000000000e+00
1.227100000000000000e+04 1.543250000000000005e-06
1.229800000000000000e+04 6.531190000000000397e-06
1.232500000000000000e+04 9.153089999999999808e-06
1.235200000000000000e+04 1.260250000000000004e-05
1.237900000000000000e+04 2.558520000000000027e-05
1.240600000000000000e+04 3.630219999999999948e-05
1.243300000000000000e+04 4.207449999999999840e-05
1.246000000000000000e+04 4.459460000000000160e-05
1.248700000000000000e+04 4.858370000000000039e-05
1.251400000000000000e+04 5.593509999999999915e-05
1.254100000000000000e+04 5.953980000000000210e-05
1.256800000000000000e+04 6.006029999999999822e-05
1.259500000000000000e+04 6.033120000000000269e-05
1.262200000000000000e+04 6.345450000000000038e-05
1.264900000000000000e+04 6.223330000000000604e-05
1.267600000000000000e+04 6.419190000000000453e-05
1.270300000000000000e+04 7.580829999999999719e-05
1.273000000000000000e+04 9.371819999999999999e-05
1.275700000000000000e+04 1.338309999999999999e-04
1.278400000000000000e+04 1.945849999999999945e-04
1.281100000000000000e+04 3.015369999999999964e-04
1.283800000000000000e+04 4.919020000000000076e-04
1.286500000000000000e+04 8.034630000000000287e-04
1.289200000000000000e+04 1.413229999999999912e-03
1.291900000000000000e+04 2.328300000000000161e-03
1.294600000000000000e+04 4.145590000000000212e-03
1.297300000000000000e+04 6.727340000000000056e-03
1.300000000000000000e+04 1.030170000000000044e-02
1.302700000000000000e+04 1.498170000000000057e-02
1.305400000000000000e+04 2.087929999999999994e-02
1.308100000000000000e+04 2.803210000000000077e-02
1.310800000000000000e+04 3.657189999999999747e-02
1.313500000000000000e+04 4.631520000000000081e-02
1.316200000000000000e+04 5.803869999999999862e-02
1.318900000000000000e+04 7.308610000000000106e-02
1.321600000000000000e+04 9.038380000000000025e-02
1.324300000000000000e+04 1.108330000000000010e-01
1.327000000000000000e+04 1.253710000000000102e-01
1.329700000000000000e+04 1.280409999999999882e-01
1.332400000000000000e+04 1.363769999999999982e-01
1.335100000000000000e+04 1.497759999999999925e-01
1.337800000000000000e+04 1.655610000000000137e-01
1.340500000000000000e+04 1.854780000000000040e-01
1.343200000000000000e+04 2.138380000000000003e-01
1.345900000000000000e+04 2.384989999999999888e-01
1.348600000000000000e+04 2.583570000000000033e-01
1.351300000000000000e+04 2.667680000000000051e-01
1.354000000000000000e+04 2.688019999999999854e-01
1.356700000000000000e+04 2.666310000000000069e-01
1.359400000000000000e+04 2.610950000000000215e-01
1.362100000000000000e+04 2.517719999999999958e-01
1.364800000000000000e+04 2.449490000000000001e-01
1.367500000000000000e+04 2.416550000000000087e-01
1.370200000000000000e+04 2.496649999999999980e-01
1.372900000000000000e+04 2.615259999999999807e-01
1.375600000000000000e+04 2.722870000000000013e-01
1.378300000000000000e+04 2.844969999999999999e-01
1.381000000000000000e+04 2.990949999999999998e-01
1.383700000000000000e+04 3.095280000000000253e-01
1.386400000000000000e+04 3.183880000000000043e-01
1.389100000000000000e+04 3.269799999999999929e-01
1.391800000000000000e+04 3.358280000000000154e-01
1.394500000000000000e+04 3.449969999999999981e-01
1.397200000000000000e+04 3.535690000000000222e-01
1.399900000000000000e+04 3.624589999999999756e-01
1.402600000000000000e+04 3.698819999999999886e-01
1.405300000000000000e+04 3.770439999999999903e-01
1.408000000000000000e+04 3.834679999999999755e-01
1.410700000000000000e+04 3.895330000000000181e-01
1.413400000000000000e+04 3.954650000000000110e-01
1.416100000000000000e+04 4.020279999999999965e-01
1.418800000000000000e+04 4.096690000000000054e-01
1.421500000000000000e+04 4.181429999999999869e-01
1.424200000000000000e+04 4.282170000000000143e-01
1.426900000000000000e+04 4.387019999999999809e-01
1.429600000000000000e+04 4.499650000000000039e-01
1.432300000000000000e+04 4.611299999999999844e-01
1.435000000000000000e+04 4.710289999999999755e-01
1.437700000000000000e+04 4.801219999999999932e-01
1.440400000000000000e+04 4.879260000000000264e-01
1.443100000000000000e+04 4.949430000000000218e-01
1.445800000000000000e+04 5.004070000000000462e-01
1.448500000000000000e+04 5.064720000000000333e-01
1.451200000000000000e+04 5.138220000000000010e-01
1.453900000000000000e+04 5.231519999999999504e-01
1.456600000000000000e+04 5.338410000000000100e-01
1.459300000000000000e+04 5.434670000000000334e-01
1.462000000000000000e+04 5.533599999999999630e-01
1.464700000000000000e+04 5.631909999999999972e-01
1.467400000000000000e+04 5.737010000000000165e-01
1.470100000000000000e+04 5.836449999999999694e-01
1.472800000000000000e+04 5.899079999999999879e-01
1.475500000000000000e+04 5.947440000000000504e-01
1.478200000000000000e+04 5.997799999999999798e-01
1.480900000000000000e+04 6.052389999999999715e-01
1.483600000000000000e+04 6.120470000000000077e-01
1.486300000000000000e+04 6.204929999999999612e-01
1.489000000000000000e+04 6.306540000000000479e-01
1.491700000000000000e+04 6.416730000000000489e-01
1.494400000000000000e+04 6.538089999999999735e-01
1.497100000000000000e+04 6.653000000000000025e-01
1.499800000000000000e+04 6.764120000000000132e-01
1.502500000000000000e+04 6.855850000000000000e-01
1.505200000000000000e+04 6.955069999999999864e-01
1.507900000000000000e+04 7.056710000000000482e-01
1.510600000000000000e+04 7.145559999999999690e-01
1.513300000000000000e+04 7.240429999999999922e-01
1.516000000000000000e+04 7.330330000000000457e-01
1.518700000000000000e+04 7.404180000000000206e-01
1.521400000000000000e+04 7.471449999999999481e-01
1.524100000000000000e+04 7.533560000000000256e-01
1.526800000000000000e+04 7.594769999999999577e-01
1.529500000000000000e+04 7.625790000000000068e-01
1.532200000000000000e+04 7.645870000000000166e-01
1.534900000000000000e+04 7.643830000000000346e-01
1.537600000000000000e+04 7.549590000000000467e-01
1.540300000000000000e+04 7.396449999999999969e-01
1.543000000000000000e+04 7.218980000000000397e-01
1.545700000000000000e+04 7.034110000000000085e-01
1.548400000000000000e+04 6.858480000000000132e-01
1.551100000000000000e+04 6.724130000000000384e-01
1.553800000000000000e+04 6.634719999999999507e-01
1.556500000000000000e+04 6.619420000000000304e-01
1.559200000000000000e+04 6.659690000000000332e-01
1.561900000000000000e+04 6.765849999999999920e-01
1.564600000000000000e+04 6.933110000000000106e-01
1.567300000000000000e+04 7.136799999999999811e-01
1.570000000000000000e+04 7.373030000000000417e-01
1.572700000000000000e+04 7.605699999999999683e-01
1.575400000000000000e+04 7.824119999999999964e-01
1.578100000000000000e+04 8.030070000000000263e-01
1.580800000000000000e+04 8.192059999999999897e-01
1.583500000000000000e+04 8.340699999999999781e-01
1.586200000000000000e+04 8.446930000000000271e-01
1.588900000000000000e+04 8.545519999999999783e-01
1.591600000000000000e+04 8.633380000000000498e-01
1.594300000000000000e+04 8.716990000000000016e-01
1.597000000000000000e+04 8.808700000000000419e-01
1.599700000000000000e+04 8.896450000000000191e-01
1.602400000000000000e+04 8.991719999999999713e-01
1.605100000000000000e+04 9.080829999999999735e-01
1.607800000000000000e+04 9.171799999999999953e-01
1.610500000000000000e+04 9.253759999999999764e-01
1.613200000000000000e+04 9.329859999999999820e-01
1.615900000000000000e+04 9.404489999999999794e-01
1.618600000000000000e+04 9.469769999999999577e-01
1.621300000000000000e+04 9.539499999999999647e-01
1.624000000000000000e+04 9.600649999999999462e-01
1.626700000000000000e+04 9.665850000000000275e-01
1.629400000000000000e+04 9.723969999999999558e-01
1.632100000000000000e+04 9.778210000000000512e-01
1.634800000000000000e+04 9.835519999999999818e-01
1.637500000000000000e+04 9.882050000000000001e-01
1.640200000000000000e+04 9.922290000000000276e-01
1.642900000000000000e+04 9.955960000000000365e-01
1.645600000000000000e+04 9.968970000000000331e-01
1.648300000000000000e+04 9.975549999999999695e-01
1.651000000000000000e+04 9.968350000000000266e-01
1.653700000000000000e+04 9.959379999999999900e-01
1.656400000000000000e+04 9.952910000000000368e-01
1.659100000000000000e+04 9.950210000000000443e-01
1.661800000000000000e+04 9.955709999999999837e-01
1.664500000000000000e+04 9.967979999999999619e-01
1.667200000000000000e+04 9.982739999999999947e-01
1.669900000000000000e+04 9.998909999999999743e-01
1.672600000000000000e+04 1.000000000000000000e+00
1.675300000000000000e+04 9.996819999999999595e-01
1.678000000000000000e+04 9.988059999999999716e-01
1.680700000000000000e+04 9.975159999999999583e-01
1.683400000000000000e+04 9.962469999999999937e-01
1.686100000000000000e+04 9.936869999999999870e-01
1.688800000000000000e+04 9.899449999999999639e-01
1.691500000000000000e+04 9.856030000000000069e-01
1.694200000000000000e+04 9.807909999999999684e-01
1.696900000000000000e+04 9.764429999999999499e-01
1.699600000000000000e+04 9.724180000000000046e-01
1.702300000000000000e+04 9.686310000000000198e-01
1.705000000000000000e+04 9.653639999999999999e-01
1.707700000000000000e+04 9.614650000000000141e-01
1.710400000000000000e+04 9.575529999999999875e-01
1.713100000000000000e+04 9.526310000000000056e-01
1.715800000000000000e+04 9.471519999999999939e-01
1.718500000000000000e+04 9.419729999999999492e-01
1.721200000000000000e+04 9.363200000000000411e-01
1.723900000000000000e+04 9.314390000000000169e-01
1.726600000000000000e+04 9.262839999999999963e-01
1.729300000000000000e+04 9.212190000000000101e-01
1.732000000000000000e+04 9.159030000000000227e-01
1.734700000000000000e+04 9.110530000000000017e-01
1.737400000000000000e+04 9.064900000000000180e-01
1.740100000000000000e+04 9.031350000000000211e-01
1.742800000000000000e+04 9.001249999999999529e-01
1.745500000000000000e+04 8.969089999999999563e-01
1.748200000000000000e+04 8.935250000000000137e-01
1.750900000000000000e+04 8.887350000000000527e-01
1.753600000000000000e+04 8.828939999999999566e-01
1.756300000000000000e+04 8.750769999999999937e-01
1.759000000000000000e+04 8.659499999999999975e-01
1.761700000000000000e+04 8.550670000000000215e-01
1.764400000000000000e+04 8.438470000000000137e-01
1.767100000000000000e+04 8.328130000000000255e-01
1.769800000000000000e+04 8.229030000000000511e-01
1.772500000000000000e+04 8.149180000000000312e-01
1.775200000000000000e+04 8.084500000000000020e-01
1.777900000000000000e+04 8.037969999999999837e-01
1.780600000000000000e+04 8.001009999999999511e-01
1.783300000000000000e+04 7.969420000000000393e-01
1.786000000000000000e+04 7.933249999999999469e-01
1.788700000000000000e+04 7.877100000000000213e-01
1.791400000000000000e+04 7.795790000000000219e-01
1.794100000000000000e+04 7.691299999999999804e-01
1.796800000000000000e+04 7.571719999999999562e-01
1.799500000000000000e+04 7.447890000000000343e-01
1.802200000000000000e+04 7.325460000000000305e-01
1.804900000000000000e+04 7.203049999999999731e-01
1.807600000000000000e+04 7.092230000000000478e-01
1.810300000000000000e+04 6.987719999999999487e-01
1.813000000000000000e+04 6.894869999999999610e-01
1.815700000000000000e+04 6.815879999999999717e-01
1.818400000000000000e+04 6.750730000000000341e-01
1.821100000000000000e+04 6.701390000000000402e-01
1.823800000000000000e+04 6.661770000000000191e-01
1.826500000000000000e+04 6.627039999999999598e-01
1.829200000000000000e+04 6.597589999999999844e-01
1.831900000000000000e+04 6.564370000000000482e-01
1.834600000000000000e+04 6.531510000000000371e-01
1.837300000000000000e+04 6.482639999999999514e-01
1.840000000000000000e+04 6.429489999999999927e-01
1.842700000000000000e+04 6.365570000000000395e-01
1.845400000000000000e+04 6.291330000000000533e-01
1.848100000000000000e+04 6.218949999999999756e-01
1.850800000000000000e+04 6.146000000000000352e-01
1.853500000000000000e+04 6.082920000000000549e-01
1.856200000000000000e+04 6.026399999999999535e-01
1.858900000000000000e+04 5.972549999999999804e-01
1.861600000000000000e+04 5.917219999999999702e-01
1.864300000000000000e+04 5.846270000000000078e-01
1.867000000000000000e+04 5.774700000000000388e-01
1.869700000000000000e+04 5.689629999999999965e-01
1.872400000000000000e+04 5.603470000000000395e-01
1.875100000000000000e+04 5.525499999999999856e-01
1.877800000000000000e+04 5.450089999999999657e-01
1.880500000000000000e+04 5.385210000000000274e-01
1.883200000000000000e+04 5.317809999999999482e-01
1.885900000000000000e+04 5.252139999999999587e-01
1.888600000000000000e+04 5.182470000000000132e-01
1.891300000000000000e+04 5.092759999999999510e-01
1.894000000000000000e+04 5.007519999999999749e-01
1.896700000000000000e+04 4.920900000000000274e-01
1.899400000000000000e+04 4.840289999999999870e-01
1.902100000000000000e+04 4.782609999999999917e-01
1.904800000000000000e+04 4.739099999999999979e-01
1.907500000000000000e+04 4.704670000000000241e-01
1.910200000000000000e+04 4.676910000000000234e-01
1.912900000000000000e+04 4.653100000000000014e-01
1.915600000000000000e+04 4.632539999999999991e-01
1.918300000000000000e+04 4.606739999999999724e-01
1.921000000000000000e+04 4.576399999999999912e-01
1.923700000000000000e+04 4.529830000000000245e-01
1.926400000000000000e+04 4.452999999999999736e-01
1.929100000000000000e+04 4.348819999999999908e-01
1.931800000000000000e+04 4.193810000000000038e-01
1.934500000000000000e+04 4.012660000000000116e-01
1.937200000000000000e+04 3.814409999999999745e-01
1.939900000000000000e+04 3.599620000000000042e-01
1.942600000000000000e+04 3.402530000000000276e-01
1.945300000000000000e+04 3.201970000000000094e-01
1.948000000000000000e+04 3.015939999999999732e-01
1.950700000000000000e+04 2.837560000000000082e-01
1.953400000000000000e+04 2.671129999999999893e-01
1.956100000000000000e+04 2.519040000000000168e-01
1.958800000000000000e+04 2.378709999999999991e-01
1.961500000000000000e+04 2.256680000000000075e-01
1.964200000000000000e+04 2.137709999999999888e-01
1.966900000000000000e+04 2.027269999999999905e-01
1.969600000000000000e+04 1.915290000000000048e-01
1.972300000000000000e+04 1.800009999999999943e-01
1.975000000000000000e+04 1.687770000000000103e-01
1.977700000000000000e+04 1.573599999999999999e-01
1.980400000000000000e+04 1.466179999999999983e-01
1.983100000000000000e+04 1.364759999999999862e-01
1.985800000000000000e+04 1.267349999999999866e-01
1.988500000000000000e+04 1.179790000000000005e-01
1.991200000000000000e+04 1.090829999999999994e-01
1.993900000000000000e+04 9.980740000000000445e-02
1.996600000000000000e+04 9.087539999999999507e-02
1.999300000000000000e+04 8.239190000000000402e-02
2.002000000000000000e+04 7.436349999999999905e-02
2.004700000000000000e+04 6.653019999999999767e-02
2.007400000000000000e+04 5.905069999999999764e-02
2.010100000000000000e+04 5.058250000000000246e-02
2.012800000000000000e+04 4.190479999999999899e-02
2.015500000000000000e+04 3.326520000000000171e-02
2.018200000000000000e+04 2.508919999999999900e-02
2.020900000000000000e+04 1.798040000000000055e-02
2.023600000000000000e+04 1.255610000000000059e-02
2.026300000000000000e+04 8.212260000000000740e-03
2.029000000000000000e+04 5.475559999999999976e-03
2.031700000000000000e+04 3.468580000000000187e-03
2.034400000000000000e+04 2.270589999999999848e-03
2.037100000000000000e+04 1.461129999999999938e-03
2.039800000000000000e+04 9.763880000000000172e-04
2.042500000000000000e+04 6.715480000000000017e-04
2.045200000000000000e+04 4.713219999999999845e-04
2.047900000000000000e+04 3.485469999999999953e-04
2.050600000000000000e+04 2.545609999999999908e-04
2.053300000000000000e+04 1.881639999999999962e-04
2.056000000000000000e+04 1.345870000000000042e-04
2.058700000000000000e+04 9.434030000000000204e-05
2.061400000000000000e+04 6.762090000000000169e-05
2.064100000000000000e+04 6.017769999999999814e-05
2.066800000000000000e+04 5.716709999999999685e-05
2.069500000000000000e+04 5.589769999999999846e-05
2.072200000000000000e+04 5.604750000000000167e-05
2.074900000000000000e+04 4.254200000000000028e-05
2.077600000000000000e+04 1.858989999999999967e-05
2.080300000000000000e+04 2.962559999999999974e-06
2.083000000000000000e+04 6.924560000000000167e-08
