2.087000000000000000e+03 0.000000000000000000e+00
2.092000000000000000e+03 9.293439999999999870e-07
2.097000000000000000e+03 4.305510000000000389e-06
2.102000000000000000e+03 1.427050000000000000e-05
2.107000000000000000e+03 2.616699999999999866e-05
2.112000000000000000e+03 3.419029999999999688e-05
2.117000000000000000e+03 3.741260000000000158e-05
2.122000000000000000e+03 3.882460000000000094e-05
2.127000000000000000e+03 4.021300000000000276e-05
2.132000000000000000e+03 4.173139999999999825e-05
2.137000000000000000e+03 4.330840000000000026e-05
2.142000000000000000e+03 4.487660000000000330e-05
2.147000000000000000e+03 4.636929999999999665e-05
2.152000000000000000e+03 4.769269999999999825e-05
2.157000000000000000e+03 4.864719999999999732e-05
2.162000000000000000e+03 4.907880000000000180e-05
2.167000000000000000e+03 4.914159999999999720e-05
2.172000000000000000e+03 4.869779999999999985e-05
2.177000000000000000e+03 4.802810000000000184e-05
2.182000000000000000e+03 4.713550000000000297e-05
2.187000000000000000e+03 4.617909999999999973e-05
2.192000000000000000e+03 4.526270000000000288e-05
2.197000000000000000e+03 4.453459999999999879e-05
2.202000000000000000e+03 4.413849999999999761e-05
2.207000000000000000e+03 4.437369999999999834e-05
2.212000000000000000e+03 4.500270000000000198e-05
2.217000000000000000e+03 4.625619999999999938e-05
2.222000000000000000e+03 4.779390000000000331e-05
2.227000000000000000e+03 4.953010000000000203e-05
2.232000000000000000e+03 5.121839999999999737e-05
2.237000000000000000e+03 5.258260000000000034e-05
2.242000000000000000e+03 5.330670000000000243e-05
2.247000000000000000e+03 5.348940000000000324e-05
2.252000000000000000e+03 5.262199999999999864e-05
2.257000000000000000e+03 5.113070000000000158e-05
2.262000000000000000e+03 4.859720000000000288e-05
2.267000000000000000e+03 4.545219999999999827e-05
2.272000000000000000e+03 4.183359999999999873e-05
2.277000000000000000e+03 3.797359999999999841e-05
2.282000000000000000e+03 3.412229999999999685e-05
2.287000000000000000e+03 3.055480000000000094e-05
2.292000000000000000e+03 2.727539999999999978e-05
2.297000000000000000e+03 2.472829999999999836e-05
2.302000000000000000e+03 2.269720000000000014e-05
2.307000000000000000e+03 2.147619999999999946e-05
2.312000000000000000e+03 2.095580000000000018e-05
2.317000000000000000e+03 2.104870000000000059e-05
2.322000000000000000e+03 2.185380000000000073e-05
2.327000000000000000e+03 2.301809999999999905e-05
2.332000000000000000e+03 2.464470000000000140e-05
2.337000000000000000e+03 2.641980000000000072e-05
2.342000000000000000e+03 2.822999999999999907e-05
2.347000000000000000e+03 2.994570000000000028e-05
2.352000000000000000e+03 3.140919999999999736e-05
2.357000000000000000e+03 3.244439999999999721e-05
2.362000000000000000e+03 3.304369999999999671e-05
2.367000000000000000e+03 3.278040000000000213e-05
2.372000000000000000e+03 3.203310000000000337e-05
2.377000000000000000e+03 3.045460000000000146e-05
2.382000000000000000e+03 2.848290000000000134e-05
2.387000000000000000e+03 2.625420000000000013e-05
2.392000000000000000e+03 2.395789999999999977e-05
2.397000000000000000e+03 2.170799999999999951e-05
2.402000000000000000e+03 1.961849999999999860e-05
2.407000000000000000e+03 1.766020000000000076e-05
2.412000000000000000e+03 1.602119999999999833e-05
2.417000000000000000e+03 1.459270000000000006e-05
2.422000000000000000e+03 1.356339999999999960e-05
2.427000000000000000e+03 1.280069999999999926e-05
2.432000000000000000e+03 1.219260000000000080e-05
2.437000000000000000e+03 1.168630000000000024e-05
2.442000000000000000e+03 1.122990000000000068e-05
2.447000000000000000e+03 1.086169999999999970e-05
2.452000000000000000e+03 1.053670000000000027e-05
2.457000000000000000e+03 1.027819999999999927e-05
2.462000000000000000e+03 1.004240000000000062e-05
2.467000000000000000e+03 9.792809999999999503e-06
2.472000000000000000e+03 9.523379999999999611e-06
2.477000000000000000e+03 9.260550000000000639e-06
2.482000000000000000e+03 9.019769999999999193e-06
2.487000000000000000e+03 8.778269999999999896e-06
2.492000000000000000e+03 8.508489999999999237e-06
2.497000000000000000e+03 8.228969999999999921e-06
2.502000000000000000e+03 7.967979999999999223e-06
2.507000000000000000e+03 7.721020000000000828e-06
2.512000000000000000e+03 7.460729999999999971e-06
2.517000000000000000e+03 7.180610000000000187e-06
2.522000000000000000e+03 6.911710000000000102e-06
2.527000000000000000e+03 6.710100000000000350e-06
2.532000000000000000e+03 6.553749999999999721e-06
2.537000000000000000e+03 6.483149999999999922e-06
2.542000000000000000e+03 6.460570000000000047e-06
2.547000000000000000e+03 6.465709999999999628e-06
2.552000000000000000e+03 6.582759999999999634e-06
2.557000000000000000e+03 6.994719999999999837e-06
2.562000000000000000e+03 7.357639999999999913e-06
2.567000000000000000e+03 7.343710000000000370e-06
2.572000000000000000e+03 7.132360000000000268e-06
2.577000000000000000e+03 6.889629999999999629e-06
2.582000000000000000e+03 6.702650000000000108e-06
2.587000000000000000e+03 6.599840000000000155e-06
2.592000000000000000e+03 6.568480000000000171e-06
2.597000000000000000e+03 6.572079999999999594e-06
2.602000000000000000e+03 6.581359999999999953e-06
2.607000000000000000e+03 6.591089999999999604e-06
2.612000000000000000e+03 6.606539999999999600e-06
2.617000000000000000e+03 6.612899999999999823e-06
2.622000000000000000e+03 6.604299999999999601e-06
2.627000000000000000e+03 6.572699999999999768e-06
2.632000000000000000e+03 6.506369999999999676e-06
2.637000000000000000e+03 6.433380000000000397e-06
2.642000000000000000e+03 6.401690000000000197e-06
2.647000000000000000e+03 6.386940000000000042e-06
2.652000000000000000e+03 6.391760000000000108e-06
2.657000000000000000e+03 6.399659999999999642e-06
2.662000000000000000e+03 6.396520000000000211e-06
2.667000000000000000e+03 6.385020000000000406e-06
2.672000000000000000e+03 6.328539999999999890e-06
2.677000000000000000e+03 6.216959999999999681e-06
2.682000000000000000e+03 6.071170000000000014e-06
2.687000000000000000e+03 5.836480000000000234e-06
2.692000000000000000e+03 5.582220000000000232e-06
2.697000000000000000e+03 5.401449999999999759e-06
2.702000000000000000e+03 5.274579999999999735e-06
2.707000000000000000e+03 5.167900000000000106e-06
2.712000000000000000e+03 5.084129999999999720e-06
2.717000000000000000e+03 5.038620000000000049e-06
2.722000000000000000e+03 5.087550000000000104e-06
2.727000000000000000e+03 5.164259999999999578e-06
2.732000000000000000e+03 5.209379999999999919e-06
2.737000000000000000e+03 5.215409999999999927e-06
2.742000000000000000e+03 5.173269999999999683e-06
2.747000000000000000e+03 5.107089999999999921e-06
2.752000000000000000e+03 5.081280000000000247e-06
2.757000000000000000e+03 5.146870000000000241e-06
2.762000000000000000e+03 5.244309999999999769e-06
2.767000000000000000e+03 5.372140000000000034e-06
2.772000000000000000e+03 5.519749999999999964e-06
2.777000000000000000e+03 5.750689999999999993e-06
2.782000000000000000e+03 6.045950000000000110e-06
2.787000000000000000e+03 6.333220000000000326e-06
2.792000000000000000e+03 6.571319999999999791e-06
2.797000000000000000e+03 6.762239999999999651e-06
2.802000000000000000e+03 6.857540000000000246e-06
2.807000000000000000e+03 6.915809999999999774e-06
2.812000000000000000e+03 6.941100000000000340e-06
2.817000000000000000e+03 6.953330000000000391e-06
2.822000000000000000e+03 6.962350000000000349e-06
2.827000000000000000e+03 6.969480000000000228e-06
2.832000000000000000e+03 6.976579999999999702e-06
2.837000000000000000e+03 6.983680000000000024e-06
2.842000000000000000e+03 6.990769999999999646e-06
2.847000000000000000e+03 6.997740000000000191e-06
2.852000000000000000e+03 7.004680000000000331e-06
2.857000000000000000e+03 7.014750000000000050e-06
2.862000000000000000e+03 7.029869999999999831e-06
2.867000000000000000e+03 7.078279999999999932e-06
2.872000000000000000e+03 7.204280000000000080e-06
2.877000000000000000e+03 7.381779999999999652e-06
2.882000000000000000e+03 7.682170000000000345e-06
2.887000000000000000e+03 8.030709999999999891e-06
2.892000000000000000e+03 8.380899999999999667e-06
2.897000000000000000e+03 8.724860000000000691e-06
2.902000000000000000e+03 9.096630000000000690e-06
2.907000000000000000e+03 9.510530000000000234e-06
2.912000000000000000e+03 9.922199999999999632e-06
2.917000000000000000e+03 1.032110000000000017e-05
2.922000000000000000e+03 1.072820000000000005e-05
2.927000000000000000e+03 1.122960000000000002e-05
2.932000000000000000e+03 1.180359999999999995e-05
2.937000000000000000e+03 1.254690000000000010e-05
2.942000000000000000e+03 1.346410000000000040e-05
2.947000000000000000e+03 1.447799999999999928e-05
2.952000000000000000e+03 1.562469999999999967e-05
2.957000000000000000e+03 1.681599999999999959e-05
2.962000000000000000e+03 1.810409999999999832e-05
2.967000000000000000e+03 1.944759999999999995e-05
2.972000000000000000e+03 2.093829999999999907e-05
2.977000000000000000e+03 2.256219999999999889e-05
2.982000000000000000e+03 2.440150000000000007e-05
2.987000000000000000e+03 2.656299999999999962e-05
2.992000000000000000e+03 2.891810000000000016e-05
2.997000000000000000e+03 3.172290000000000082e-05
3.002000000000000000e+03 3.477950000000000133e-05
3.007000000000000000e+03 3.847880000000000164e-05
3.012000000000000000e+03 4.263629999999999699e-05
3.017000000000000000e+03 4.751810000000000165e-05
3.022000000000000000e+03 5.322179999999999923e-05
3.027000000000000000e+03 5.959949999999999748e-05
3.032000000000000000e+03 6.725880000000000053e-05
3.037000000000000000e+03 7.561009999999999628e-05
3.042000000000000000e+03 8.557619999999999561e-05
3.047000000000000000e+03 9.651099999999999805e-05
3.052000000000000000e+03 1.093330000000000051e-04
3.057000000000000000e+03 1.239169999999999996e-04
3.062000000000000000e+03 1.404579999999999891e-04
3.067000000000000000e+03 1.600299999999999976e-04
3.072000000000000000e+03 1.821539999999999911e-04
3.077000000000000000e+03 2.374900000000000047e-04
3.082000000000000000e+03 3.474129999999999753e-04
3.087000000000000000e+03 5.159039999999999720e-04
3.092000000000000000e+03 7.234550000000000182e-04
3.097000000000000000e+03 9.758320000000000449e-04
3.102000000000000000e+03 1.333430000000000032e-03
3.107000000000000000e+03 1.780890000000000034e-03
3.112000000000000000e+03 2.349720000000000020e-03
3.117000000000000000e+03 2.996369999999999936e-03
3.122000000000000000e+03 3.773980000000000130e-03
3.127000000000000000e+03 4.643409999999999725e-03
3.132000000000000000e+03 5.615550000000000402e-03
3.137000000000000000e+03 6.666049999999999753e-03
3.142000000000000000e+03 7.776909999999999726e-03
3.147000000000000000e+03 8.972189999999999679e-03
3.152000000000000000e+03 1.022750000000000048e-02
3.157000000000000000e+03 1.155920000000000038e-02
3.162000000000000000e+03 1.293290000000000065e-02
3.167000000000000000e+03 1.438049999999999919e-02
3.172000000000000000e+03 1.591930000000000081e-02
3.177000000000000000e+03 1.753630000000000119e-02
3.182000000000000000e+03 1.928279999999999925e-02
3.187000000000000000e+03 2.110870000000000107e-02
3.192000000000000000e+03 2.307520000000000057e-02
3.197000000000000000e+03 2.512009999999999937e-02
3.202000000000000000e+03 2.728929999999999897e-02
3.207000000000000000e+03 2.956860000000000044e-02
3.212000000000000000e+03 3.194820000000000298e-02
3.217000000000000000e+03 3.444930000000000214e-02
3.222000000000000000e+03 3.703580000000000066e-02
3.227000000000000000e+03 3.972479999999999761e-02
3.232000000000000000e+03 4.248099999999999793e-02
3.237000000000000000e+03 4.530109999999999693e-02
3.242000000000000000e+03 4.816929999999999823e-02
3.247000000000000000e+03 5.104940000000000172e-02
3.252000000000000000e+03 5.392620000000000052e-02
3.257000000000000000e+03 5.677089999999999914e-02
3.262000000000000000e+03 5.953399999999999664e-02
3.267000000000000000e+03 6.221469999999999778e-02
3.272000000000000000e+03 6.471849999999999825e-02
3.277000000000000000e+03 6.708530000000000049e-02
3.282000000000000000e+03 6.921819999999999362e-02
3.287000000000000000e+03 7.114910000000000678e-02
3.292000000000000000e+03 7.283789999999999709e-02
3.297000000000000000e+03 7.426080000000000181e-02
3.302000000000000000e+03 7.546640000000000292e-02
3.307000000000000000e+03 7.639940000000000619e-02
3.312000000000000000e+03 7.714790000000000536e-02
3.317000000000000000e+03 7.766460000000000030e-02
3.322000000000000000e+03 7.799490000000000589e-02
3.327000000000000000e+03 7.814530000000000087e-02
3.332000000000000000e+03 7.814680000000000237e-02
3.337000000000000000e+03 7.802729999999999388e-02
3.342000000000000000e+03 7.789450000000000540e-02
3.347000000000000000e+03 7.785279999999999978e-02
3.352000000000000000e+03 7.786579999999999890e-02
3.357000000000000000e+03 7.790439999999999865e-02
3.362000000000000000e+03 7.801160000000000039e-02
3.367000000000000000e+03 7.815519999999999412e-02
3.372000000000000000e+03 7.831130000000000035e-02
3.377000000000000000e+03 7.851199999999999846e-02
3.382000000000000000e+03 7.873059999999999781e-02
3.387000000000000000e+03 7.896780000000000466e-02
3.392000000000000000e+03 7.920399999999999663e-02
3.397000000000000000e+03 7.945339999999999347e-02
3.402000000000000000e+03 7.976629999999999832e-02
3.407000000000000000e+03 8.015419999999999490e-02
3.412000000000000000e+03 8.060539999999999372e-02
3.417000000000000000e+03 8.112969999999999904e-02
3.422000000000000000e+03 8.178860000000000297e-02
3.427000000000000000e+03 8.262899999999999412e-02
3.432000000000000000e+03 8.372119999999999562e-02
3.437000000000000000e+03 8.509980000000000322e-02
3.442000000000000000e+03 8.688379999999999714e-02
3.447000000000000000e+03 8.941860000000000086e-02
3.452000000000000000e+03 9.299119999999999608e-02
3.457000000000000000e+03 9.843810000000000060e-02
3.462000000000000000e+03 1.062379999999999991e-01
3.467000000000000000e+03 1.178469999999999934e-01
3.472000000000000000e+03 1.348519999999999996e-01
3.477000000000000000e+03 1.585080000000000100e-01
3.482000000000000000e+03 1.914980000000000016e-01
3.487000000000000000e+03 2.344179999999999875e-01
3.492000000000000000e+03 2.879590000000000205e-01
3.497000000000000000e+03 3.525960000000000205e-01
3.502000000000000000e+03 4.262179999999999858e-01
3.507000000000000000e+03 5.060959999999999903e-01
3.512000000000000000e+03 5.911710000000000020e-01
3.517000000000000000e+03 6.737149999999999528e-01
3.522000000000000000e+03 7.512539999999999774e-01
3.527000000000000000e+03 8.195310000000000095e-01
3.532000000000000000e+03 8.734549999999999814e-01
3.537000000000000000e+03 9.128929999999999545e-01
3.542000000000000000e+03 9.404850000000000154e-01
3.547000000000000000e+03 9.562720000000000109e-01
3.552000000000000000e+03 9.654049999999999576e-01
3.557000000000000000e+03 9.702150000000000496e-01
3.562000000000000000e+03 9.730079999999999840e-01
3.567000000000000000e+03 9.766669999999999519e-01
3.572000000000000000e+03 9.802389999999999715e-01
3.577000000000000000e+03 9.845920000000000227e-01
3.582000000000000000e+03 9.899470000000000214e-01
3.587000000000000000e+03 9.945129999999999804e-01
3.592000000000000000e+03 9.981919999999999682e-01
3.597000000000000000e+03 1.000000000000000000e+00
3.602000000000000000e+03 9.986620000000000497e-01
3.607000000000000000e+03 9.956390000000000517e-01
3.612000000000000000e+03 9.916490000000000027e-01
3.617000000000000000e+03 9.870449999999999502e-01
3.622000000000000000e+03 9.825260000000000105e-01
3.627000000000000000e+03 9.778099999999999570e-01
3.632000000000000000e+03 9.720969999999999889e-01
3.637000000000000000e+03 9.666979999999999462e-01
3.642000000000000000e+03 9.586289999999999534e-01
3.647000000000000000e+03 9.448339999999999517e-01
3.652000000000000000e+03 9.237440000000000095e-01
3.657000000000000000e+03 8.917079999999999451e-01
3.662000000000000000e+03 8.470280000000000031e-01
3.667000000000000000e+03 7.913999999999999924e-01
3.672000000000000000e+03 7.223870000000000013e-01
3.677000000000000000e+03 6.467300000000000271e-01
3.682000000000000000e+03 5.648480000000000167e-01
3.687000000000000000e+03 4.814479999999999871e-01
3.692000000000000000e+03 4.025670000000000082e-01
3.697000000000000000e+03 3.312450000000000117e-01
3.702000000000000000e+03 2.695509999999999851e-01
3.707000000000000000e+03 2.215999999999999914e-01
3.712000000000000000e+03 1.840529999999999944e-01
3.717000000000000000e+03 1.566929999999999990e-01
3.722000000000000000e+03 1.375709999999999988e-01
3.727000000000000000e+03 1.238780000000000020e-01
3.732000000000000000e+03 1.143649999999999944e-01
3.737000000000000000e+03 1.070090000000000069e-01
3.742000000000000000e+03 1.017279999999999990e-01
3.747000000000000000e+03 9.767789999999999806e-02
3.752000000000000000e+03 9.442949999999999955e-02
3.757000000000000000e+03 9.172829999999999873e-02
3.762000000000000000e+03 8.928429999999999700e-02
3.767000000000000000e+03 8.702749999999999375e-02
3.772000000000000000e+03 8.507599999999999885e-02
3.777000000000000000e+03 8.374760000000000537e-02
3.782000000000000000e+03 8.272780000000000411e-02
3.787000000000000000e+03 8.179780000000000384e-02
3.792000000000000000e+03 8.087880000000000069e-02
3.797000000000000000e+03 7.998379999999999379e-02
3.802000000000000000e+03 7.911110000000000364e-02
3.807000000000000000e+03 7.824480000000000324e-02
3.812000000000000000e+03 7.737560000000000271e-02
3.817000000000000000e+03 7.649989999999999568e-02
3.822000000000000000e+03 7.564429999999999765e-02
3.827000000000000000e+03 7.477019999999999500e-02
3.832000000000000000e+03 7.392920000000000047e-02
3.837000000000000000e+03 7.306060000000000332e-02
3.842000000000000000e+03 7.222820000000000629e-02
3.847000000000000000e+03 7.139790000000000025e-02
3.852000000000000000e+03 7.059029999999999472e-02
3.857000000000000000e+03 6.982399999999999718e-02
3.862000000000000000e+03 6.907739999999999714e-02
3.867000000000000000e+03 6.840350000000000597e-02
3.872000000000000000e+03 6.777439999999999853e-02
3.877000000000000000e+03 6.717019999999999935e-02
3.882000000000000000e+03 6.659700000000000342e-02
3.887000000000000000e+03 6.598750000000000449e-02
3.892000000000000000e+03 6.535190000000000443e-02
3.897000000000000000e+03 6.460770000000000401e-02
3.902000000000000000e+03 6.367580000000000462e-02
3.907000000000000000e+03 6.258339999999999737e-02
3.912000000000000000e+03 6.112139999999999934e-02
3.917000000000000000e+03 5.933859999999999829e-02
3.922000000000000000e+03 5.717409999999999853e-02
3.927000000000000000e+03 5.459590000000000276e-02
3.932000000000000000e+03 5.167279999999999790e-02
3.937000000000000000e+03 4.841220000000000245e-02
3.942000000000000000e+03 4.487209999999999810e-02
3.947000000000000000e+03 4.118770000000000070e-02
3.952000000000000000e+03 3.737710000000000338e-02
3.957000000000000000e+03 3.353880000000000056e-02
3.962000000000000000e+03 2.973840000000000164e-02
3.967000000000000000e+03 2.605870000000000061e-02
3.972000000000000000e+03 2.258980000000000016e-02
3.977000000000000000e+03 1.936270000000000005e-02
3.982000000000000000e+03 1.646159999999999984e-02
3.987000000000000000e+03 1.389020000000000012e-02
3.992000000000000000e+03 1.165339999999999952e-02
3.997000000000000000e+03 9.741420000000000634e-03
4.002000000000000000e+03 8.131549999999999542e-03
4.007000000000000000e+03 6.767979999999999829e-03
4.012000000000000000e+03 5.664090000000000097e-03
4.017000000000000000e+03 4.730230000000000198e-03
4.022000000000000000e+03 3.979080000000000290e-03
4.027000000000000000e+03 3.358199999999999987e-03
4.032000000000000000e+03 2.840479999999999828e-03
4.037000000000000000e+03 2.423840000000000022e-03
4.042000000000000000e+03 2.064840000000000078e-03
4.047000000000000000e+03 1.778690000000000089e-03
4.052000000000000000e+03 1.530450000000000040e-03
4.057000000000000000e+03 1.322690000000000064e-03
4.062000000000000000e+03 1.143509999999999926e-03
4.067000000000000000e+03 9.900630000000000108e-04
4.072000000000000000e+03 8.612620000000000085e-04
4.077000000000000000e+03 7.283879999999999522e-04
4.082000000000000000e+03 5.977250000000000141e-04
4.087000000000000000e+03 4.777520000000000161e-04
4.092000000000000000e+03 3.768110000000000079e-04
4.097000000000000000e+03 3.038510000000000017e-04
4.102000000000000000e+03 2.517509999999999822e-04
4.107000000000000000e+03 1.969109999999999990e-04
4.112000000000000000e+03 1.475520000000000130e-04
4.117000000000000000e+03 1.172570000000000058e-04
4.122000000000000000e+03 9.758120000000000010e-05
4.127000000000000000e+03 8.694370000000000581e-05
4.132000000000000000e+03 7.828560000000000141e-05
4.137000000000000000e+03 7.181190000000000273e-05
4.142000000000000000e+03 6.821289999999999873e-05
4.147000000000000000e+03 6.491689999999999505e-05
4.152000000000000000e+03 6.189170000000000240e-05
4.157000000000000000e+03 5.784330000000000233e-05
4.162000000000000000e+03 5.219859999999999859e-05
4.167000000000000000e+03 4.691469999999999993e-05
4.172000000000000000e+03 4.223320000000000080e-05
4.177000000000000000e+03 3.891720000000000070e-05
4.182000000000000000e+03 3.732529999999999990e-05
4.187000000000000000e+03 3.616539999999999767e-05
4.192000000000000000e+03 3.435099999999999688e-05
4.197000000000000000e+03 3.014070000000000095e-05
4.202000000000000000e+03 2.592560000000000128e-05
4.207000000000000000e+03 2.446879999999999856e-05
4.212000000000000000e+03 2.397810000000000002e-05
4.217000000000000000e+03 2.349190000000000119e-05
4.222000000000000000e+03 2.198350000000000052e-05
4.227000000000000000e+03 1.981689999999999995e-05
4.232000000000000000e+03 1.827640000000000005e-05
4.237000000000000000e+03 1.812109999999999833e-05
4.242000000000000000e+03 1.806010000000000010e-05
4.247000000000000000e+03 1.802909999999999989e-05
4.252000000000000000e+03 1.804409999999999890e-05
4.257000000000000000e+03 1.811669999999999885e-05
4.262000000000000000e+03 1.821419999999999918e-05
4.267000000000000000e+03 1.833670000000000013e-05
4.272000000000000000e+03 1.848739999999999853e-05
4.277000000000000000e+03 1.859589999999999927e-05
4.282000000000000000e+03 1.864219999999999915e-05
4.287000000000000000e+03 1.866340000000000159e-05
4.292000000000000000e+03 1.865899999999999872e-05
4.297000000000000000e+03 1.862630000000000156e-05
4.302000000000000000e+03 1.858550000000000019e-05
4.307000000000000000e+03 1.854110000000000109e-05
4.312000000000000000e+03 1.849430000000000011e-05
4.317000000000000000e+03 1.843930000000000148e-05
4.322000000000000000e+03 1.835779999999999896e-05
4.327000000000000000e+03 1.824949999999999866e-05
4.332000000000000000e+03 1.799479999999999922e-05
4.337000000000000000e+03 1.756750000000000079e-05
4.342000000000000000e+03 1.711569999999999945e-05
4.347000000000000000e+03 1.637450000000000052e-05
4.352000000000000000e+03 1.531839999999999889e-05
4.357000000000000000e+03 1.457019999999999985e-05
4.362000000000000000e+03 1.432110000000000083e-05
4.367000000000000000e+03 1.429140000000000008e-05
4.372000000000000000e+03 1.442029999999999981e-05
4.377000000000000000e+03 1.482460000000000033e-05
4.382000000000000000e+03 1.563600000000000073e-05
4.387000000000000000e+03 1.665179999999999869e-05
4.392000000000000000e+03 1.765690000000000030e-05
4.397000000000000000e+03 1.868760000000000045e-05
4.402000000000000000e+03 1.957790000000000105e-05
4.407000000000000000e+03 2.011159999999999901e-05
4.412000000000000000e+03 2.046219999999999867e-05
4.417000000000000000e+03 2.070730000000000078e-05
4.422000000000000000e+03 2.082719999999999941e-05
4.427000000000000000e+03 2.092950000000000011e-05
4.432000000000000000e+03 2.107879999999999883e-05
4.437000000000000000e+03 2.123130000000000118e-05
4.442000000000000000e+03 2.138509999999999961e-05
4.447000000000000000e+03 2.158500000000000086e-05
4.452000000000000000e+03 2.183530000000000082e-05
4.457000000000000000e+03 2.210390000000000025e-05
4.462000000000000000e+03 2.242560000000000091e-05
4.467000000000000000e+03 2.279229999999999860e-05
4.472000000000000000e+03 2.312220000000000030e-05
4.477000000000000000e+03 2.340660000000000050e-05
4.482000000000000000e+03 2.367909999999999831e-05
4.487000000000000000e+03 2.391320000000000002e-05
4.492000000000000000e+03 2.411900000000000065e-05
4.497000000000000000e+03 2.436209999999999838e-05
4.502000000000000000e+03 2.462489999999999864e-05
4.507000000000000000e+03 2.485940000000000122e-05
4.512000000000000000e+03 2.508180000000000099e-05
4.517000000000000000e+03 2.529849999999999842e-05
4.522000000000000000e+03 2.548030000000000065e-05
4.527000000000000000e+03 2.562949999999999915e-05
4.532000000000000000e+03 2.579430000000000137e-05
4.537000000000000000e+03 2.595409999999999940e-05
4.542000000000000000e+03 2.602849999999999991e-05
4.547000000000000000e+03 2.605330000000000007e-05
4.552000000000000000e+03 2.608539999999999931e-05
4.557000000000000000e+03 2.611100000000000123e-05
4.562000000000000000e+03 2.616599999999999986e-05
4.567000000000000000e+03 2.631460000000000044e-05
4.572000000000000000e+03 2.652940000000000048e-05
4.577000000000000000e+03 2.678450000000000080e-05
4.582000000000000000e+03 2.707089999999999860e-05
4.587000000000000000e+03 2.739660000000000126e-05
4.592000000000000000e+03 2.773569999999999942e-05
4.597000000000000000e+03 2.804639999999999968e-05
4.602000000000000000e+03 2.831819999999999935e-05
4.607000000000000000e+03 2.856039999999999848e-05
4.612000000000000000e+03 2.873839999999999915e-05
4.617000000000000000e+03 2.887749999999999923e-05
4.622000000000000000e+03 2.902780000000000014e-05
4.627000000000000000e+03 2.916410000000000085e-05
4.632000000000000000e+03 2.927909999999999890e-05
4.637000000000000000e+03 2.942240000000000141e-05
4.642000000000000000e+03 2.953030000000000084e-05
4.647000000000000000e+03 2.950319999999999901e-05
4.652000000000000000e+03 2.943940000000000142e-05
4.657000000000000000e+03 2.944260000000000166e-05
4.662000000000000000e+03 2.946240000000000103e-05
4.667000000000000000e+03 2.953040000000000105e-05
4.672000000000000000e+03 2.912339999999999970e-05
4.677000000000000000e+03 2.772410000000000109e-05
4.682000000000000000e+03 2.610490000000000141e-05
4.687000000000000000e+03 2.411770000000000119e-05
4.692000000000000000e+03 1.872460000000000026e-05
4.697000000000000000e+03 1.122360000000000042e-05
4.702000000000000000e+03 6.436049999999999984e-06
4.707000000000000000e+03 4.252220000000000260e-06
4.712000000000000000e+03 2.162419999999999957e-06
4.717000000000000000e+03 5.037579999999999505e-07
