5.534500000000000000e+03 0.000000000000000000e+00
5.544500000000000000e+03 2.708960000000000191e-07
5.554500000000000000e+03 1.951439999999999903e-06
5.564500000000000000e+03 4.869159999999999642e-06
5.574500000000000000e+03 8.886640000000000012e-06
5.584500000000000000e+03 1.707930000000000095e-05
5.594500000000000000e+03 2.590899999999999876e-05
5.604500000000000000e+03 3.270010000000000223e-05
5.614500000000000000e+03 4.584179999999999874e-05
5.624500000000000000e+03 6.758610000000000670e-05
5.634500000000000000e+03 8.953699999999999333e-05
5.644500000000000000e+03 1.091090000000000018e-04
5.654500000000000000e+03 1.371760000000000026e-04
5.664500000000000000e+03 1.995889999999999893e-04
5.674500000000000000e+03 3.005400000000000194e-04
5.684500000000000000e+03 4.300190000000000175e-04
5.694500000000000000e+03 6.388540000000000061e-04
5.704500000000000000e+03 9.204639999999999610e-04
5.714500000000000000e+03 1.374769999999999985e-03
5.724500000000000000e+03 2.162649999999999902e-03
5.734500000000000000e+03 3.509029999999999788e-03
5.744500000000000000e+03 5.661959999999999736e-03
5.754500000000000000e+03 8.693620000000000861e-03
5.764500000000000000e+03 1.320729999999999994e-02
5.774500000000000000e+03 1.891390000000000085e-02
5.784500000000000000e+03 2.630400000000000099e-02
5.794500000000000000e+03 3.516240000000000337e-02
5.804500000000000000e+03 4.558519999999999933e-02
5.814500000000000000e+03 5.767060000000000242e-02
5.824500000000000000e+03 7.186549999999999883e-02
5.834500000000000000e+03 8.774619999999999642e-02
5.844500000000000000e+03 1.060559999999999975e-01
5.854500000000000000e+03 1.256500000000000117e-01
5.864500000000000000e+03 1.472630000000000050e-01
5.874500000000000000e+03 1.700210000000000055e-01
5.884500000000000000e+03 1.949089999999999989e-01
5.894500000000000000e+03 2.207830000000000070e-01
5.904500000000000000e+03 2.475070000000000048e-01
5.914500000000000000e+03 2.754400000000000182e-01
5.924500000000000000e+03 3.062779999999999947e-01
5.934500000000000000e+03 3.408729999999999816e-01
5.944500000000000000e+03 3.768039999999999723e-01
5.954500000000000000e+03 4.076020000000000199e-01
5.964500000000000000e+03 4.335849999999999982e-01
5.974500000000000000e+03 4.553099999999999925e-01
5.984500000000000000e+03 4.746839999999999948e-01
5.994500000000000000e+03 4.945169999999999844e-01
6.004500000000000000e+03 5.167059999999999986e-01
6.014500000000000000e+03 5.404529999999999612e-01
6.024500000000000000e+03 5.670380000000000420e-01
6.034500000000000000e+03 5.911939999999999973e-01
6.044500000000000000e+03 6.061839999999999451e-01
6.054500000000000000e+03 6.149679999999999591e-01
6.064500000000000000e+03 6.314359999999999973e-01
6.074500000000000000e+03 6.581540000000000168e-01
6.084500000000000000e+03 6.877809999999999757e-01
6.094500000000000000e+03 7.120509999999999895e-01
6.104500000000000000e+03 7.214260000000000117e-01
6.114500000000000000e+03 7.245169999999999666e-01
6.124500000000000000e+03 7.372859999999999969e-01
6.134500000000000000e+03 7.587939999999999685e-01
6.144500000000000000e+03 7.829589999999999606e-01
6.154500000000000000e+03 8.060650000000000315e-01
6.164500000000000000e+03 8.236609999999999765e-01
6.174500000000000000e+03 8.351389999999999647e-01
6.184500000000000000e+03 8.454599999999999893e-01
6.194500000000000000e+03 8.573239999999999750e-01
6.204500000000000000e+03 8.684539999999999482e-01
6.214500000000000000e+03 8.780850000000000044e-01
6.224500000000000000e+03 8.845110000000000472e-01
6.234500000000000000e+03 8.869070000000000009e-01
6.244500000000000000e+03 8.892120000000000024e-01
6.254500000000000000e+03 8.941000000000000059e-01
6.264500000000000000e+03 9.017770000000000508e-01
6.274500000000000000e+03 9.106410000000000338e-01
6.284500000000000000e+03 9.174919999999999742e-01
6.294500000000000000e+03 9.222700000000000342e-01
6.304500000000000000e+03 9.251580000000000359e-01
6.314500000000000000e+03 9.261770000000000280e-01
6.324500000000000000e+03 9.292599999999999749e-01
6.334500000000000000e+03 9.349650000000000460e-01
6.344500000000000000e+03 9.389629999999999921e-01
6.354500000000000000e+03 9.411359999999999726e-01
6.364500000000000000e+03 9.458109999999999573e-01
6.374500000000000000e+03 9.522789999999999866e-01
6.384500000000000000e+03 9.567440000000000389e-01
6.394500000000000000e+03 9.601119999999999655e-01
6.404500000000000000e+03 9.637090000000000378e-01
6.414500000000000000e+03 9.668400000000000327e-01
6.424500000000000000e+03 9.687040000000000095e-01
6.434500000000000000e+03 9.712140000000000217e-01
6.444500000000000000e+03 9.739659999999999984e-01
6.454500000000000000e+03 9.760050000000000114e-01
6.464500000000000000e+03 9.770360000000000156e-01
6.474500000000000000e+03 9.781250000000000222e-01
6.484500000000000000e+03 9.801569999999999450e-01
6.494500000000000000e+03 9.839809999999999945e-01
6.504500000000000000e+03 9.884399999999999853e-01
6.514500000000000000e+03 9.915650000000000297e-01
6.524500000000000000e+03 9.937719999999999887e-01
6.534500000000000000e+03 9.957629999999999537e-01
6.544500000000000000e+03 9.982520000000000282e-01
6.554500000000000000e+03 9.996639999999999970e-01
6.564500000000000000e+03 1.000000000000000000e+00
6.574500000000000000e+03 9.997129999999999628e-01
6.584500000000000000e+03 9.992229999999999723e-01
6.594500000000000000e+03 9.973049999999999971e-01
6.604500000000000000e+03 9.940930000000000044e-01
6.614500000000000000e+03 9.880320000000000213e-01
6.624500000000000000e+03 9.759719999999999507e-01
6.634500000000000000e+03 9.588529999999999553e-01
6.644500000000000000e+03 9.358039999999999692e-01
6.654500000000000000e+03 9.094560000000000421e-01
6.664500000000000000e+03 8.785549999999999748e-01
6.674500000000000000e+03 8.447440000000000504e-01
6.684500000000000000e+03 8.071899999999999631e-01
6.694500000000000000e+03 7.672809999999999908e-01
6.704500000000000000e+03 7.225780000000000536e-01
6.714500000000000000e+03 6.746910000000000407e-01
6.724500000000000000e+03 6.192119999999999846e-01
6.734500000000000000e+03 5.620690000000000408e-01
6.744500000000000000e+03 5.045629999999999837e-01
6.754500000000000000e+03 4.507220000000000115e-01
6.764500000000000000e+03 4.019460000000000255e-01
6.774500000000000000e+03 3.585380000000000233e-01
6.784500000000000000e+03 3.200919999999999876e-01
6.794500000000000000e+03 2.859050000000000202e-01
6.804500000000000000e+03 2.565810000000000035e-01
6.814500000000000000e+03 2.294400000000000051e-01
6.824500000000000000e+03 2.048500000000000043e-01
6.834500000000000000e+03 1.823599999999999943e-01
6.844500000000000000e+03 1.617319999999999869e-01
6.854500000000000000e+03 1.420629999999999948e-01
6.864500000000000000e+03 1.233090000000000019e-01
6.874500000000000000e+03 1.055930000000000063e-01
6.884500000000000000e+03 8.866949999999999832e-02
6.894500000000000000e+03 7.332020000000000204e-02
6.904500000000000000e+03 5.959760000000000058e-02
6.914500000000000000e+03 4.802809999999999718e-02
6.924500000000000000e+03 3.857839999999999880e-02
6.934500000000000000e+03 3.139990000000000142e-02
6.944500000000000000e+03 2.578369999999999967e-02
6.954500000000000000e+03 2.136400000000000104e-02
6.964500000000000000e+03 1.735990000000000102e-02
6.974500000000000000e+03 1.407530000000000066e-02
6.984500000000000000e+03 1.110620000000000010e-02
6.994500000000000000e+03 8.511799999999999922e-03
7.004500000000000000e+03 6.410469999999999710e-03
7.014500000000000000e+03 4.690660000000000142e-03
7.024500000000000000e+03 3.395360000000000045e-03
7.034500000000000000e+03 2.388369999999999903e-03
7.044500000000000000e+03 1.703209999999999924e-03
7.054500000000000000e+03 1.227540000000000055e-03
7.064500000000000000e+03 9.150210000000000201e-04
7.074500000000000000e+03 6.787429999999999896e-04
7.084500000000000000e+03 4.756180000000000260e-04
7.094500000000000000e+03 3.770949999999999801e-04
7.104500000000000000e+03 3.293440000000000235e-04
7.114500000000000000e+03 2.896020000000000235e-04
7.124500000000000000e+03 2.480890000000000027e-04
7.134500000000000000e+03 2.106450000000000000e-04
7.144500000000000000e+03 1.788000000000000093e-04
7.154500000000000000e+03 1.528679999999999872e-04
7.164500000000000000e+03 1.338330000000000043e-04
7.174500000000000000e+03 1.239790000000000000e-04
7.184500000000000000e+03 1.173420000000000024e-04
7.194500000000000000e+03 1.110229999999999973e-04
7.204500000000000000e+03 1.056819999999999955e-04
7.214500000000000000e+03 1.018290000000000037e-04
7.224500000000000000e+03 9.311799999999999852e-05
7.234500000000000000e+03 8.517149999999999591e-05
7.244500000000000000e+03 8.276530000000000529e-05
7.254500000000000000e+03 8.026619999999999393e-05
7.264500000000000000e+03 7.739370000000000407e-05
7.274500000000000000e+03 7.575579999999999727e-05
7.284500000000000000e+03 7.453650000000000032e-05
7.294500000000000000e+03 7.139460000000000250e-05
7.304500000000000000e+03 6.591579999999999662e-05
7.314500000000000000e+03 6.118030000000000104e-05
7.324500000000000000e+03 5.863619999999999943e-05
7.334500000000000000e+03 5.798760000000000026e-05
7.344500000000000000e+03 5.436509999999999894e-05
7.354500000000000000e+03 4.546340000000000250e-05
7.364500000000000000e+03 3.983399999999999842e-05
7.374500000000000000e+03 3.468410000000000221e-05
7.384500000000000000e+03 3.025660000000000098e-05
7.394500000000000000e+03 2.352720000000000066e-05
7.404500000000000000e+03 1.865350000000000021e-05
7.414500000000000000e+03 1.796810000000000166e-05
7.424500000000000000e+03 1.791960000000000034e-05
7.434500000000000000e+03 1.789859999999999834e-05
7.444500000000000000e+03 1.768510000000000115e-05
7.454500000000000000e+03 1.770139999999999962e-05
7.464500000000000000e+03 1.641460000000000035e-05
7.474500000000000000e+03 1.499879999999999944e-05
7.484500000000000000e+03 1.495670000000000030e-05
7.494500000000000000e+03 1.482049999999999981e-05
7.504500000000000000e+03 1.300740000000000018e-05
7.514500000000000000e+03 1.142310000000000080e-05
7.524500000000000000e+03 1.144830000000000015e-05
7.534500000000000000e+03 1.187870000000000030e-05
7.544500000000000000e+03 1.253659999999999954e-05
7.554500000000000000e+03 1.293839999999999965e-05
7.564500000000000000e+03 1.252979999999999987e-05
7.574500000000000000e+03 1.008540000000000003e-05
7.584500000000000000e+03 7.102419999999999670e-06
7.594500000000000000e+03 6.299439999999999609e-06
7.604500000000000000e+03 6.969030000000000088e-06
7.614500000000000000e+03 7.365629999999999815e-06
7.624500000000000000e+03 7.374400000000000071e-06
7.634500000000000000e+03 5.197159999999999721e-06
7.644500000000000000e+03 1.324859999999999967e-06
