1.306000000000000000e+03 0.000000000000000000e+00
1.309000000000000000e+03 2.006640000000000027e-07
1.312000000000000000e+03 1.882570000000000002e-06
1.315000000000000000e+03 3.803440000000000129e-06
1.318000000000000000e+03 4.637270000000000072e-06
1.321000000000000000e+03 4.733079999999999922e-06
1.324000000000000000e+03 4.851759999999999606e-06
1.327000000000000000e+03 5.034629999999999601e-06
1.330000000000000000e+03 5.221559999999999860e-06
1.333000000000000000e+03 5.413320000000000036e-06
1.336000000000000000e+03 5.606589999999999966e-06
1.339000000000000000e+03 5.791769999999999776e-06
1.342000000000000000e+03 5.966750000000000089e-06
1.345000000000000000e+03 6.121089999999999868e-06
1.348000000000000000e+03 6.170910000000000350e-06
1.351000000000000000e+03 6.207979999999999980e-06
1.354000000000000000e+03 6.165420000000000001e-06
1.357000000000000000e+03 6.083649999999999766e-06
1.360000000000000000e+03 5.988769999999999753e-06
1.363000000000000000e+03 5.865049999999999860e-06
1.366000000000000000e+03 5.742570000000000315e-06
1.369000000000000000e+03 5.637590000000000178e-06
1.372000000000000000e+03 5.536599999999999642e-06
1.375000000000000000e+03 5.515179999999999600e-06
1.378000000000000000e+03 5.567230000000000228e-06
1.381000000000000000e+03 5.648419999999999700e-06
1.384000000000000000e+03 5.835129999999999815e-06
1.387000000000000000e+03 6.032210000000000306e-06
1.390000000000000000e+03 6.250990000000000099e-06
1.393000000000000000e+03 6.478420000000000223e-06
1.396000000000000000e+03 6.651520000000000311e-06
1.399000000000000000e+03 6.730809999999999852e-06
1.402000000000000000e+03 6.785499999999999662e-06
1.405000000000000000e+03 6.659670000000000394e-06
1.408000000000000000e+03 6.505109999999999624e-06
1.411000000000000000e+03 6.203239999999999582e-06
1.414000000000000000e+03 5.802289999999999634e-06
1.417000000000000000e+03 5.379099999999999880e-06
1.420000000000000000e+03 4.893889999999999997e-06
1.423000000000000000e+03 4.408349999999999899e-06
1.426000000000000000e+03 3.964979999999999602e-06
1.429000000000000000e+03 3.534790000000000168e-06
1.432000000000000000e+03 3.235910000000000076e-06
1.435000000000000000e+03 3.099670000000000174e-06
1.438000000000000000e+03 2.994749999999999999e-06
1.441000000000000000e+03 3.070270000000000083e-06
1.444000000000000000e+03 3.234749999999999819e-06
1.447000000000000000e+03 3.529329999999999801e-06
1.450000000000000000e+03 3.868730000000000312e-06
1.453000000000000000e+03 4.234250000000000160e-06
1.456000000000000000e+03 4.673179999999999869e-06
1.459000000000000000e+03 5.122050000000000367e-06
1.462000000000000000e+03 5.567649999999999963e-06
1.465000000000000000e+03 6.007619999999999581e-06
1.468000000000000000e+03 6.406960000000000403e-06
1.471000000000000000e+03 6.781349999999999879e-06
1.474000000000000000e+03 7.119150000000000270e-06
1.477000000000000000e+03 7.320290000000000178e-06
1.480000000000000000e+03 7.520879999999999726e-06
1.483000000000000000e+03 7.590079999999999843e-06
1.486000000000000000e+03 7.666360000000000576e-06
1.489000000000000000e+03 7.848819999999999842e-06
1.492000000000000000e+03 8.019600000000000263e-06
1.495000000000000000e+03 8.200709999999999958e-06
1.498000000000000000e+03 8.475930000000000009e-06
1.501000000000000000e+03 8.786449999999999537e-06
1.504000000000000000e+03 9.060280000000000606e-06
1.507000000000000000e+03 9.207519999999999217e-06
1.510000000000000000e+03 9.381510000000000578e-06
1.513000000000000000e+03 9.634570000000000490e-06
1.516000000000000000e+03 9.837049999999999270e-06
1.519000000000000000e+03 1.000029999999999978e-05
1.522000000000000000e+03 1.016649999999999999e-05
1.525000000000000000e+03 1.034220000000000069e-05
1.528000000000000000e+03 1.053179999999999969e-05
1.531000000000000000e+03 1.072210000000000022e-05
1.534000000000000000e+03 1.091949999999999938e-05
1.537000000000000000e+03 1.111719999999999920e-05
1.540000000000000000e+03 1.131739999999999942e-05
1.543000000000000000e+03 1.154050000000000072e-05
1.546000000000000000e+03 1.176660000000000013e-05
1.549000000000000000e+03 1.199799999999999931e-05
1.552000000000000000e+03 1.222999999999999980e-05
1.555000000000000000e+03 1.246459999999999921e-05
1.558000000000000000e+03 1.269719999999999932e-05
1.561000000000000000e+03 1.293439999999999935e-05
1.564000000000000000e+03 1.317420000000000001e-05
1.567000000000000000e+03 1.342230000000000022e-05
1.570000000000000000e+03 1.369570000000000001e-05
1.573000000000000000e+03 1.397149999999999998e-05
1.576000000000000000e+03 1.427370000000000024e-05
1.579000000000000000e+03 1.463499999999999964e-05
1.582000000000000000e+03 1.502410000000000071e-05
1.585000000000000000e+03 1.542420000000000049e-05
1.588000000000000000e+03 1.582340000000000168e-05
1.591000000000000000e+03 1.624670000000000150e-05
1.594000000000000000e+03 1.669460000000000106e-05
1.597000000000000000e+03 1.722610000000000097e-05
1.600000000000000000e+03 1.775890000000000034e-05
1.603000000000000000e+03 1.835969999999999974e-05
1.606000000000000000e+03 1.926580000000000111e-05
1.609000000000000000e+03 2.024830000000000060e-05
1.612000000000000000e+03 2.105830000000000131e-05
1.615000000000000000e+03 2.102570000000000098e-05
1.618000000000000000e+03 2.105259999999999898e-05
1.621000000000000000e+03 2.108570000000000041e-05
1.624000000000000000e+03 2.096789999999999960e-05
1.627000000000000000e+03 2.040150000000000110e-05
1.630000000000000000e+03 1.975329999999999941e-05
1.633000000000000000e+03 1.894819999999999927e-05
1.636000000000000000e+03 1.809150000000000119e-05
1.639000000000000000e+03 1.714529999999999998e-05
1.642000000000000000e+03 1.574359999999999949e-05
1.645000000000000000e+03 1.420430000000000053e-05
1.648000000000000000e+03 1.281719999999999987e-05
1.651000000000000000e+03 1.228769999999999926e-05
1.654000000000000000e+03 1.168279999999999934e-05
1.657000000000000000e+03 1.103600000000000072e-05
1.660000000000000000e+03 1.042969999999999943e-05
1.663000000000000000e+03 1.025279999999999948e-05
1.666000000000000000e+03 1.018179999999999965e-05
1.669000000000000000e+03 1.013219999999999932e-05
1.672000000000000000e+03 1.008349999999999926e-05
1.675000000000000000e+03 1.001809999999999985e-05
1.678000000000000000e+03 9.905240000000000729e-06
1.681000000000000000e+03 9.802419999999999230e-06
1.684000000000000000e+03 9.729779999999999871e-06
1.687000000000000000e+03 9.688659999999999831e-06
1.690000000000000000e+03 9.636560000000000788e-06
1.693000000000000000e+03 9.581589999999999178e-06
1.696000000000000000e+03 9.575480000000000349e-06
1.699000000000000000e+03 9.614320000000000133e-06
1.702000000000000000e+03 9.656279999999999643e-06
1.705000000000000000e+03 9.661980000000000283e-06
1.708000000000000000e+03 9.675950000000000084e-06
1.711000000000000000e+03 9.695029999999999908e-06
1.714000000000000000e+03 9.750030000000000228e-06
1.717000000000000000e+03 9.811039999999999158e-06
1.720000000000000000e+03 9.896440000000000068e-06
1.723000000000000000e+03 1.003470000000000067e-05
1.726000000000000000e+03 1.020339999999999958e-05
1.729000000000000000e+03 1.038520000000000011e-05
1.732000000000000000e+03 1.059259999999999918e-05
1.735000000000000000e+03 1.084510000000000057e-05
1.738000000000000000e+03 1.111269999999999950e-05
1.741000000000000000e+03 1.146540000000000037e-05
1.744000000000000000e+03 1.185250000000000045e-05
1.747000000000000000e+03 1.223630000000000006e-05
1.750000000000000000e+03 1.266869999999999951e-05
1.753000000000000000e+03 1.315280000000000052e-05
1.756000000000000000e+03 1.367430000000000052e-05
1.759000000000000000e+03 1.430649999999999931e-05
1.762000000000000000e+03 1.499620000000000052e-05
1.765000000000000000e+03 1.572120000000000120e-05
1.768000000000000000e+03 1.668350000000000044e-05
1.771000000000000000e+03 1.776560000000000148e-05
1.774000000000000000e+03 1.890619999999999866e-05
1.777000000000000000e+03 2.035810000000000080e-05
1.780000000000000000e+03 2.199359999999999895e-05
1.783000000000000000e+03 2.375290000000000089e-05
1.786000000000000000e+03 2.602150000000000150e-05
1.789000000000000000e+03 2.857870000000000134e-05
1.792000000000000000e+03 3.131610000000000329e-05
1.795000000000000000e+03 3.489160000000000319e-05
1.798000000000000000e+03 3.898169999999999982e-05
1.801000000000000000e+03 4.337670000000000094e-05
1.804000000000000000e+03 4.932670000000000327e-05
1.807000000000000000e+03 5.618869999999999957e-05
1.810000000000000000e+03 6.357769999999999947e-05
1.813000000000000000e+03 8.207060000000000668e-05
1.816000000000000000e+03 1.348760000000000009e-04
1.819000000000000000e+03 2.006470000000000053e-04
1.822000000000000000e+03 2.780300000000000197e-04
1.825000000000000000e+03 3.510210000000000261e-04
1.828000000000000000e+03 4.359109999999999808e-04
1.831000000000000000e+03 5.505259999999999668e-04
1.834000000000000000e+03 6.738490000000000191e-04
1.837000000000000000e+03 8.097959999999999967e-04
1.840000000000000000e+03 9.854779999999999183e-04
1.843000000000000000e+03 1.192249999999999950e-03
1.846000000000000000e+03 1.421839999999999953e-03
1.849000000000000000e+03 1.707600000000000090e-03
1.852000000000000000e+03 2.039619999999999801e-03
1.855000000000000000e+03 2.410520000000000197e-03
1.858000000000000000e+03 2.852560000000000078e-03
1.861000000000000000e+03 3.358509999999999881e-03
1.864000000000000000e+03 3.915430000000000126e-03
1.867000000000000000e+03 4.546760000000000385e-03
1.870000000000000000e+03 5.236890000000000121e-03
1.873000000000000000e+03 5.977920000000000282e-03
1.876000000000000000e+03 6.771720000000000170e-03
1.879000000000000000e+03 7.613980000000000227e-03
1.882000000000000000e+03 8.514239999999999309e-03
1.885000000000000000e+03 9.424359999999999682e-03
1.888000000000000000e+03 1.040800000000000058e-02
1.891000000000000000e+03 1.148889999999999981e-02
1.894000000000000000e+03 1.260760000000000006e-02
1.897000000000000000e+03 1.376220000000000047e-02
1.900000000000000000e+03 1.520889999999999916e-02
1.903000000000000000e+03 1.685470000000000024e-02
1.906000000000000000e+03 1.866550000000000153e-02
1.909000000000000000e+03 2.066399999999999834e-02
1.912000000000000000e+03 2.328749999999999917e-02
1.915000000000000000e+03 2.634169999999999914e-02
1.918000000000000000e+03 2.969990000000000130e-02
1.921000000000000000e+03 3.331540000000000196e-02
1.924000000000000000e+03 3.748880000000000268e-02
1.927000000000000000e+03 4.208889999999999854e-02
1.930000000000000000e+03 4.708559999999999829e-02
1.933000000000000000e+03 5.241799999999999932e-02
1.936000000000000000e+03 5.827979999999999966e-02
1.939000000000000000e+03 6.449109999999999565e-02
1.942000000000000000e+03 7.096900000000000430e-02
1.945000000000000000e+03 7.764229999999999743e-02
1.948000000000000000e+03 8.457870000000000665e-02
1.951000000000000000e+03 9.172940000000000260e-02
1.954000000000000000e+03 9.906030000000000391e-02
1.957000000000000000e+03 1.063920000000000005e-01
1.960000000000000000e+03 1.136879999999999974e-01
1.963000000000000000e+03 1.209920000000000023e-01
1.966000000000000000e+03 1.282880000000000131e-01
1.969000000000000000e+03 1.353070000000000106e-01
1.972000000000000000e+03 1.420639999999999958e-01
1.975000000000000000e+03 1.486709999999999976e-01
1.978000000000000000e+03 1.551939999999999986e-01
1.981000000000000000e+03 1.614440000000000042e-01
1.984000000000000000e+03 1.674879999999999980e-01
1.987000000000000000e+03 1.733460000000000001e-01
1.990000000000000000e+03 1.790899999999999992e-01
1.993000000000000000e+03 1.847789999999999988e-01
1.996000000000000000e+03 1.903890000000000027e-01
1.999000000000000000e+03 1.959269999999999901e-01
2.002000000000000000e+03 2.014430000000000109e-01
2.005000000000000000e+03 2.071129999999999916e-01
2.008000000000000000e+03 2.128649999999999987e-01
2.011000000000000000e+03 2.186609999999999943e-01
2.014000000000000000e+03 2.245479999999999976e-01
2.017000000000000000e+03 2.306199999999999917e-01
2.020000000000000000e+03 2.367950000000000055e-01
2.023000000000000000e+03 2.430249999999999910e-01
2.026000000000000000e+03 2.492330000000000101e-01
2.029000000000000000e+03 2.553599999999999759e-01
2.032000000000000000e+03 2.614759999999999862e-01
2.035000000000000000e+03 2.676239999999999730e-01
2.038000000000000000e+03 2.736709999999999976e-01
2.041000000000000000e+03 2.795400000000000107e-01
2.044000000000000000e+03 2.852609999999999868e-01
2.047000000000000000e+03 2.908339999999999814e-01
2.050000000000000000e+03 2.959930000000000061e-01
2.053000000000000000e+03 3.007949999999999791e-01
2.056000000000000000e+03 3.053310000000000191e-01
2.059000000000000000e+03 3.097249999999999726e-01
2.062000000000000000e+03 3.137750000000000261e-01
2.065000000000000000e+03 3.175609999999999822e-01
2.068000000000000000e+03 3.210990000000000233e-01
2.071000000000000000e+03 3.244070000000000009e-01
2.074000000000000000e+03 3.275699999999999723e-01
2.077000000000000000e+03 3.305989999999999762e-01
2.080000000000000000e+03 3.334869999999999779e-01
2.083000000000000000e+03 3.362499999999999933e-01
2.086000000000000000e+03 3.389119999999999910e-01
2.089000000000000000e+03 3.415019999999999722e-01
2.092000000000000000e+03 3.440219999999999945e-01
2.095000000000000000e+03 3.463959999999999817e-01
2.098000000000000000e+03 3.485530000000000017e-01
2.101000000000000000e+03 3.505519999999999747e-01
2.104000000000000000e+03 3.524280000000000190e-01
2.107000000000000000e+03 3.541219999999999923e-01
2.110000000000000000e+03 3.555479999999999752e-01
2.113000000000000000e+03 3.567839999999999900e-01
2.116000000000000000e+03 3.578500000000000014e-01
2.119000000000000000e+03 3.585740000000000038e-01
2.122000000000000000e+03 3.589399999999999813e-01
2.125000000000000000e+03 3.590780000000000083e-01
2.128000000000000000e+03 3.590700000000000003e-01
2.131000000000000000e+03 3.587690000000000046e-01
2.134000000000000000e+03 3.582020000000000204e-01
2.137000000000000000e+03 3.574530000000000207e-01
2.140000000000000000e+03 3.566420000000000146e-01
2.143000000000000000e+03 3.559760000000000146e-01
2.146000000000000000e+03 3.555969999999999964e-01
2.149000000000000000e+03 3.558239999999999736e-01
2.152000000000000000e+03 3.571179999999999910e-01
2.155000000000000000e+03 3.603000000000000091e-01
2.158000000000000000e+03 3.665900000000000269e-01
2.161000000000000000e+03 3.757840000000000069e-01
2.164000000000000000e+03 3.904889999999999750e-01
2.167000000000000000e+03 4.107239999999999780e-01
2.170000000000000000e+03 4.368960000000000066e-01
2.173000000000000000e+03 4.699189999999999756e-01
2.176000000000000000e+03 5.074769999999999559e-01
2.179000000000000000e+03 5.499939999999999829e-01
2.182000000000000000e+03 5.960109999999999575e-01
2.185000000000000000e+03 6.415349999999999664e-01
2.188000000000000000e+03 6.872589999999999533e-01
2.191000000000000000e+03 7.304239999999999622e-01
2.194000000000000000e+03 7.688859999999999584e-01
2.197000000000000000e+03 8.032880000000000020e-01
2.200000000000000000e+03 8.309260000000000534e-01
2.203000000000000000e+03 8.540419999999999678e-01
2.206000000000000000e+03 8.721569999999999601e-01
2.209000000000000000e+03 8.869559999999999667e-01
2.212000000000000000e+03 8.993860000000000188e-01
2.215000000000000000e+03 9.098340000000000316e-01
2.218000000000000000e+03 9.194679999999999520e-01
2.221000000000000000e+03 9.294559999999999489e-01
2.224000000000000000e+03 9.391580000000000483e-01
2.227000000000000000e+03 9.482720000000000038e-01
2.230000000000000000e+03 9.569220000000000503e-01
2.233000000000000000e+03 9.653950000000000031e-01
2.236000000000000000e+03 9.725789999999999713e-01
2.239000000000000000e+03 9.788630000000000386e-01
2.242000000000000000e+03 9.841860000000000053e-01
2.245000000000000000e+03 9.888219999999999787e-01
2.248000000000000000e+03 9.926970000000000516e-01
2.251000000000000000e+03 9.962159999999999904e-01
2.254000000000000000e+03 9.987570000000000059e-01
2.257000000000000000e+03 1.000000000000000000e+00
2.260000000000000000e+03 9.997089999999999588e-01
2.263000000000000000e+03 9.969510000000000316e-01
2.266000000000000000e+03 9.916709999999999692e-01
2.269000000000000000e+03 9.816190000000000193e-01
2.272000000000000000e+03 9.678090000000000304e-01
2.275000000000000000e+03 9.488069999999999560e-01
2.278000000000000000e+03 9.240909999999999958e-01
2.281000000000000000e+03 8.954119999999999857e-01
2.284000000000000000e+03 8.612279999999999935e-01
2.287000000000000000e+03 8.250880000000000436e-01
2.290000000000000000e+03 7.868359999999999799e-01
2.293000000000000000e+03 7.481980000000000297e-01
2.296000000000000000e+03 7.113749999999999796e-01
2.299000000000000000e+03 6.766299999999999537e-01
2.302000000000000000e+03 6.450860000000000483e-01
2.305000000000000000e+03 6.189740000000000242e-01
2.308000000000000000e+03 5.965810000000000279e-01
2.311000000000000000e+03 5.802249999999999908e-01
2.314000000000000000e+03 5.685569999999999791e-01
2.317000000000000000e+03 5.604040000000000132e-01
2.320000000000000000e+03 5.556449999999999445e-01
2.323000000000000000e+03 5.527290000000000258e-01
2.326000000000000000e+03 5.507750000000000146e-01
2.329000000000000000e+03 5.487210000000000143e-01
2.332000000000000000e+03 5.467899999999999983e-01
2.335000000000000000e+03 5.450220000000000065e-01
2.338000000000000000e+03 5.425980000000000247e-01
2.341000000000000000e+03 5.388279999999999736e-01
2.344000000000000000e+03 5.344419999999999726e-01
2.347000000000000000e+03 5.295670000000000099e-01
2.350000000000000000e+03 5.235020000000000229e-01
2.353000000000000000e+03 5.157220000000000137e-01
2.356000000000000000e+03 5.070700000000000207e-01
2.359000000000000000e+03 4.976800000000000113e-01
2.362000000000000000e+03 4.868060000000000165e-01
2.365000000000000000e+03 4.744220000000000104e-01
2.368000000000000000e+03 4.612559999999999993e-01
2.371000000000000000e+03 4.473019999999999774e-01
2.374000000000000000e+03 4.318560000000000176e-01
2.377000000000000000e+03 4.153589999999999782e-01
2.380000000000000000e+03 3.982160000000000144e-01
2.383000000000000000e+03 3.804520000000000124e-01
2.386000000000000000e+03 3.619379999999999820e-01
2.389000000000000000e+03 3.430969999999999853e-01
2.392000000000000000e+03 3.240509999999999780e-01
2.395000000000000000e+03 3.047949999999999826e-01
2.398000000000000000e+03 2.858109999999999817e-01
2.401000000000000000e+03 2.671589999999999798e-01
2.404000000000000000e+03 2.487560000000000049e-01
2.407000000000000000e+03 2.307299999999999907e-01
2.410000000000000000e+03 2.138599999999999945e-01
2.413000000000000000e+03 1.976789999999999936e-01
2.416000000000000000e+03 1.820050000000000001e-01
2.419000000000000000e+03 1.671110000000000095e-01
2.422000000000000000e+03 1.537139999999999895e-01
2.425000000000000000e+03 1.409680000000000100e-01
2.428000000000000000e+03 1.287729999999999986e-01
2.431000000000000000e+03 1.175100000000000033e-01
2.434000000000000000e+03 1.075119999999999965e-01
2.437000000000000000e+03 9.802239999999999565e-02
2.440000000000000000e+03 8.899469999999999603e-02
2.443000000000000000e+03 8.085109999999999519e-02
2.446000000000000000e+03 7.363909999999999900e-02
2.449000000000000000e+03 6.677410000000000290e-02
2.452000000000000000e+03 6.036369999999999930e-02
2.455000000000000000e+03 5.468529999999999919e-02
2.458000000000000000e+03 4.960529999999999801e-02
2.461000000000000000e+03 4.488199999999999829e-02
2.464000000000000000e+03 4.052619999999999834e-02
2.467000000000000000e+03 3.673289999999999889e-02
2.470000000000000000e+03 3.338159999999999739e-02
2.473000000000000000e+03 3.027890000000000095e-02
2.476000000000000000e+03 2.747650000000000092e-02
2.479000000000000000e+03 2.509919999999999859e-02
2.482000000000000000e+03 2.299000000000000002e-02
2.485000000000000000e+03 2.111470000000000014e-02
2.488000000000000000e+03 1.942949999999999885e-02
2.491000000000000000e+03 1.803530000000000064e-02
2.494000000000000000e+03 1.681440000000000018e-02
2.497000000000000000e+03 1.571300000000000127e-02
2.500000000000000000e+03 1.476359999999999999e-02
2.503000000000000000e+03 1.395079999999999931e-02
2.506000000000000000e+03 1.323590000000000010e-02
2.509000000000000000e+03 1.257750000000000014e-02
2.512000000000000000e+03 1.199169999999999923e-02
2.515000000000000000e+03 1.148829999999999990e-02
2.518000000000000000e+03 1.101180000000000041e-02
2.521000000000000000e+03 1.055290000000000047e-02
2.524000000000000000e+03 1.012809999999999926e-02
2.527000000000000000e+03 9.729039999999999563e-03
2.530000000000000000e+03 9.314809999999999757e-03
2.533000000000000000e+03 8.914800000000000502e-03
2.536000000000000000e+03 8.528459999999999860e-03
2.539000000000000000e+03 8.122620000000000534e-03
2.542000000000000000e+03 7.724179999999999761e-03
2.545000000000000000e+03 7.329020000000000326e-03
2.548000000000000000e+03 6.919640000000000339e-03
2.551000000000000000e+03 6.517720000000000284e-03
2.554000000000000000e+03 6.121470000000000383e-03
2.557000000000000000e+03 5.722829999999999931e-03
2.560000000000000000e+03 5.328539999999999666e-03
2.563000000000000000e+03 4.945589999999999709e-03
2.566000000000000000e+03 4.581120000000000157e-03
2.569000000000000000e+03 4.220230000000000162e-03
2.572000000000000000e+03 3.873650000000000183e-03
2.575000000000000000e+03 3.562640000000000164e-03
2.578000000000000000e+03 3.256320000000000048e-03
2.581000000000000000e+03 2.960340000000000107e-03
2.584000000000000000e+03 2.707680000000000069e-03
2.587000000000000000e+03 2.462820000000000113e-03
2.590000000000000000e+03 2.226310000000000008e-03
2.593000000000000000e+03 2.033290000000000097e-03
2.596000000000000000e+03 1.845300000000000022e-03
2.599000000000000000e+03 1.656970000000000014e-03
2.602000000000000000e+03 1.508189999999999965e-03
2.605000000000000000e+03 1.367029999999999981e-03
2.608000000000000000e+03 1.231010000000000047e-03
2.611000000000000000e+03 1.128289999999999892e-03
2.614000000000000000e+03 1.032930000000000046e-03
2.617000000000000000e+03 9.365320000000000112e-04
2.620000000000000000e+03 8.604440000000000309e-04
2.623000000000000000e+03 7.932390000000000534e-04
2.626000000000000000e+03 7.274789999999999512e-04
2.629000000000000000e+03 6.731379999999999916e-04
2.632000000000000000e+03 6.242930000000000484e-04
2.635000000000000000e+03 5.767390000000000494e-04
2.638000000000000000e+03 5.355460000000000255e-04
2.641000000000000000e+03 4.990080000000000036e-04
2.644000000000000000e+03 4.640180000000000151e-04
2.647000000000000000e+03 4.331800000000000234e-04
2.650000000000000000e+03 4.059949999999999779e-04
2.653000000000000000e+03 3.827670000000000031e-04
2.656000000000000000e+03 3.632390000000000098e-04
2.659000000000000000e+03 3.460380000000000096e-04
2.662000000000000000e+03 3.294659999999999928e-04
2.665000000000000000e+03 3.146460000000000229e-04
2.668000000000000000e+03 3.013909999999999745e-04
2.671000000000000000e+03 2.888449999999999763e-04
2.674000000000000000e+03 2.787700000000000160e-04
2.677000000000000000e+03 2.719789999999999925e-04
2.680000000000000000e+03 2.665629999999999888e-04
2.683000000000000000e+03 2.619650000000000169e-04
2.686000000000000000e+03 2.581999999999999877e-04
2.689000000000000000e+03 2.550620000000000187e-04
2.692000000000000000e+03 2.523350000000000159e-04
2.695000000000000000e+03 2.501059999999999937e-04
2.698000000000000000e+03 2.484580000000000122e-04
2.701000000000000000e+03 2.475070000000000004e-04
2.704000000000000000e+03 2.469440000000000263e-04
2.707000000000000000e+03 2.464429999999999984e-04
2.710000000000000000e+03 2.460159999999999973e-04
2.713000000000000000e+03 2.457140000000000127e-04
2.716000000000000000e+03 2.454819999999999919e-04
2.719000000000000000e+03 2.454749999999999901e-04
2.722000000000000000e+03 2.462839999999999886e-04
2.725000000000000000e+03 2.474779999999999775e-04
2.728000000000000000e+03 2.489230000000000153e-04
2.731000000000000000e+03 2.506070000000000216e-04
2.734000000000000000e+03 2.530370000000000102e-04
2.737000000000000000e+03 2.559160000000000211e-04
2.740000000000000000e+03 2.590879999999999832e-04
2.743000000000000000e+03 2.624600000000000045e-04
2.746000000000000000e+03 2.662370000000000058e-04
2.749000000000000000e+03 2.702739999999999808e-04
2.752000000000000000e+03 2.744739999999999745e-04
2.755000000000000000e+03 2.792749999999999985e-04
2.758000000000000000e+03 2.849139999999999897e-04
2.761000000000000000e+03 2.909640000000000013e-04
2.764000000000000000e+03 2.972939999999999762e-04
2.767000000000000000e+03 3.037529999999999766e-04
2.770000000000000000e+03 3.102760000000000088e-04
2.773000000000000000e+03 3.168989999999999893e-04
2.776000000000000000e+03 3.236539999999999881e-04
2.779000000000000000e+03 3.307009999999999767e-04
2.782000000000000000e+03 3.382260000000000106e-04
2.785000000000000000e+03 3.461660000000000193e-04
2.788000000000000000e+03 3.545870000000000120e-04
2.791000000000000000e+03 3.649640000000000111e-04
2.794000000000000000e+03 3.767099999999999897e-04
2.797000000000000000e+03 3.893100000000000250e-04
2.800000000000000000e+03 4.027759999999999804e-04
2.803000000000000000e+03 4.186269999999999748e-04
2.806000000000000000e+03 4.360599999999999958e-04
2.809000000000000000e+03 4.549099999999999932e-04
2.812000000000000000e+03 4.758690000000000207e-04
2.815000000000000000e+03 5.023379999999999599e-04
2.818000000000000000e+03 5.321450000000000355e-04
2.821000000000000000e+03 5.647659999999999660e-04
2.824000000000000000e+03 6.023719999999999986e-04
2.827000000000000000e+03 6.503999999999999799e-04
2.830000000000000000e+03 7.035210000000000291e-04
2.833000000000000000e+03 7.613869999999999796e-04
2.836000000000000000e+03 8.273930000000000520e-04
2.839000000000000000e+03 9.071209999999999907e-04
2.842000000000000000e+03 9.943440000000000872e-04
2.845000000000000000e+03 1.089069999999999925e-03
2.848000000000000000e+03 1.202029999999999982e-03
2.851000000000000000e+03 1.337359999999999894e-03
2.854000000000000000e+03 1.485119999999999930e-03
2.857000000000000000e+03 1.643350000000000019e-03
2.860000000000000000e+03 1.825379999999999928e-03
2.863000000000000000e+03 2.030199999999999800e-03
2.866000000000000000e+03 2.250300000000000217e-03
2.869000000000000000e+03 2.484140000000000133e-03
2.872000000000000000e+03 2.751679999999999838e-03
2.875000000000000000e+03 3.045400000000000190e-03
2.878000000000000000e+03 3.357999999999999874e-03
2.881000000000000000e+03 3.683810000000000036e-03
2.884000000000000000e+03 4.035020000000000273e-03
2.887000000000000000e+03 4.404339999999999644e-03
2.890000000000000000e+03 4.788520000000000103e-03
2.893000000000000000e+03 5.180070000000000160e-03
2.896000000000000000e+03 5.581039999999999786e-03
2.899000000000000000e+03 5.991840000000000013e-03
2.902000000000000000e+03 6.409549999999999970e-03
2.905000000000000000e+03 6.820930000000000222e-03
2.908000000000000000e+03 7.215359999999999656e-03
2.911000000000000000e+03 7.606149999999999890e-03
2.914000000000000000e+03 7.989090000000000774e-03
2.917000000000000000e+03 8.343530000000000044e-03
2.920000000000000000e+03 8.652270000000000100e-03
2.923000000000000000e+03 8.941589999999999261e-03
2.926000000000000000e+03 9.207430000000000822e-03
2.929000000000000000e+03 9.420710000000000542e-03
2.932000000000000000e+03 9.573089999999999378e-03
2.935000000000000000e+03 9.693300000000000180e-03
2.938000000000000000e+03 9.782050000000000467e-03
2.941000000000000000e+03 9.809419999999999251e-03
2.944000000000000000e+03 9.778739999999999308e-03
2.947000000000000000e+03 9.706579999999999375e-03
2.950000000000000000e+03 9.602799999999999878e-03
2.953000000000000000e+03 9.445310000000000164e-03
2.956000000000000000e+03 9.242270000000000346e-03
2.959000000000000000e+03 8.999899999999999914e-03
2.962000000000000000e+03 8.735130000000000672e-03
2.965000000000000000e+03 8.438090000000000521e-03
2.968000000000000000e+03 8.113530000000000741e-03
2.971000000000000000e+03 7.762350000000000326e-03
2.974000000000000000e+03 7.402790000000000238e-03
2.977000000000000000e+03 7.037309999999999746e-03
2.980000000000000000e+03 6.660880000000000099e-03
2.983000000000000000e+03 6.274029999999999885e-03
2.986000000000000000e+03 5.892030000000000357e-03
2.989000000000000000e+03 5.522220000000000427e-03
2.992000000000000000e+03 5.153669999999999952e-03
2.995000000000000000e+03 4.788350000000000245e-03
2.998000000000000000e+03 4.437189999999999711e-03
3.001000000000000000e+03 4.107679999999999838e-03
3.004000000000000000e+03 3.788280000000000206e-03
3.007000000000000000e+03 3.480500000000000087e-03
3.010000000000000000e+03 3.193319999999999926e-03
3.013000000000000000e+03 2.930690000000000118e-03
3.016000000000000000e+03 2.682809999999999882e-03
3.019000000000000000e+03 2.449699999999999968e-03
3.022000000000000000e+03 2.238899999999999831e-03
3.025000000000000000e+03 2.049800000000000059e-03
3.028000000000000000e+03 1.876510000000000070e-03
3.031000000000000000e+03 1.717140000000000029e-03
3.034000000000000000e+03 1.577819999999999960e-03
3.037000000000000000e+03 1.455649999999999956e-03
3.040000000000000000e+03 1.348730000000000024e-03
3.043000000000000000e+03 1.253519999999999938e-03
3.046000000000000000e+03 1.175819999999999947e-03
3.049000000000000000e+03 1.111210000000000062e-03
3.052000000000000000e+03 1.059400000000000055e-03
3.055000000000000000e+03 1.015880000000000038e-03
3.058000000000000000e+03 9.831849999999999184e-04
3.061000000000000000e+03 9.587419999999999493e-04
3.064000000000000000e+03 9.433100000000000469e-04
3.067000000000000000e+03 9.338210000000000434e-04
3.070000000000000000e+03 9.326469999999999899e-04
3.073000000000000000e+03 9.372799999999999708e-04
3.076000000000000000e+03 9.482720000000000038e-04
3.079000000000000000e+03 9.614540000000000412e-04
3.082000000000000000e+03 9.768310000000000534e-04
3.085000000000000000e+03 9.945369999999999818e-04
3.088000000000000000e+03 1.014649999999999970e-03
3.091000000000000000e+03 1.033889999999999983e-03
3.094000000000000000e+03 1.052589999999999949e-03
3.097000000000000000e+03 1.072019999999999917e-03
3.100000000000000000e+03 1.091750000000000055e-03
3.103000000000000000e+03 1.108379999999999956e-03
3.106000000000000000e+03 1.122460000000000038e-03
3.109000000000000000e+03 1.135170000000000016e-03
3.112000000000000000e+03 1.146040000000000079e-03
3.115000000000000000e+03 1.152489999999999938e-03
3.118000000000000000e+03 1.155790000000000073e-03
3.121000000000000000e+03 1.156710000000000030e-03
3.124000000000000000e+03 1.155259999999999967e-03
3.127000000000000000e+03 1.150779999999999902e-03
3.130000000000000000e+03 1.144110000000000049e-03
3.133000000000000000e+03 1.135450000000000088e-03
3.136000000000000000e+03 1.126040000000000027e-03
3.139000000000000000e+03 1.118000000000000070e-03
3.142000000000000000e+03 1.109579999999999985e-03
3.145000000000000000e+03 1.100419999999999957e-03
3.148000000000000000e+03 1.091589999999999921e-03
3.151000000000000000e+03 1.084220000000000106e-03
3.154000000000000000e+03 1.077080000000000008e-03
3.157000000000000000e+03 1.070460000000000075e-03
3.160000000000000000e+03 1.067669999999999947e-03
3.163000000000000000e+03 1.070949999999999984e-03
3.166000000000000000e+03 1.077150000000000026e-03
3.169000000000000000e+03 1.087070000000000094e-03
3.172000000000000000e+03 1.104409999999999897e-03
3.175000000000000000e+03 1.129390000000000081e-03
3.178000000000000000e+03 1.157929999999999940e-03
3.181000000000000000e+03 1.190910000000000102e-03
3.184000000000000000e+03 1.229969999999999935e-03
3.187000000000000000e+03 1.274540000000000005e-03
3.190000000000000000e+03 1.323100000000000014e-03
3.193000000000000000e+03 1.374219999999999999e-03
3.196000000000000000e+03 1.413430000000000025e-03
3.199000000000000000e+03 1.444350000000000061e-03
3.202000000000000000e+03 1.462210000000000029e-03
3.205000000000000000e+03 1.444360000000000002e-03
3.208000000000000000e+03 1.298370000000000080e-03
3.211000000000000000e+03 1.097199999999999998e-03
3.214000000000000000e+03 8.693190000000000162e-04
3.217000000000000000e+03 6.645410000000000466e-04
3.220000000000000000e+03 5.784019999999999960e-04
3.223000000000000000e+03 5.330569999999999753e-04
3.226000000000000000e+03 5.144109999999999915e-04
3.229000000000000000e+03 4.980289999999999847e-04
3.232000000000000000e+03 4.633150000000000050e-04
3.235000000000000000e+03 3.959720000000000232e-04
3.238000000000000000e+03 2.952319999999999814e-04
3.241000000000000000e+03 1.802119999999999883e-04
3.244000000000000000e+03 8.627510000000000344e-05
3.247000000000000000e+03 2.653390000000000018e-05
3.250000000000000000e+03 6.357779999999999800e-06
3.253000000000000000e+03 6.380969999999999996e-06
3.256000000000000000e+03 6.412519999999999719e-06
3.259000000000000000e+03 6.450589999999999848e-06
3.262000000000000000e+03 6.505130000000000176e-06
3.265000000000000000e+03 6.565459999999999817e-06
3.268000000000000000e+03 6.624149999999999928e-06
3.271000000000000000e+03 6.682579999999999637e-06
3.274000000000000000e+03 6.741269999999999748e-06
3.277000000000000000e+03 6.808610000000000191e-06
3.280000000000000000e+03 6.853510000000000388e-06
3.283000000000000000e+03 6.885439999999999589e-06
3.286000000000000000e+03 6.925260000000000167e-06
3.289000000000000000e+03 6.995229999999999939e-06
3.292000000000000000e+03 7.078529999999999633e-06
3.295000000000000000e+03 7.161409999999999591e-06
3.298000000000000000e+03 7.231179999999999772e-06
3.301000000000000000e+03 7.293789999999999669e-06
3.304000000000000000e+03 7.345129999999999757e-06
3.307000000000000000e+03 7.389589999999999667e-06
3.310000000000000000e+03 7.435430000000000400e-06
3.313000000000000000e+03 7.492580000000000353e-06
3.316000000000000000e+03 7.585050000000000333e-06
3.319000000000000000e+03 7.693059999999999829e-06
3.322000000000000000e+03 7.795190000000000493e-06
3.325000000000000000e+03 7.863319999999999449e-06
3.328000000000000000e+03 7.912919999999999787e-06
3.331000000000000000e+03 7.963300000000000481e-06
3.334000000000000000e+03 8.013829999999999809e-06
3.337000000000000000e+03 8.063709999999999406e-06
3.340000000000000000e+03 8.122219999999999630e-06
3.343000000000000000e+03 8.216550000000000131e-06
3.346000000000000000e+03 8.327850000000000234e-06
3.349000000000000000e+03 8.430680000000000739e-06
3.352000000000000000e+03 8.506130000000000161e-06
3.355000000000000000e+03 8.572309999999999923e-06
3.358000000000000000e+03 8.638049999999999399e-06
3.361000000000000000e+03 8.691739999999999557e-06
3.364000000000000000e+03 8.735970000000000318e-06
3.367000000000000000e+03 8.786240000000000093e-06
3.370000000000000000e+03 8.871630000000000303e-06
3.373000000000000000e+03 8.975980000000000414e-06
3.376000000000000000e+03 9.077520000000000462e-06
3.379000000000000000e+03 9.160900000000000670e-06
3.382000000000000000e+03 9.234030000000000425e-06
3.385000000000000000e+03 9.304740000000000295e-06
3.388000000000000000e+03 9.388100000000000798e-06
3.391000000000000000e+03 9.490469999999999616e-06
3.394000000000000000e+03 9.596910000000000244e-06
3.397000000000000000e+03 9.726950000000000103e-06
3.400000000000000000e+03 9.867770000000000222e-06
3.403000000000000000e+03 1.000680000000000048e-05
3.406000000000000000e+03 1.013759999999999930e-05
3.409000000000000000e+03 1.026689999999999991e-05
3.412000000000000000e+03 1.039920000000000032e-05
3.415000000000000000e+03 1.053660000000000005e-05
3.418000000000000000e+03 1.066449999999999928e-05
3.421000000000000000e+03 1.079340000000000071e-05
3.424000000000000000e+03 1.091140000000000026e-05
3.427000000000000000e+03 1.100829999999999928e-05
3.430000000000000000e+03 1.110470000000000059e-05
3.433000000000000000e+03 1.083510000000000067e-05
3.436000000000000000e+03 1.009149999999999986e-05
3.439000000000000000e+03 9.335729999999999807e-06
3.442000000000000000e+03 9.008849999999999305e-06
3.445000000000000000e+03 9.279820000000000202e-06
3.448000000000000000e+03 9.566599999999999174e-06
3.451000000000000000e+03 9.736069999999999433e-06
3.454000000000000000e+03 9.752890000000000401e-06
3.457000000000000000e+03 9.738149999999999251e-06
3.460000000000000000e+03 9.629759999999999430e-06
3.463000000000000000e+03 9.762249999999999579e-06
3.466000000000000000e+03 9.933080000000000110e-06
3.469000000000000000e+03 1.044080000000000005e-05
3.472000000000000000e+03 1.101270000000000046e-05
3.475000000000000000e+03 1.157760000000000076e-05
3.478000000000000000e+03 1.189689999999999955e-05
3.481000000000000000e+03 1.190980000000000073e-05
3.484000000000000000e+03 1.191609999999999929e-05
3.487000000000000000e+03 1.209559999999999986e-05
3.490000000000000000e+03 1.232700000000000073e-05
3.493000000000000000e+03 1.255669999999999956e-05
3.496000000000000000e+03 1.181809999999999956e-05
3.499000000000000000e+03 9.209799999999999473e-06
3.502000000000000000e+03 6.499769999999999604e-06
3.505000000000000000e+03 4.551819999999999899e-06
3.508000000000000000e+03 4.442119999999999916e-06
3.511000000000000000e+03 4.444560000000000353e-06
3.514000000000000000e+03 4.434329999999999606e-06
3.517000000000000000e+03 4.416049999999999842e-06
3.520000000000000000e+03 4.397779999999999931e-06
3.523000000000000000e+03 3.565780000000000104e-06
3.526000000000000000e+03 2.122129999999999958e-06
3.529000000000000000e+03 6.784739999999999647e-07
