3.419500000000000000e+03 0.000000000000000000e+00
3.427500000000000000e+03 8.879029999999999271e-09
3.435500000000000000e+03 6.217960000000000179e-07
3.443500000000000000e+03 2.096919999999999907e-06
3.451500000000000000e+03 3.178779999999999828e-06
3.459500000000000000e+03 3.355110000000000137e-06
3.467500000000000000e+03 3.611419999999999975e-06
3.475500000000000000e+03 4.480050000000000415e-06
3.483500000000000000e+03 5.232589999999999820e-06
3.491500000000000000e+03 5.362789999999999861e-06
3.499500000000000000e+03 5.237950000000000392e-06
3.507500000000000000e+03 5.109209999999999995e-06
3.515500000000000000e+03 5.051669999999999865e-06
3.523500000000000000e+03 5.088410000000000127e-06
3.531500000000000000e+03 5.199300000000000347e-06
3.539500000000000000e+03 5.965909999999999772e-06
3.547500000000000000e+03 8.992910000000000606e-06
3.555500000000000000e+03 1.136009999999999987e-05
3.563500000000000000e+03 1.253480000000000067e-05
3.571500000000000000e+03 1.299610000000000081e-05
3.579500000000000000e+03 1.306499999999999942e-05
3.587500000000000000e+03 1.307630000000000049e-05
3.595500000000000000e+03 1.303019999999999935e-05
3.603500000000000000e+03 1.302349999999999991e-05
3.611500000000000000e+03 1.305380000000000028e-05
3.619500000000000000e+03 1.312289999999999933e-05
3.627500000000000000e+03 1.330459999999999964e-05
3.635500000000000000e+03 1.343230000000000013e-05
3.643500000000000000e+03 1.340899999999999986e-05
3.651500000000000000e+03 1.343989999999999985e-05
3.659500000000000000e+03 1.353150000000000080e-05
3.667500000000000000e+03 1.360269999999999938e-05
3.675500000000000000e+03 1.365120000000000069e-05
3.683500000000000000e+03 1.364100000000000035e-05
3.691500000000000000e+03 1.361889999999999932e-05
3.699500000000000000e+03 1.358910000000000005e-05
3.707500000000000000e+03 1.355130000000000017e-05
3.715500000000000000e+03 1.351549999999999960e-05
3.723500000000000000e+03 1.351430000000000036e-05
3.731500000000000000e+03 1.359889999999999951e-05
3.739500000000000000e+03 1.385510000000000055e-05
3.747500000000000000e+03 1.421180000000000003e-05
3.755500000000000000e+03 1.463940000000000082e-05
3.763500000000000000e+03 1.496179999999999963e-05
3.771500000000000000e+03 1.523389999999999995e-05
3.779500000000000000e+03 1.542090000000000003e-05
3.787500000000000000e+03 1.562840000000000100e-05
3.795500000000000000e+03 1.585680000000000038e-05
3.803500000000000000e+03 1.597750000000000076e-05
3.811500000000000000e+03 1.604599999999999850e-05
3.819500000000000000e+03 1.604489999999999947e-05
3.827500000000000000e+03 1.607510000000000132e-05
3.835500000000000000e+03 1.617840000000000082e-05
3.843500000000000000e+03 1.646600000000000125e-05
3.851500000000000000e+03 1.687800000000000002e-05
3.859500000000000000e+03 1.743030000000000149e-05
3.867500000000000000e+03 1.809480000000000165e-05
3.875500000000000000e+03 1.882970000000000032e-05
3.883500000000000000e+03 1.945580000000000098e-05
3.891500000000000000e+03 1.996130000000000148e-05
3.899500000000000000e+03 2.025869999999999968e-05
3.907500000000000000e+03 2.054010000000000007e-05
3.915500000000000000e+03 2.077570000000000168e-05
3.923500000000000000e+03 2.115769999999999904e-05
3.931500000000000000e+03 2.169839999999999879e-05
3.939500000000000000e+03 2.235249999999999986e-05
3.947500000000000000e+03 2.311450000000000036e-05
3.955500000000000000e+03 2.393390000000000136e-05
3.963500000000000000e+03 2.478960000000000064e-05
3.971500000000000000e+03 2.564700000000000026e-05
3.979500000000000000e+03 2.659460000000000114e-05
3.987500000000000000e+03 2.768439999999999874e-05
3.995500000000000000e+03 2.884679999999999967e-05
4.003500000000000000e+03 3.006289999999999977e-05
4.011500000000000000e+03 3.125650000000000135e-05
4.019500000000000000e+03 3.274960000000000235e-05
4.027500000000000000e+03 3.451990000000000131e-05
4.035500000000000000e+03 3.641170000000000241e-05
4.043500000000000000e+03 3.843999999999999788e-05
4.051500000000000000e+03 4.065170000000000247e-05
4.059500000000000000e+03 4.296930000000000210e-05
4.067500000000000000e+03 4.547629999999999690e-05
4.075500000000000000e+03 4.813360000000000278e-05
4.083500000000000000e+03 5.116359999999999918e-05
4.091500000000000000e+03 5.463450000000000012e-05
4.099500000000000000e+03 5.858100000000000037e-05
4.107500000000000000e+03 6.310959999999999628e-05
4.115500000000000000e+03 6.829039999999999926e-05
4.123500000000000000e+03 7.385969999999999352e-05
4.131500000000000000e+03 7.797510000000000498e-05
4.139500000000000000e+03 8.284979999999999407e-05
4.147500000000000000e+03 8.973479999999999337e-05
4.155500000000000000e+03 9.873670000000000623e-05
4.163500000000000000e+03 1.107410000000000024e-04
4.171500000000000000e+03 1.267650000000000103e-04
4.179500000000000000e+03 1.455759999999999899e-04
4.187500000000000000e+03 1.663699999999999945e-04
4.195500000000000000e+03 1.897919999999999881e-04
4.203500000000000000e+03 2.161099999999999892e-04
4.211500000000000000e+03 2.462429999999999936e-04
4.219500000000000000e+03 2.818030000000000122e-04
4.227500000000000000e+03 3.339449999999999884e-04
4.235500000000000000e+03 4.531830000000000146e-04
4.243500000000000000e+03 6.402069999999999506e-04
4.251500000000000000e+03 9.766959999999999878e-04
4.259500000000000000e+03 1.432090000000000012e-03
4.267500000000000000e+03 1.934759999999999995e-03
4.275500000000000000e+03 2.497989999999999846e-03
4.283500000000000000e+03 3.272279999999999807e-03
4.291500000000000000e+03 4.192809999999999940e-03
4.299500000000000000e+03 5.308529999999999673e-03
4.307500000000000000e+03 6.599790000000000344e-03
4.315500000000000000e+03 8.145140000000000366e-03
4.323500000000000000e+03 9.908909999999999940e-03
4.331500000000000000e+03 1.194980000000000001e-02
4.339500000000000000e+03 1.419809999999999996e-02
4.347500000000000000e+03 1.671869999999999953e-02
4.355500000000000000e+03 1.945900000000000060e-02
4.363500000000000000e+03 2.249850000000000114e-02
4.371500000000000000e+03 2.576639999999999833e-02
4.379500000000000000e+03 2.925600000000000075e-02
4.387500000000000000e+03 3.291360000000000119e-02
4.395500000000000000e+03 3.683320000000000344e-02
4.403500000000000000e+03 4.102950000000000347e-02
4.411500000000000000e+03 4.554430000000000284e-02
4.419500000000000000e+03 5.047940000000000066e-02
4.427500000000000000e+03 5.603330000000000116e-02
4.435500000000000000e+03 6.233690000000000064e-02
4.443500000000000000e+03 6.948379999999999834e-02
4.451500000000000000e+03 7.761440000000000006e-02
4.459500000000000000e+03 8.665609999999999979e-02
4.467500000000000000e+03 9.660860000000000281e-02
4.475500000000000000e+03 1.073820000000000052e-01
4.483500000000000000e+03 1.188680000000000014e-01
4.491500000000000000e+03 1.312210000000000043e-01
4.499500000000000000e+03 1.445829999999999893e-01
4.507500000000000000e+03 1.587089999999999890e-01
4.515500000000000000e+03 1.734340000000000048e-01
4.523500000000000000e+03 1.884109999999999951e-01
4.531500000000000000e+03 2.033220000000000027e-01
4.539500000000000000e+03 2.179059999999999886e-01
4.547500000000000000e+03 2.323290000000000077e-01
4.555500000000000000e+03 2.464510000000000034e-01
4.563500000000000000e+03 2.599929999999999741e-01
4.571500000000000000e+03 2.722490000000000188e-01
4.579500000000000000e+03 2.831210000000000115e-01
4.587500000000000000e+03 2.929769999999999874e-01
4.595500000000000000e+03 3.016710000000000225e-01
4.603500000000000000e+03 3.088290000000000202e-01
4.611500000000000000e+03 3.144770000000000065e-01
4.619500000000000000e+03 3.193259999999999987e-01
4.627500000000000000e+03 3.233860000000000068e-01
4.635500000000000000e+03 3.265149999999999997e-01
4.643500000000000000e+03 3.287169999999999814e-01
4.651500000000000000e+03 3.301359999999999850e-01
4.659500000000000000e+03 3.309489999999999932e-01
4.667500000000000000e+03 3.314849999999999741e-01
4.675500000000000000e+03 3.319610000000000061e-01
4.683500000000000000e+03 3.341549999999999798e-01
4.691500000000000000e+03 3.394670000000000187e-01
4.699500000000000000e+03 3.512219999999999787e-01
4.707500000000000000e+03 3.713199999999999834e-01
4.715500000000000000e+03 4.023479999999999834e-01
4.723500000000000000e+03 4.460459999999999980e-01
4.731500000000000000e+03 5.004840000000000400e-01
4.739500000000000000e+03 5.646499999999999853e-01
4.747500000000000000e+03 6.329979999999999496e-01
4.755500000000000000e+03 7.023829999999999796e-01
4.763500000000000000e+03 7.694710000000000161e-01
4.771500000000000000e+03 8.314310000000000311e-01
4.779500000000000000e+03 8.870149999999999979e-01
4.787500000000000000e+03 9.286240000000000050e-01
4.795500000000000000e+03 9.593049999999999633e-01
4.803500000000000000e+03 9.760480000000000267e-01
4.811500000000000000e+03 9.866850000000000342e-01
4.819500000000000000e+03 9.923199999999999799e-01
4.827500000000000000e+03 9.954260000000000330e-01
4.835500000000000000e+03 9.969639999999999613e-01
4.843500000000000000e+03 9.985009999999999719e-01
4.851500000000000000e+03 9.993499999999999606e-01
4.859500000000000000e+03 1.000000000000000000e+00
4.867500000000000000e+03 9.990019999999999456e-01
4.875500000000000000e+03 9.966909999999999936e-01
4.883500000000000000e+03 9.922530000000000516e-01
4.891500000000000000e+03 9.841849999999999765e-01
4.899500000000000000e+03 9.710079999999999822e-01
4.907500000000000000e+03 9.516459999999999919e-01
4.915500000000000000e+03 9.246220000000000550e-01
4.923500000000000000e+03 8.889590000000000547e-01
4.931500000000000000e+03 8.445589999999999486e-01
4.939500000000000000e+03 7.920000000000000373e-01
4.947500000000000000e+03 7.310149999999999704e-01
4.955500000000000000e+03 6.644729999999999803e-01
4.963500000000000000e+03 5.902399999999999869e-01
4.971500000000000000e+03 5.147599999999999953e-01
4.979500000000000000e+03 4.449239999999999862e-01
4.987500000000000000e+03 3.842160000000000020e-01
4.995500000000000000e+03 3.364779999999999993e-01
5.003500000000000000e+03 2.946500000000000230e-01
5.011500000000000000e+03 2.643510000000000026e-01
5.019500000000000000e+03 2.427620000000000056e-01
5.027500000000000000e+03 2.285030000000000117e-01
5.035500000000000000e+03 2.178070000000000006e-01
5.043500000000000000e+03 2.112729999999999886e-01
5.051500000000000000e+03 2.073069999999999913e-01
5.059500000000000000e+03 2.045269999999999866e-01
5.067500000000000000e+03 2.017380000000000007e-01
5.075500000000000000e+03 1.985780000000000045e-01
5.083500000000000000e+03 1.954480000000000106e-01
5.091500000000000000e+03 1.920379999999999865e-01
5.099500000000000000e+03 1.892870000000000108e-01
5.107500000000000000e+03 1.876520000000000132e-01
5.115500000000000000e+03 1.867979999999999918e-01
5.123500000000000000e+03 1.858350000000000002e-01
5.131500000000000000e+03 1.846879999999999911e-01
5.139500000000000000e+03 1.825819999999999943e-01
5.147500000000000000e+03 1.797310000000000019e-01
5.155500000000000000e+03 1.769350000000000089e-01
5.163500000000000000e+03 1.738200000000000023e-01
5.171500000000000000e+03 1.703909999999999869e-01
5.179500000000000000e+03 1.656940000000000079e-01
5.187500000000000000e+03 1.600640000000000118e-01
5.195500000000000000e+03 1.541039999999999910e-01
5.203500000000000000e+03 1.481329999999999869e-01
5.211500000000000000e+03 1.423979999999999968e-01
5.219500000000000000e+03 1.368800000000000017e-01
5.227500000000000000e+03 1.312860000000000138e-01
5.235500000000000000e+03 1.255580000000000029e-01
5.243500000000000000e+03 1.195559999999999956e-01
5.251500000000000000e+03 1.131319999999999965e-01
5.259500000000000000e+03 1.065799999999999942e-01
5.267500000000000000e+03 9.964090000000000447e-02
5.275500000000000000e+03 9.281979999999999398e-02
5.283500000000000000e+03 8.583050000000000401e-02
5.291500000000000000e+03 7.886999999999999567e-02
5.299500000000000000e+03 7.201559999999999906e-02
5.307500000000000000e+03 6.525590000000000557e-02
5.315500000000000000e+03 5.886620000000000047e-02
5.323500000000000000e+03 5.272539999999999866e-02
5.331500000000000000e+03 4.709060000000000329e-02
5.339500000000000000e+03 4.180140000000000244e-02
5.347500000000000000e+03 3.709099999999999897e-02
5.355500000000000000e+03 3.267969999999999903e-02
5.363500000000000000e+03 2.877549999999999900e-02
5.371500000000000000e+03 2.519460000000000102e-02
5.379500000000000000e+03 2.206419999999999909e-02
5.387500000000000000e+03 1.920550000000000035e-02
5.395500000000000000e+03 1.674029999999999963e-02
5.403500000000000000e+03 1.452009999999999933e-02
5.411500000000000000e+03 1.263859999999999983e-02
5.419500000000000000e+03 1.097039999999999994e-02
5.427500000000000000e+03 9.571009999999999587e-03
5.435500000000000000e+03 8.338349999999999582e-03
5.443500000000000000e+03 7.312120000000000078e-03
5.451500000000000000e+03 6.415350000000000219e-03
5.459500000000000000e+03 5.667359999999999759e-03
5.467500000000000000e+03 5.012929999999999643e-03
5.475500000000000000e+03 4.457110000000000238e-03
5.483500000000000000e+03 3.931030000000000288e-03
5.491500000000000000e+03 3.445590000000000111e-03
5.499500000000000000e+03 3.030039999999999904e-03
5.507500000000000000e+03 2.701499999999999908e-03
5.515500000000000000e+03 2.391390000000000182e-03
5.523500000000000000e+03 2.089609999999999992e-03
5.531500000000000000e+03 1.801340000000000016e-03
5.539500000000000000e+03 1.535040000000000102e-03
5.547500000000000000e+03 1.299379999999999936e-03
5.555500000000000000e+03 1.033740000000000006e-03
5.563500000000000000e+03 6.374580000000000350e-04
5.571500000000000000e+03 3.931949999999999920e-04
5.579500000000000000e+03 3.016440000000000007e-04
5.587500000000000000e+03 1.824399999999999948e-04
5.595500000000000000e+03 1.405149999999999921e-04
5.603500000000000000e+03 1.295760000000000076e-04
5.611500000000000000e+03 1.171539999999999967e-04
5.619500000000000000e+03 1.065150000000000059e-04
5.627500000000000000e+03 9.944730000000000583e-05
5.635500000000000000e+03 9.411640000000000576e-05
5.643500000000000000e+03 8.095230000000000080e-05
5.651500000000000000e+03 6.611140000000000538e-05
5.659500000000000000e+03 5.724640000000000132e-05
5.667500000000000000e+03 5.192520000000000219e-05
5.675500000000000000e+03 4.741620000000000183e-05
5.683500000000000000e+03 4.152779999999999905e-05
5.691500000000000000e+03 3.515549999999999909e-05
5.699500000000000000e+03 2.652800000000000080e-05
5.707500000000000000e+03 1.673099999999999956e-05
5.715500000000000000e+03 6.217919999999999922e-06
5.723500000000000000e+03 4.599459999999999815e-07
