2.426500000000000000e+03 0.000000000000000000e+00
2.432500000000000000e+03 2.995520000000000078e-07
2.438500000000000000e+03 4.606909999999999739e-06
2.444500000000000000e+03 1.178290000000000030e-05
2.450500000000000000e+03 1.613399999999999833e-05
2.456500000000000000e+03 1.672959999999999988e-05
2.462500000000000000e+03 1.718959999999999886e-05
2.468500000000000000e+03 1.786910000000000142e-05
2.474500000000000000e+03 1.858319999999999853e-05
2.480500000000000000e+03 1.931439999999999926e-05
2.486500000000000000e+03 2.004519999999999910e-05
2.492500000000000000e+03 2.073340000000000041e-05
2.498500000000000000e+03 2.138459999999999851e-05
2.504500000000000000e+03 2.177599999999999954e-05
2.510500000000000000e+03 2.192239999999999868e-05
2.516500000000000000e+03 2.189909999999999841e-05
2.522500000000000000e+03 2.161029999999999874e-05
2.528500000000000000e+03 2.126190000000000051e-05
2.534500000000000000e+03 2.080879999999999972e-05
2.540500000000000000e+03 2.034659999999999930e-05
2.546500000000000000e+03 1.994179999999999938e-05
2.552500000000000000e+03 1.958939999999999916e-05
2.558500000000000000e+03 1.956510000000000009e-05
2.564500000000000000e+03 1.977080000000000051e-05
2.570500000000000000e+03 2.022080000000000128e-05
2.576500000000000000e+03 2.095300000000000081e-05
2.582500000000000000e+03 2.173620000000000036e-05
2.588500000000000000e+03 2.259280000000000161e-05
2.594500000000000000e+03 2.335750000000000125e-05
2.600500000000000000e+03 2.375250000000000001e-05
2.606500000000000000e+03 2.397439999999999868e-05
2.612500000000000000e+03 2.364610000000000049e-05
2.618500000000000000e+03 2.302399999999999843e-05
2.624500000000000000e+03 2.191430000000000125e-05
2.630500000000000000e+03 2.039629999999999986e-05
2.636500000000000000e+03 1.873769999999999849e-05
2.642500000000000000e+03 1.689289999999999881e-05
2.648500000000000000e+03 1.508859999999999984e-05
2.654500000000000000e+03 1.342630000000000052e-05
2.660500000000000000e+03 1.187989999999999954e-05
2.666500000000000000e+03 1.075760000000000014e-05
2.672500000000000000e+03 9.827799999999999316e-06
2.678500000000000000e+03 9.354299999999999529e-06
2.684500000000000000e+03 9.174659999999999332e-06
2.690500000000000000e+03 9.310190000000000387e-06
2.696500000000000000e+03 9.777450000000000721e-06
2.702500000000000000e+03 1.038690000000000045e-05
2.708500000000000000e+03 1.122489999999999988e-05
2.714500000000000000e+03 1.208270000000000038e-05
2.720500000000000000e+03 1.292020000000000040e-05
2.726500000000000000e+03 1.371590000000000026e-05
2.732500000000000000e+03 1.430000000000000031e-05
2.738500000000000000e+03 1.475570000000000003e-05
2.744500000000000000e+03 1.481010000000000072e-05
2.750500000000000000e+03 1.454790000000000008e-05
2.756500000000000000e+03 1.397650000000000078e-05
2.762500000000000000e+03 1.301540000000000078e-05
2.768500000000000000e+03 1.199690000000000028e-05
2.774500000000000000e+03 1.091559999999999930e-05
2.780500000000000000e+03 9.846950000000000649e-06
2.786500000000000000e+03 8.866439999999999765e-06
2.792500000000000000e+03 7.933719999999999656e-06
2.798500000000000000e+03 7.152159999999999638e-06
2.804500000000000000e+03 6.467150000000000414e-06
2.810500000000000000e+03 5.978379999999999671e-06
2.816500000000000000e+03 5.675160000000000057e-06
2.822500000000000000e+03 5.404820000000000033e-06
2.828500000000000000e+03 5.174359999999999702e-06
2.834500000000000000e+03 4.964779999999999754e-06
2.840500000000000000e+03 4.800619999999999956e-06
2.846500000000000000e+03 4.654179999999999712e-06
2.852500000000000000e+03 4.546759999999999985e-06
2.858500000000000000e+03 4.451870000000000119e-06
2.864500000000000000e+03 4.331899999999999979e-06
2.870500000000000000e+03 4.195509999999999748e-06
2.876500000000000000e+03 4.076909999999999731e-06
2.882500000000000000e+03 3.979269999999999765e-06
2.888500000000000000e+03 3.868970000000000160e-06
2.894500000000000000e+03 3.730749999999999813e-06
2.900500000000000000e+03 3.596560000000000172e-06
2.906500000000000000e+03 3.489330000000000183e-06
2.912500000000000000e+03 3.384899999999999982e-06
2.918500000000000000e+03 3.252439999999999814e-06
2.924500000000000000e+03 3.108860000000000165e-06
2.930500000000000000e+03 2.999119999999999925e-06
2.936500000000000000e+03 2.919609999999999817e-06
2.942500000000000000e+03 2.871909999999999834e-06
2.948500000000000000e+03 2.883099999999999976e-06
2.954500000000000000e+03 3.616700000000000033e-06
2.960500000000000000e+03 5.722329999999999810e-06
2.966500000000000000e+03 8.017160000000000673e-06
2.972500000000000000e+03 8.826010000000000561e-06
2.978500000000000000e+03 8.710509999999999718e-06
2.984500000000000000e+03 8.723049999999999432e-06
2.990500000000000000e+03 9.463530000000000515e-06
2.996500000000000000e+03 1.021840000000000029e-05
3.002500000000000000e+03 1.022000000000000041e-05
3.008500000000000000e+03 1.010309999999999988e-05
3.014500000000000000e+03 9.989909999999999700e-06
3.020500000000000000e+03 9.891709999999999522e-06
3.026500000000000000e+03 9.953110000000000323e-06
3.032500000000000000e+03 1.097000000000000000e-05
3.038500000000000000e+03 1.323150000000000029e-05
3.044500000000000000e+03 1.613360000000000084e-05
3.050500000000000000e+03 1.860260000000000041e-05
3.056500000000000000e+03 2.032509999999999959e-05
3.062500000000000000e+03 2.142839999999999968e-05
3.068500000000000000e+03 2.196640000000000029e-05
3.074500000000000000e+03 2.334650000000000085e-05
3.080500000000000000e+03 2.507370000000000017e-05
3.086500000000000000e+03 2.570320000000000151e-05
3.092500000000000000e+03 2.573550000000000119e-05
3.098500000000000000e+03 2.570509999999999890e-05
3.104500000000000000e+03 2.575890000000000167e-05
3.110500000000000000e+03 2.586510000000000076e-05
3.116500000000000000e+03 2.593699999999999917e-05
3.122500000000000000e+03 2.596349999999999968e-05
3.128500000000000000e+03 2.601800000000000060e-05
3.134500000000000000e+03 2.613949999999999935e-05
3.140500000000000000e+03 2.625300000000000089e-05
3.146500000000000000e+03 2.637680000000000130e-05
3.152500000000000000e+03 2.652589999999999958e-05
3.158500000000000000e+03 2.661069999999999918e-05
3.164500000000000000e+03 2.666919999999999870e-05
3.170500000000000000e+03 2.673719999999999873e-05
3.176500000000000000e+03 2.676489999999999848e-05
3.182500000000000000e+03 2.671930000000000014e-05
3.188500000000000000e+03 2.664080000000000080e-05
3.194500000000000000e+03 2.665770000000000059e-05
3.200500000000000000e+03 2.684780000000000068e-05
3.206500000000000000e+03 2.719349999999999976e-05
3.212500000000000000e+03 2.764009999999999986e-05
3.218500000000000000e+03 2.815070000000000137e-05
3.224500000000000000e+03 2.875190000000000165e-05
3.230500000000000000e+03 2.932980000000000165e-05
3.236500000000000000e+03 2.987180000000000087e-05
3.242500000000000000e+03 3.041760000000000164e-05
3.248500000000000000e+03 3.093959999999999766e-05
3.254500000000000000e+03 3.141460000000000243e-05
3.260500000000000000e+03 3.179390000000000064e-05
3.266500000000000000e+03 3.203109999999999898e-05
3.272500000000000000e+03 3.220029999999999729e-05
3.278500000000000000e+03 3.233240000000000235e-05
3.284500000000000000e+03 3.250760000000000026e-05
3.290500000000000000e+03 3.283789999999999946e-05
3.296500000000000000e+03 3.325489999999999902e-05
3.302500000000000000e+03 3.376829999999999990e-05
3.308500000000000000e+03 3.435940000000000175e-05
3.314500000000000000e+03 3.504610000000000315e-05
3.320500000000000000e+03 3.589629999999999714e-05
3.326500000000000000e+03 3.684819999999999730e-05
3.332500000000000000e+03 3.783040000000000290e-05
3.338500000000000000e+03 3.873979999999999796e-05
3.344500000000000000e+03 3.956040000000000159e-05
3.350500000000000000e+03 4.021510000000000059e-05
3.356500000000000000e+03 4.088380000000000318e-05
3.362500000000000000e+03 4.169310000000000236e-05
3.368500000000000000e+03 4.265740000000000260e-05
3.374500000000000000e+03 4.375599999999999916e-05
3.380500000000000000e+03 4.485130000000000204e-05
3.386500000000000000e+03 4.590210000000000221e-05
3.392500000000000000e+03 4.696009999999999784e-05
3.398500000000000000e+03 4.815919999999999793e-05
3.404500000000000000e+03 4.960460000000000276e-05
3.410500000000000000e+03 5.132000000000000331e-05
3.416500000000000000e+03 5.319909999999999689e-05
3.422500000000000000e+03 5.517280000000000139e-05
3.428500000000000000e+03 5.725280000000000180e-05
3.434500000000000000e+03 5.945060000000000302e-05
3.440500000000000000e+03 6.182580000000000020e-05
3.446500000000000000e+03 6.437110000000000444e-05
3.452500000000000000e+03 6.719740000000000142e-05
3.458500000000000000e+03 7.024990000000000650e-05
3.464500000000000000e+03 7.361969999999999582e-05
3.470500000000000000e+03 7.734549999999999325e-05
3.476500000000000000e+03 8.131759999999999542e-05
3.482500000000000000e+03 8.558069999999999870e-05
3.488500000000000000e+03 9.029930000000000465e-05
3.494500000000000000e+03 9.553330000000000231e-05
3.500500000000000000e+03 1.011399999999999973e-04
3.506500000000000000e+03 1.075720000000000062e-04
3.512500000000000000e+03 1.148619999999999990e-04
3.518500000000000000e+03 1.232159999999999939e-04
3.524500000000000000e+03 1.324279999999999999e-04
3.530500000000000000e+03 1.424060000000000050e-04
3.536500000000000000e+03 1.525119999999999926e-04
3.542500000000000000e+03 1.632919999999999944e-04
3.548500000000000000e+03 1.755249999999999974e-04
3.554500000000000000e+03 1.899140000000000116e-04
3.560500000000000000e+03 2.075520000000000078e-04
3.566500000000000000e+03 2.424019999999999875e-04
3.572500000000000000e+03 3.897740000000000124e-04
3.578500000000000000e+03 6.371569999999999578e-04
3.584500000000000000e+03 9.031199999999999862e-04
3.590500000000000000e+03 1.188000000000000037e-03
3.596500000000000000e+03 1.564110000000000066e-03
3.602500000000000000e+03 2.113540000000000123e-03
3.608500000000000000e+03 2.826910000000000187e-03
3.614500000000000000e+03 3.758989999999999814e-03
3.620500000000000000e+03 4.775599999999999637e-03
3.626500000000000000e+03 5.884549999999999677e-03
3.632500000000000000e+03 7.101139999999999709e-03
3.638500000000000000e+03 8.511100000000000609e-03
3.644500000000000000e+03 1.009149999999999978e-02
3.650500000000000000e+03 1.182069999999999996e-02
3.656500000000000000e+03 1.364160000000000025e-02
3.662500000000000000e+03 1.555690000000000024e-02
3.668500000000000000e+03 1.764390000000000056e-02
3.674500000000000000e+03 1.988030000000000005e-02
3.680500000000000000e+03 2.230040000000000147e-02
3.686500000000000000e+03 2.486189999999999928e-02
3.692500000000000000e+03 2.757679999999999854e-02
3.698500000000000000e+03 3.047719999999999943e-02
3.704500000000000000e+03 3.352469999999999756e-02
3.710500000000000000e+03 3.679990000000000344e-02
3.716500000000000000e+03 4.024010000000000087e-02
3.722500000000000000e+03 4.396429999999999783e-02
3.728500000000000000e+03 4.789589999999999820e-02
3.734500000000000000e+03 5.207200000000000023e-02
3.740500000000000000e+03 5.643970000000000237e-02
3.746500000000000000e+03 6.095609999999999917e-02
3.752500000000000000e+03 6.572039999999999826e-02
3.758500000000000000e+03 7.061249999999999472e-02
3.764500000000000000e+03 7.569689999999999752e-02
3.770500000000000000e+03 8.089540000000000619e-02
3.776500000000000000e+03 8.619949999999999835e-02
3.782500000000000000e+03 9.155919999999999337e-02
3.788500000000000000e+03 9.690300000000000302e-02
3.794500000000000000e+03 1.022990000000000010e-01
3.800500000000000000e+03 1.076050000000000062e-01
3.806500000000000000e+03 1.129280000000000006e-01
3.812500000000000000e+03 1.182369999999999949e-01
3.818500000000000000e+03 1.234809999999999935e-01
3.824500000000000000e+03 1.287230000000000041e-01
3.830500000000000000e+03 1.338959999999999873e-01
3.836500000000000000e+03 1.391110000000000124e-01
3.842500000000000000e+03 1.443099999999999938e-01
3.848500000000000000e+03 1.495140000000000080e-01
3.854500000000000000e+03 1.548059999999999992e-01
3.860500000000000000e+03 1.599589999999999901e-01
3.866500000000000000e+03 1.653209999999999957e-01
3.872500000000000000e+03 1.709870000000000001e-01
3.878500000000000000e+03 1.769159999999999899e-01
3.884500000000000000e+03 1.828289999999999915e-01
3.890500000000000000e+03 1.886089999999999989e-01
3.896500000000000000e+03 1.938930000000000098e-01
3.902500000000000000e+03 1.988590000000000080e-01
3.908500000000000000e+03 2.035559999999999869e-01
3.914500000000000000e+03 2.082829999999999959e-01
3.920500000000000000e+03 2.128279999999999894e-01
3.926500000000000000e+03 2.171839999999999882e-01
3.932500000000000000e+03 2.212310000000000110e-01
3.938500000000000000e+03 2.247830000000000106e-01
3.944500000000000000e+03 2.278239999999999987e-01
3.950500000000000000e+03 2.307950000000000002e-01
3.956500000000000000e+03 2.337190000000000101e-01
3.962500000000000000e+03 2.363290000000000113e-01
3.968500000000000000e+03 2.386540000000000050e-01
3.974500000000000000e+03 2.400839999999999919e-01
3.980500000000000000e+03 2.410019999999999940e-01
3.986500000000000000e+03 2.419709999999999916e-01
3.992500000000000000e+03 2.431490000000000040e-01
3.998500000000000000e+03 2.443809999999999871e-01
4.004500000000000000e+03 2.458529999999999882e-01
4.010500000000000000e+03 2.477209999999999968e-01
4.016500000000000000e+03 2.502809999999999757e-01
4.022500000000000000e+03 2.539890000000000203e-01
4.028500000000000000e+03 2.606209999999999916e-01
4.034500000000000000e+03 2.697140000000000093e-01
4.040500000000000000e+03 2.844849999999999879e-01
4.046500000000000000e+03 3.047699999999999854e-01
4.052500000000000000e+03 3.315690000000000026e-01
4.058500000000000000e+03 3.668939999999999979e-01
4.064500000000000000e+03 4.094459999999999766e-01
4.070500000000000000e+03 4.591350000000000153e-01
4.076500000000000000e+03 5.154680000000000373e-01
4.082500000000000000e+03 5.736189999999999900e-01
4.088500000000000000e+03 6.303339999999999499e-01
4.094500000000000000e+03 6.848159999999999803e-01
4.100500000000000000e+03 7.341020000000000323e-01
4.106500000000000000e+03 7.824269999999999836e-01
4.112500000000000000e+03 8.272000000000000464e-01
4.118500000000000000e+03 8.685159999999999547e-01
4.124500000000000000e+03 9.055320000000000036e-01
4.130500000000000000e+03 9.351239999999999553e-01
4.136500000000000000e+03 9.566350000000000131e-01
4.142500000000000000e+03 9.717120000000000202e-01
4.148500000000000000e+03 9.808940000000000436e-01
4.154500000000000000e+03 9.865819999999999590e-01
4.160500000000000000e+03 9.899599999999999511e-01
4.166500000000000000e+03 9.918559999999999599e-01
4.172500000000000000e+03 9.939440000000000497e-01
4.178500000000000000e+03 9.961799999999999544e-01
4.184500000000000000e+03 9.982210000000000250e-01
4.190500000000000000e+03 9.995600000000000041e-01
4.196500000000000000e+03 1.000000000000000000e+00
4.202500000000000000e+03 9.996819999999999595e-01
4.208500000000000000e+03 9.980350000000000055e-01
4.214500000000000000e+03 9.933110000000000550e-01
4.220500000000000000e+03 9.849700000000000122e-01
4.226500000000000000e+03 9.712739999999999707e-01
4.232500000000000000e+03 9.517120000000000024e-01
4.238500000000000000e+03 9.240159999999999485e-01
4.244500000000000000e+03 8.879460000000000131e-01
4.250500000000000000e+03 8.446799999999999864e-01
4.256500000000000000e+03 7.947589999999999932e-01
4.262500000000000000e+03 7.406380000000000186e-01
4.268500000000000000e+03 6.820659999999999501e-01
4.274500000000000000e+03 6.210210000000000452e-01
4.280500000000000000e+03 5.578509999999999858e-01
4.286500000000000000e+03 4.966670000000000251e-01
4.292500000000000000e+03 4.378290000000000237e-01
4.298500000000000000e+03 3.834850000000000203e-01
4.304500000000000000e+03 3.380079999999999751e-01
4.310500000000000000e+03 2.981249999999999734e-01
4.316500000000000000e+03 2.679730000000000167e-01
4.322500000000000000e+03 2.442050000000000054e-01
4.328500000000000000e+03 2.261859999999999982e-01
4.334500000000000000e+03 2.127570000000000017e-01
4.340500000000000000e+03 2.037720000000000087e-01
4.346500000000000000e+03 1.974430000000000074e-01
4.352500000000000000e+03 1.926370000000000027e-01
4.358500000000000000e+03 1.889379999999999948e-01
4.364500000000000000e+03 1.856410000000000005e-01
4.370500000000000000e+03 1.826049999999999895e-01
4.376500000000000000e+03 1.798770000000000091e-01
4.382500000000000000e+03 1.770879999999999954e-01
4.388500000000000000e+03 1.745289999999999897e-01
4.394500000000000000e+03 1.719890000000000030e-01
4.400500000000000000e+03 1.696120000000000128e-01
4.406500000000000000e+03 1.674460000000000115e-01
4.412500000000000000e+03 1.653300000000000047e-01
4.418500000000000000e+03 1.633409999999999862e-01
4.424500000000000000e+03 1.616090000000000027e-01
4.430500000000000000e+03 1.602550000000000086e-01
4.436500000000000000e+03 1.592030000000000112e-01
4.442500000000000000e+03 1.583120000000000083e-01
4.448500000000000000e+03 1.573920000000000041e-01
4.454500000000000000e+03 1.562399999999999900e-01
4.460500000000000000e+03 1.548559999999999937e-01
4.466500000000000000e+03 1.534590000000000121e-01
4.472500000000000000e+03 1.520199999999999885e-01
4.478500000000000000e+03 1.506919999999999926e-01
4.484500000000000000e+03 1.494250000000000023e-01
4.490500000000000000e+03 1.481729999999999992e-01
4.496500000000000000e+03 1.467890000000000028e-01
4.502500000000000000e+03 1.450329999999999953e-01
4.508500000000000000e+03 1.429570000000000007e-01
4.514500000000000000e+03 1.406020000000000048e-01
4.520500000000000000e+03 1.380190000000000028e-01
4.526500000000000000e+03 1.351209999999999911e-01
4.532500000000000000e+03 1.319049999999999945e-01
4.538500000000000000e+03 1.283169999999999866e-01
4.544500000000000000e+03 1.241550000000000015e-01
4.550500000000000000e+03 1.194469999999999976e-01
4.556500000000000000e+03 1.141439999999999955e-01
4.562500000000000000e+03 1.083940000000000042e-01
4.568500000000000000e+03 1.023150000000000032e-01
4.574500000000000000e+03 9.599839999999999762e-02
4.580500000000000000e+03 8.959399999999999309e-02
4.586500000000000000e+03 8.317539999999999656e-02
4.592500000000000000e+03 7.667430000000000079e-02
4.598500000000000000e+03 7.027830000000000188e-02
4.604500000000000000e+03 6.398500000000000021e-02
4.610500000000000000e+03 5.798810000000000076e-02
4.616500000000000000e+03 5.234860000000000207e-02
4.622500000000000000e+03 4.704730000000000023e-02
4.628500000000000000e+03 4.218519999999999909e-02
4.634500000000000000e+03 3.771069999999999978e-02
4.640500000000000000e+03 3.366260000000000085e-02
4.646500000000000000e+03 2.998239999999999933e-02
4.652500000000000000e+03 2.667929999999999954e-02
4.658500000000000000e+03 2.373950000000000018e-02
4.664500000000000000e+03 2.116379999999999997e-02
4.670500000000000000e+03 1.887219999999999870e-02
4.676500000000000000e+03 1.686910000000000145e-02
4.682500000000000000e+03 1.509669999999999936e-02
4.688500000000000000e+03 1.354239999999999958e-02
4.694500000000000000e+03 1.217910000000000000e-02
4.700500000000000000e+03 1.094879999999999985e-02
4.706500000000000000e+03 9.881900000000000753e-03
4.712500000000000000e+03 8.909790000000000765e-03
4.718500000000000000e+03 8.057109999999999272e-03
4.724500000000000000e+03 7.276430000000000398e-03
4.730500000000000000e+03 6.529649999999999690e-03
4.736500000000000000e+03 5.788289999999999755e-03
4.742500000000000000e+03 5.125079999999999740e-03
4.748500000000000000e+03 4.578419999999999712e-03
4.754500000000000000e+03 4.056159999999999627e-03
4.760500000000000000e+03 3.513459999999999934e-03
4.766500000000000000e+03 2.985310000000000134e-03
4.772500000000000000e+03 2.488470000000000005e-03
4.778500000000000000e+03 1.996860000000000041e-03
4.784500000000000000e+03 1.569829999999999923e-03
4.790500000000000000e+03 1.229550000000000044e-03
4.796500000000000000e+03 9.834080000000000685e-04
4.802500000000000000e+03 7.925540000000000015e-04
4.808500000000000000e+03 6.870570000000000323e-04
4.814500000000000000e+03 6.007840000000000402e-04
4.820500000000000000e+03 4.685170000000000003e-04
4.826500000000000000e+03 2.834919999999999888e-04
4.832500000000000000e+03 1.576550000000000076e-04
4.838500000000000000e+03 1.238409999999999956e-04
4.844500000000000000e+03 1.193159999999999940e-04
4.850500000000000000e+03 1.114919999999999957e-04
4.856500000000000000e+03 9.519109999999999735e-05
4.862500000000000000e+03 7.557719999999999868e-05
4.868500000000000000e+03 6.025509999999999845e-05
4.874500000000000000e+03 5.189700000000000134e-05
4.880500000000000000e+03 4.822610000000000232e-05
4.886500000000000000e+03 4.641909999999999743e-05
4.892500000000000000e+03 4.467770000000000085e-05
4.898500000000000000e+03 4.254109999999999831e-05
4.904500000000000000e+03 3.485919999999999991e-05
4.910500000000000000e+03 2.363899999999999847e-05
4.916500000000000000e+03 1.672449999999999886e-05
4.922500000000000000e+03 1.442990000000000054e-05
4.928500000000000000e+03 1.083810000000000047e-05
4.934500000000000000e+03 8.146420000000000178e-06
4.940500000000000000e+03 8.022039999999999854e-06
4.946500000000000000e+03 8.080650000000000297e-06
4.952500000000000000e+03 8.160350000000000568e-06
4.958500000000000000e+03 8.254759999999999889e-06
4.964500000000000000e+03 8.316670000000000792e-06
4.970500000000000000e+03 8.328319999999999232e-06
4.976500000000000000e+03 8.320259999999999516e-06
4.982500000000000000e+03 8.303100000000000175e-06
4.988500000000000000e+03 8.281770000000000499e-06
4.994500000000000000e+03 8.260410000000000419e-06
5.000500000000000000e+03 8.239059999999999345e-06
5.006500000000000000e+03 8.217720000000000664e-06
5.012500000000000000e+03 8.196260000000000364e-06
5.018500000000000000e+03 8.174340000000000073e-06
5.024500000000000000e+03 8.145799999999999157e-06
5.030500000000000000e+03 8.072880000000000539e-06
5.036500000000000000e+03 7.920719999999999950e-06
5.042500000000000000e+03 7.589720000000000070e-06
5.048500000000000000e+03 6.962290000000000386e-06
5.054500000000000000e+03 6.326549999999999592e-06
5.060500000000000000e+03 6.074480000000000327e-06
5.066500000000000000e+03 6.128449999999999744e-06
5.072500000000000000e+03 6.219759999999999891e-06
5.078500000000000000e+03 6.357290000000000250e-06
5.084500000000000000e+03 6.674929999999999804e-06
5.090500000000000000e+03 7.227190000000000171e-06
5.096500000000000000e+03 7.840819999999999241e-06
5.102500000000000000e+03 8.440610000000000829e-06
5.108500000000000000e+03 8.921459999999999791e-06
5.114500000000000000e+03 9.156300000000000747e-06
5.120500000000000000e+03 9.220400000000000693e-06
5.126500000000000000e+03 9.244760000000000575e-06
5.132500000000000000e+03 9.250010000000000228e-06
5.138500000000000000e+03 9.288889999999999422e-06
5.144500000000000000e+03 9.368280000000000029e-06
5.150500000000000000e+03 9.447400000000000383e-06
5.156500000000000000e+03 9.515110000000000451e-06
5.162500000000000000e+03 9.593579999999999380e-06
5.168500000000000000e+03 9.700929999999999292e-06
5.174500000000000000e+03 9.841359999999999233e-06
5.180500000000000000e+03 1.002370000000000027e-05
5.186500000000000000e+03 1.022400000000000071e-05
5.192500000000000000e+03 1.038690000000000045e-05
5.198500000000000000e+03 1.050629999999999968e-05
5.204500000000000000e+03 1.060059999999999978e-05
5.210500000000000000e+03 1.067410000000000001e-05
5.216500000000000000e+03 1.076630000000000058e-05
5.222500000000000000e+03 1.089670000000000021e-05
5.228500000000000000e+03 1.103329999999999989e-05
5.234500000000000000e+03 1.114960000000000079e-05
5.240500000000000000e+03 1.124540000000000079e-05
5.246500000000000000e+03 1.132110000000000076e-05
5.252500000000000000e+03 1.138639999999999994e-05
5.258500000000000000e+03 1.147090000000000058e-05
5.264500000000000000e+03 1.156970000000000038e-05
5.270500000000000000e+03 1.162709999999999918e-05
5.276500000000000000e+03 1.162199999999999986e-05
5.282500000000000000e+03 1.159559999999999957e-05
5.288500000000000000e+03 1.157040000000000022e-05
5.294500000000000000e+03 1.157520000000000058e-05
5.300500000000000000e+03 1.164409999999999919e-05
5.306500000000000000e+03 1.176350000000000011e-05
5.312500000000000000e+03 1.189769999999999961e-05
5.318500000000000000e+03 1.204630000000000018e-05
5.324500000000000000e+03 1.220940000000000037e-05
5.330500000000000000e+03 1.238509999999999938e-05
5.336500000000000000e+03 1.254630000000000048e-05
5.342500000000000000e+03 1.267789999999999935e-05
5.348500000000000000e+03 1.277459999999999963e-05
5.354500000000000000e+03 1.282740000000000021e-05
5.360500000000000000e+03 1.286240000000000072e-05
5.366500000000000000e+03 1.291490000000000064e-05
5.372500000000000000e+03 1.298929999999999945e-05
5.378500000000000000e+03 1.308499999999999923e-05
5.384500000000000000e+03 1.318370000000000051e-05
5.390500000000000000e+03 1.320540000000000066e-05
5.396500000000000000e+03 1.312630000000000001e-05
5.402500000000000000e+03 1.304550000000000071e-05
5.408500000000000000e+03 1.301859999999999933e-05
5.414500000000000000e+03 1.305320000000000066e-05
5.420500000000000000e+03 1.315960000000000018e-05
5.426500000000000000e+03 1.329239999999999999e-05
5.432500000000000000e+03 1.337099999999999954e-05
5.438500000000000000e+03 1.274080000000000006e-05
5.444500000000000000e+03 9.887669999999999812e-06
5.450500000000000000e+03 4.822720000000000134e-06
5.456500000000000000e+03 1.067350000000000038e-06
5.462500000000000000e+03 2.619119999999999947e-09
