6.088000000000000000e+03 0.000000000000000000e+00
6.099000000000000000e+03 6.970170000000000004e-07
6.110000000000000000e+03 4.723209999999999795e-06
6.121000000000000000e+03 1.186369999999999959e-05
6.132000000000000000e+03 2.473680000000000006e-05
6.143000000000000000e+03 5.440139999999999722e-05
6.154000000000000000e+03 1.275140000000000128e-04
6.165000000000000000e+03 2.000120000000000088e-04
6.176000000000000000e+03 2.389559999999999937e-04
6.187000000000000000e+03 2.666009999999999908e-04
6.198000000000000000e+03 3.017799999999999736e-04
6.209000000000000000e+03 3.669179999999999859e-04
6.220000000000000000e+03 4.437430000000000237e-04
6.231000000000000000e+03 5.277090000000000123e-04
6.242000000000000000e+03 6.709829999999999961e-04
6.253000000000000000e+03 8.807560000000000085e-04
6.264000000000000000e+03 1.126990000000000023e-03
6.275000000000000000e+03 1.485259999999999966e-03
6.286000000000000000e+03 2.077129999999999949e-03
6.297000000000000000e+03 3.039140000000000071e-03
6.308000000000000000e+03 4.717169999999999697e-03
6.319000000000000000e+03 7.461279999999999822e-03
6.330000000000000000e+03 1.186519999999999936e-02
6.341000000000000000e+03 1.816219999999999987e-02
6.352000000000000000e+03 2.723230000000000095e-02
6.363000000000000000e+03 3.902049999999999963e-02
6.374000000000000000e+03 5.506699999999999789e-02
6.385000000000000000e+03 7.548570000000000280e-02
6.396000000000000000e+03 1.034700000000000064e-01
6.407000000000000000e+03 1.386010000000000020e-01
6.418000000000000000e+03 1.851180000000000048e-01
6.429000000000000000e+03 2.390400000000000025e-01
6.440000000000000000e+03 3.000129999999999741e-01
6.451000000000000000e+03 3.545459999999999723e-01
6.462000000000000000e+03 4.004199999999999982e-01
6.473000000000000000e+03 4.353980000000000072e-01
6.484000000000000000e+03 4.661719999999999753e-01
6.495000000000000000e+03 5.000499999999999945e-01
6.506000000000000000e+03 5.352500000000000036e-01
6.517000000000000000e+03 5.682049999999999601e-01
6.528000000000000000e+03 5.958179999999999588e-01
6.539000000000000000e+03 6.143669999999999964e-01
6.550000000000000000e+03 6.253250000000000197e-01
6.561000000000000000e+03 6.265460000000000473e-01
6.572000000000000000e+03 6.347140000000000004e-01
6.583000000000000000e+03 6.564259999999999540e-01
6.594000000000000000e+03 6.818330000000000224e-01
6.605000000000000000e+03 7.032249999999999890e-01
6.616000000000000000e+03 6.988269999999999760e-01
6.627000000000000000e+03 6.842930000000000401e-01
6.638000000000000000e+03 6.902409999999999934e-01
6.649000000000000000e+03 7.101720000000000255e-01
6.660000000000000000e+03 7.372819999999999929e-01
6.671000000000000000e+03 7.584349999999999703e-01
6.682000000000000000e+03 7.669209999999999638e-01
6.693000000000000000e+03 7.753560000000000452e-01
6.704000000000000000e+03 7.889730000000000354e-01
6.715000000000000000e+03 8.035309999999999953e-01
6.726000000000000000e+03 8.177849999999999842e-01
6.737000000000000000e+03 8.267349999999999977e-01
6.748000000000000000e+03 8.320279999999999898e-01
6.759000000000000000e+03 8.362380000000000368e-01
6.770000000000000000e+03 8.412100000000000133e-01
6.781000000000000000e+03 8.515239999999999476e-01
6.792000000000000000e+03 8.624129999999999852e-01
6.803000000000000000e+03 8.712830000000000297e-01
6.814000000000000000e+03 8.769770000000000065e-01
6.825000000000000000e+03 8.791010000000000213e-01
6.836000000000000000e+03 8.789810000000000123e-01
6.847000000000000000e+03 8.792180000000000550e-01
6.858000000000000000e+03 8.840609999999999857e-01
6.869000000000000000e+03 8.923079999999999901e-01
6.880000000000000000e+03 8.979350000000000387e-01
6.891000000000000000e+03 9.012130000000000418e-01
6.902000000000000000e+03 9.079749999999999766e-01
6.913000000000000000e+03 9.158079999999999554e-01
6.924000000000000000e+03 9.223470000000000280e-01
6.935000000000000000e+03 9.279359999999999831e-01
6.946000000000000000e+03 9.324759999999999716e-01
6.957000000000000000e+03 9.379490000000000327e-01
6.968000000000000000e+03 9.449039999999999662e-01
6.979000000000000000e+03 9.511779999999999680e-01
6.990000000000000000e+03 9.555369999999999697e-01
7.001000000000000000e+03 9.583949999999999969e-01
7.012000000000000000e+03 9.604489999999999972e-01
7.023000000000000000e+03 9.617569999999999730e-01
7.034000000000000000e+03 9.635550000000000503e-01
7.045000000000000000e+03 9.674939999999999651e-01
7.056000000000000000e+03 9.717040000000000122e-01
7.067000000000000000e+03 9.742899999999999894e-01
7.078000000000000000e+03 9.764350000000000529e-01
7.089000000000000000e+03 9.797339999999999938e-01
7.100000000000000000e+03 9.842919999999999447e-01
7.111000000000000000e+03 9.900010000000000199e-01
7.122000000000000000e+03 9.945739999999999581e-01
7.133000000000000000e+03 9.977409999999999890e-01
7.144000000000000000e+03 9.991010000000000169e-01
7.155000000000000000e+03 9.994539999999999536e-01
7.166000000000000000e+03 1.000000000000000000e+00
7.177000000000000000e+03 9.999540000000000095e-01
7.188000000000000000e+03 9.989059999999999606e-01
7.199000000000000000e+03 9.986599999999999921e-01
7.210000000000000000e+03 9.980999999999999872e-01
7.221000000000000000e+03 9.963809999999999611e-01
7.232000000000000000e+03 9.904929999999999568e-01
7.243000000000000000e+03 9.771530000000000493e-01
7.254000000000000000e+03 9.549069999999999503e-01
7.265000000000000000e+03 9.216320000000000068e-01
7.276000000000000000e+03 8.786890000000000533e-01
7.287000000000000000e+03 8.173620000000000330e-01
7.298000000000000000e+03 7.468810000000000171e-01
7.309000000000000000e+03 6.660359999999999614e-01
7.320000000000000000e+03 5.847379999999999800e-01
7.331000000000000000e+03 5.044999999999999485e-01
7.342000000000000000e+03 4.284200000000000230e-01
7.353000000000000000e+03 3.546340000000000048e-01
7.364000000000000000e+03 2.872199999999999753e-01
7.375000000000000000e+03 2.267000000000000126e-01
7.386000000000000000e+03 1.749670000000000114e-01
7.397000000000000000e+03 1.322250000000000092e-01
7.408000000000000000e+03 9.927930000000000088e-02
7.419000000000000000e+03 7.460819999999999952e-02
7.430000000000000000e+03 5.569910000000000139e-02
7.441000000000000000e+03 4.203470000000000123e-02
7.452000000000000000e+03 3.147439999999999960e-02
7.463000000000000000e+03 2.315870000000000081e-02
7.474000000000000000e+03 1.654469999999999899e-02
7.485000000000000000e+03 1.171750000000000048e-02
7.496000000000000000e+03 8.276310000000000264e-03
7.507000000000000000e+03 5.828149999999999824e-03
7.518000000000000000e+03 4.101239999999999920e-03
7.529000000000000000e+03 2.941379999999999949e-03
7.540000000000000000e+03 2.115759999999999950e-03
7.551000000000000000e+03 1.545759999999999973e-03
7.562000000000000000e+03 1.187239999999999997e-03
7.573000000000000000e+03 9.958589999999999803e-04
7.584000000000000000e+03 8.657720000000000042e-04
7.595000000000000000e+03 7.646110000000000016e-04
7.606000000000000000e+03 6.666620000000000488e-04
7.617000000000000000e+03 5.794189999999999627e-04
7.628000000000000000e+03 5.169190000000000156e-04
7.639000000000000000e+03 4.675239999999999778e-04
7.650000000000000000e+03 4.326579999999999901e-04
7.661000000000000000e+03 4.006309999999999798e-04
7.672000000000000000e+03 3.296859999999999873e-04
7.683000000000000000e+03 2.540409999999999890e-04
7.694000000000000000e+03 2.135449999999999892e-04
7.705000000000000000e+03 1.932120000000000061e-04
7.716000000000000000e+03 1.751239999999999991e-04
7.727000000000000000e+03 1.514440000000000089e-04
7.738000000000000000e+03 1.188060000000000006e-04
7.749000000000000000e+03 8.462920000000000620e-05
7.760000000000000000e+03 6.895380000000000378e-05
7.771000000000000000e+03 6.734720000000000463e-05
7.782000000000000000e+03 6.552670000000000402e-05
7.793000000000000000e+03 6.004670000000000228e-05
7.804000000000000000e+03 5.478569999999999962e-05
7.815000000000000000e+03 5.128999999999999852e-05
7.826000000000000000e+03 4.726019999999999858e-05
7.837000000000000000e+03 4.453590000000000164e-05
7.848000000000000000e+03 4.356280000000000243e-05
7.859000000000000000e+03 4.317409999999999716e-05
7.870000000000000000e+03 4.253199999999999868e-05
7.881000000000000000e+03 4.209869999999999726e-05
7.892000000000000000e+03 4.206370000000000183e-05
7.903000000000000000e+03 4.137120000000000126e-05
7.914000000000000000e+03 3.765630000000000062e-05
7.925000000000000000e+03 3.210739999999999688e-05
7.936000000000000000e+03 2.926259999999999999e-05
7.947000000000000000e+03 2.944660000000000026e-05
7.958000000000000000e+03 3.012469999999999975e-05
7.969000000000000000e+03 3.046099999999999855e-05
7.980000000000000000e+03 3.093560000000000244e-05
7.991000000000000000e+03 3.160759999999999872e-05
8.002000000000000000e+03 3.179319999999999911e-05
8.013000000000000000e+03 3.195170000000000106e-05
8.024000000000000000e+03 3.332370000000000080e-05
8.035000000000000000e+03 3.490199999999999889e-05
8.046000000000000000e+03 3.504019999999999699e-05
8.057000000000000000e+03 3.042360000000000124e-05
8.068000000000000000e+03 2.076659999999999867e-05
8.079000000000000000e+03 1.518949999999999916e-05
8.090000000000000000e+03 1.497910000000000029e-05
8.101000000000000000e+03 1.592380000000000160e-05
8.112000000000000000e+03 1.736589999999999919e-05
8.123000000000000000e+03 1.812449999999999901e-05
8.134000000000000000e+03 1.645200000000000105e-05
8.145000000000000000e+03 9.854750000000000811e-06
8.156000000000000000e+03 2.419490000000000022e-06
8.167000000000000000e+03 3.266189999999999947e-08
