1.689500000000000000e+03 0.000000000000000000e+00
1.693500000000000000e+03 1.450890000000000097e-07
1.697500000000000000e+03 2.957019999999999939e-06
1.701500000000000000e+03 6.759689999999999988e-06
1.705500000000000000e+03 8.890049999999999697e-06
1.709500000000000000e+03 9.079729999999999209e-06
1.713500000000000000e+03 9.306220000000000491e-06
1.717500000000000000e+03 9.665370000000000263e-06
1.721500000000000000e+03 1.003540000000000051e-05
1.725500000000000000e+03 1.041509999999999961e-05
1.729500000000000000e+03 1.079780000000000019e-05
1.733500000000000000e+03 1.116160000000000000e-05
1.737500000000000000e+03 1.150800000000000061e-05
1.741500000000000000e+03 1.178709999999999934e-05
1.745500000000000000e+03 1.187229999999999982e-05
1.749500000000000000e+03 1.192939999999999966e-05
1.753500000000000000e+03 1.180959999999999955e-05
1.757500000000000000e+03 1.164710000000000068e-05
1.761500000000000000e+03 1.143719999999999953e-05
1.765500000000000000e+03 1.119210000000000081e-05
1.769500000000000000e+03 1.096039999999999928e-05
1.773500000000000000e+03 1.075940000000000070e-05
1.777500000000000000e+03 1.058860000000000057e-05
1.781500000000000000e+03 1.064480000000000013e-05
1.785500000000000000e+03 1.074799999999999942e-05
1.789500000000000000e+03 1.103060000000000074e-05
1.793500000000000000e+03 1.141900000000000028e-05
1.797500000000000000e+03 1.182780000000000050e-05
1.801500000000000000e+03 1.227709999999999973e-05
1.805500000000000000e+03 1.269060000000000010e-05
1.809500000000000000e+03 1.288409999999999917e-05
1.813500000000000000e+03 1.303399999999999921e-05
1.817500000000000000e+03 1.288049999999999975e-05
1.821500000000000000e+03 1.257449999999999963e-05
1.825500000000000000e+03 1.208699999999999964e-05
1.829500000000000000e+03 1.129369999999999997e-05
1.833500000000000000e+03 1.047330000000000017e-05
1.837500000000000000e+03 9.522609999999999956e-06
1.841500000000000000e+03 8.558499999999999458e-06
1.845500000000000000e+03 7.673559999999999423e-06
1.849500000000000000e+03 6.821930000000000260e-06
1.853500000000000000e+03 6.115660000000000329e-06
1.857500000000000000e+03 5.604440000000000334e-06
1.861500000000000000e+03 5.167519999999999781e-06
1.865500000000000000e+03 5.095949999999999888e-06
1.869500000000000000e+03 5.255119999999999586e-06
1.873500000000000000e+03 5.764199999999999801e-06
1.877500000000000000e+03 6.394549999999999619e-06
1.881500000000000000e+03 7.188669999999999903e-06
1.885500000000000000e+03 8.121210000000000126e-06
1.889500000000000000e+03 9.031820000000000205e-06
1.893500000000000000e+03 9.878400000000000153e-06
1.897500000000000000e+03 1.068740000000000037e-05
1.901500000000000000e+03 1.138120000000000040e-05
1.905500000000000000e+03 1.207539999999999962e-05
1.909500000000000000e+03 1.257780000000000009e-05
1.913500000000000000e+03 1.291279999999999942e-05
1.917500000000000000e+03 1.316919999999999921e-05
1.921500000000000000e+03 1.316919999999999921e-05
1.925500000000000000e+03 1.316910000000000068e-05
1.929500000000000000e+03 1.315740000000000044e-05
1.933500000000000000e+03 1.315040000000000033e-05
1.937500000000000000e+03 1.335029999999999989e-05
1.941500000000000000e+03 1.380390000000000009e-05
1.945500000000000000e+03 1.440689999999999923e-05
1.949500000000000000e+03 1.512210000000000045e-05
1.953500000000000000e+03 1.588709999999999905e-05
1.957500000000000000e+03 1.681729999999999906e-05
1.961500000000000000e+03 1.750860000000000038e-05
1.965500000000000000e+03 1.793380000000000099e-05
1.969500000000000000e+03 1.823200000000000095e-05
1.973500000000000000e+03 1.856070000000000002e-05
1.977500000000000000e+03 1.893040000000000090e-05
1.981500000000000000e+03 1.931269999999999892e-05
1.985500000000000000e+03 1.971439999999999881e-05
1.989500000000000000e+03 2.011499999999999969e-05
1.993500000000000000e+03 2.049750000000000153e-05
1.997500000000000000e+03 2.086409999999999900e-05
2.001500000000000000e+03 2.123240000000000020e-05
2.005500000000000000e+03 2.161440000000000095e-05
2.009500000000000000e+03 2.204759999999999877e-05
2.013500000000000000e+03 2.250470000000000156e-05
2.017500000000000000e+03 2.297639999999999909e-05
2.021500000000000000e+03 2.345099999999999960e-05
2.025500000000000000e+03 2.392260000000000030e-05
2.029500000000000000e+03 2.438000000000000036e-05
2.033500000000000000e+03 2.482449999999999924e-05
2.037500000000000000e+03 2.527610000000000013e-05
2.041500000000000000e+03 2.576310000000000072e-05
2.045500000000000000e+03 2.632380000000000028e-05
2.049500000000000000e+03 2.696019999999999981e-05
2.053500000000000000e+03 2.763610000000000125e-05
2.057500000000000000e+03 2.841269999999999988e-05
2.061500000000000000e+03 2.925230000000000113e-05
2.065500000000000000e+03 3.010380000000000136e-05
2.069500000000000000e+03 3.092660000000000304e-05
2.073500000000000000e+03 3.173320000000000307e-05
2.077500000000000000e+03 3.253119999999999780e-05
2.081500000000000000e+03 3.349609999999999936e-05
2.085500000000000000e+03 3.460080000000000252e-05
2.089500000000000000e+03 3.592970000000000262e-05
2.093500000000000000e+03 3.788319999999999671e-05
2.097500000000000000e+03 4.021079999999999793e-05
2.101500000000000000e+03 4.207089999999999729e-05
2.105500000000000000e+03 4.220159999999999927e-05
2.109500000000000000e+03 4.134559999999999933e-05
2.113500000000000000e+03 4.024580000000000014e-05
2.117500000000000000e+03 3.902580000000000166e-05
2.121500000000000000e+03 3.773110000000000201e-05
2.125500000000000000e+03 3.628400000000000023e-05
2.129500000000000000e+03 3.455730000000000200e-05
2.133500000000000000e+03 3.269940000000000070e-05
2.137500000000000000e+03 3.042520000000000136e-05
2.141500000000000000e+03 2.736439999999999841e-05
2.145500000000000000e+03 2.386359999999999968e-05
2.149500000000000000e+03 2.120409999999999914e-05
2.153500000000000000e+03 2.008760000000000059e-05
2.157500000000000000e+03 1.985209999999999921e-05
2.161500000000000000e+03 1.970079999999999949e-05
2.165500000000000000e+03 1.953880000000000002e-05
2.169500000000000000e+03 1.932849999999999968e-05
2.173500000000000000e+03 1.913130000000000096e-05
2.177500000000000000e+03 1.900049999999999875e-05
2.181500000000000000e+03 1.892850000000000012e-05
2.185500000000000000e+03 1.881790000000000155e-05
2.189500000000000000e+03 1.865429999999999858e-05
2.193500000000000000e+03 1.846729999999999851e-05
2.197500000000000000e+03 1.836670000000000154e-05
2.201500000000000000e+03 1.832519999999999863e-05
2.205500000000000000e+03 1.829550000000000127e-05
2.209500000000000000e+03 1.831200000000000018e-05
2.213500000000000000e+03 1.837750000000000150e-05
2.217500000000000000e+03 1.845199999999999884e-05
2.221500000000000000e+03 1.848820000000000029e-05
2.225500000000000000e+03 1.853970000000000140e-05
2.229500000000000000e+03 1.858789999999999867e-05
2.233500000000000000e+03 1.870899999999999994e-05
2.237500000000000000e+03 1.888159999999999893e-05
2.241500000000000000e+03 1.911309999999999832e-05
2.245500000000000000e+03 1.948360000000000096e-05
2.249500000000000000e+03 1.991600000000000041e-05
2.253500000000000000e+03 2.036450000000000128e-05
2.257500000000000000e+03 2.083599999999999838e-05
2.261500000000000000e+03 2.129930000000000121e-05
2.265500000000000000e+03 2.177500000000000074e-05
2.269500000000000000e+03 2.244580000000000116e-05
2.273500000000000000e+03 2.323449999999999921e-05
2.277500000000000000e+03 2.410609999999999947e-05
2.281500000000000000e+03 2.509329999999999910e-05
2.285500000000000000e+03 2.614970000000000139e-05
2.289500000000000000e+03 2.727689999999999968e-05
2.293500000000000000e+03 2.863169999999999897e-05
2.297500000000000000e+03 3.011740000000000069e-05
2.301500000000000000e+03 3.175790000000000302e-05
2.305500000000000000e+03 3.388869999999999963e-05
2.309500000000000000e+03 3.629929999999999989e-05
2.313500000000000000e+03 3.898099999999999829e-05
2.317500000000000000e+03 4.231609999999999961e-05
2.321500000000000000e+03 4.601990000000000301e-05
2.325500000000000000e+03 5.019239999999999737e-05
2.329500000000000000e+03 5.547270000000000168e-05
2.333500000000000000e+03 6.134400000000000085e-05
2.337500000000000000e+03 6.798690000000000462e-05
2.341500000000000000e+03 7.638289999999999674e-05
2.345500000000000000e+03 8.577080000000000218e-05
2.349500000000000000e+03 9.671100000000000291e-05
2.353500000000000000e+03 1.275319999999999980e-04
2.357500000000000000e+03 1.766319999999999989e-04
2.361500000000000000e+03 2.147340000000000078e-04
2.365500000000000000e+03 2.838970000000000230e-04
2.369500000000000000e+03 3.632099999999999869e-04
2.373500000000000000e+03 4.386740000000000084e-04
2.377500000000000000e+03 5.353520000000000067e-04
2.381500000000000000e+03 6.476770000000000400e-04
2.385500000000000000e+03 7.852150000000000232e-04
2.389500000000000000e+03 9.575410000000000128e-04
2.393500000000000000e+03 1.155329999999999985e-03
2.397500000000000000e+03 1.403020000000000048e-03
2.401500000000000000e+03 1.715509999999999952e-03
2.405500000000000000e+03 2.074750000000000205e-03
2.409500000000000000e+03 2.515920000000000049e-03
2.413500000000000000e+03 3.051729999999999894e-03
2.417500000000000000e+03 3.652369999999999835e-03
2.421500000000000000e+03 4.355829999999999771e-03
2.425500000000000000e+03 5.162479999999999673e-03
2.429500000000000000e+03 6.038919999999999705e-03
2.433500000000000000e+03 7.010449999999999668e-03
2.437500000000000000e+03 8.062450000000000519e-03
2.441500000000000000e+03 9.171149999999999441e-03
2.445500000000000000e+03 1.031289999999999984e-02
2.449500000000000000e+03 1.147469999999999914e-02
2.453500000000000000e+03 1.264949999999999929e-02
2.457500000000000000e+03 1.377379999999999924e-02
2.461500000000000000e+03 1.485999999999999995e-02
2.465500000000000000e+03 1.591429999999999928e-02
2.469500000000000000e+03 1.685460000000000083e-02
2.473500000000000000e+03 1.772659999999999861e-02
2.477500000000000000e+03 1.853849999999999942e-02
2.481500000000000000e+03 1.922230000000000119e-02
2.485500000000000000e+03 1.984059999999999990e-02
2.489500000000000000e+03 2.050609999999999933e-02
2.493500000000000000e+03 2.117609999999999978e-02
2.497500000000000000e+03 2.181380000000000124e-02
2.501500000000000000e+03 2.243349999999999858e-02
2.505500000000000000e+03 2.305530000000000079e-02
2.509500000000000000e+03 2.383849999999999858e-02
2.513500000000000000e+03 2.464929999999999899e-02
2.517500000000000000e+03 2.558039999999999967e-02
2.521500000000000000e+03 2.657609999999999834e-02
2.525500000000000000e+03 2.761219999999999994e-02
2.529500000000000000e+03 2.871719999999999828e-02
2.533500000000000000e+03 2.983390000000000000e-02
2.537500000000000000e+03 3.096109999999999834e-02
2.541500000000000000e+03 3.212890000000000190e-02
2.545500000000000000e+03 3.329780000000000240e-02
2.549500000000000000e+03 3.446300000000000058e-02
2.553500000000000000e+03 3.566480000000000344e-02
2.557500000000000000e+03 3.703100000000000142e-02
2.561500000000000000e+03 3.845010000000000094e-02
2.565500000000000000e+03 3.984719999999999929e-02
2.569500000000000000e+03 4.138809999999999711e-02
2.573500000000000000e+03 4.308340000000000086e-02
2.577500000000000000e+03 4.494240000000000040e-02
2.581500000000000000e+03 4.688900000000000012e-02
2.585500000000000000e+03 4.893249999999999683e-02
2.589500000000000000e+03 5.111000000000000265e-02
2.593500000000000000e+03 5.333070000000000171e-02
2.597500000000000000e+03 5.566970000000000252e-02
2.601500000000000000e+03 5.804299999999999737e-02
2.605500000000000000e+03 6.051360000000000072e-02
2.609500000000000000e+03 6.297490000000000032e-02
2.613500000000000000e+03 6.543140000000000067e-02
2.617500000000000000e+03 6.788070000000000215e-02
2.621500000000000000e+03 7.029009999999999425e-02
2.625500000000000000e+03 7.264729999999999799e-02
2.629500000000000000e+03 7.493759999999999311e-02
2.633500000000000000e+03 7.714329999999999798e-02
2.637500000000000000e+03 7.922529999999999850e-02
2.641500000000000000e+03 8.118690000000000628e-02
2.645500000000000000e+03 8.298469999999999458e-02
2.649500000000000000e+03 8.464810000000000390e-02
2.653500000000000000e+03 8.614950000000000385e-02
2.657500000000000000e+03 8.755229999999999957e-02
2.661500000000000000e+03 8.878369999999999318e-02
2.665500000000000000e+03 8.991689999999999405e-02
2.669500000000000000e+03 9.091889999999999694e-02
2.673500000000000000e+03 9.185020000000000684e-02
2.677500000000000000e+03 9.270269999999999899e-02
2.681500000000000000e+03 9.350840000000000540e-02
2.685500000000000000e+03 9.427330000000000432e-02
2.689500000000000000e+03 9.498510000000000286e-02
2.693500000000000000e+03 9.571169999999999678e-02
2.697500000000000000e+03 9.638190000000000646e-02
2.701500000000000000e+03 9.701060000000000239e-02
2.705500000000000000e+03 9.768930000000000669e-02
2.709500000000000000e+03 9.839169999999999860e-02
2.713500000000000000e+03 9.906729999999999703e-02
2.717500000000000000e+03 9.970560000000000533e-02
2.721500000000000000e+03 1.002839999999999981e-01
2.725500000000000000e+03 1.008000000000000007e-01
2.729500000000000000e+03 1.012500000000000067e-01
2.733500000000000000e+03 1.016490000000000032e-01
2.737500000000000000e+03 1.019950000000000023e-01
2.741500000000000000e+03 1.023099999999999982e-01
2.745500000000000000e+03 1.025879999999999986e-01
2.749500000000000000e+03 1.028479999999999950e-01
2.753500000000000000e+03 1.031910000000000049e-01
2.757500000000000000e+03 1.037170000000000036e-01
2.761500000000000000e+03 1.042970000000000008e-01
2.765500000000000000e+03 1.049419999999999936e-01
2.769500000000000000e+03 1.057830000000000020e-01
2.773500000000000000e+03 1.068589999999999957e-01
2.777500000000000000e+03 1.083090000000000025e-01
2.781500000000000000e+03 1.101349999999999968e-01
2.785500000000000000e+03 1.130909999999999971e-01
2.789500000000000000e+03 1.169410000000000033e-01
2.793500000000000000e+03 1.237599999999999950e-01
2.797500000000000000e+03 1.328120000000000134e-01
2.801500000000000000e+03 1.480819999999999914e-01
2.805500000000000000e+03 1.697899999999999965e-01
2.809500000000000000e+03 2.000349999999999906e-01
2.813500000000000000e+03 2.434890000000000110e-01
2.817500000000000000e+03 2.954820000000000224e-01
2.821500000000000000e+03 3.615309999999999913e-01
2.825500000000000000e+03 4.363850000000000229e-01
2.829500000000000000e+03 5.141250000000000542e-01
2.833500000000000000e+03 5.965169999999999639e-01
2.837500000000000000e+03 6.721930000000000405e-01
2.841500000000000000e+03 7.421889999999999876e-01
2.845500000000000000e+03 8.012310000000000265e-01
2.849500000000000000e+03 8.464800000000000102e-01
2.853500000000000000e+03 8.811710000000000376e-01
2.857500000000000000e+03 9.067060000000000120e-01
2.861500000000000000e+03 9.232550000000000479e-01
2.865500000000000000e+03 9.353050000000000530e-01
2.869500000000000000e+03 9.441730000000000400e-01
2.873500000000000000e+03 9.510929999999999662e-01
2.877500000000000000e+03 9.571749999999999980e-01
2.881500000000000000e+03 9.625080000000000302e-01
2.885500000000000000e+03 9.674500000000000322e-01
2.889500000000000000e+03 9.718879999999999741e-01
2.893500000000000000e+03 9.757930000000000215e-01
2.897500000000000000e+03 9.793770000000000531e-01
2.901500000000000000e+03 9.822450000000000347e-01
2.905500000000000000e+03 9.856200000000000516e-01
2.909500000000000000e+03 9.886829999999999785e-01
2.913500000000000000e+03 9.913220000000000365e-01
2.917500000000000000e+03 9.942170000000000174e-01
2.921500000000000000e+03 9.975509999999999655e-01
2.925500000000000000e+03 9.996610000000000218e-01
2.929500000000000000e+03 1.000000000000000000e+00
2.933500000000000000e+03 9.955220000000000180e-01
2.937500000000000000e+03 9.835490000000000066e-01
2.941500000000000000e+03 9.639780000000000015e-01
2.945500000000000000e+03 9.319539999999999491e-01
2.949500000000000000e+03 8.879070000000000018e-01
2.953500000000000000e+03 8.305540000000000145e-01
2.957500000000000000e+03 7.613670000000000160e-01
2.961500000000000000e+03 6.826470000000000038e-01
2.965500000000000000e+03 6.012990000000000279e-01
2.969500000000000000e+03 5.162729999999999819e-01
2.973500000000000000e+03 4.388799999999999923e-01
2.977500000000000000e+03 3.658089999999999953e-01
2.981500000000000000e+03 3.037739999999999885e-01
2.985500000000000000e+03 2.524629999999999930e-01
2.989500000000000000e+03 2.122330000000000050e-01
2.993500000000000000e+03 1.824669999999999903e-01
2.997500000000000000e+03 1.611499999999999877e-01
3.001500000000000000e+03 1.467259999999999953e-01
3.005500000000000000e+03 1.369829999999999937e-01
3.009500000000000000e+03 1.301630000000000009e-01
3.013500000000000000e+03 1.256180000000000074e-01
3.017500000000000000e+03 1.230089999999999933e-01
3.021500000000000000e+03 1.211020000000000013e-01
3.025500000000000000e+03 1.192379999999999968e-01
3.029500000000000000e+03 1.178050000000000069e-01
3.033500000000000000e+03 1.169589999999999935e-01
3.037500000000000000e+03 1.163959999999999995e-01
3.041500000000000000e+03 1.159469999999999945e-01
3.045500000000000000e+03 1.155749999999999972e-01
3.049500000000000000e+03 1.152610000000000023e-01
3.053500000000000000e+03 1.149759999999999949e-01
3.057500000000000000e+03 1.146960000000000063e-01
3.061500000000000000e+03 1.144359999999999961e-01
3.065500000000000000e+03 1.142019999999999980e-01
3.069500000000000000e+03 1.140010000000000051e-01
3.073500000000000000e+03 1.138509999999999939e-01
3.077500000000000000e+03 1.136530000000000040e-01
3.081500000000000000e+03 1.133709999999999996e-01
3.085500000000000000e+03 1.130540000000000017e-01
3.089500000000000000e+03 1.125789999999999985e-01
3.093500000000000000e+03 1.119109999999999966e-01
3.097500000000000000e+03 1.109829999999999983e-01
3.101500000000000000e+03 1.098470000000000002e-01
3.105500000000000000e+03 1.083849999999999952e-01
3.109500000000000000e+03 1.066750000000000059e-01
3.113500000000000000e+03 1.046500000000000069e-01
3.117500000000000000e+03 1.024000000000000049e-01
3.121500000000000000e+03 9.991780000000000106e-02
3.125500000000000000e+03 9.728140000000000398e-02
3.129500000000000000e+03 9.447550000000000392e-02
3.133500000000000000e+03 9.151399999999999813e-02
3.137500000000000000e+03 8.847510000000000097e-02
3.141500000000000000e+03 8.539449999999999819e-02
3.145500000000000000e+03 8.230990000000000528e-02
3.149500000000000000e+03 7.919439999999999813e-02
3.153500000000000000e+03 7.612679999999999447e-02
3.157500000000000000e+03 7.305119999999999669e-02
3.161500000000000000e+03 6.995049999999999879e-02
3.165500000000000000e+03 6.689069999999999738e-02
3.169500000000000000e+03 6.373030000000000361e-02
3.173500000000000000e+03 6.057810000000000278e-02
3.177500000000000000e+03 5.739640000000000020e-02
3.181500000000000000e+03 5.415949999999999931e-02
3.185500000000000000e+03 5.101610000000000172e-02
3.189500000000000000e+03 4.787469999999999920e-02
3.193500000000000000e+03 4.484869999999999829e-02
3.197500000000000000e+03 4.193029999999999674e-02
3.201500000000000000e+03 3.910399999999999987e-02
3.205500000000000000e+03 3.643790000000000223e-02
3.209500000000000000e+03 3.395580000000000126e-02
3.213500000000000000e+03 3.159800000000000109e-02
3.217500000000000000e+03 2.952849999999999919e-02
3.221500000000000000e+03 2.757830000000000004e-02
3.225500000000000000e+03 2.589899999999999841e-02
3.229500000000000000e+03 2.435539999999999927e-02
3.233500000000000000e+03 2.301629999999999995e-02
3.237500000000000000e+03 2.183260000000000062e-02
3.241500000000000000e+03 2.077530000000000002e-02
3.245500000000000000e+03 1.986860000000000015e-02
3.249500000000000000e+03 1.905950000000000005e-02
3.253500000000000000e+03 1.836979999999999863e-02
3.257500000000000000e+03 1.773999999999999883e-02
3.261500000000000000e+03 1.720090000000000161e-02
3.265500000000000000e+03 1.670249999999999860e-02
3.269500000000000000e+03 1.624439999999999912e-02
3.273500000000000000e+03 1.580319999999999989e-02
3.277500000000000000e+03 1.537389999999999937e-02
3.281500000000000000e+03 1.494750000000000072e-02
3.285500000000000000e+03 1.448149999999999958e-02
3.289500000000000000e+03 1.402650000000000077e-02
3.293500000000000000e+03 1.353339999999999925e-02
3.297500000000000000e+03 1.292950000000000002e-02
3.301500000000000000e+03 1.228450000000000028e-02
3.305500000000000000e+03 1.164139999999999966e-02
3.309500000000000000e+03 1.103349999999999990e-02
3.313500000000000000e+03 1.041770000000000022e-02
3.317500000000000000e+03 9.769679999999999337e-03
3.321500000000000000e+03 9.101249999999999965e-03
3.325500000000000000e+03 8.428619999999999515e-03
3.329500000000000000e+03 7.751659999999999627e-03
3.333500000000000000e+03 7.084270000000000150e-03
3.337500000000000000e+03 6.420460000000000229e-03
3.341500000000000000e+03 5.785069999999999796e-03
3.345500000000000000e+03 5.183759999999999930e-03
3.349500000000000000e+03 4.594560000000000137e-03
3.353500000000000000e+03 4.058439999999999964e-03
3.357500000000000000e+03 3.561200000000000043e-03
3.361500000000000000e+03 3.083090000000000136e-03
3.365500000000000000e+03 2.676089999999999892e-03
3.369500000000000000e+03 2.300180000000000193e-03
3.373500000000000000e+03 1.936159999999999921e-03
3.377500000000000000e+03 1.640579999999999990e-03
3.381500000000000000e+03 1.389349999999999917e-03
3.385500000000000000e+03 1.156059999999999987e-03
3.389500000000000000e+03 9.752660000000000235e-04
3.393500000000000000e+03 8.221020000000000107e-04
3.397500000000000000e+03 6.827989999999999927e-04
3.401500000000000000e+03 5.751859999999999916e-04
3.405500000000000000e+03 4.807619999999999754e-04
3.409500000000000000e+03 3.963050000000000080e-04
3.413500000000000000e+03 3.328399999999999913e-04
3.417500000000000000e+03 2.771229999999999961e-04
3.421500000000000000e+03 2.285319999999999865e-04
3.425500000000000000e+03 1.929230000000000094e-04
3.429500000000000000e+03 1.614719999999999882e-04
3.433500000000000000e+03 1.345700000000000075e-04
3.437500000000000000e+03 1.150170000000000001e-04
3.441500000000000000e+03 9.754310000000000465e-05
3.445500000000000000e+03 8.273479999999999940e-05
3.449500000000000000e+03 7.193360000000000531e-05
3.453500000000000000e+03 6.214710000000000676e-05
3.457500000000000000e+03 5.390010000000000254e-05
3.461500000000000000e+03 4.811669999999999961e-05
3.465500000000000000e+03 4.293289999999999682e-05
3.469500000000000000e+03 3.883009999999999945e-05
3.473500000000000000e+03 3.619780000000000095e-05
3.477500000000000000e+03 3.388100000000000307e-05
3.481500000000000000e+03 3.220019999999999708e-05
3.485500000000000000e+03 3.115140000000000129e-05
3.489500000000000000e+03 3.021450000000000015e-05
3.493500000000000000e+03 2.956069999999999973e-05
3.497500000000000000e+03 2.923139999999999934e-05
3.501500000000000000e+03 2.893139999999999883e-05
3.505500000000000000e+03 2.868599999999999945e-05
3.509500000000000000e+03 2.826859999999999901e-05
3.513500000000000000e+03 2.757169999999999895e-05
3.517500000000000000e+03 2.676750000000000079e-05
3.521500000000000000e+03 2.619499999999999907e-05
3.525500000000000000e+03 2.572809999999999851e-05
3.529500000000000000e+03 2.514520000000000110e-05
3.533500000000000000e+03 2.431619999999999938e-05
3.537500000000000000e+03 2.349229999999999868e-05
3.541500000000000000e+03 2.271950000000000160e-05
3.545500000000000000e+03 2.191070000000000013e-05
3.549500000000000000e+03 2.109020000000000011e-05
3.553500000000000000e+03 2.023539999999999942e-05
3.557500000000000000e+03 1.920260000000000144e-05
3.561500000000000000e+03 1.802820000000000130e-05
3.565500000000000000e+03 1.687960000000000014e-05
3.569500000000000000e+03 1.579759999999999932e-05
3.573500000000000000e+03 1.473789999999999996e-05
3.577500000000000000e+03 1.387319999999999958e-05
3.581500000000000000e+03 1.317190000000000004e-05
3.585500000000000000e+03 1.249900000000000010e-05
3.589500000000000000e+03 1.197799999999999950e-05
3.593500000000000000e+03 1.155580000000000039e-05
3.597500000000000000e+03 1.117899999999999919e-05
3.601500000000000000e+03 1.095749999999999970e-05
3.605500000000000000e+03 1.087980000000000042e-05
3.609500000000000000e+03 1.084319999999999979e-05
3.613500000000000000e+03 1.086849999999999936e-05
3.617500000000000000e+03 1.090169999999999932e-05
3.621500000000000000e+03 1.093450000000000009e-05
3.625500000000000000e+03 1.096540000000000008e-05
3.629500000000000000e+03 1.100170000000000005e-05
3.633500000000000000e+03 1.107080000000000080e-05
3.637500000000000000e+03 1.114490000000000065e-05
3.641500000000000000e+03 1.120379999999999936e-05
3.645500000000000000e+03 1.125479999999999938e-05
3.649500000000000000e+03 1.129599999999999993e-05
3.653500000000000000e+03 1.132180000000000060e-05
3.657500000000000000e+03 1.135710000000000007e-05
3.661500000000000000e+03 1.150979999999999947e-05
3.665500000000000000e+03 1.171159999999999981e-05
3.669500000000000000e+03 1.190120000000000050e-05
3.673500000000000000e+03 1.210719999999999989e-05
3.677500000000000000e+03 1.231269999999999987e-05
3.681500000000000000e+03 1.252380000000000027e-05
3.685500000000000000e+03 1.281639999999999981e-05
3.689500000000000000e+03 1.319029999999999973e-05
3.693500000000000000e+03 1.359039999999999951e-05
3.697500000000000000e+03 1.395070000000000011e-05
3.701500000000000000e+03 1.429259999999999933e-05
3.705500000000000000e+03 1.460210000000000034e-05
3.709500000000000000e+03 1.483029999999999928e-05
3.713500000000000000e+03 1.503250000000000049e-05
3.717500000000000000e+03 1.516770000000000049e-05
3.721500000000000000e+03 1.520940000000000044e-05
3.725500000000000000e+03 1.519710000000000058e-05
3.729500000000000000e+03 1.511259999999999995e-05
3.733500000000000000e+03 1.488320000000000008e-05
3.737500000000000000e+03 1.463509999999999986e-05
3.741500000000000000e+03 1.434410000000000044e-05
3.745500000000000000e+03 1.411649999999999944e-05
3.749500000000000000e+03 1.389350000000000005e-05
3.753500000000000000e+03 1.362330000000000050e-05
3.757500000000000000e+03 1.337980000000000021e-05
3.761500000000000000e+03 1.317680000000000062e-05
3.765500000000000000e+03 1.303889999999999979e-05
3.769500000000000000e+03 1.300050000000000030e-05
3.773500000000000000e+03 1.302980000000000017e-05
3.777500000000000000e+03 1.309010000000000025e-05
3.781500000000000000e+03 1.310459999999999986e-05
3.785500000000000000e+03 1.309170000000000037e-05
3.789500000000000000e+03 1.107399999999999934e-05
3.793500000000000000e+03 7.924340000000000772e-06
3.797500000000000000e+03 5.851480000000000090e-06
3.801500000000000000e+03 5.811649999999999660e-06
3.805500000000000000e+03 5.805889999999999905e-06
3.809500000000000000e+03 5.800140000000000002e-06
3.813500000000000000e+03 5.794380000000000247e-06
3.817500000000000000e+03 5.788609999999999792e-06
3.821500000000000000e+03 5.782840000000000185e-06
3.825500000000000000e+03 5.777050000000000025e-06
3.829500000000000000e+03 5.771259999999999865e-06
3.833500000000000000e+03 5.765469999999999706e-06
3.837500000000000000e+03 5.759360000000000030e-06
3.841500000000000000e+03 5.752889999999999735e-06
3.845500000000000000e+03 5.747249999999999904e-06
3.849500000000000000e+03 5.788870000000000193e-06
3.853500000000000000e+03 5.877090000000000172e-06
3.857500000000000000e+03 5.977279999999999800e-06
3.861500000000000000e+03 6.136959999999999600e-06
3.865500000000000000e+03 6.320530000000000283e-06
3.869500000000000000e+03 6.510060000000000313e-06
3.873500000000000000e+03 6.715570000000000147e-06
3.877500000000000000e+03 6.921630000000000339e-06
3.881500000000000000e+03 7.127509999999999797e-06
3.885500000000000000e+03 7.332450000000000414e-06
3.889500000000000000e+03 7.536990000000000153e-06
3.893500000000000000e+03 7.739560000000000146e-06
3.897500000000000000e+03 7.911419999999999886e-06
3.901500000000000000e+03 8.067240000000000709e-06
3.905500000000000000e+03 8.209970000000000611e-06
3.909500000000000000e+03 8.275250000000000094e-06
3.913500000000000000e+03 8.312330000000000424e-06
3.917500000000000000e+03 8.325589999999999683e-06
3.921500000000000000e+03 8.245980000000000627e-06
3.925500000000000000e+03 8.142160000000000323e-06
3.929500000000000000e+03 8.026059999999999859e-06
3.933500000000000000e+03 7.948480000000000511e-06
3.937500000000000000e+03 7.892100000000000214e-06
3.941500000000000000e+03 7.857509999999999584e-06
3.945500000000000000e+03 7.847960000000000667e-06
3.949500000000000000e+03 7.838399999999999356e-06
3.953500000000000000e+03 7.828850000000000438e-06
3.957500000000000000e+03 7.819339999999999237e-06
3.961500000000000000e+03 7.809820000000000724e-06
3.965500000000000000e+03 7.800289999999999817e-06
3.969500000000000000e+03 7.790560000000000166e-06
3.973500000000000000e+03 7.780800000000000110e-06
3.977500000000000000e+03 7.770959999999999541e-06
3.981500000000000000e+03 7.761099999999999266e-06
3.985500000000000000e+03 7.751249999999999690e-06
3.989500000000000000e+03 7.741400000000000115e-06
3.993500000000000000e+03 7.731539999999999840e-06
3.997500000000000000e+03 7.721670000000000560e-06
4.001500000000000000e+03 7.711799999999999585e-06
4.005500000000000000e+03 7.701939999999999310e-06
4.009500000000000000e+03 7.692080000000000729e-06
4.013500000000000000e+03 7.706179999999999459e-06
4.017500000000000000e+03 7.781650000000000280e-06
4.021500000000000000e+03 7.864370000000000057e-06
4.025500000000000000e+03 7.953250000000000467e-06
4.029500000000000000e+03 7.999920000000000818e-06
4.033500000000000000e+03 8.040489999999999652e-06
4.037500000000000000e+03 8.065130000000000487e-06
4.041500000000000000e+03 8.105489999999999877e-06
4.045500000000000000e+03 8.148560000000000804e-06
4.049500000000000000e+03 8.173679999999999642e-06
4.053500000000000000e+03 8.151039999999999805e-06
4.057500000000000000e+03 8.122890000000000760e-06
4.061500000000000000e+03 8.107290000000000435e-06
4.065500000000000000e+03 8.143679999999999929e-06
4.069500000000000000e+03 8.187479999999999408e-06
4.073500000000000000e+03 8.291460000000000740e-06
4.077500000000000000e+03 8.426879999999999183e-06
4.081500000000000000e+03 8.565050000000000267e-06
4.085500000000000000e+03 8.699020000000000613e-06
4.089500000000000000e+03 8.815319999999999821e-06
4.093500000000000000e+03 8.929120000000000324e-06
4.097500000000000000e+03 9.050379999999999227e-06
4.101500000000000000e+03 9.189740000000000549e-06
4.105500000000000000e+03 9.330759999999999413e-06
4.109500000000000000e+03 9.440219999999999547e-06
4.113500000000000000e+03 9.514620000000000054e-06
4.117500000000000000e+03 9.581939999999999945e-06
4.121500000000000000e+03 9.627489999999999873e-06
4.125500000000000000e+03 9.676830000000000658e-06
4.129500000000000000e+03 9.726269999999999968e-06
4.133500000000000000e+03 9.754399999999999307e-06
4.137500000000000000e+03 9.767499999999999232e-06
4.141500000000000000e+03 9.782050000000000643e-06
4.145500000000000000e+03 9.865330000000000632e-06
4.149500000000000000e+03 9.987949999999999807e-06
4.153500000000000000e+03 1.012510000000000069e-05
4.157500000000000000e+03 1.027829999999999949e-05
4.161500000000000000e+03 1.042199999999999949e-05
4.165500000000000000e+03 1.055559999999999936e-05
4.169500000000000000e+03 1.064369999999999942e-05
4.173500000000000000e+03 1.072080000000000076e-05
4.177500000000000000e+03 1.080320000000000018e-05
4.181500000000000000e+03 1.096289999999999968e-05
4.185500000000000000e+03 1.114870000000000051e-05
4.189500000000000000e+03 1.135250000000000015e-05
4.193500000000000000e+03 1.156559999999999986e-05
4.197500000000000000e+03 1.177109999999999984e-05
4.201500000000000000e+03 1.194830000000000044e-05
4.205500000000000000e+03 1.201529999999999997e-05
4.209500000000000000e+03 1.206170000000000007e-05
4.213500000000000000e+03 1.208379999999999940e-05
4.217500000000000000e+03 1.209040000000000032e-05
4.221500000000000000e+03 1.210099999999999985e-05
4.225500000000000000e+03 1.211750000000000045e-05
4.229500000000000000e+03 1.213540000000000074e-05
4.233500000000000000e+03 1.215230000000000052e-05
4.237500000000000000e+03 1.218010000000000049e-05
4.241500000000000000e+03 1.224730000000000046e-05
4.245500000000000000e+03 1.231949999999999953e-05
4.249500000000000000e+03 1.241919999999999961e-05
4.253500000000000000e+03 1.255940000000000040e-05
4.257500000000000000e+03 1.270250000000000078e-05
4.261500000000000000e+03 1.285830000000000020e-05
4.265500000000000000e+03 1.302300000000000050e-05
4.269500000000000000e+03 1.318789999999999955e-05
4.273500000000000000e+03 1.332600000000000082e-05
4.277500000000000000e+03 1.341330000000000082e-05
4.281500000000000000e+03 1.349640000000000007e-05
4.285500000000000000e+03 1.358230000000000038e-05
4.289500000000000000e+03 1.370290000000000055e-05
4.293500000000000000e+03 1.382720000000000036e-05
4.297500000000000000e+03 1.396160000000000029e-05
4.301500000000000000e+03 1.408460000000000064e-05
4.305500000000000000e+03 1.420580000000000043e-05
4.309500000000000000e+03 1.431599999999999981e-05
4.313500000000000000e+03 1.442489999999999974e-05
4.317500000000000000e+03 1.453500000000000060e-05
4.321500000000000000e+03 1.468710000000000038e-05
4.325500000000000000e+03 1.488069999999999968e-05
4.329500000000000000e+03 1.507629999999999997e-05
4.333500000000000000e+03 1.525430000000000064e-05
4.337500000000000000e+03 1.539660000000000095e-05
4.341500000000000000e+03 1.553459999999999862e-05
4.345500000000000000e+03 1.563590000000000051e-05
4.349500000000000000e+03 1.572779999999999873e-05
4.353500000000000000e+03 1.582170000000000134e-05
4.357500000000000000e+03 1.596050000000000076e-05
4.361500000000000000e+03 1.613030000000000038e-05
4.365500000000000000e+03 1.630330000000000025e-05
4.369500000000000000e+03 1.648039999999999895e-05
4.373500000000000000e+03 1.664800000000000053e-05
4.377500000000000000e+03 1.681050000000000109e-05
4.381500000000000000e+03 1.693120000000000147e-05
4.385500000000000000e+03 1.703659999999999880e-05
4.389500000000000000e+03 1.714369999999999986e-05
4.393500000000000000e+03 1.728669999999999832e-05
4.397500000000000000e+03 1.744969999999999998e-05
4.401500000000000000e+03 1.761680000000000047e-05
4.405500000000000000e+03 1.778560000000000129e-05
4.409500000000000000e+03 1.794719999999999988e-05
4.413500000000000000e+03 1.811180000000000166e-05
4.417500000000000000e+03 1.831560000000000130e-05
4.421500000000000000e+03 1.853460000000000039e-05
4.425500000000000000e+03 1.876719999999999880e-05
4.429500000000000000e+03 1.905289999999999846e-05
4.433500000000000000e+03 1.934699999999999959e-05
4.437500000000000000e+03 1.964570000000000064e-05
4.441500000000000000e+03 1.995520000000000166e-05
4.445500000000000000e+03 2.026479999999999951e-05
4.449500000000000000e+03 2.056729999999999873e-05
4.453500000000000000e+03 2.084000000000000037e-05
4.457500000000000000e+03 2.110709999999999990e-05
4.461500000000000000e+03 2.135229999999999884e-05
4.465500000000000000e+03 2.152879999999999960e-05
4.469500000000000000e+03 2.169640000000000118e-05
4.473500000000000000e+03 2.148610000000000084e-05
4.477500000000000000e+03 2.010069999999999883e-05
4.481500000000000000e+03 1.856819999999999952e-05
4.485500000000000000e+03 1.721700000000000135e-05
4.489500000000000000e+03 1.676319999999999902e-05
4.493500000000000000e+03 1.646120000000000089e-05
4.497500000000000000e+03 1.647800000000000046e-05
4.501500000000000000e+03 1.672939999999999944e-05
4.505500000000000000e+03 1.694999999999999865e-05
4.509500000000000000e+03 1.740060000000000074e-05
4.513500000000000000e+03 1.839689999999999999e-05
4.517500000000000000e+03 1.944650000000000092e-05
4.521500000000000000e+03 2.071739999999999921e-05
4.525500000000000000e+03 2.212570000000000061e-05
4.529500000000000000e+03 2.352710000000000044e-05
4.533500000000000000e+03 2.452430000000000167e-05
4.537500000000000000e+03 2.499330000000000006e-05
4.541500000000000000e+03 2.543779999999999894e-05
4.545500000000000000e+03 2.557790000000000120e-05
4.549500000000000000e+03 2.551209999999999923e-05
4.553500000000000000e+03 2.538750000000000045e-05
4.557500000000000000e+03 2.256740000000000013e-05
4.561500000000000000e+03 1.689949999999999973e-05
4.565500000000000000e+03 1.117679999999999944e-05
4.569500000000000000e+03 6.461109999999999706e-06
4.573500000000000000e+03 3.558520000000000024e-06
4.577500000000000000e+03 8.006679999999999801e-07
