2.318500000000000000e+03 0.000000000000000000e+00
2.324500000000000000e+03 4.768220000000000063e-06
2.330500000000000000e+03 1.415190000000000083e-05
2.336500000000000000e+03 1.999010000000000026e-05
2.342500000000000000e+03 2.049199999999999964e-05
2.348500000000000000e+03 2.109419999999999872e-05
2.354500000000000000e+03 2.199549999999999973e-05
2.360500000000000000e+03 2.291420000000000162e-05
2.366500000000000000e+03 2.385650000000000105e-05
2.372500000000000000e+03 2.478719999999999876e-05
2.378500000000000000e+03 2.565089999999999864e-05
2.384500000000000000e+03 2.644270000000000011e-05
2.390500000000000000e+03 2.672969999999999922e-05
2.396500000000000000e+03 2.688089999999999872e-05
2.402500000000000000e+03 2.661359999999999876e-05
2.408500000000000000e+03 2.620840000000000135e-05
2.414500000000000000e+03 2.566600000000000126e-05
2.420500000000000000e+03 2.505959999999999975e-05
2.426500000000000000e+03 2.452039999999999989e-05
2.432500000000000000e+03 2.402780000000000058e-05
2.438500000000000000e+03 2.389380000000000152e-05
2.444500000000000000e+03 2.414860000000000118e-05
2.450500000000000000e+03 2.466669999999999882e-05
2.456500000000000000e+03 2.561920000000000028e-05
2.462500000000000000e+03 2.662019999999999968e-05
2.468500000000000000e+03 2.772700000000000067e-05
2.474500000000000000e+03 2.869150000000000134e-05
2.480500000000000000e+03 2.912619999999999906e-05
2.486500000000000000e+03 2.935769999999999846e-05
2.492500000000000000e+03 2.873239999999999955e-05
2.498500000000000000e+03 2.788020000000000117e-05
2.504500000000000000e+03 2.612859999999999917e-05
2.510500000000000000e+03 2.415160000000000099e-05
2.516500000000000000e+03 2.187060000000000029e-05
2.522500000000000000e+03 1.948780000000000000e-05
2.528500000000000000e+03 1.729019999999999922e-05
2.534500000000000000e+03 1.518870000000000079e-05
2.540500000000000000e+03 1.356240000000000079e-05
2.546500000000000000e+03 1.230089999999999941e-05
2.552500000000000000e+03 1.149650000000000080e-05
2.558500000000000000e+03 1.124729999999999987e-05
2.564500000000000000e+03 1.130150000000000013e-05
2.570500000000000000e+03 1.190640000000000005e-05
2.576500000000000000e+03 1.265079999999999922e-05
2.582500000000000000e+03 1.374189999999999967e-05
2.588500000000000000e+03 1.484359999999999964e-05
2.594500000000000000e+03 1.591519999999999968e-05
2.600500000000000000e+03 1.693049999999999994e-05
2.606500000000000000e+03 1.761820000000000015e-05
2.612500000000000000e+03 1.818159999999999885e-05
2.618500000000000000e+03 1.803430000000000113e-05
2.624500000000000000e+03 1.767199999999999953e-05
2.630500000000000000e+03 1.665250000000000023e-05
2.636500000000000000e+03 1.538069999999999997e-05
2.642500000000000000e+03 1.402720000000000014e-05
2.648500000000000000e+03 1.262689999999999933e-05
2.654500000000000000e+03 1.132149999999999994e-05
2.660500000000000000e+03 1.009769999999999990e-05
2.666500000000000000e+03 9.012699999999999276e-06
2.672500000000000000e+03 8.116869999999999757e-06
2.678500000000000000e+03 7.389830000000000362e-06
2.684500000000000000e+03 7.000960000000000137e-06
2.690500000000000000e+03 6.642850000000000274e-06
2.696500000000000000e+03 6.348309999999999702e-06
2.702500000000000000e+03 6.073120000000000055e-06
2.708500000000000000e+03 5.867069999999999715e-06
2.714500000000000000e+03 5.677500000000000275e-06
2.720500000000000000e+03 5.548040000000000332e-06
2.726500000000000000e+03 5.426329999999999595e-06
2.732500000000000000e+03 5.261839999999999583e-06
2.738500000000000000e+03 5.086409999999999976e-06
2.744500000000000000e+03 4.947899999999999671e-06
2.750500000000000000e+03 4.824459999999999884e-06
2.756500000000000000e+03 4.664720000000000123e-06
2.762500000000000000e+03 4.482169999999999643e-06
2.768500000000000000e+03 4.327429999999999833e-06
2.774500000000000000e+03 4.199510000000000048e-06
2.780500000000000000e+03 4.047540000000000045e-06
2.786500000000000000e+03 3.859519999999999768e-06
2.792500000000000000e+03 3.742149999999999823e-06
2.798500000000000000e+03 5.573869999999999710e-06
2.804500000000000000e+03 1.186480000000000031e-05
2.810500000000000000e+03 1.799210000000000007e-05
2.816500000000000000e+03 2.220010000000000112e-05
2.822500000000000000e+03 2.665590000000000003e-05
2.828500000000000000e+03 2.880690000000000027e-05
2.834500000000000000e+03 2.769190000000000163e-05
2.840500000000000000e+03 2.687570000000000087e-05
2.846500000000000000e+03 2.621000000000000147e-05
2.852500000000000000e+03 2.561000000000000044e-05
2.858500000000000000e+03 2.549079999999999995e-05
2.864500000000000000e+03 2.557409999999999965e-05
2.870500000000000000e+03 2.585260000000000045e-05
2.876500000000000000e+03 2.630169999999999926e-05
2.882500000000000000e+03 2.711670000000000077e-05
2.888500000000000000e+03 2.791690000000000032e-05
2.894500000000000000e+03 2.868010000000000006e-05
2.900500000000000000e+03 2.942019999999999998e-05
2.906500000000000000e+03 2.989249999999999882e-05
2.912500000000000000e+03 3.010360000000000092e-05
2.918500000000000000e+03 3.010230000000000146e-05
2.924500000000000000e+03 2.989180000000000068e-05
2.930500000000000000e+03 2.927090000000000125e-05
2.936500000000000000e+03 2.830490000000000068e-05
2.942500000000000000e+03 2.740070000000000008e-05
2.948500000000000000e+03 2.634570000000000087e-05
2.954500000000000000e+03 2.549900000000000099e-05
2.960500000000000000e+03 2.505880000000000138e-05
2.966500000000000000e+03 2.467749999999999878e-05
2.972500000000000000e+03 2.444439999999999927e-05
2.978500000000000000e+03 2.423079999999999847e-05
2.984500000000000000e+03 2.410119999999999889e-05
2.990500000000000000e+03 2.403459999999999855e-05
2.996500000000000000e+03 2.395360000000000051e-05
3.002500000000000000e+03 2.385510000000000137e-05
3.008500000000000000e+03 2.381300000000000053e-05
3.014500000000000000e+03 2.387330000000000062e-05
3.020500000000000000e+03 2.391459999999999970e-05
3.026500000000000000e+03 2.389919999999999981e-05
3.032500000000000000e+03 2.386609999999999838e-05
3.038500000000000000e+03 2.377300000000000092e-05
3.044500000000000000e+03 2.369420000000000093e-05
3.050500000000000000e+03 2.373770000000000144e-05
3.056500000000000000e+03 2.380009999999999935e-05
3.062500000000000000e+03 2.383979999999999831e-05
3.068500000000000000e+03 2.388059999999999968e-05
3.074500000000000000e+03 2.403939999999999891e-05
3.080500000000000000e+03 2.424199999999999931e-05
3.086500000000000000e+03 2.439540000000000024e-05
3.092500000000000000e+03 2.452110000000000143e-05
3.098500000000000000e+03 2.458499999999999924e-05
3.104500000000000000e+03 2.459609999999999986e-05
3.110500000000000000e+03 2.459970000000000098e-05
3.116500000000000000e+03 2.459289999999999962e-05
3.122500000000000000e+03 2.458469999999999858e-05
3.128500000000000000e+03 2.457610000000000006e-05
3.134500000000000000e+03 2.456990000000000001e-05
3.140500000000000000e+03 2.463340000000000034e-05
3.146500000000000000e+03 2.498539999999999968e-05
3.152500000000000000e+03 2.566610000000000148e-05
3.158500000000000000e+03 2.636809999999999916e-05
3.164500000000000000e+03 2.735689999999999891e-05
3.170500000000000000e+03 2.837559999999999985e-05
3.176500000000000000e+03 2.924669999999999901e-05
3.182500000000000000e+03 3.024819999999999950e-05
3.188500000000000000e+03 3.157659999999999851e-05
3.194500000000000000e+03 3.292349999999999742e-05
3.200500000000000000e+03 3.436769999999999962e-05
3.206500000000000000e+03 3.600650000000000161e-05
3.212500000000000000e+03 3.762850000000000065e-05
3.218500000000000000e+03 3.933420000000000026e-05
3.224500000000000000e+03 4.121130000000000301e-05
3.230500000000000000e+03 4.315279999999999789e-05
3.236500000000000000e+03 4.515460000000000301e-05
3.242500000000000000e+03 4.752780000000000259e-05
3.248500000000000000e+03 5.027559999999999684e-05
3.254500000000000000e+03 5.354819999999999665e-05
3.260500000000000000e+03 5.697210000000000295e-05
3.266500000000000000e+03 6.092470000000000302e-05
3.272500000000000000e+03 6.531779999999999997e-05
3.278500000000000000e+03 7.023409999999999896e-05
3.284500000000000000e+03 7.568580000000000641e-05
3.290500000000000000e+03 8.210120000000000601e-05
3.296500000000000000e+03 8.934639999999999553e-05
3.302500000000000000e+03 9.760680000000000202e-05
3.308500000000000000e+03 1.070599999999999948e-04
3.314500000000000000e+03 1.173939999999999944e-04
3.320500000000000000e+03 1.291270000000000124e-04
3.326500000000000000e+03 1.423220000000000106e-04
3.332500000000000000e+03 1.575290000000000024e-04
3.338500000000000000e+03 1.741050000000000009e-04
3.344500000000000000e+03 1.935609999999999989e-04
3.350500000000000000e+03 2.152780000000000080e-04
3.356500000000000000e+03 2.408950000000000034e-04
3.362500000000000000e+03 2.692360000000000087e-04
3.368500000000000000e+03 3.028279999999999948e-04
3.374500000000000000e+03 3.404540000000000170e-04
3.380500000000000000e+03 3.843939999999999792e-04
3.386500000000000000e+03 4.341999999999999831e-04
3.392500000000000000e+03 4.921469999999999621e-04
3.398500000000000000e+03 5.586799999999999839e-04
3.404500000000000000e+03 6.363599999999999856e-04
3.410500000000000000e+03 7.273369999999999922e-04
3.416500000000000000e+03 8.334110000000000476e-04
3.422500000000000000e+03 9.596509999999999502e-04
3.428500000000000000e+03 1.105269999999999994e-03
3.434500000000000000e+03 1.280499999999999954e-03
3.440500000000000000e+03 1.482180000000000043e-03
3.446500000000000000e+03 1.727950000000000015e-03
3.452500000000000000e+03 2.177310000000000009e-03
3.458500000000000000e+03 2.843920000000000215e-03
3.464500000000000000e+03 3.602300000000000120e-03
3.470500000000000000e+03 4.710609999999999624e-03
3.476500000000000000e+03 6.151059999999999861e-03
3.482500000000000000e+03 8.134290000000000617e-03
3.488500000000000000e+03 1.036250000000000018e-02
3.494500000000000000e+03 1.336880000000000013e-02
3.500500000000000000e+03 1.700050000000000172e-02
3.506500000000000000e+03 2.137429999999999886e-02
3.512500000000000000e+03 2.644600000000000076e-02
3.518500000000000000e+03 3.228919999999999707e-02
3.524500000000000000e+03 3.915129999999999999e-02
3.530500000000000000e+03 4.674589999999999995e-02
3.536500000000000000e+03 5.553779999999999828e-02
3.542500000000000000e+03 6.495829999999999660e-02
3.548500000000000000e+03 7.544119999999999993e-02
3.554500000000000000e+03 8.660660000000000580e-02
3.560500000000000000e+03 9.854540000000000521e-02
3.566500000000000000e+03 1.111150000000000054e-01
3.572500000000000000e+03 1.239920000000000050e-01
3.578500000000000000e+03 1.374660000000000049e-01
3.584500000000000000e+03 1.508460000000000079e-01
3.590500000000000000e+03 1.644039999999999946e-01
3.596500000000000000e+03 1.776989999999999958e-01
3.602500000000000000e+03 1.907899999999999874e-01
3.608500000000000000e+03 2.035039999999999905e-01
3.614500000000000000e+03 2.156279999999999863e-01
3.620500000000000000e+03 2.270369999999999888e-01
3.626500000000000000e+03 2.374290000000000012e-01
3.632500000000000000e+03 2.470640000000000058e-01
3.638500000000000000e+03 2.555479999999999974e-01
3.644500000000000000e+03 2.630930000000000213e-01
3.650500000000000000e+03 2.694289999999999741e-01
3.656500000000000000e+03 2.754260000000000042e-01
3.662500000000000000e+03 2.804139999999999966e-01
3.668500000000000000e+03 2.864539999999999864e-01
3.674500000000000000e+03 2.935749999999999749e-01
3.680500000000000000e+03 3.006710000000000216e-01
3.686500000000000000e+03 3.083890000000000242e-01
3.692500000000000000e+03 3.161419999999999786e-01
3.698500000000000000e+03 3.229310000000000236e-01
3.704500000000000000e+03 3.281529999999999725e-01
3.710500000000000000e+03 3.329400000000000137e-01
3.716500000000000000e+03 3.372020000000000017e-01
3.722500000000000000e+03 3.414989999999999970e-01
3.728500000000000000e+03 3.458100000000000063e-01
3.734500000000000000e+03 3.504869999999999930e-01
3.740500000000000000e+03 3.549680000000000057e-01
3.746500000000000000e+03 3.586110000000000131e-01
3.752500000000000000e+03 3.617940000000000045e-01
3.758500000000000000e+03 3.644479999999999942e-01
3.764500000000000000e+03 3.662290000000000267e-01
3.770500000000000000e+03 3.673509999999999831e-01
3.776500000000000000e+03 3.683409999999999740e-01
3.782500000000000000e+03 3.694149999999999934e-01
3.788500000000000000e+03 3.709500000000000020e-01
3.794500000000000000e+03 3.732349999999999834e-01
3.800500000000000000e+03 3.763489999999999891e-01
3.806500000000000000e+03 3.812579999999999858e-01
3.812500000000000000e+03 3.885419999999999985e-01
3.818500000000000000e+03 4.003849999999999909e-01
3.824500000000000000e+03 4.170349999999999890e-01
3.830500000000000000e+03 4.431059999999999999e-01
3.836500000000000000e+03 4.757669999999999955e-01
3.842500000000000000e+03 5.192360000000000309e-01
3.848500000000000000e+03 5.692989999999999995e-01
3.854500000000000000e+03 6.216859999999999609e-01
3.860500000000000000e+03 6.786210000000000298e-01
3.866500000000000000e+03 7.277209999999999512e-01
3.872500000000000000e+03 7.734779999999999989e-01
3.878500000000000000e+03 8.024270000000000014e-01
3.884500000000000000e+03 8.290509999999999824e-01
3.890500000000000000e+03 8.534929999999999461e-01
3.896500000000000000e+03 8.705089999999999772e-01
3.902500000000000000e+03 8.846180000000000154e-01
3.908500000000000000e+03 9.023139999999999494e-01
3.914500000000000000e+03 9.217269999999999630e-01
3.920500000000000000e+03 9.417170000000000263e-01
3.926500000000000000e+03 9.562950000000000061e-01
3.932500000000000000e+03 9.687519999999999465e-01
3.938500000000000000e+03 9.824549999999999672e-01
3.944500000000000000e+03 9.915319999999999689e-01
3.950500000000000000e+03 9.942419999999999591e-01
3.956500000000000000e+03 9.955939999999999790e-01
3.962500000000000000e+03 9.959080000000000155e-01
3.968500000000000000e+03 9.981799999999999562e-01
3.974500000000000000e+03 9.992710000000000203e-01
3.980500000000000000e+03 9.990700000000000136e-01
3.986500000000000000e+03 1.000000000000000000e+00
3.992500000000000000e+03 9.996869999999999923e-01
3.998500000000000000e+03 9.992699999999999916e-01
4.004500000000000000e+03 9.952450000000000463e-01
4.010500000000000000e+03 9.850060000000000482e-01
4.016500000000000000e+03 9.674859999999999571e-01
4.022500000000000000e+03 9.394869999999999610e-01
4.028500000000000000e+03 9.023640000000000549e-01
4.034500000000000000e+03 8.541640000000000343e-01
4.040500000000000000e+03 7.986969999999999903e-01
4.046500000000000000e+03 7.398940000000000516e-01
4.052500000000000000e+03 6.779789999999999983e-01
4.058500000000000000e+03 6.200369999999999493e-01
4.064500000000000000e+03 5.663150000000000128e-01
4.070500000000000000e+03 5.161480000000000512e-01
4.076500000000000000e+03 4.740219999999999989e-01
4.082500000000000000e+03 4.356590000000000185e-01
4.088500000000000000e+03 4.045300000000000007e-01
4.094500000000000000e+03 3.818810000000000260e-01
4.100500000000000000e+03 3.659680000000000155e-01
4.106500000000000000e+03 3.557540000000000147e-01
4.112500000000000000e+03 3.485349999999999837e-01
4.118500000000000000e+03 3.429059999999999886e-01
4.124500000000000000e+03 3.382209999999999939e-01
4.130500000000000000e+03 3.342470000000000163e-01
4.136500000000000000e+03 3.308690000000000242e-01
4.142500000000000000e+03 3.281129999999999880e-01
4.148500000000000000e+03 3.253400000000000181e-01
4.154500000000000000e+03 3.224879999999999969e-01
4.160500000000000000e+03 3.193170000000000175e-01
4.166500000000000000e+03 3.158560000000000256e-01
4.172500000000000000e+03 3.130020000000000024e-01
4.178500000000000000e+03 3.101050000000000195e-01
4.184500000000000000e+03 3.065769999999999884e-01
4.190500000000000000e+03 3.033500000000000085e-01
4.196500000000000000e+03 3.002489999999999881e-01
4.202500000000000000e+03 2.969689999999999830e-01
4.208500000000000000e+03 2.935719999999999996e-01
4.214500000000000000e+03 2.900329999999999853e-01
4.220500000000000000e+03 2.864200000000000079e-01
4.226500000000000000e+03 2.825190000000000201e-01
4.232500000000000000e+03 2.783379999999999743e-01
4.238500000000000000e+03 2.733289999999999886e-01
4.244500000000000000e+03 2.678030000000000133e-01
4.250500000000000000e+03 2.595330000000000137e-01
4.256500000000000000e+03 2.502409999999999912e-01
4.262500000000000000e+03 2.403289999999999871e-01
4.268500000000000000e+03 2.306370000000000087e-01
4.274500000000000000e+03 2.212419999999999942e-01
4.280500000000000000e+03 2.121280000000000110e-01
4.286500000000000000e+03 2.040980000000000016e-01
4.292500000000000000e+03 1.960459999999999980e-01
4.298500000000000000e+03 1.886390000000000011e-01
4.304500000000000000e+03 1.811079999999999912e-01
4.310500000000000000e+03 1.737370000000000025e-01
4.316500000000000000e+03 1.658439999999999914e-01
4.322500000000000000e+03 1.575479999999999936e-01
4.328500000000000000e+03 1.486079999999999901e-01
4.334500000000000000e+03 1.392879999999999951e-01
4.340500000000000000e+03 1.293529999999999958e-01
4.346500000000000000e+03 1.189579999999999943e-01
4.352500000000000000e+03 1.082759999999999972e-01
4.358500000000000000e+03 9.739559999999999884e-02
4.364500000000000000e+03 8.664990000000000192e-02
4.370500000000000000e+03 7.620939999999999659e-02
4.376500000000000000e+03 6.618759999999999921e-02
4.382500000000000000e+03 5.679069999999999951e-02
4.388500000000000000e+03 4.796500000000000069e-02
4.394500000000000000e+03 4.010260000000000213e-02
4.400500000000000000e+03 3.302340000000000136e-02
4.406500000000000000e+03 2.702780000000000113e-02
4.412500000000000000e+03 2.182689999999999977e-02
4.418500000000000000e+03 1.757059999999999872e-02
4.424500000000000000e+03 1.406759999999999955e-02
4.430500000000000000e+03 1.122410000000000074e-02
4.436500000000000000e+03 9.018059999999999618e-03
4.442500000000000000e+03 7.254720000000000092e-03
4.448500000000000000e+03 5.880650000000000287e-03
4.454500000000000000e+03 4.733249999999999610e-03
4.460500000000000000e+03 3.847639999999999828e-03
4.466500000000000000e+03 3.168409999999999976e-03
4.472500000000000000e+03 2.632380000000000136e-03
4.478500000000000000e+03 2.199219999999999994e-03
4.484500000000000000e+03 1.862740000000000099e-03
4.490500000000000000e+03 1.599769999999999925e-03
4.496500000000000000e+03 1.379999999999999933e-03
4.502500000000000000e+03 1.231230000000000041e-03
4.508500000000000000e+03 1.103569999999999898e-03
4.514500000000000000e+03 1.005699999999999997e-03
4.520500000000000000e+03 9.189639999999999788e-04
4.526500000000000000e+03 8.117600000000000206e-04
4.532500000000000000e+03 6.908040000000000491e-04
4.538500000000000000e+03 6.016040000000000493e-04
4.544500000000000000e+03 5.624539999999999922e-04
4.550500000000000000e+03 5.168520000000000449e-04
4.556500000000000000e+03 4.531410000000000039e-04
4.562500000000000000e+03 4.108820000000000007e-04
4.568500000000000000e+03 4.010950000000000214e-04
4.574500000000000000e+03 3.896719999999999785e-04
4.580500000000000000e+03 3.752159999999999935e-04
4.586500000000000000e+03 3.605150000000000000e-04
4.592500000000000000e+03 3.472419999999999934e-04
4.598500000000000000e+03 3.332869999999999821e-04
4.604500000000000000e+03 2.902390000000000243e-04
4.610500000000000000e+03 2.353490000000000128e-04
4.616500000000000000e+03 2.091890000000000058e-04
4.622500000000000000e+03 1.947689999999999914e-04
4.628500000000000000e+03 1.490610000000000014e-04
4.634500000000000000e+03 1.048650000000000065e-04
4.640500000000000000e+03 9.703059999999999897e-05
4.646500000000000000e+03 9.605310000000000367e-05
4.652500000000000000e+03 9.353870000000000619e-05
4.658500000000000000e+03 8.405650000000000404e-05
4.664500000000000000e+03 4.863360000000000138e-05
4.670500000000000000e+03 1.645490000000000063e-05
4.676500000000000000e+03 9.973129999999999837e-06
4.682500000000000000e+03 9.869300000000000528e-06
4.688500000000000000e+03 9.826870000000000326e-06
4.694500000000000000e+03 9.792009999999999443e-06
4.700500000000000000e+03 9.775519999999999538e-06
4.706500000000000000e+03 9.772720000000000175e-06
4.712500000000000000e+03 9.834980000000000152e-06
4.718500000000000000e+03 9.911900000000000764e-06
4.724500000000000000e+03 1.003450000000000023e-05
4.730500000000000000e+03 1.016140000000000066e-05
4.736500000000000000e+03 1.019140000000000037e-05
4.742500000000000000e+03 1.018779999999999926e-05
4.748500000000000000e+03 1.016830000000000054e-05
4.754500000000000000e+03 1.014079999999999954e-05
4.760500000000000000e+03 1.011340000000000044e-05
4.766500000000000000e+03 1.008599999999999966e-05
4.772500000000000000e+03 1.005860000000000056e-05
4.778500000000000000e+03 1.003119999999999977e-05
4.784500000000000000e+03 1.000329999999999958e-05
4.790500000000000000e+03 9.974289999999999670e-06
4.796500000000000000e+03 9.897089999999999799e-06
4.802500000000000000e+03 9.691580000000000813e-06
4.808500000000000000e+03 9.326630000000000182e-06
4.814500000000000000e+03 8.357389999999999955e-06
4.820500000000000000e+03 7.469289999999999937e-06
4.826500000000000000e+03 7.425489999999999611e-06
4.832500000000000000e+03 7.525220000000000094e-06
4.838500000000000000e+03 7.653849999999999572e-06
4.844500000000000000e+03 7.812790000000000121e-06
4.850500000000000000e+03 8.432909999999999191e-06
4.856500000000000000e+03 9.225929999999999605e-06
4.862500000000000000e+03 1.000719999999999966e-05
4.868500000000000000e+03 1.078189999999999921e-05
4.874500000000000000e+03 1.118330000000000014e-05
4.880500000000000000e+03 1.127070000000000036e-05
4.886500000000000000e+03 1.131669999999999958e-05
4.892500000000000000e+03 1.130739999999999952e-05
4.898500000000000000e+03 1.133930000000000001e-05
4.904500000000000000e+03 1.145220000000000023e-05
4.910500000000000000e+03 1.155839999999999931e-05
4.916500000000000000e+03 1.163910000000000008e-05
4.922500000000000000e+03 1.173120000000000044e-05
4.928500000000000000e+03 1.188110000000000048e-05
4.934500000000000000e+03 1.205069999999999967e-05
4.940500000000000000e+03 1.231089999999999931e-05
4.946500000000000000e+03 1.257989999999999961e-05
4.952500000000000000e+03 1.275679999999999956e-05
4.958500000000000000e+03 1.290579999999999932e-05
4.964500000000000000e+03 1.300719999999999974e-05
4.970500000000000000e+03 1.308979999999999959e-05
4.976500000000000000e+03 1.323879999999999935e-05
4.982500000000000000e+03 1.342870000000000070e-05
4.988500000000000000e+03 1.358899999999999983e-05
4.994500000000000000e+03 1.372159999999999920e-05
5.000500000000000000e+03 1.383040000000000060e-05
5.006500000000000000e+03 1.390409999999999957e-05
5.012500000000000000e+03 1.399929999999999995e-05
5.018500000000000000e+03 1.414170000000000048e-05
5.024500000000000000e+03 1.424549999999999939e-05
5.030500000000000000e+03 1.422159999999999950e-05
5.036500000000000000e+03 1.418790000000000014e-05
5.042500000000000000e+03 1.415299999999999985e-05
5.048500000000000000e+03 1.413610000000000006e-05
5.054500000000000000e+03 1.425910000000000041e-05
5.060500000000000000e+03 1.441280000000000031e-05
5.066500000000000000e+03 1.459300000000000072e-05
5.072500000000000000e+03 1.478259999999999972e-05
5.078500000000000000e+03 1.500279999999999974e-05
5.084500000000000000e+03 1.523699999999999997e-05
5.090500000000000000e+03 1.542539999999999973e-05
5.096500000000000000e+03 1.558289999999999949e-05
5.102500000000000000e+03 1.567960000000000146e-05
5.108500000000000000e+03 1.571210000000000158e-05
5.114500000000000000e+03 1.576600000000000118e-05
5.120500000000000000e+03 1.585449999999999872e-05
5.126500000000000000e+03 1.596220000000000109e-05
5.132500000000000000e+03 1.611510000000000094e-05
5.138500000000000000e+03 1.620669999999999850e-05
5.144500000000000000e+03 1.607559999999999903e-05
5.150500000000000000e+03 1.594540000000000153e-05
5.156500000000000000e+03 1.592399999999999865e-05
5.162500000000000000e+03 1.593610000000000146e-05
5.168500000000000000e+03 1.610590000000000109e-05
5.174500000000000000e+03 1.630289999999999937e-05
5.180500000000000000e+03 1.637089999999999940e-05
5.186500000000000000e+03 1.626079999999999854e-05
5.192500000000000000e+03 1.107499999999999984e-05
5.198500000000000000e+03 3.317079999999999842e-06
