1.457500000000000000e+03 0.000000000000000000e+00
1.461500000000000000e+03 1.499450000000000103e-06
1.465500000000000000e+03 8.310290000000000016e-06
1.469500000000000000e+03 1.407629999999999938e-05
1.473500000000000000e+03 1.481039999999999969e-05
1.477500000000000000e+03 1.524320000000000002e-05
1.481500000000000000e+03 1.592549999999999855e-05
1.485500000000000000e+03 1.663150000000000162e-05
1.489500000000000000e+03 1.735590000000000098e-05
1.493500000000000000e+03 1.806640000000000036e-05
1.497500000000000000e+03 1.872699999999999875e-05
1.501500000000000000e+03 1.926809999999999938e-05
1.505500000000000000e+03 1.943380000000000018e-05
1.509500000000000000e+03 1.947169999999999858e-05
1.513500000000000000e+03 1.918560000000000144e-05
1.517500000000000000e+03 1.884100000000000138e-05
1.521500000000000000e+03 1.838249999999999891e-05
1.525500000000000000e+03 1.793759999999999916e-05
1.529500000000000000e+03 1.755640000000000016e-05
1.533500000000000000e+03 1.731450000000000168e-05
1.537500000000000000e+03 1.748270000000000119e-05
1.541500000000000000e+03 1.780670000000000012e-05
1.545500000000000000e+03 1.851819999999999831e-05
1.549500000000000000e+03 1.928339999999999904e-05
1.553500000000000000e+03 2.013209999999999991e-05
1.557500000000000000e+03 2.084920000000000021e-05
1.561500000000000000e+03 2.117080000000000066e-05
1.565500000000000000e+03 2.124960000000000065e-05
1.569500000000000000e+03 2.070600000000000131e-05
1.573500000000000000e+03 1.989209999999999882e-05
1.577500000000000000e+03 1.842439999999999931e-05
1.581500000000000000e+03 1.683459999999999972e-05
1.585500000000000000e+03 1.501269999999999943e-05
1.589500000000000000e+03 1.323460000000000031e-05
1.593500000000000000e+03 1.161080000000000071e-05
1.597500000000000000e+03 1.016469999999999943e-05
1.601500000000000000e+03 9.170759999999999250e-06
1.605500000000000000e+03 8.407489999999999696e-06
1.609500000000000000e+03 8.187459999999999703e-06
1.613500000000000000e+03 8.223759999999999678e-06
1.617500000000000000e+03 9.056579999999999270e-06
1.621500000000000000e+03 1.030110000000000036e-05
1.625500000000000000e+03 1.187010000000000007e-05
1.629500000000000000e+03 1.359170000000000067e-05
1.633500000000000000e+03 1.531960000000000152e-05
1.637500000000000000e+03 1.686809999999999864e-05
1.641500000000000000e+03 1.809160000000000141e-05
1.645500000000000000e+03 1.911779999999999846e-05
1.649500000000000000e+03 1.971870000000000147e-05
1.653500000000000000e+03 2.012340000000000117e-05
1.657500000000000000e+03 2.006499999999999847e-05
1.661500000000000000e+03 1.999970000000000098e-05
1.665500000000000000e+03 1.988540000000000107e-05
1.669500000000000000e+03 1.987339999999999848e-05
1.673500000000000000e+03 2.000329999999999871e-05
1.677500000000000000e+03 2.053189999999999903e-05
1.681500000000000000e+03 2.176529999999999979e-05
1.685500000000000000e+03 2.320379999999999966e-05
1.689500000000000000e+03 2.496809999999999901e-05
1.693500000000000000e+03 2.678709999999999972e-05
1.697500000000000000e+03 2.827260000000000100e-05
1.701500000000000000e+03 2.900289999999999975e-05
1.705500000000000000e+03 2.963789999999999960e-05
1.709500000000000000e+03 3.033240000000000117e-05
1.713500000000000000e+03 3.110270000000000292e-05
1.717500000000000000e+03 3.185580000000000085e-05
1.721500000000000000e+03 3.256599999999999957e-05
1.725500000000000000e+03 3.328269999999999899e-05
1.729500000000000000e+03 3.401169999999999828e-05
1.733500000000000000e+03 3.471029999999999867e-05
1.737500000000000000e+03 3.542039999999999718e-05
1.741500000000000000e+03 3.627300000000000321e-05
1.745500000000000000e+03 3.719980000000000254e-05
1.749500000000000000e+03 3.809369999999999748e-05
1.753500000000000000e+03 3.893129999999999773e-05
1.757500000000000000e+03 3.978779999999999876e-05
1.761500000000000000e+03 4.068920000000000338e-05
1.765500000000000000e+03 4.162440000000000080e-05
1.769500000000000000e+03 4.270040000000000202e-05
1.773500000000000000e+03 4.392829999999999749e-05
1.777500000000000000e+03 4.522560000000000284e-05
1.781500000000000000e+03 4.670300000000000330e-05
1.785500000000000000e+03 4.829479999999999711e-05
1.789500000000000000e+03 4.982539999999999902e-05
1.793500000000000000e+03 5.123759999999999881e-05
1.797500000000000000e+03 5.273850000000000337e-05
1.801500000000000000e+03 5.462640000000000269e-05
1.805500000000000000e+03 5.681970000000000082e-05
1.809500000000000000e+03 5.960480000000000232e-05
1.813500000000000000e+03 6.374759999999999932e-05
1.817500000000000000e+03 6.786580000000000336e-05
1.821500000000000000e+03 6.918849999999999664e-05
1.825500000000000000e+03 6.734789999999999939e-05
1.829500000000000000e+03 6.524049999999999988e-05
1.833500000000000000e+03 6.284040000000000231e-05
1.837500000000000000e+03 6.030999999999999686e-05
1.841500000000000000e+03 5.740289999999999889e-05
1.845500000000000000e+03 5.392370000000000008e-05
1.849500000000000000e+03 4.989349999999999927e-05
1.853500000000000000e+03 4.411880000000000185e-05
1.857500000000000000e+03 3.759750000000000044e-05
1.861500000000000000e+03 3.323070000000000017e-05
1.865500000000000000e+03 3.242500000000000211e-05
1.869500000000000000e+03 3.209760000000000250e-05
1.873500000000000000e+03 3.167579999999999918e-05
1.877500000000000000e+03 3.128559999999999740e-05
1.881500000000000000e+03 3.102029999999999843e-05
1.885500000000000000e+03 3.085480000000000145e-05
1.889500000000000000e+03 3.067759999999999915e-05
1.893500000000000000e+03 3.045400000000000014e-05
1.897500000000000000e+03 3.021980000000000160e-05
1.901500000000000000e+03 3.001210000000000019e-05
1.905500000000000000e+03 2.988629999999999878e-05
1.909500000000000000e+03 2.979379999999999924e-05
1.913500000000000000e+03 2.978520000000000072e-05
1.917500000000000000e+03 2.996780000000000131e-05
1.921500000000000000e+03 3.019510000000000165e-05
1.925500000000000000e+03 3.031220000000000092e-05
1.929500000000000000e+03 3.038910000000000013e-05
1.933500000000000000e+03 3.064220000000000284e-05
1.937500000000000000e+03 3.114610000000000322e-05
1.941500000000000000e+03 3.170480000000000178e-05
1.945500000000000000e+03 3.242309999999999794e-05
1.949500000000000000e+03 3.322029999999999769e-05
1.953500000000000000e+03 3.400350000000000063e-05
1.957500000000000000e+03 3.484440000000000134e-05
1.961500000000000000e+03 3.579080000000000298e-05
1.965500000000000000e+03 3.711469999999999890e-05
1.969500000000000000e+03 3.873470000000000033e-05
1.973500000000000000e+03 4.048659999999999960e-05
1.977500000000000000e+03 4.248559999999999858e-05
1.981500000000000000e+03 4.463349999999999880e-05
1.985500000000000000e+03 4.716469999999999924e-05
1.989500000000000000e+03 5.009039999999999733e-05
1.993500000000000000e+03 5.349240000000000304e-05
1.997500000000000000e+03 5.793810000000000014e-05
2.001500000000000000e+03 6.292910000000000029e-05
2.005500000000000000e+03 6.897789999999999564e-05
2.009500000000000000e+03 7.631039999999999362e-05
2.013500000000000000e+03 8.459510000000000597e-05
2.017500000000000000e+03 9.505219999999999772e-05
2.021500000000000000e+03 1.069090000000000025e-04
2.025500000000000000e+03 1.213110000000000045e-04
2.029500000000000000e+03 1.392289999999999912e-04
2.033500000000000000e+03 1.598290000000000041e-04
2.037500000000000000e+03 1.870809999999999932e-04
2.041500000000000000e+03 2.196560000000000125e-04
2.045500000000000000e+03 2.628449999999999949e-04
2.049500000000000000e+03 3.236490000000000178e-04
2.053500000000000000e+03 3.969469999999999791e-04
2.057500000000000000e+03 5.013490000000000004e-04
2.061500000000000000e+03 6.335709999999999823e-04
2.065500000000000000e+03 8.042700000000000500e-04
2.069500000000000000e+03 1.045570000000000006e-03
2.073500000000000000e+03 1.333540000000000029e-03
2.077500000000000000e+03 1.732030000000000071e-03
2.081500000000000000e+03 2.247700000000000045e-03
2.085500000000000000e+03 2.863919999999999834e-03
2.089500000000000000e+03 3.687909999999999973e-03
2.093500000000000000e+03 4.623450000000000303e-03
2.097500000000000000e+03 5.738449999999999974e-03
2.101500000000000000e+03 7.077090000000000290e-03
2.105500000000000000e+03 8.521759999999999752e-03
2.109500000000000000e+03 1.017900000000000055e-02
2.113500000000000000e+03 1.194570000000000007e-02
2.117500000000000000e+03 1.375610000000000027e-02
2.121500000000000000e+03 1.562819999999999834e-02
2.125500000000000000e+03 1.746790000000000148e-02
2.129500000000000000e+03 1.920459999999999876e-02
2.133500000000000000e+03 2.085450000000000151e-02
2.137500000000000000e+03 2.235449999999999937e-02
2.141500000000000000e+03 2.360469999999999929e-02
2.145500000000000000e+03 2.472649999999999848e-02
2.149500000000000000e+03 2.560110000000000163e-02
2.153500000000000000e+03 2.625610000000000097e-02
2.157500000000000000e+03 2.680779999999999968e-02
2.161500000000000000e+03 2.717009999999999911e-02
2.165500000000000000e+03 2.756420000000000051e-02
2.169500000000000000e+03 2.798689999999999858e-02
2.173500000000000000e+03 2.836479999999999904e-02
2.177500000000000000e+03 2.876329999999999859e-02
2.181500000000000000e+03 2.930570000000000050e-02
2.185500000000000000e+03 2.997100000000000111e-02
2.189500000000000000e+03 3.075769999999999893e-02
2.193500000000000000e+03 3.165409999999999752e-02
2.197500000000000000e+03 3.280020000000000158e-02
2.201500000000000000e+03 3.412520000000000137e-02
2.205500000000000000e+03 3.547000000000000153e-02
2.209500000000000000e+03 3.690550000000000080e-02
2.213500000000000000e+03 3.857429999999999887e-02
2.217500000000000000e+03 4.045100000000000084e-02
2.221500000000000000e+03 4.259509999999999685e-02
2.225500000000000000e+03 4.493389999999999884e-02
2.229500000000000000e+03 4.740590000000000082e-02
2.233500000000000000e+03 5.016360000000000263e-02
2.237500000000000000e+03 5.308419999999999805e-02
2.241500000000000000e+03 5.623469999999999858e-02
2.245500000000000000e+03 5.950280000000000152e-02
2.249500000000000000e+03 6.288580000000000558e-02
2.253500000000000000e+03 6.638040000000000607e-02
2.257500000000000000e+03 6.988919999999999855e-02
2.261500000000000000e+03 7.334939999999999516e-02
2.265500000000000000e+03 7.674309999999999465e-02
2.269500000000000000e+03 8.000440000000000329e-02
2.273500000000000000e+03 8.309070000000000344e-02
2.277500000000000000e+03 8.601449999999999374e-02
2.281500000000000000e+03 8.869119999999999782e-02
2.285500000000000000e+03 9.114880000000000204e-02
2.289500000000000000e+03 9.337650000000000117e-02
2.293500000000000000e+03 9.531059999999999532e-02
2.297500000000000000e+03 9.703290000000000526e-02
2.301500000000000000e+03 9.851780000000000259e-02
2.305500000000000000e+03 9.986109999999999431e-02
2.309500000000000000e+03 1.010449999999999959e-01
2.313500000000000000e+03 1.021149999999999974e-01
2.317500000000000000e+03 1.030340000000000006e-01
2.321500000000000000e+03 1.037949999999999984e-01
2.325500000000000000e+03 1.045210000000000028e-01
2.329500000000000000e+03 1.053240000000000010e-01
2.333500000000000000e+03 1.061280000000000001e-01
2.337500000000000000e+03 1.068980000000000069e-01
2.341500000000000000e+03 1.076219999999999954e-01
2.345500000000000000e+03 1.082859999999999934e-01
2.349500000000000000e+03 1.089930000000000065e-01
2.353500000000000000e+03 1.096919999999999978e-01
2.357500000000000000e+03 1.102960000000000051e-01
2.361500000000000000e+03 1.108269999999999950e-01
2.365500000000000000e+03 1.112719999999999959e-01
2.369500000000000000e+03 1.117439999999999961e-01
2.373500000000000000e+03 1.122350000000000014e-01
2.377500000000000000e+03 1.129180000000000045e-01
2.381500000000000000e+03 1.136739999999999973e-01
2.385500000000000000e+03 1.144769999999999954e-01
2.389500000000000000e+03 1.153929999999999956e-01
2.393500000000000000e+03 1.167750000000000038e-01
2.397500000000000000e+03 1.188629999999999964e-01
2.401500000000000000e+03 1.221679999999999988e-01
2.405500000000000000e+03 1.272099999999999898e-01
2.409500000000000000e+03 1.358640000000000125e-01
2.413500000000000000e+03 1.496379999999999932e-01
2.417500000000000000e+03 1.719769999999999910e-01
2.421500000000000000e+03 2.035579999999999889e-01
2.425500000000000000e+03 2.500490000000000212e-01
2.429500000000000000e+03 3.067369999999999819e-01
2.433500000000000000e+03 3.781039999999999957e-01
2.437500000000000000e+03 4.551490000000000258e-01
2.441500000000000000e+03 5.378880000000000328e-01
2.445500000000000000e+03 6.203940000000000010e-01
2.449500000000000000e+03 6.984099999999999753e-01
2.453500000000000000e+03 7.673489999999999478e-01
2.457500000000000000e+03 8.275259999999999838e-01
2.461500000000000000e+03 8.767639999999999878e-01
2.465500000000000000e+03 9.148330000000000073e-01
2.469500000000000000e+03 9.411580000000000501e-01
2.473500000000000000e+03 9.582190000000000429e-01
2.477500000000000000e+03 9.689389999999999947e-01
2.481500000000000000e+03 9.750839999999999508e-01
2.485500000000000000e+03 9.797019999999999618e-01
2.489500000000000000e+03 9.830790000000000362e-01
2.493500000000000000e+03 9.857939999999999481e-01
2.497500000000000000e+03 9.897979999999999556e-01
2.501500000000000000e+03 9.930729999999999835e-01
2.505500000000000000e+03 9.962839999999999474e-01
2.509500000000000000e+03 9.985000000000000542e-01
2.513500000000000000e+03 9.994899999999999896e-01
2.517500000000000000e+03 1.000000000000000000e+00
2.521500000000000000e+03 9.991419999999999746e-01
2.525500000000000000e+03 9.937909999999999799e-01
2.529500000000000000e+03 9.814000000000000501e-01
2.533500000000000000e+03 9.598050000000000193e-01
2.537500000000000000e+03 9.300119999999999498e-01
2.541500000000000000e+03 8.874140000000000361e-01
2.545500000000000000e+03 8.353230000000000377e-01
2.549500000000000000e+03 7.712470000000000159e-01
2.553500000000000000e+03 7.031610000000000360e-01
2.557500000000000000e+03 6.302489999999999482e-01
2.561500000000000000e+03 5.582030000000000047e-01
2.565500000000000000e+03 4.887699999999999823e-01
2.569500000000000000e+03 4.202199999999999824e-01
2.573500000000000000e+03 3.582020000000000204e-01
2.577500000000000000e+03 3.003489999999999771e-01
2.581500000000000000e+03 2.516570000000000196e-01
2.585500000000000000e+03 2.125039999999999984e-01
2.589500000000000000e+03 1.833410000000000040e-01
2.593500000000000000e+03 1.626579999999999970e-01
2.597500000000000000e+03 1.481719999999999982e-01
2.601500000000000000e+03 1.386469999999999925e-01
2.605500000000000000e+03 1.325050000000000117e-01
2.609500000000000000e+03 1.285040000000000071e-01
2.613500000000000000e+03 1.260129999999999861e-01
2.617500000000000000e+03 1.246020000000000044e-01
2.621500000000000000e+03 1.234279999999999961e-01
2.625500000000000000e+03 1.222349999999999964e-01
2.629500000000000000e+03 1.212349999999999955e-01
2.633500000000000000e+03 1.204120000000000051e-01
2.637500000000000000e+03 1.196220000000000061e-01
2.641500000000000000e+03 1.190019999999999967e-01
2.645500000000000000e+03 1.184329999999999966e-01
2.649500000000000000e+03 1.178529999999999994e-01
2.653500000000000000e+03 1.172649999999999942e-01
2.657500000000000000e+03 1.166060000000000013e-01
2.661500000000000000e+03 1.158399999999999985e-01
2.665500000000000000e+03 1.149540000000000006e-01
2.669500000000000000e+03 1.138040000000000024e-01
2.673500000000000000e+03 1.124799999999999967e-01
2.677500000000000000e+03 1.108370000000000050e-01
2.681500000000000000e+03 1.089360000000000051e-01
2.685500000000000000e+03 1.068169999999999953e-01
2.689500000000000000e+03 1.043919999999999987e-01
2.693500000000000000e+03 1.017779999999999935e-01
2.697500000000000000e+03 9.900079999999999991e-02
2.701500000000000000e+03 9.608719999999999761e-02
2.705500000000000000e+03 9.311850000000000682e-02
2.709500000000000000e+03 9.011360000000000203e-02
2.713500000000000000e+03 8.712749999999999662e-02
2.717500000000000000e+03 8.412039999999999795e-02
2.721500000000000000e+03 8.117230000000000278e-02
2.725500000000000000e+03 7.805170000000000163e-02
2.729500000000000000e+03 7.501850000000000185e-02
2.733500000000000000e+03 7.188450000000000395e-02
2.737500000000000000e+03 6.892439999999999678e-02
2.741500000000000000e+03 6.588860000000000550e-02
2.745500000000000000e+03 6.302739999999999732e-02
2.749500000000000000e+03 6.028610000000000219e-02
2.753500000000000000e+03 5.765619999999999773e-02
2.757500000000000000e+03 5.511230000000000295e-02
2.761500000000000000e+03 5.259989999999999805e-02
2.765500000000000000e+03 5.018750000000000294e-02
2.769500000000000000e+03 4.780580000000000246e-02
2.773500000000000000e+03 4.557039999999999702e-02
2.777500000000000000e+03 4.335649999999999921e-02
2.781500000000000000e+03 4.131880000000000275e-02
2.785500000000000000e+03 3.930720000000000047e-02
2.789500000000000000e+03 3.743670000000000331e-02
2.793500000000000000e+03 3.564359999999999751e-02
2.797500000000000000e+03 3.401110000000000244e-02
2.801500000000000000e+03 3.247359999999999830e-02
2.805500000000000000e+03 3.113209999999999936e-02
2.809500000000000000e+03 2.988680000000000156e-02
2.813500000000000000e+03 2.881380000000000052e-02
2.817500000000000000e+03 2.785110000000000016e-02
2.821500000000000000e+03 2.700659999999999866e-02
2.825500000000000000e+03 2.622700000000000031e-02
2.829500000000000000e+03 2.551629999999999870e-02
2.833500000000000000e+03 2.481119999999999853e-02
2.837500000000000000e+03 2.410690000000000055e-02
2.841500000000000000e+03 2.336739999999999998e-02
2.845500000000000000e+03 2.257899999999999838e-02
2.849500000000000000e+03 2.170930000000000082e-02
2.853500000000000000e+03 2.079080000000000164e-02
2.857500000000000000e+03 1.975460000000000063e-02
2.861500000000000000e+03 1.866690000000000016e-02
2.865500000000000000e+03 1.750770000000000104e-02
2.869500000000000000e+03 1.620780000000000137e-02
2.873500000000000000e+03 1.487860000000000051e-02
2.877500000000000000e+03 1.359860000000000062e-02
2.881500000000000000e+03 1.233820000000000056e-02
2.885500000000000000e+03 1.109190000000000002e-02
2.889500000000000000e+03 9.876670000000000588e-03
2.893500000000000000e+03 8.705960000000000434e-03
2.897500000000000000e+03 7.611030000000000399e-03
2.901500000000000000e+03 6.574270000000000114e-03
2.905500000000000000e+03 5.603900000000000201e-03
2.909500000000000000e+03 4.775470000000000409e-03
2.913500000000000000e+03 4.019390000000000289e-03
2.917500000000000000e+03 3.366880000000000046e-03
2.921500000000000000e+03 2.810829999999999839e-03
2.925500000000000000e+03 2.310640000000000090e-03
2.929500000000000000e+03 1.905830000000000067e-03
2.933500000000000000e+03 1.551080000000000037e-03
2.937500000000000000e+03 1.263690000000000039e-03
2.941500000000000000e+03 1.036049999999999948e-03
2.945500000000000000e+03 8.337659999999999993e-04
2.949500000000000000e+03 6.794960000000000279e-04
2.953500000000000000e+03 5.498449999999999779e-04
2.957500000000000000e+03 4.415420000000000087e-04
2.961500000000000000e+03 3.610040000000000015e-04
2.965500000000000000e+03 2.908070000000000229e-04
2.969500000000000000e+03 2.388330000000000086e-04
2.973500000000000000e+03 1.970750000000000062e-04
2.977500000000000000e+03 1.615800000000000081e-04
2.981500000000000000e+03 1.360049999999999963e-04
2.985500000000000000e+03 1.136530000000000043e-04
2.989500000000000000e+03 9.660279999999999605e-05
2.993500000000000000e+03 8.336060000000000280e-05
2.997500000000000000e+03 7.217790000000000566e-05
3.001500000000000000e+03 6.478720000000000204e-05
3.005500000000000000e+03 5.882210000000000048e-05
3.009500000000000000e+03 5.470399999999999666e-05
3.013500000000000000e+03 5.205579999999999718e-05
3.017500000000000000e+03 4.984699999999999895e-05
3.021500000000000000e+03 4.843580000000000135e-05
3.025500000000000000e+03 4.730399999999999975e-05
3.029500000000000000e+03 4.608959999999999999e-05
3.033500000000000000e+03 4.514289999999999769e-05
3.037500000000000000e+03 4.469769999999999728e-05
3.041500000000000000e+03 4.407719999999999873e-05
3.045500000000000000e+03 4.334819999999999944e-05
3.049500000000000000e+03 4.259109999999999952e-05
3.053500000000000000e+03 4.198400000000000325e-05
3.057500000000000000e+03 4.117839999999999863e-05
3.061500000000000000e+03 3.988029999999999830e-05
3.065500000000000000e+03 3.833050000000000172e-05
3.069500000000000000e+03 3.634700000000000284e-05
3.073500000000000000e+03 3.421859999999999794e-05
3.077500000000000000e+03 3.199699999999999875e-05
3.081500000000000000e+03 2.971690000000000003e-05
3.085500000000000000e+03 2.757580000000000117e-05
3.089500000000000000e+03 2.555630000000000128e-05
3.093500000000000000e+03 2.376970000000000046e-05
3.097500000000000000e+03 2.219210000000000052e-05
3.101500000000000000e+03 2.095440000000000049e-05
3.105500000000000000e+03 2.001520000000000108e-05
3.109500000000000000e+03 1.925129999999999981e-05
3.113500000000000000e+03 1.872439999999999982e-05
3.117500000000000000e+03 1.829909999999999900e-05
3.121500000000000000e+03 1.806609999999999970e-05
3.125500000000000000e+03 1.800950000000000096e-05
3.129500000000000000e+03 1.799400000000000085e-05
3.133500000000000000e+03 1.811120000000000034e-05
3.137500000000000000e+03 1.824639999999999864e-05
3.141500000000000000e+03 1.834839999999999868e-05
3.145500000000000000e+03 1.843910000000000105e-05
3.149500000000000000e+03 1.849559999999999957e-05
3.153500000000000000e+03 1.855520000000000151e-05
3.157500000000000000e+03 1.865429999999999858e-05
3.161500000000000000e+03 1.873679999999999991e-05
3.165500000000000000e+03 1.875740000000000103e-05
3.169500000000000000e+03 1.886779999999999916e-05
3.173500000000000000e+03 1.916690000000000109e-05
3.177500000000000000e+03 1.957679999999999864e-05
3.181500000000000000e+03 2.009349999999999998e-05
3.185500000000000000e+03 2.064720000000000113e-05
3.189500000000000000e+03 2.129219999999999919e-05
3.193500000000000000e+03 2.205679999999999861e-05
3.197500000000000000e+03 2.286610000000000118e-05
3.201500000000000000e+03 2.360349999999999856e-05
3.205500000000000000e+03 2.414050000000000036e-05
3.209500000000000000e+03 2.456449999999999834e-05
3.213500000000000000e+03 2.481610000000000115e-05
3.217500000000000000e+03 2.492209999999999979e-05
3.221500000000000000e+03 2.499640000000000008e-05
3.225500000000000000e+03 2.492690000000000015e-05
3.229500000000000000e+03 2.472419999999999954e-05
3.233500000000000000e+03 2.431609999999999916e-05
3.237500000000000000e+03 2.354969999999999918e-05
3.241500000000000000e+03 2.284519999999999940e-05
3.245500000000000000e+03 2.236019999999999981e-05
3.249500000000000000e+03 2.199300000000000102e-05
3.253500000000000000e+03 2.178339999999999883e-05
3.257500000000000000e+03 2.165460000000000101e-05
3.261500000000000000e+03 2.149009999999999945e-05
3.265500000000000000e+03 2.035449999999999968e-05
3.269500000000000000e+03 1.479329999999999946e-05
3.273500000000000000e+03 9.911669999999999921e-06
3.277500000000000000e+03 9.502110000000000745e-06
3.281500000000000000e+03 9.491239999999999272e-06
3.285500000000000000e+03 9.480369999999999493e-06
3.289500000000000000e+03 9.469499999999999714e-06
3.293500000000000000e+03 9.458649999999999640e-06
3.297500000000000000e+03 9.447819999999999271e-06
3.301500000000000000e+03 9.436979999999999897e-06
3.305500000000000000e+03 9.426110000000000117e-06
3.309500000000000000e+03 9.415220000000000633e-06
3.313500000000000000e+03 9.404329999999999455e-06
3.317500000000000000e+03 9.393339999999999752e-06
3.321500000000000000e+03 9.381879999999999357e-06
3.325500000000000000e+03 9.369840000000000739e-06
3.329500000000000000e+03 9.396819999999999251e-06
3.333500000000000000e+03 9.483190000000000255e-06
3.337500000000000000e+03 9.698310000000000662e-06
3.341500000000000000e+03 9.991839999999999189e-06
3.345500000000000000e+03 1.031779999999999971e-05
3.349500000000000000e+03 1.070430000000000016e-05
3.353500000000000000e+03 1.109310000000000057e-05
3.357500000000000000e+03 1.148080000000000026e-05
3.361500000000000000e+03 1.186710000000000027e-05
3.365500000000000000e+03 1.225280000000000066e-05
3.369500000000000000e+03 1.262490000000000003e-05
3.373500000000000000e+03 1.296440000000000076e-05
3.377500000000000000e+03 1.325109999999999922e-05
3.381500000000000000e+03 1.343969999999999941e-05
3.385500000000000000e+03 1.357479999999999919e-05
3.389500000000000000e+03 1.356039999999999980e-05
3.393500000000000000e+03 1.345849999999999998e-05
3.397500000000000000e+03 1.326969999999999935e-05
3.401500000000000000e+03 1.303860000000000083e-05
3.405500000000000000e+03 1.285959999999999966e-05
3.409500000000000000e+03 1.280830000000000068e-05
3.413500000000000000e+03 1.279030000000000017e-05
3.417500000000000000e+03 1.277229999999999967e-05
3.421500000000000000e+03 1.275439999999999938e-05
3.425500000000000000e+03 1.273640000000000057e-05
3.429500000000000000e+03 1.271850000000000029e-05
3.433500000000000000e+03 1.270039999999999956e-05
3.437500000000000000e+03 1.268220000000000031e-05
3.441500000000000000e+03 1.266360000000000018e-05
3.445500000000000000e+03 1.264500000000000006e-05
3.449500000000000000e+03 1.262639999999999993e-05
3.453500000000000000e+03 1.260790000000000002e-05
3.457500000000000000e+03 1.258929999999999990e-05
3.461500000000000000e+03 1.257069999999999977e-05
3.465500000000000000e+03 1.255209999999999964e-05
3.469500000000000000e+03 1.253550000000000051e-05
3.473500000000000000e+03 1.257630000000000019e-05
3.477500000000000000e+03 1.266530000000000052e-05
3.481500000000000000e+03 1.286479999999999921e-05
3.485500000000000000e+03 1.302789999999999939e-05
3.489500000000000000e+03 1.311550000000000004e-05
3.493500000000000000e+03 1.314169999999999989e-05
3.497500000000000000e+03 1.318830000000000043e-05
3.501500000000000000e+03 1.327800000000000060e-05
3.505500000000000000e+03 1.332100000000000002e-05
3.509500000000000000e+03 1.329810000000000063e-05
3.513500000000000000e+03 1.322359999999999991e-05
3.517500000000000000e+03 1.320390000000000075e-05
3.521500000000000000e+03 1.332779999999999969e-05
3.525500000000000000e+03 1.353690000000000078e-05
3.529500000000000000e+03 1.377349999999999950e-05
3.533500000000000000e+03 1.405120000000000025e-05
3.537500000000000000e+03 1.430729999999999937e-05
3.541500000000000000e+03 1.451700000000000009e-05
3.545500000000000000e+03 1.472909999999999930e-05
3.549500000000000000e+03 1.496579999999999993e-05
3.553500000000000000e+03 1.523679999999999954e-05
3.557500000000000000e+03 1.545949999999999996e-05
3.561500000000000000e+03 1.559400000000000011e-05
3.565500000000000000e+03 1.566469999999999928e-05
3.569500000000000000e+03 1.574450000000000147e-05
3.573500000000000000e+03 1.583970000000000015e-05
3.577500000000000000e+03 1.590899999999999964e-05
3.581500000000000000e+03 1.593929999999999832e-05
3.585500000000000000e+03 1.600169999999999962e-05
3.589500000000000000e+03 1.612809999999999895e-05
3.593500000000000000e+03 1.642469999999999878e-05
3.597500000000000000e+03 1.674050000000000006e-05
3.601500000000000000e+03 1.702439999999999916e-05
3.605500000000000000e+03 1.723250000000000145e-05
3.609500000000000000e+03 1.741630000000000128e-05
3.613500000000000000e+03 1.755759999999999941e-05
3.617500000000000000e+03 1.776830000000000062e-05
3.621500000000000000e+03 1.805740000000000096e-05
3.625500000000000000e+03 1.849869999999999959e-05
3.629500000000000000e+03 1.892659999999999934e-05
3.633500000000000000e+03 1.929439999999999945e-05
3.637500000000000000e+03 1.953389999999999944e-05
3.641500000000000000e+03 1.970300000000000092e-05
3.645500000000000000e+03 1.969680000000000088e-05
3.649500000000000000e+03 1.968659999999999884e-05
3.653500000000000000e+03 1.970790000000000150e-05
3.657500000000000000e+03 1.975120000000000158e-05
3.661500000000000000e+03 1.979009999999999878e-05
3.665500000000000000e+03 1.983029999999999884e-05
3.669500000000000000e+03 1.990759999999999893e-05
3.673500000000000000e+03 2.003609999999999948e-05
3.677500000000000000e+03 2.025259999999999986e-05
3.681500000000000000e+03 2.048920000000000027e-05
3.685500000000000000e+03 2.078059999999999887e-05
3.689500000000000000e+03 2.108959999999999879e-05
3.693500000000000000e+03 2.139950000000000069e-05
3.697500000000000000e+03 2.166710000000000131e-05
3.701500000000000000e+03 2.189639999999999927e-05
3.705500000000000000e+03 2.203170000000000117e-05
3.709500000000000000e+03 2.217960000000000022e-05
3.713500000000000000e+03 2.237320000000000121e-05
3.717500000000000000e+03 2.265369999999999962e-05
3.721500000000000000e+03 2.292049999999999849e-05
3.725500000000000000e+03 2.314199999999999967e-05
3.729500000000000000e+03 2.333900000000000135e-05
3.733500000000000000e+03 2.353970000000000097e-05
3.737500000000000000e+03 2.377890000000000030e-05
3.741500000000000000e+03 2.406899999999999944e-05
3.745500000000000000e+03 2.443359999999999930e-05
3.749500000000000000e+03 2.480940000000000001e-05
3.753500000000000000e+03 2.514439999999999934e-05
3.757500000000000000e+03 2.534900000000000074e-05
3.761500000000000000e+03 2.552500000000000041e-05
3.765500000000000000e+03 2.569990000000000105e-05
3.769500000000000000e+03 2.592149999999999907e-05
3.773500000000000000e+03 2.617690000000000004e-05
3.777500000000000000e+03 2.652980000000000136e-05
3.781500000000000000e+03 2.688680000000000150e-05
3.785500000000000000e+03 2.721639999999999915e-05
3.789500000000000000e+03 2.747139999999999925e-05
3.793500000000000000e+03 2.770619999999999911e-05
3.797500000000000000e+03 2.790020000000000098e-05
3.801500000000000000e+03 2.812629999999999869e-05
3.805500000000000000e+03 2.839480000000000129e-05
3.809500000000000000e+03 2.874710000000000129e-05
3.813500000000000000e+03 2.908800000000000001e-05
3.817500000000000000e+03 2.939179999999999869e-05
3.821500000000000000e+03 2.972020000000000049e-05
3.825500000000000000e+03 3.008409999999999882e-05
3.829500000000000000e+03 3.056740000000000146e-05
3.833500000000000000e+03 3.108700000000000238e-05
3.837500000000000000e+03 3.164089999999999720e-05
3.841500000000000000e+03 3.222680000000000119e-05
3.845500000000000000e+03 3.281180000000000321e-05
3.849500000000000000e+03 3.338099999999999770e-05
3.853500000000000000e+03 3.392360000000000162e-05
3.857500000000000000e+03 3.443159999999999743e-05
3.861500000000000000e+03 3.484430000000000112e-05
3.865500000000000000e+03 3.522440000000000109e-05
3.869500000000000000e+03 3.513279999999999675e-05
3.873500000000000000e+03 3.388239999999999937e-05
3.877500000000000000e+03 3.159970000000000172e-05
3.881500000000000000e+03 2.848110000000000078e-05
3.885500000000000000e+03 2.609670000000000037e-05
3.889500000000000000e+03 2.618299999999999987e-05
3.893500000000000000e+03 2.710859999999999995e-05
3.897500000000000000e+03 2.777770000000000003e-05
3.901500000000000000e+03 2.832670000000000104e-05
3.905500000000000000e+03 2.932229999999999876e-05
3.909500000000000000e+03 3.146100000000000253e-05
3.913500000000000000e+03 3.429669999999999979e-05
3.917500000000000000e+03 3.705360000000000045e-05
3.921500000000000000e+03 3.920810000000000159e-05
3.925500000000000000e+03 4.085500000000000102e-05
3.929500000000000000e+03 4.169669999999999670e-05
3.933500000000000000e+03 4.166750000000000044e-05
3.937500000000000000e+03 4.160129999999999758e-05
3.941500000000000000e+03 3.962910000000000315e-05
3.945500000000000000e+03 3.416869999999999695e-05
3.949500000000000000e+03 2.461719999999999870e-05
3.953500000000000000e+03 1.264420000000000000e-05
3.957500000000000000e+03 2.568029999999999789e-06
