2.030850000000000000e+04 0.000000000000000000e+00
2.035450000000000000e+04 1.135729999999999966e-06
2.040050000000000000e+04 1.113090000000000044e-05
2.044650000000000000e+04 2.761079999999999999e-05
2.049250000000000000e+04 5.672949999999999954e-05
2.053850000000000000e+04 8.594909999999999334e-05
2.058450000000000000e+04 1.011930000000000051e-04
2.063050000000000000e+04 1.060779999999999964e-04
2.067650000000000000e+04 9.612650000000000198e-05
2.072250000000000000e+04 8.548089999999999671e-05
2.076850000000000000e+04 7.925890000000000105e-05
2.081450000000000000e+04 7.632029999999999500e-05
2.086050000000000000e+04 7.714619999999999670e-05
2.090650000000000000e+04 7.831820000000000513e-05
2.095250000000000000e+04 7.971239999999999934e-05
2.099850000000000000e+04 8.220790000000000280e-05
2.104450000000000000e+04 8.486650000000000476e-05
2.109050000000000000e+04 1.007949999999999997e-04
2.113650000000000000e+04 1.277340000000000073e-04
2.118250000000000000e+04 1.547560000000000071e-04
2.122850000000000000e+04 1.847650000000000106e-04
2.127450000000000000e+04 2.530470000000000050e-04
2.132050000000000000e+04 3.843960000000000107e-04
2.136650000000000000e+04 7.851250000000000156e-04
2.141250000000000000e+04 1.576340000000000076e-03
2.145850000000000000e+04 3.587529999999999799e-03
2.150450000000000000e+04 6.673329999999999887e-03
2.155050000000000000e+04 1.191620000000000006e-02
2.159650000000000000e+04 1.843229999999999869e-02
2.164250000000000000e+04 2.651519999999999919e-02
2.168850000000000000e+04 3.508649999999999963e-02
2.173450000000000000e+04 4.392490000000000283e-02
2.178050000000000000e+04 5.175219999999999820e-02
2.182650000000000000e+04 5.822719999999999979e-02
2.187250000000000000e+04 6.329410000000000591e-02
2.191850000000000000e+04 6.685979999999999701e-02
2.196450000000000000e+04 7.019559999999999689e-02
2.201050000000000000e+04 7.349120000000000652e-02
2.205650000000000000e+04 7.617559999999999609e-02
2.210250000000000000e+04 7.841259999999999897e-02
2.214850000000000000e+04 7.988649999999999918e-02
2.219450000000000000e+04 8.084489999999999732e-02
2.224050000000000000e+04 8.147119999999999362e-02
2.228650000000000000e+04 8.206389999999999518e-02
2.233250000000000000e+04 8.248110000000000164e-02
2.237850000000000000e+04 8.348339999999999927e-02
2.242450000000000000e+04 8.454209999999999503e-02
2.247050000000000000e+04 8.610610000000000486e-02
2.251650000000000000e+04 8.758009999999999406e-02
2.256250000000000000e+04 8.954879999999999785e-02
2.260850000000000000e+04 9.190810000000000646e-02
2.265450000000000000e+04 9.467180000000000040e-02
2.270050000000000000e+04 9.846549999999999747e-02
2.274650000000000000e+04 1.015709999999999946e-01
2.279250000000000000e+04 1.045330000000000009e-01
2.283850000000000000e+04 1.083299999999999957e-01
2.288450000000000000e+04 1.122159999999999963e-01
2.293050000000000000e+04 1.173310000000000047e-01
2.297650000000000000e+04 1.230119999999999963e-01
2.302250000000000000e+04 1.284460000000000046e-01
2.306850000000000000e+04 1.337470000000000048e-01
2.311450000000000000e+04 1.384690000000000087e-01
2.316050000000000000e+04 1.429499999999999937e-01
2.320650000000000000e+04 1.470770000000000133e-01
2.325250000000000000e+04 1.510549999999999948e-01
2.329850000000000000e+04 1.550140000000000129e-01
2.334450000000000000e+04 1.604389999999999983e-01
2.339050000000000000e+04 1.683520000000000016e-01
2.343650000000000000e+04 1.805360000000000020e-01
2.348250000000000000e+04 1.971940000000000082e-01
2.352850000000000000e+04 2.198309999999999986e-01
2.357450000000000000e+04 2.478269999999999917e-01
2.362050000000000000e+04 2.792560000000000042e-01
2.366650000000000000e+04 3.152420000000000222e-01
2.371250000000000000e+04 3.484630000000000227e-01
2.375850000000000000e+04 3.806390000000000051e-01
2.380450000000000000e+04 4.052229999999999999e-01
2.385050000000000000e+04 4.224399999999999822e-01
2.389650000000000000e+04 4.332280000000000020e-01
2.394250000000000000e+04 4.373009999999999953e-01
2.398850000000000000e+04 4.400459999999999927e-01
2.403450000000000000e+04 4.410890000000000088e-01
2.408050000000000000e+04 4.443099999999999827e-01
2.412650000000000000e+04 4.484250000000000180e-01
2.417250000000000000e+04 4.544480000000000186e-01
2.421850000000000000e+04 4.599639999999999840e-01
2.426450000000000000e+04 4.652999999999999914e-01
2.431050000000000000e+04 4.699820000000000109e-01
2.435650000000000000e+04 4.743569999999999731e-01
2.440250000000000000e+04 4.809749999999999859e-01
2.444850000000000000e+04 4.897460000000000147e-01
2.449450000000000000e+04 5.017549999999999510e-01
2.454050000000000000e+04 5.169040000000000301e-01
2.458650000000000000e+04 5.335440000000000182e-01
2.463250000000000000e+04 5.513789999999999525e-01
2.467850000000000000e+04 5.699980000000000047e-01
2.472450000000000000e+04 5.884120000000000461e-01
2.477050000000000000e+04 6.066529999999999978e-01
2.481650000000000000e+04 6.235309999999999464e-01
2.486250000000000000e+04 6.380040000000000155e-01
2.490850000000000000e+04 6.492580000000000018e-01
2.495450000000000000e+04 6.590920000000000112e-01
2.500050000000000000e+04 6.679690000000000349e-01
2.504650000000000000e+04 6.767670000000000075e-01
2.509250000000000000e+04 6.862690000000000179e-01
2.513850000000000000e+04 6.951040000000000552e-01
2.518450000000000000e+04 7.028699999999999948e-01
2.523050000000000000e+04 7.122330000000000050e-01
2.527650000000000000e+04 7.223899999999999766e-01
2.532250000000000000e+04 7.381689999999999641e-01
2.536850000000000000e+04 7.569789999999999575e-01
2.541450000000000000e+04 7.787920000000000398e-01
2.546050000000000000e+04 8.010000000000000453e-01
2.550650000000000000e+04 8.201810000000000489e-01
2.555250000000000000e+04 8.377409999999999579e-01
2.559850000000000000e+04 8.516420000000000101e-01
2.564450000000000000e+04 8.637470000000000425e-01
2.569050000000000000e+04 8.726559999999999873e-01
2.573650000000000000e+04 8.793659999999999810e-01
2.578250000000000000e+04 8.824480000000000102e-01
2.582850000000000000e+04 8.841719999999999580e-01
2.587450000000000000e+04 8.861470000000000180e-01
2.592050000000000000e+04 8.889010000000000522e-01
2.596650000000000000e+04 8.950919999999999987e-01
2.601250000000000000e+04 9.026539999999999564e-01
2.605850000000000000e+04 9.117809999999999526e-01
2.610450000000000000e+04 9.205889999999999906e-01
2.615050000000000000e+04 9.279530000000000278e-01
2.619650000000000000e+04 9.349560000000000093e-01
2.624250000000000000e+04 9.402230000000000310e-01
2.628850000000000000e+04 9.453030000000000044e-01
2.633450000000000000e+04 9.495339999999999892e-01
2.638050000000000000e+04 9.527360000000000273e-01
2.642650000000000000e+04 9.558050000000000157e-01
2.647250000000000000e+04 9.584190000000000209e-01
2.651850000000000000e+04 9.617999999999999883e-01
2.656450000000000000e+04 9.664270000000000360e-01
2.661050000000000000e+04 9.717649999999999899e-01
2.665650000000000000e+04 9.774140000000000050e-01
2.670250000000000000e+04 9.818580000000000085e-01
2.674850000000000000e+04 9.845829999999999860e-01
2.679450000000000000e+04 9.852239999999999887e-01
2.684050000000000000e+04 9.838519999999999488e-01
2.688650000000000000e+04 9.814150000000000373e-01
2.693250000000000000e+04 9.778810000000000002e-01
2.697850000000000000e+04 9.742509999999999781e-01
2.702450000000000000e+04 9.711980000000000057e-01
2.707050000000000000e+04 9.690269999999999717e-01
2.711650000000000000e+04 9.678290000000000504e-01
2.716250000000000000e+04 9.676190000000000069e-01
2.720850000000000000e+04 9.682370000000000143e-01
2.725450000000000000e+04 9.692509999999999737e-01
2.730050000000000000e+04 9.704369999999999941e-01
2.734650000000000000e+04 9.721060000000000256e-01
2.739250000000000000e+04 9.733690000000000397e-01
2.743850000000000000e+04 9.749409999999999465e-01
2.748450000000000000e+04 9.771959999999999535e-01
2.753050000000000000e+04 9.790619999999999878e-01
2.757650000000000000e+04 9.815260000000000096e-01
2.762250000000000000e+04 9.836989999999999901e-01
2.766850000000000000e+04 9.862729999999999553e-01
2.771450000000000000e+04 9.890670000000000295e-01
2.776050000000000000e+04 9.918409999999999727e-01
2.780650000000000000e+04 9.948470000000000368e-01
2.785250000000000000e+04 9.972959999999999603e-01
2.789850000000000000e+04 9.991790000000000393e-01
2.794450000000000000e+04 1.000000000000000000e+00
2.799050000000000000e+04 9.999270000000000103e-01
2.803650000000000000e+04 9.995410000000000128e-01
2.808250000000000000e+04 9.983140000000000347e-01
2.812850000000000000e+04 9.970310000000000006e-01
2.817450000000000000e+04 9.955359999999999765e-01
2.822050000000000000e+04 9.941109999999999669e-01
2.826650000000000000e+04 9.935779999999999612e-01
2.831250000000000000e+04 9.933159999999999767e-01
2.835850000000000000e+04 9.937789999999999679e-01
2.840450000000000000e+04 9.943030000000000479e-01
2.845050000000000000e+04 9.942769999999999664e-01
2.849650000000000000e+04 9.938040000000000207e-01
2.854250000000000000e+04 9.928759999999999808e-01
2.858850000000000000e+04 9.920259999999999634e-01
2.863450000000000000e+04 9.917780000000000484e-01
2.868050000000000000e+04 9.914589999999999792e-01
2.872650000000000000e+04 9.908080000000000220e-01
2.877250000000000000e+04 9.895909999999999984e-01
2.881850000000000000e+04 9.874230000000000507e-01
2.886450000000000000e+04 9.850449999999999484e-01
2.891050000000000000e+04 9.833439999999999959e-01
2.895650000000000000e+04 9.829529999999999657e-01
2.900250000000000000e+04 9.837869999999999671e-01
2.904850000000000000e+04 9.846799999999999997e-01
2.909450000000000000e+04 9.849999999999999867e-01
2.914050000000000000e+04 9.840050000000000185e-01
2.918650000000000000e+04 9.811659999999999826e-01
2.923250000000000000e+04 9.768210000000000504e-01
2.927850000000000000e+04 9.716160000000000352e-01
2.932450000000000000e+04 9.655880000000000019e-01
2.937050000000000000e+04 9.592370000000000063e-01
2.941650000000000000e+04 9.517820000000000169e-01
2.946250000000000000e+04 9.425810000000000022e-01
2.950850000000000000e+04 9.300929999999999476e-01
2.955450000000000000e+04 9.149610000000000243e-01
2.960050000000000000e+04 8.974069999999999547e-01
2.964650000000000000e+04 8.783720000000000416e-01
2.969250000000000000e+04 8.514359999999999706e-01
2.973850000000000000e+04 8.224120000000000319e-01
2.978450000000000000e+04 7.913759999999999684e-01
2.983050000000000000e+04 7.590580000000000105e-01
2.987650000000000000e+04 7.371459999999999679e-01
2.992250000000000000e+04 7.168550000000000200e-01
2.996850000000000000e+04 6.998290000000000344e-01
3.001450000000000000e+04 6.872920000000000140e-01
3.006050000000000000e+04 6.785400000000000320e-01
3.010650000000000000e+04 6.700289999999999857e-01
3.015250000000000000e+04 6.623850000000000016e-01
3.019850000000000000e+04 6.544969999999999954e-01
3.024450000000000000e+04 6.451320000000000388e-01
3.029050000000000000e+04 6.331010000000000248e-01
3.033650000000000000e+04 6.167430000000000412e-01
3.038250000000000000e+04 5.995270000000000321e-01
3.042850000000000000e+04 5.823549999999999560e-01
3.047450000000000000e+04 5.674080000000000235e-01
3.052050000000000000e+04 5.568020000000000191e-01
3.056650000000000000e+04 5.470869999999999900e-01
3.061250000000000000e+04 5.382670000000000510e-01
3.065850000000000000e+04 5.304640000000000466e-01
3.070450000000000000e+04 5.239660000000000428e-01
3.075050000000000000e+04 5.185319999999999929e-01
3.079650000000000000e+04 5.139599999999999724e-01
3.084250000000000000e+04 5.108260000000000023e-01
3.088850000000000000e+04 5.092520000000000380e-01
3.093450000000000000e+04 5.084720000000000351e-01
3.098050000000000000e+04 5.087080000000000490e-01
3.102650000000000000e+04 5.084239999999999871e-01
3.107250000000000000e+04 5.072370000000000489e-01
3.111850000000000000e+04 5.046209999999999862e-01
3.116450000000000000e+04 4.999330000000000163e-01
3.121050000000000000e+04 4.943049999999999944e-01
3.125650000000000000e+04 4.877429999999999821e-01
3.130250000000000000e+04 4.810690000000000244e-01
3.134850000000000000e+04 4.743780000000000219e-01
3.139450000000000000e+04 4.681850000000000178e-01
3.144050000000000000e+04 4.611660000000000204e-01
3.148650000000000000e+04 4.538309999999999844e-01
3.153250000000000000e+04 4.451550000000000229e-01
3.157850000000000000e+04 4.357059999999999822e-01
3.162450000000000000e+04 4.264310000000000045e-01
3.167050000000000000e+04 4.157469999999999777e-01
3.171650000000000000e+04 4.033539999999999903e-01
3.176250000000000000e+04 3.870169999999999999e-01
3.180850000000000000e+04 3.641150000000000220e-01
3.185450000000000000e+04 3.381879999999999886e-01
3.190050000000000000e+04 3.105269999999999975e-01
3.194650000000000000e+04 2.838939999999999797e-01
3.199250000000000000e+04 2.631269999999999998e-01
3.203850000000000000e+04 2.458829999999999905e-01
3.208450000000000000e+04 2.321110000000000118e-01
3.213050000000000000e+04 2.215660000000000129e-01
3.217650000000000000e+04 2.126300000000000134e-01
3.222250000000000000e+04 2.045190000000000063e-01
3.226850000000000000e+04 1.964750000000000107e-01
3.231450000000000000e+04 1.887250000000000039e-01
3.236050000000000000e+04 1.820279999999999954e-01
3.240650000000000000e+04 1.761939999999999895e-01
3.245250000000000000e+04 1.713339999999999863e-01
3.249850000000000000e+04 1.664299999999999946e-01
3.254450000000000000e+04 1.609939999999999982e-01
3.259050000000000000e+04 1.536019999999999885e-01
3.263650000000000000e+04 1.449650000000000105e-01
3.268250000000000000e+04 1.344660000000000022e-01
3.272850000000000000e+04 1.234709999999999974e-01
3.277450000000000000e+04 1.124349999999999933e-01
3.282050000000000000e+04 1.014550000000000035e-01
3.286650000000000000e+04 9.040670000000000650e-02
3.291250000000000000e+04 7.881219999999999892e-02
3.295850000000000000e+04 6.633029999999999482e-02
3.300450000000000000e+04 5.340170000000000333e-02
3.305050000000000000e+04 4.101300000000000084e-02
3.309650000000000000e+04 3.031690000000000079e-02
3.314250000000000000e+04 2.135859999999999842e-02
3.318850000000000000e+04 1.543880000000000079e-02
3.323450000000000000e+04 1.076490000000000086e-02
3.328050000000000000e+04 8.122759999999999703e-03
3.332650000000000000e+04 6.011680000000000149e-03
3.337250000000000000e+04 4.618099999999999983e-03
3.341850000000000000e+04 3.503730000000000039e-03
3.346450000000000000e+04 2.668859999999999896e-03
3.351050000000000000e+04 2.030160000000000037e-03
3.355650000000000000e+04 1.579639999999999994e-03
3.360250000000000000e+04 1.252340000000000007e-03
3.364850000000000000e+04 1.035209999999999950e-03
3.369450000000000000e+04 8.649419999999999461e-04
3.374050000000000000e+04 7.241320000000000525e-04
3.378650000000000000e+04 6.008300000000000056e-04
3.383250000000000000e+04 4.930029999999999959e-04
3.387850000000000000e+04 3.861399999999999859e-04
3.392450000000000000e+04 3.109969999999999770e-04
3.397050000000000000e+04 2.673400000000000255e-04
3.401650000000000000e+04 2.028839999999999908e-04
3.406250000000000000e+04 1.514759999999999978e-04
3.410850000000000000e+04 1.364270000000000001e-04
3.415450000000000000e+04 1.357850000000000018e-04
3.420050000000000000e+04 1.342240000000000078e-04
3.424650000000000000e+04 1.170969999999999937e-04
3.429250000000000000e+04 8.985009999999999547e-05
3.433850000000000000e+04 7.300849999999999734e-05
3.438450000000000000e+04 6.274669999999999337e-05
3.443050000000000000e+04 5.592630000000000019e-05
3.447650000000000000e+04 5.127459999999999863e-05
3.452250000000000000e+04 5.270579999999999943e-05
3.456850000000000000e+04 5.739259999999999663e-05
3.461450000000000000e+04 5.255610000000000322e-05
3.466050000000000000e+04 4.274439999999999685e-05
3.470650000000000000e+04 4.053380000000000145e-05
3.475250000000000000e+04 4.229810000000000080e-05
3.479850000000000000e+04 4.552669999999999899e-05
3.484450000000000000e+04 4.942160000000000129e-05
3.489050000000000000e+04 5.159829999999999690e-05
3.493650000000000000e+04 5.268969999999999801e-05
3.498250000000000000e+04 4.626030000000000159e-05
3.502850000000000000e+04 3.666559999999999671e-05
3.507450000000000000e+04 3.218789999999999721e-05
3.512050000000000000e+04 2.996399999999999975e-05
3.516650000000000000e+04 2.911199999999999842e-05
3.521250000000000000e+04 2.911849999999999912e-05
3.525850000000000000e+04 3.505679999999999951e-05
3.530450000000000000e+04 4.210930000000000017e-05
3.535050000000000000e+04 2.745350000000000066e-05
3.539650000000000000e+04 5.694570000000000096e-06
