2.027000000000000000e+03 0.000000000000000000e+00
2.032000000000000000e+03 1.985329999999999951e-07
2.037000000000000000e+03 3.188909999999999933e-06
2.042000000000000000e+03 7.781199999999999293e-06
2.047000000000000000e+03 1.157999999999999924e-05
2.052000000000000000e+03 1.424690000000000076e-05
2.057000000000000000e+03 1.777559999999999969e-05
2.062000000000000000e+03 2.063940000000000097e-05
2.067000000000000000e+03 2.238410000000000139e-05
2.072000000000000000e+03 2.317429999999999935e-05
2.077000000000000000e+03 2.400579999999999977e-05
2.082000000000000000e+03 2.488670000000000010e-05
2.087000000000000000e+03 2.575390000000000087e-05
2.092000000000000000e+03 2.643510000000000038e-05
2.097000000000000000e+03 2.696319999999999961e-05
2.102000000000000000e+03 2.729999999999999951e-05
2.107000000000000000e+03 2.736459999999999885e-05
2.112000000000000000e+03 2.727819999999999914e-05
2.117000000000000000e+03 2.694350000000000046e-05
2.122000000000000000e+03 2.654749999999999951e-05
2.127000000000000000e+03 2.605939999999999990e-05
2.132000000000000000e+03 2.558019999999999947e-05
2.137000000000000000e+03 2.530179999999999888e-05
2.142000000000000000e+03 2.516510000000000068e-05
2.147000000000000000e+03 2.528789999999999890e-05
2.152000000000000000e+03 2.569800000000000027e-05
2.157000000000000000e+03 2.628039999999999998e-05
2.162000000000000000e+03 2.711360000000000075e-05
2.167000000000000000e+03 2.796149999999999986e-05
2.172000000000000000e+03 2.869939999999999834e-05
2.177000000000000000e+03 2.935529999999999997e-05
2.182000000000000000e+03 2.954989999999999977e-05
2.187000000000000000e+03 2.951770000000000031e-05
2.192000000000000000e+03 2.890140000000000081e-05
2.197000000000000000e+03 2.784780000000000127e-05
2.202000000000000000e+03 2.645899999999999858e-05
2.207000000000000000e+03 2.463500000000000046e-05
2.212000000000000000e+03 2.270870000000000164e-05
2.217000000000000000e+03 2.061430000000000014e-05
2.222000000000000000e+03 1.854949999999999918e-05
2.227000000000000000e+03 1.674120000000000160e-05
2.232000000000000000e+03 1.505429999999999917e-05
2.237000000000000000e+03 1.382880000000000048e-05
2.242000000000000000e+03 1.289390000000000033e-05
2.247000000000000000e+03 1.236300000000000005e-05
2.252000000000000000e+03 1.228939999999999960e-05
2.257000000000000000e+03 1.243009999999999979e-05
2.262000000000000000e+03 1.303349999999999981e-05
2.267000000000000000e+03 1.371660000000000010e-05
2.272000000000000000e+03 1.462809999999999976e-05
2.277000000000000000e+03 1.556849999999999841e-05
2.282000000000000000e+03 1.645149999999999995e-05
2.287000000000000000e+03 1.728119999999999982e-05
2.292000000000000000e+03 1.781099999999999939e-05
2.297000000000000000e+03 1.806459999999999980e-05
2.302000000000000000e+03 1.804129999999999954e-05
2.307000000000000000e+03 1.751889999999999925e-05
2.312000000000000000e+03 1.688000000000000101e-05
2.317000000000000000e+03 1.585680000000000038e-05
2.322000000000000000e+03 1.476559999999999971e-05
2.327000000000000000e+03 1.354409999999999963e-05
2.332000000000000000e+03 1.229760000000000064e-05
2.337000000000000000e+03 1.114540000000000005e-05
2.342000000000000000e+03 1.006809999999999937e-05
2.347000000000000000e+03 9.145219999999999830e-06
2.352000000000000000e+03 8.434520000000000011e-06
2.357000000000000000e+03 7.777499999999999651e-06
2.362000000000000000e+03 7.301249999999999764e-06
2.367000000000000000e+03 6.867849999999999813e-06
2.372000000000000000e+03 6.573789999999999786e-06
2.377000000000000000e+03 6.316429999999999763e-06
2.382000000000000000e+03 6.110059999999999908e-06
2.387000000000000000e+03 5.932220000000000269e-06
2.392000000000000000e+03 5.755009999999999809e-06
2.397000000000000000e+03 5.590710000000000383e-06
2.402000000000000000e+03 5.439380000000000258e-06
2.407000000000000000e+03 5.306310000000000192e-06
2.412000000000000000e+03 5.166230000000000171e-06
2.417000000000000000e+03 5.005350000000000282e-06
2.422000000000000000e+03 4.845719999999999745e-06
2.427000000000000000e+03 4.704450000000000333e-06
2.432000000000000000e+03 4.565410000000000221e-06
2.437000000000000000e+03 4.407170000000000361e-06
2.442000000000000000e+03 4.239180000000000297e-06
2.447000000000000000e+03 4.091269999999999709e-06
2.452000000000000000e+03 3.963519999999999958e-06
2.457000000000000000e+03 3.851539999999999719e-06
2.462000000000000000e+03 3.775610000000000177e-06
2.467000000000000000e+03 3.707419999999999988e-06
2.472000000000000000e+03 3.674100000000000110e-06
2.477000000000000000e+03 3.655989999999999957e-06
2.482000000000000000e+03 3.642099999999999824e-06
2.487000000000000000e+03 3.636549999999999936e-06
2.492000000000000000e+03 3.591059999999999970e-06
2.497000000000000000e+03 3.529719999999999978e-06
2.502000000000000000e+03 4.207470000000000392e-06
2.507000000000000000e+03 5.387740000000000359e-06
2.512000000000000000e+03 6.092219999999999584e-06
2.517000000000000000e+03 5.974560000000000104e-06
2.522000000000000000e+03 5.825850000000000303e-06
2.527000000000000000e+03 5.686429999999999866e-06
2.532000000000000000e+03 5.571090000000000052e-06
2.537000000000000000e+03 5.533010000000000071e-06
2.542000000000000000e+03 5.528269999999999673e-06
2.547000000000000000e+03 5.812240000000000276e-06
2.552000000000000000e+03 7.145539999999999860e-06
2.557000000000000000e+03 8.247910000000000116e-06
2.562000000000000000e+03 8.328319999999999232e-06
2.567000000000000000e+03 8.626340000000000150e-06
2.572000000000000000e+03 1.003770000000000047e-05
2.577000000000000000e+03 1.126729999999999968e-05
2.582000000000000000e+03 1.141360000000000029e-05
2.587000000000000000e+03 1.148649999999999921e-05
2.592000000000000000e+03 1.158840000000000072e-05
2.597000000000000000e+03 1.166790000000000055e-05
2.602000000000000000e+03 1.170960000000000051e-05
2.607000000000000000e+03 1.170800000000000039e-05
2.612000000000000000e+03 1.179610000000000044e-05
2.617000000000000000e+03 1.177050000000000021e-05
2.622000000000000000e+03 1.162419999999999960e-05
2.627000000000000000e+03 1.154689999999999951e-05
2.632000000000000000e+03 1.157409999999999986e-05
2.637000000000000000e+03 1.160089999999999933e-05
2.642000000000000000e+03 1.161249999999999936e-05
2.647000000000000000e+03 1.162750000000000006e-05
2.652000000000000000e+03 1.168589999999999936e-05
2.657000000000000000e+03 1.171500000000000049e-05
2.662000000000000000e+03 1.168950000000000048e-05
2.667000000000000000e+03 1.167390000000000016e-05
2.672000000000000000e+03 1.168439999999999946e-05
2.677000000000000000e+03 1.169819999999999923e-05
2.682000000000000000e+03 1.171859999999999992e-05
2.687000000000000000e+03 1.182320000000000057e-05
2.692000000000000000e+03 1.200460000000000023e-05
2.697000000000000000e+03 1.228580000000000018e-05
2.702000000000000000e+03 1.258359999999999926e-05
2.707000000000000000e+03 1.287329999999999921e-05
2.712000000000000000e+03 1.319419999999999981e-05
2.717000000000000000e+03 1.348469999999999983e-05
2.722000000000000000e+03 1.380139999999999969e-05
2.727000000000000000e+03 1.408620000000000076e-05
2.732000000000000000e+03 1.429579999999999957e-05
2.737000000000000000e+03 1.442280000000000021e-05
2.742000000000000000e+03 1.449739999999999947e-05
2.747000000000000000e+03 1.457479999999999978e-05
2.752000000000000000e+03 1.466979999999999971e-05
2.757000000000000000e+03 1.475869999999999983e-05
2.762000000000000000e+03 1.483630000000000058e-05
2.767000000000000000e+03 1.499659999999999970e-05
2.772000000000000000e+03 1.516610000000000037e-05
2.777000000000000000e+03 1.537940000000000051e-05
2.782000000000000000e+03 1.563180000000000168e-05
2.787000000000000000e+03 1.598970000000000041e-05
2.792000000000000000e+03 1.641859999999999896e-05
2.797000000000000000e+03 1.682570000000000054e-05
2.802000000000000000e+03 1.719579999999999891e-05
2.807000000000000000e+03 1.752720000000000051e-05
2.812000000000000000e+03 1.796369999999999879e-05
2.817000000000000000e+03 1.836059999999999832e-05
2.822000000000000000e+03 1.879310000000000138e-05
2.827000000000000000e+03 1.923389999999999893e-05
2.832000000000000000e+03 1.963439999999999958e-05
2.837000000000000000e+03 2.005250000000000156e-05
2.842000000000000000e+03 2.050409999999999906e-05
2.847000000000000000e+03 2.117029999999999956e-05
2.852000000000000000e+03 2.195499999999999901e-05
2.857000000000000000e+03 2.279980000000000149e-05
2.862000000000000000e+03 2.375519999999999916e-05
2.867000000000000000e+03 2.478060000000000123e-05
2.872000000000000000e+03 2.580579999999999948e-05
2.877000000000000000e+03 2.691770000000000149e-05
2.882000000000000000e+03 2.812100000000000062e-05
2.887000000000000000e+03 2.941910000000000095e-05
2.892000000000000000e+03 3.092499999999999953e-05
2.897000000000000000e+03 3.260420000000000202e-05
2.902000000000000000e+03 3.436459999999999960e-05
2.907000000000000000e+03 3.623679999999999837e-05
2.912000000000000000e+03 3.831520000000000206e-05
2.917000000000000000e+03 4.079950000000000129e-05
2.922000000000000000e+03 4.351230000000000012e-05
2.927000000000000000e+03 4.654359999999999937e-05
2.932000000000000000e+03 4.987789999999999894e-05
2.937000000000000000e+03 5.374560000000000258e-05
2.942000000000000000e+03 5.821340000000000070e-05
2.947000000000000000e+03 6.325730000000000166e-05
2.952000000000000000e+03 6.904210000000000089e-05
2.957000000000000000e+03 7.552229999999999349e-05
2.962000000000000000e+03 8.291640000000000457e-05
2.967000000000000000e+03 9.117690000000000451e-05
2.972000000000000000e+03 9.973650000000000300e-05
2.977000000000000000e+03 1.093440000000000021e-04
2.982000000000000000e+03 1.215760000000000029e-04
2.987000000000000000e+03 1.358119999999999933e-04
2.992000000000000000e+03 1.527090000000000045e-04
2.997000000000000000e+03 1.716339999999999901e-04
3.002000000000000000e+03 1.948920000000000036e-04
3.007000000000000000e+03 2.233249999999999938e-04
3.012000000000000000e+03 2.832089999999999781e-04
3.017000000000000000e+03 4.222380000000000187e-04
3.022000000000000000e+03 5.837140000000000427e-04
3.027000000000000000e+03 7.631779999999999901e-04
3.032000000000000000e+03 9.631110000000000018e-04
3.037000000000000000e+03 1.254289999999999919e-03
3.042000000000000000e+03 1.616150000000000008e-03
3.047000000000000000e+03 2.043929999999999792e-03
3.052000000000000000e+03 2.545749999999999836e-03
3.057000000000000000e+03 3.093090000000000162e-03
3.062000000000000000e+03 3.704059999999999905e-03
3.067000000000000000e+03 4.350660000000000117e-03
3.072000000000000000e+03 5.037930000000000359e-03
3.077000000000000000e+03 5.762859999999999858e-03
3.082000000000000000e+03 6.558419999999999701e-03
3.087000000000000000e+03 7.416759999999999672e-03
3.092000000000000000e+03 8.315639999999999143e-03
3.097000000000000000e+03 9.264829999999999940e-03
3.102000000000000000e+03 1.027999999999999921e-02
3.107000000000000000e+03 1.141570000000000085e-02
3.112000000000000000e+03 1.262779999999999979e-02
3.117000000000000000e+03 1.396619999999999980e-02
3.122000000000000000e+03 1.539759999999999913e-02
3.127000000000000000e+03 1.691180000000000114e-02
3.132000000000000000e+03 1.854099999999999845e-02
3.137000000000000000e+03 2.024530000000000080e-02
3.142000000000000000e+03 2.209869999999999890e-02
3.147000000000000000e+03 2.402839999999999837e-02
3.152000000000000000e+03 2.607709999999999889e-02
3.157000000000000000e+03 2.821090000000000056e-02
3.162000000000000000e+03 3.036099999999999910e-02
3.167000000000000000e+03 3.260709999999999997e-02
3.172000000000000000e+03 3.482729999999999854e-02
3.177000000000000000e+03 3.712490000000000234e-02
3.182000000000000000e+03 3.940230000000000121e-02
3.187000000000000000e+03 4.166109999999999952e-02
3.192000000000000000e+03 4.388290000000000246e-02
3.197000000000000000e+03 4.603630000000000222e-02
3.202000000000000000e+03 4.813420000000000198e-02
3.207000000000000000e+03 5.017250000000000182e-02
3.212000000000000000e+03 5.214019999999999766e-02
3.217000000000000000e+03 5.411559999999999981e-02
3.222000000000000000e+03 5.601140000000000285e-02
3.227000000000000000e+03 5.792459999999999970e-02
3.232000000000000000e+03 5.976959999999999912e-02
3.237000000000000000e+03 6.160249999999999754e-02
3.242000000000000000e+03 6.344020000000000215e-02
3.247000000000000000e+03 6.516289999999999583e-02
3.252000000000000000e+03 6.690039999999999876e-02
3.257000000000000000e+03 6.835689999999999822e-02
3.262000000000000000e+03 6.980390000000000206e-02
3.267000000000000000e+03 7.087450000000000694e-02
3.272000000000000000e+03 7.183230000000000171e-02
3.277000000000000000e+03 7.280799999999999772e-02
3.282000000000000000e+03 7.381459999999999411e-02
3.287000000000000000e+03 7.477050000000000363e-02
3.292000000000000000e+03 7.564450000000000340e-02
3.297000000000000000e+03 7.634889999999999732e-02
3.302000000000000000e+03 7.676299999999999790e-02
3.307000000000000000e+03 7.709589999999999499e-02
3.312000000000000000e+03 7.736279999999999546e-02
3.317000000000000000e+03 7.769330000000000680e-02
3.322000000000000000e+03 7.803079999999999739e-02
3.327000000000000000e+03 7.858089999999999520e-02
3.332000000000000000e+03 7.945399999999999685e-02
3.337000000000000000e+03 8.078249999999999320e-02
3.342000000000000000e+03 8.263130000000000475e-02
3.347000000000000000e+03 8.537899999999999656e-02
3.352000000000000000e+03 8.946160000000000223e-02
3.357000000000000000e+03 9.560760000000000092e-02
3.362000000000000000e+03 1.043980000000000047e-01
3.367000000000000000e+03 1.177539999999999976e-01
3.372000000000000000e+03 1.369009999999999949e-01
3.377000000000000000e+03 1.641459999999999864e-01
3.382000000000000000e+03 2.006630000000000080e-01
3.387000000000000000e+03 2.472419999999999896e-01
3.392000000000000000e+03 3.036499999999999755e-01
3.397000000000000000e+03 3.680669999999999775e-01
3.402000000000000000e+03 4.381300000000000194e-01
3.407000000000000000e+03 5.106990000000000141e-01
3.412000000000000000e+03 5.831990000000000229e-01
3.417000000000000000e+03 6.549249999999999794e-01
3.422000000000000000e+03 7.211180000000000367e-01
3.427000000000000000e+03 7.824699999999999989e-01
3.432000000000000000e+03 8.351140000000000230e-01
3.437000000000000000e+03 8.794189999999999507e-01
3.442000000000000000e+03 9.152500000000000080e-01
3.447000000000000000e+03 9.404550000000000409e-01
3.452000000000000000e+03 9.592349999999999488e-01
3.457000000000000000e+03 9.708470000000000155e-01
3.462000000000000000e+03 9.771990000000000398e-01
3.467000000000000000e+03 9.798310000000000075e-01
3.472000000000000000e+03 9.822659999999999725e-01
3.477000000000000000e+03 9.851750000000000229e-01
3.482000000000000000e+03 9.883330000000000171e-01
3.487000000000000000e+03 9.916949999999999932e-01
3.492000000000000000e+03 9.942250000000000254e-01
3.497000000000000000e+03 9.974750000000000005e-01
3.502000000000000000e+03 9.995070000000000343e-01
3.507000000000000000e+03 9.999829999999999552e-01
3.512000000000000000e+03 1.000000000000000000e+00
3.517000000000000000e+03 9.969010000000000371e-01
3.522000000000000000e+03 9.901510000000000034e-01
3.527000000000000000e+03 9.804659999999999487e-01
3.532000000000000000e+03 9.660260000000000513e-01
3.537000000000000000e+03 9.465670000000000472e-01
3.542000000000000000e+03 9.201340000000000074e-01
3.547000000000000000e+03 8.865340000000000442e-01
3.552000000000000000e+03 8.449619999999999909e-01
3.557000000000000000e+03 7.929899999999999727e-01
3.562000000000000000e+03 7.343380000000000463e-01
3.567000000000000000e+03 6.693489999999999718e-01
3.572000000000000000e+03 6.003709999999999880e-01
3.577000000000000000e+03 5.305050000000000043e-01
3.582000000000000000e+03 4.606660000000000199e-01
3.587000000000000000e+03 3.947200000000000153e-01
3.592000000000000000e+03 3.326399999999999912e-01
3.597000000000000000e+03 2.772160000000000180e-01
3.602000000000000000e+03 2.284239999999999882e-01
3.607000000000000000e+03 1.891490000000000116e-01
3.612000000000000000e+03 1.565739999999999910e-01
3.617000000000000000e+03 1.321680000000000077e-01
3.622000000000000000e+03 1.142320000000000002e-01
3.627000000000000000e+03 1.008129999999999998e-01
3.632000000000000000e+03 9.126629999999999465e-02
3.637000000000000000e+03 8.413059999999999983e-02
3.642000000000000000e+03 7.915270000000000639e-02
3.647000000000000000e+03 7.532250000000000056e-02
3.652000000000000000e+03 7.242669999999999664e-02
3.657000000000000000e+03 7.000349999999999628e-02
3.662000000000000000e+03 6.795850000000000501e-02
3.667000000000000000e+03 6.627329999999999333e-02
3.672000000000000000e+03 6.488339999999999386e-02
3.677000000000000000e+03 6.375500000000000611e-02
3.682000000000000000e+03 6.282609999999999584e-02
3.687000000000000000e+03 6.196959999999999968e-02
3.692000000000000000e+03 6.106049999999999672e-02
3.697000000000000000e+03 6.008039999999999908e-02
3.702000000000000000e+03 5.907409999999999745e-02
3.707000000000000000e+03 5.847480000000000039e-02
3.712000000000000000e+03 5.798230000000000051e-02
3.717000000000000000e+03 5.742209999999999676e-02
3.722000000000000000e+03 5.692869999999999875e-02
3.727000000000000000e+03 5.634329999999999894e-02
3.732000000000000000e+03 5.575499999999999901e-02
3.737000000000000000e+03 5.529440000000000049e-02
3.742000000000000000e+03 5.489220000000000210e-02
3.747000000000000000e+03 5.457050000000000095e-02
3.752000000000000000e+03 5.429989999999999817e-02
3.757000000000000000e+03 5.403240000000000126e-02
3.762000000000000000e+03 5.380769999999999997e-02
3.767000000000000000e+03 5.362879999999999731e-02
3.772000000000000000e+03 5.343330000000000302e-02
3.777000000000000000e+03 5.319949999999999679e-02
3.782000000000000000e+03 5.289859999999999701e-02
3.787000000000000000e+03 5.255180000000000268e-02
3.792000000000000000e+03 5.213559999999999722e-02
3.797000000000000000e+03 5.171839999999999771e-02
3.802000000000000000e+03 5.110560000000000103e-02
3.807000000000000000e+03 5.021269999999999900e-02
3.812000000000000000e+03 4.905770000000000269e-02
3.817000000000000000e+03 4.760079999999999867e-02
3.822000000000000000e+03 4.600429999999999797e-02
3.827000000000000000e+03 4.425350000000000117e-02
3.832000000000000000e+03 4.234020000000000145e-02
3.837000000000000000e+03 4.016469999999999763e-02
3.842000000000000000e+03 3.782869999999999983e-02
3.847000000000000000e+03 3.535979999999999679e-02
3.852000000000000000e+03 3.279139999999999833e-02
3.857000000000000000e+03 3.023299999999999946e-02
3.862000000000000000e+03 2.768069999999999906e-02
3.867000000000000000e+03 2.520009999999999958e-02
3.872000000000000000e+03 2.283719999999999847e-02
3.877000000000000000e+03 2.054490000000000136e-02
3.882000000000000000e+03 1.843209999999999987e-02
3.887000000000000000e+03 1.639809999999999879e-02
3.892000000000000000e+03 1.456960000000000026e-02
3.897000000000000000e+03 1.290780000000000052e-02
3.902000000000000000e+03 1.140240000000000004e-02
3.907000000000000000e+03 1.010160000000000051e-02
3.912000000000000000e+03 8.916109999999999661e-03
3.917000000000000000e+03 7.902299999999999255e-03
3.922000000000000000e+03 6.992650000000000428e-03
3.927000000000000000e+03 6.205360000000000043e-03
3.932000000000000000e+03 5.534029999999999679e-03
3.937000000000000000e+03 4.932879999999999730e-03
3.942000000000000000e+03 4.441529999999999957e-03
3.947000000000000000e+03 3.991360000000000220e-03
3.952000000000000000e+03 3.608450000000000026e-03
3.957000000000000000e+03 3.258029999999999867e-03
3.962000000000000000e+03 2.950309999999999825e-03
3.967000000000000000e+03 2.675049999999999997e-03
3.972000000000000000e+03 2.413090000000000113e-03
3.977000000000000000e+03 2.165129999999999919e-03
3.982000000000000000e+03 1.926879999999999956e-03
3.987000000000000000e+03 1.708770000000000081e-03
3.992000000000000000e+03 1.488289999999999969e-03
3.997000000000000000e+03 1.246539999999999974e-03
4.002000000000000000e+03 9.634100000000000476e-04
4.007000000000000000e+03 7.389830000000000227e-04
4.012000000000000000e+03 6.427709999999999891e-04
4.017000000000000000e+03 5.605049999999999876e-04
4.022000000000000000e+03 4.885049999999999722e-04
4.027000000000000000e+03 4.200960000000000111e-04
4.032000000000000000e+03 2.877900000000000076e-04
4.037000000000000000e+03 1.308299999999999925e-04
4.042000000000000000e+03 7.621480000000000084e-05
4.047000000000000000e+03 6.205870000000000266e-05
4.052000000000000000e+03 5.206289999999999920e-05
4.057000000000000000e+03 5.024710000000000211e-05
4.062000000000000000e+03 4.903709999999999845e-05
4.067000000000000000e+03 4.765019999999999992e-05
4.072000000000000000e+03 4.632170000000000070e-05
4.077000000000000000e+03 4.500250000000000154e-05
4.082000000000000000e+03 4.366200000000000311e-05
4.087000000000000000e+03 4.204049999999999839e-05
4.092000000000000000e+03 4.036730000000000228e-05
4.097000000000000000e+03 3.883490000000000320e-05
4.102000000000000000e+03 3.742570000000000320e-05
4.107000000000000000e+03 3.259259999999999691e-05
4.112000000000000000e+03 2.167490000000000147e-05
4.117000000000000000e+03 1.205839999999999961e-05
4.122000000000000000e+03 1.030050000000000074e-05
4.127000000000000000e+03 1.026330000000000048e-05
4.132000000000000000e+03 1.025470000000000026e-05
4.137000000000000000e+03 1.027090000000000021e-05
4.142000000000000000e+03 1.030689999999999952e-05
4.147000000000000000e+03 1.033949999999999985e-05
4.152000000000000000e+03 1.035179999999999972e-05
4.157000000000000000e+03 1.036430000000000002e-05
4.162000000000000000e+03 1.038259999999999949e-05
4.167000000000000000e+03 1.041020000000000072e-05
4.172000000000000000e+03 1.041679999999999994e-05
4.177000000000000000e+03 1.042909999999999981e-05
4.182000000000000000e+03 1.044250000000000039e-05
4.187000000000000000e+03 1.044080000000000005e-05
4.192000000000000000e+03 1.041940000000000056e-05
4.197000000000000000e+03 1.039480000000000083e-05
4.202000000000000000e+03 1.033149999999999925e-05
4.207000000000000000e+03 1.022329999999999917e-05
4.212000000000000000e+03 9.993170000000000750e-06
4.217000000000000000e+03 9.549500000000000642e-06
4.222000000000000000e+03 9.120489999999999476e-06
4.227000000000000000e+03 8.946429999999999994e-06
4.232000000000000000e+03 8.935340000000000071e-06
4.237000000000000000e+03 8.808840000000000520e-06
4.242000000000000000e+03 8.618930000000000165e-06
4.247000000000000000e+03 8.645650000000000817e-06
4.252000000000000000e+03 8.965209999999999160e-06
4.257000000000000000e+03 9.160419999999999278e-06
4.262000000000000000e+03 9.333499999999999661e-06
4.267000000000000000e+03 9.625859999999999348e-06
4.272000000000000000e+03 9.946430000000000584e-06
4.277000000000000000e+03 1.020489999999999948e-05
4.282000000000000000e+03 1.044149999999999989e-05
4.287000000000000000e+03 1.070360000000000032e-05
4.292000000000000000e+03 1.102689999999999941e-05
4.297000000000000000e+03 1.129330000000000079e-05
4.302000000000000000e+03 1.154619999999999967e-05
4.307000000000000000e+03 1.176910000000000053e-05
4.312000000000000000e+03 1.189100000000000016e-05
4.317000000000000000e+03 1.200620000000000035e-05
4.322000000000000000e+03 1.213150000000000065e-05
4.327000000000000000e+03 1.226900000000000061e-05
4.332000000000000000e+03 1.242490000000000025e-05
4.337000000000000000e+03 1.258240000000000001e-05
4.342000000000000000e+03 1.272240000000000037e-05
4.347000000000000000e+03 1.284920000000000058e-05
4.352000000000000000e+03 1.297949999999999999e-05
4.357000000000000000e+03 1.313350000000000055e-05
4.362000000000000000e+03 1.329650000000000051e-05
4.367000000000000000e+03 1.347239999999999996e-05
4.372000000000000000e+03 1.363599999999999955e-05
4.377000000000000000e+03 1.377569999999999924e-05
4.382000000000000000e+03 1.389600000000000045e-05
4.387000000000000000e+03 1.401570000000000033e-05
4.392000000000000000e+03 1.413269999999999938e-05
4.397000000000000000e+03 1.425349999999999999e-05
4.402000000000000000e+03 1.435829999999999939e-05
4.407000000000000000e+03 1.441680000000000061e-05
4.412000000000000000e+03 1.445799999999999947e-05
4.417000000000000000e+03 1.450499999999999919e-05
4.422000000000000000e+03 1.456650000000000021e-05
4.427000000000000000e+03 1.463719999999999938e-05
4.432000000000000000e+03 1.472570000000000031e-05
4.437000000000000000e+03 1.483569999999999926e-05
4.442000000000000000e+03 1.495370000000000050e-05
4.447000000000000000e+03 1.506149999999999971e-05
4.452000000000000000e+03 1.520199999999999946e-05
4.457000000000000000e+03 1.533429999999999987e-05
4.462000000000000000e+03 1.545449999999999916e-05
4.467000000000000000e+03 1.557069999999999985e-05
4.472000000000000000e+03 1.569290000000000013e-05
4.477000000000000000e+03 1.580819999999999884e-05
4.482000000000000000e+03 1.593450000000000134e-05
4.487000000000000000e+03 1.606479999999999906e-05
4.492000000000000000e+03 1.620940000000000103e-05
4.497000000000000000e+03 1.634650000000000011e-05
4.502000000000000000e+03 1.641830000000000169e-05
4.507000000000000000e+03 1.642049999999999974e-05
4.512000000000000000e+03 1.641679999999999840e-05
4.517000000000000000e+03 1.644100000000000064e-05
4.522000000000000000e+03 1.650549999999999977e-05
4.527000000000000000e+03 1.659009999999999893e-05
4.532000000000000000e+03 1.666749999999999924e-05
4.537000000000000000e+03 1.672739999999999844e-05
4.542000000000000000e+03 1.661240000000000039e-05
4.547000000000000000e+03 1.487309999999999995e-05
4.552000000000000000e+03 1.142779999999999924e-05
4.557000000000000000e+03 8.946369999999999185e-06
4.562000000000000000e+03 8.318700000000000500e-06
4.567000000000000000e+03 8.326359999999999339e-06
4.572000000000000000e+03 7.211220000000000221e-06
4.577000000000000000e+03 5.362640000000000379e-06
4.582000000000000000e+03 4.214299999999999614e-06
4.587000000000000000e+03 4.202710000000000289e-06
4.592000000000000000e+03 3.033899999999999870e-06
4.597000000000000000e+03 1.155140000000000006e-06
4.602000000000000000e+03 5.577530000000000281e-09
