2.138500000000000000e+03 0.000000000000000000e+00
2.144500000000000000e+03 1.158849999999999925e-06
2.150500000000000000e+03 8.238060000000000540e-06
2.156500000000000000e+03 2.267189999999999887e-05
2.162500000000000000e+03 4.165359999999999706e-05
2.168500000000000000e+03 6.527790000000000057e-05
2.174500000000000000e+03 8.318049999999999413e-05
2.180500000000000000e+03 8.947340000000000295e-05
2.186500000000000000e+03 9.289559999999999875e-05
2.192500000000000000e+03 9.692439999999999650e-05
2.198500000000000000e+03 1.010800000000000012e-04
2.204500000000000000e+03 1.050480000000000012e-04
2.210500000000000000e+03 1.084370000000000055e-04
2.216500000000000000e+03 1.109510000000000021e-04
2.222500000000000000e+03 1.122610000000000014e-04
2.228500000000000000e+03 1.120989999999999986e-04
2.234500000000000000e+03 1.109609999999999969e-04
2.240500000000000000e+03 1.089120000000000035e-04
2.246500000000000000e+03 1.065899999999999942e-04
2.252500000000000000e+03 1.043459999999999933e-04
2.258500000000000000e+03 1.027659999999999983e-04
2.264500000000000000e+03 1.022659999999999997e-04
2.270500000000000000e+03 1.031599999999999949e-04
2.276500000000000000e+03 1.056990000000000056e-04
2.282500000000000000e+03 1.092460000000000040e-04
2.288500000000000000e+03 1.135189999999999951e-04
2.294500000000000000e+03 1.174650000000000011e-04
2.300500000000000000e+03 1.204429999999999986e-04
2.306500000000000000e+03 1.216849999999999979e-04
2.312500000000000000e+03 1.204799999999999984e-04
2.318500000000000000e+03 1.169369999999999953e-04
2.324500000000000000e+03 1.107389999999999980e-04
2.330500000000000000e+03 1.027500000000000039e-04
2.336500000000000000e+03 9.314730000000000178e-05
2.342500000000000000e+03 8.323609999999999408e-05
2.348500000000000000e+03 7.354669999999999838e-05
2.354500000000000000e+03 6.490580000000000459e-05
2.360500000000000000e+03 5.789059999999999763e-05
2.366500000000000000e+03 5.275000000000000148e-05
2.372500000000000000e+03 4.990040000000000084e-05
2.378500000000000000e+03 4.901219999999999806e-05
2.384500000000000000e+03 5.022949999999999740e-05
2.390500000000000000e+03 5.288699999999999695e-05
2.396500000000000000e+03 5.682089999999999667e-05
2.402500000000000000e+03 6.127060000000000253e-05
2.408500000000000000e+03 6.587290000000000419e-05
2.414500000000000000e+03 6.994450000000000092e-05
2.420500000000000000e+03 7.297129999999999708e-05
2.426500000000000000e+03 7.455179999999999999e-05
2.432500000000000000e+03 7.423510000000000351e-05
2.438500000000000000e+03 7.200290000000000141e-05
2.444500000000000000e+03 6.799600000000000425e-05
2.450500000000000000e+03 6.278219999999999667e-05
2.456500000000000000e+03 5.684810000000000210e-05
2.462500000000000000e+03 5.095100000000000058e-05
2.468500000000000000e+03 4.535629999999999805e-05
2.474500000000000000e+03 4.036060000000000114e-05
2.480500000000000000e+03 3.615949999999999828e-05
2.486500000000000000e+03 3.278590000000000063e-05
2.492500000000000000e+03 3.019209999999999846e-05
2.498500000000000000e+03 2.833150000000000140e-05
2.504500000000000000e+03 2.693849999999999966e-05
2.510500000000000000e+03 2.575850000000000080e-05
2.516500000000000000e+03 2.477460000000000163e-05
2.522500000000000000e+03 2.394890000000000037e-05
2.528500000000000000e+03 2.320949999999999861e-05
2.534500000000000000e+03 2.254239999999999952e-05
2.540500000000000000e+03 2.189659999999999971e-05
2.546500000000000000e+03 2.119949999999999921e-05
2.552500000000000000e+03 2.048470000000000057e-05
2.558500000000000000e+03 1.980909999999999979e-05
2.564500000000000000e+03 1.913829999999999937e-05
2.570500000000000000e+03 1.841420000000000066e-05
2.576500000000000000e+03 1.767750000000000143e-05
2.582500000000000000e+03 1.699469999999999841e-05
2.588500000000000000e+03 1.634929999999999947e-05
2.594500000000000000e+03 1.574590000000000115e-05
2.600500000000000000e+03 1.527709999999999981e-05
2.606500000000000000e+03 1.500870000000000082e-05
2.612500000000000000e+03 1.486979999999999949e-05
2.618500000000000000e+03 1.485620000000000016e-05
2.624500000000000000e+03 1.484610000000000004e-05
2.630500000000000000e+03 1.525859999999999990e-05
2.636500000000000000e+03 1.601140000000000056e-05
2.642500000000000000e+03 1.611919999999999976e-05
2.648500000000000000e+03 1.570309999999999878e-05
2.654500000000000000e+03 1.524330000000000024e-05
2.660500000000000000e+03 1.489570000000000038e-05
2.666500000000000000e+03 1.479739999999999998e-05
2.672500000000000000e+03 1.479419999999999974e-05
2.678500000000000000e+03 1.481220000000000025e-05
2.684500000000000000e+03 1.597580000000000042e-05
2.690500000000000000e+03 1.811559999999999982e-05
2.696500000000000000e+03 1.896479999999999840e-05
2.702500000000000000e+03 2.091710000000000002e-05
2.708500000000000000e+03 2.226180000000000089e-05
2.714500000000000000e+03 2.215080000000000144e-05
2.720500000000000000e+03 2.206819999999999989e-05
2.726500000000000000e+03 2.214120000000000072e-05
2.732500000000000000e+03 2.226849999999999864e-05
2.738500000000000000e+03 2.239229999999999904e-05
2.744500000000000000e+03 2.253850000000000113e-05
2.750500000000000000e+03 2.258280000000000001e-05
2.756500000000000000e+03 2.239669999999999853e-05
2.762500000000000000e+03 2.210199999999999947e-05
2.768500000000000000e+03 2.184069999999999911e-05
2.774500000000000000e+03 2.143640000000000028e-05
2.780500000000000000e+03 2.114699999999999929e-05
2.786500000000000000e+03 2.112430000000000034e-05
2.792500000000000000e+03 2.109640000000000015e-05
2.798500000000000000e+03 2.107569999999999881e-05
2.804500000000000000e+03 2.111569999999999842e-05
2.810500000000000000e+03 2.116409999999999952e-05
2.816500000000000000e+03 2.115060000000000041e-05
2.822500000000000000e+03 2.113179999999999985e-05
2.828500000000000000e+03 2.119329999999999917e-05
2.834500000000000000e+03 2.144750000000000091e-05
2.840500000000000000e+03 2.198710000000000164e-05
2.846500000000000000e+03 2.286179999999999853e-05
2.852500000000000000e+03 2.374190000000000049e-05
2.858500000000000000e+03 2.469060000000000040e-05
2.864500000000000000e+03 2.563620000000000029e-05
2.870500000000000000e+03 2.650020000000000083e-05
2.876500000000000000e+03 2.717970000000000000e-05
2.882500000000000000e+03 2.759489999999999900e-05
2.888500000000000000e+03 2.787400000000000113e-05
2.894500000000000000e+03 2.802500000000000019e-05
2.900500000000000000e+03 2.809500000000000121e-05
2.906500000000000000e+03 2.819540000000000113e-05
2.912500000000000000e+03 2.840749999999999864e-05
2.918500000000000000e+03 2.874880000000000163e-05
2.924500000000000000e+03 2.915140000000000011e-05
2.930500000000000000e+03 2.971560000000000057e-05
2.936500000000000000e+03 3.035390000000000088e-05
2.942500000000000000e+03 3.098780000000000170e-05
2.948500000000000000e+03 3.168129999999999769e-05
2.954500000000000000e+03 3.242999999999999952e-05
2.960500000000000000e+03 3.321439999999999831e-05
2.966500000000000000e+03 3.403989999999999913e-05
2.972500000000000000e+03 3.502370000000000147e-05
2.978500000000000000e+03 3.618479999999999955e-05
2.984500000000000000e+03 3.731960000000000095e-05
2.990500000000000000e+03 3.869210000000000178e-05
2.996500000000000000e+03 4.025650000000000327e-05
3.002500000000000000e+03 4.198400000000000325e-05
3.008500000000000000e+03 4.388469999999999676e-05
3.014500000000000000e+03 4.604130000000000250e-05
3.020500000000000000e+03 4.867670000000000102e-05
3.026500000000000000e+03 5.161610000000000205e-05
3.032500000000000000e+03 5.506019999999999843e-05
3.038500000000000000e+03 5.873380000000000338e-05
3.044500000000000000e+03 6.276499999999999961e-05
3.050500000000000000e+03 6.727109999999999362e-05
3.056500000000000000e+03 7.211669999999999344e-05
3.062500000000000000e+03 7.750399999999999521e-05
3.068500000000000000e+03 8.381559999999999759e-05
3.074500000000000000e+03 9.079100000000000538e-05
3.080500000000000000e+03 9.893930000000000324e-05
3.086500000000000000e+03 1.082310000000000010e-04
3.092500000000000000e+03 1.192299999999999952e-04
3.098500000000000000e+03 1.319559999999999950e-04
3.104500000000000000e+03 1.472839999999999946e-04
3.110500000000000000e+03 1.649509999999999865e-04
3.116500000000000000e+03 1.861549999999999956e-04
3.122500000000000000e+03 2.104429999999999907e-04
3.128500000000000000e+03 2.381489999999999996e-04
3.134500000000000000e+03 2.689599999999999999e-04
3.140500000000000000e+03 3.072050000000000106e-04
3.146500000000000000e+03 3.505199999999999982e-04
3.152500000000000000e+03 4.258810000000000243e-04
3.158500000000000000e+03 6.473819999999999488e-04
3.164500000000000000e+03 9.137460000000000027e-04
3.170500000000000000e+03 1.319110000000000074e-03
3.176500000000000000e+03 1.979540000000000119e-03
3.182500000000000000e+03 2.953869999999999933e-03
3.188500000000000000e+03 4.191430000000000329e-03
3.194500000000000000e+03 5.861360000000000355e-03
3.200500000000000000e+03 7.898169999999999497e-03
3.206500000000000000e+03 1.033650000000000020e-02
3.212500000000000000e+03 1.320789999999999985e-02
3.218500000000000000e+03 1.647459999999999897e-02
3.224500000000000000e+03 2.008520000000000097e-02
3.230500000000000000e+03 2.393939999999999957e-02
3.236500000000000000e+03 2.801410000000000011e-02
3.242500000000000000e+03 3.227200000000000207e-02
3.248500000000000000e+03 3.664459999999999940e-02
3.254500000000000000e+03 4.113420000000000271e-02
3.260500000000000000e+03 4.573819999999999969e-02
3.266500000000000000e+03 5.050070000000000253e-02
3.272500000000000000e+03 5.534250000000000280e-02
3.278500000000000000e+03 6.038439999999999780e-02
3.284500000000000000e+03 6.555160000000000153e-02
3.290500000000000000e+03 7.092800000000000493e-02
3.296500000000000000e+03 7.645180000000000031e-02
3.302500000000000000e+03 8.223569999999999491e-02
3.308500000000000000e+03 8.815829999999999500e-02
3.314500000000000000e+03 9.434729999999999506e-02
3.320500000000000000e+03 1.006890000000000007e-01
3.326500000000000000e+03 1.072329999999999950e-01
3.332500000000000000e+03 1.139270000000000005e-01
3.338500000000000000e+03 1.207160000000000039e-01
3.344500000000000000e+03 1.275370000000000115e-01
3.350500000000000000e+03 1.342730000000000035e-01
3.356500000000000000e+03 1.409209999999999907e-01
3.362500000000000000e+03 1.472690000000000110e-01
3.368500000000000000e+03 1.534510000000000041e-01
3.374500000000000000e+03 1.591269999999999907e-01
3.380500000000000000e+03 1.645119999999999916e-01
3.386500000000000000e+03 1.693709999999999938e-01
3.392500000000000000e+03 1.739050000000000040e-01
3.398500000000000000e+03 1.779920000000000113e-01
3.404500000000000000e+03 1.818579999999999919e-01
3.410500000000000000e+03 1.854179999999999995e-01
3.416500000000000000e+03 1.888789999999999913e-01
3.422500000000000000e+03 1.920389999999999875e-01
3.428500000000000000e+03 1.951299999999999979e-01
3.434500000000000000e+03 1.980000000000000093e-01
3.440500000000000000e+03 2.007319999999999938e-01
3.446500000000000000e+03 2.036669999999999869e-01
3.452500000000000000e+03 2.065460000000000074e-01
3.458500000000000000e+03 2.094570000000000043e-01
3.464500000000000000e+03 2.123130000000000017e-01
3.470500000000000000e+03 2.148390000000000022e-01
3.476500000000000000e+03 2.172159999999999924e-01
3.482500000000000000e+03 2.194409999999999972e-01
3.488500000000000000e+03 2.215159999999999907e-01
3.494500000000000000e+03 2.234879999999999922e-01
3.500500000000000000e+03 2.253620000000000068e-01
3.506500000000000000e+03 2.272119999999999973e-01
3.512500000000000000e+03 2.289599999999999969e-01
3.518500000000000000e+03 2.305979999999999974e-01
3.524500000000000000e+03 2.322660000000000002e-01
3.530500000000000000e+03 2.338530000000000053e-01
3.536500000000000000e+03 2.356449999999999934e-01
3.542500000000000000e+03 2.380140000000000033e-01
3.548500000000000000e+03 2.413430000000000020e-01
3.554500000000000000e+03 2.468210000000000126e-01
3.560500000000000000e+03 2.552670000000000217e-01
3.566500000000000000e+03 2.690460000000000074e-01
3.572500000000000000e+03 2.898020000000000040e-01
3.578500000000000000e+03 3.210830000000000073e-01
3.584500000000000000e+03 3.633640000000000203e-01
3.590500000000000000e+03 4.184370000000000034e-01
3.596500000000000000e+03 4.823160000000000225e-01
3.602500000000000000e+03 5.546590000000000131e-01
3.608500000000000000e+03 6.297329999999999872e-01
3.614500000000000000e+03 7.038550000000000084e-01
3.620500000000000000e+03 7.739230000000000276e-01
3.626500000000000000e+03 8.336810000000000054e-01
3.632500000000000000e+03 8.832860000000000156e-01
3.638500000000000000e+03 9.177060000000000217e-01
3.644500000000000000e+03 9.405369999999999564e-01
3.650500000000000000e+03 9.548400000000000221e-01
3.656500000000000000e+03 9.660480000000000178e-01
3.662500000000000000e+03 9.757710000000000550e-01
3.668500000000000000e+03 9.841090000000000115e-01
3.674500000000000000e+03 9.931020000000000403e-01
3.680500000000000000e+03 9.987660000000000426e-01
3.686500000000000000e+03 1.000000000000000000e+00
3.692500000000000000e+03 9.988110000000000044e-01
3.698500000000000000e+03 9.952729999999999633e-01
3.704500000000000000e+03 9.916810000000000347e-01
3.710500000000000000e+03 9.886129999999999640e-01
3.716500000000000000e+03 9.873239999999999794e-01
3.722500000000000000e+03 9.863889999999999603e-01
3.728500000000000000e+03 9.842030000000000500e-01
3.734500000000000000e+03 9.790670000000000206e-01
3.740500000000000000e+03 9.664880000000000138e-01
3.746500000000000000e+03 9.452059999999999906e-01
3.752500000000000000e+03 9.111930000000000307e-01
3.758500000000000000e+03 8.643589999999999884e-01
3.764500000000000000e+03 8.043519999999999559e-01
3.770500000000000000e+03 7.331159999999999899e-01
3.776500000000000000e+03 6.574330000000000451e-01
3.782500000000000000e+03 5.799450000000000438e-01
3.788500000000000000e+03 5.066140000000000088e-01
3.794500000000000000e+03 4.403020000000000267e-01
3.800500000000000000e+03 3.818529999999999980e-01
3.806500000000000000e+03 3.344119999999999870e-01
3.812500000000000000e+03 2.969700000000000117e-01
3.818500000000000000e+03 2.694050000000000056e-01
3.824500000000000000e+03 2.507920000000000149e-01
3.830500000000000000e+03 2.383599999999999886e-01
3.836500000000000000e+03 2.302120000000000000e-01
3.842500000000000000e+03 2.242000000000000104e-01
3.848500000000000000e+03 2.192989999999999939e-01
3.854500000000000000e+03 2.150269999999999959e-01
3.860500000000000000e+03 2.114379999999999871e-01
3.866500000000000000e+03 2.083170000000000022e-01
3.872500000000000000e+03 2.060230000000000117e-01
3.878500000000000000e+03 2.040889999999999926e-01
3.884500000000000000e+03 2.021100000000000119e-01
3.890500000000000000e+03 1.999609999999999999e-01
3.896500000000000000e+03 1.977490000000000081e-01
3.902500000000000000e+03 1.956370000000000053e-01
3.908500000000000000e+03 1.935850000000000071e-01
3.914500000000000000e+03 1.914500000000000091e-01
3.920500000000000000e+03 1.892959999999999920e-01
3.926500000000000000e+03 1.874709999999999988e-01
3.932500000000000000e+03 1.857389999999999874e-01
3.938500000000000000e+03 1.841180000000000039e-01
3.944500000000000000e+03 1.826699999999999990e-01
3.950500000000000000e+03 1.814159999999999939e-01
3.956500000000000000e+03 1.801949999999999941e-01
3.962500000000000000e+03 1.790950000000000042e-01
3.968500000000000000e+03 1.781719999999999970e-01
3.974500000000000000e+03 1.771560000000000079e-01
3.980500000000000000e+03 1.761010000000000075e-01
3.986500000000000000e+03 1.751600000000000101e-01
3.992500000000000000e+03 1.741669999999999885e-01
3.998500000000000000e+03 1.727289999999999937e-01
4.004500000000000000e+03 1.708000000000000074e-01
4.010500000000000000e+03 1.678790000000000004e-01
4.016500000000000000e+03 1.641650000000000054e-01
4.022500000000000000e+03 1.591619999999999979e-01
4.028500000000000000e+03 1.532600000000000073e-01
4.034500000000000000e+03 1.459129999999999872e-01
4.040500000000000000e+03 1.376050000000000051e-01
4.046500000000000000e+03 1.281960000000000044e-01
4.052500000000000000e+03 1.182239999999999958e-01
4.058500000000000000e+03 1.076580000000000037e-01
4.064500000000000000e+03 9.685180000000000178e-02
4.070500000000000000e+03 8.611800000000000010e-02
4.076500000000000000e+03 7.569539999999999602e-02
4.082500000000000000e+03 6.579640000000000488e-02
4.088500000000000000e+03 5.651880000000000098e-02
4.094500000000000000e+03 4.822660000000000141e-02
4.100500000000000000e+03 4.077170000000000100e-02
4.106500000000000000e+03 3.441040000000000071e-02
4.112500000000000000e+03 2.891229999999999842e-02
4.118500000000000000e+03 2.435439999999999827e-02
4.124500000000000000e+03 2.052959999999999854e-02
4.130500000000000000e+03 1.739689999999999986e-02
4.136500000000000000e+03 1.481050000000000075e-02
4.142500000000000000e+03 1.268150000000000006e-02
4.148500000000000000e+03 1.092570000000000000e-02
4.154500000000000000e+03 9.448200000000000348e-03
4.160500000000000000e+03 8.209040000000000781e-03
4.166500000000000000e+03 7.146160000000000359e-03
4.172500000000000000e+03 6.246800000000000269e-03
4.178500000000000000e+03 5.412100000000000417e-03
4.184500000000000000e+03 4.615669999999999669e-03
4.190500000000000000e+03 3.945719999999999783e-03
4.196500000000000000e+03 3.379850000000000215e-03
4.202500000000000000e+03 2.799190000000000011e-03
4.208500000000000000e+03 2.234879999999999853e-03
4.214500000000000000e+03 1.649850000000000014e-03
4.220500000000000000e+03 1.149920000000000022e-03
4.226500000000000000e+03 8.585770000000000164e-04
4.232500000000000000e+03 6.157820000000000481e-04
4.238500000000000000e+03 3.076110000000000064e-04
4.244500000000000000e+03 1.341079999999999974e-04
4.250500000000000000e+03 1.177750000000000032e-04
4.256500000000000000e+03 1.018439999999999959e-04
4.262500000000000000e+03 9.269799999999999915e-05
4.268500000000000000e+03 8.809839999999999663e-05
4.274500000000000000e+03 8.357519999999999901e-05
4.280500000000000000e+03 7.951359999999999711e-05
4.286500000000000000e+03 7.594759999999999771e-05
4.292500000000000000e+03 7.283629999999999922e-05
4.298500000000000000e+03 6.974989999999999435e-05
4.304500000000000000e+03 6.705779999999999348e-05
4.310500000000000000e+03 6.478539999999999809e-05
4.316500000000000000e+03 6.185800000000000304e-05
4.322500000000000000e+03 5.330129999999999737e-05
4.328500000000000000e+03 4.491940000000000228e-05
4.334500000000000000e+03 4.327959999999999810e-05
4.340500000000000000e+03 4.279260000000000090e-05
4.346500000000000000e+03 4.229369999999999793e-05
4.352500000000000000e+03 4.192879999999999741e-05
4.358500000000000000e+03 4.170919999999999700e-05
4.364500000000000000e+03 4.164449999999999744e-05
4.370500000000000000e+03 4.169530000000000041e-05
4.376500000000000000e+03 4.184539999999999750e-05
4.382500000000000000e+03 4.198239999999999974e-05
4.388500000000000000e+03 4.218960000000000006e-05
4.394500000000000000e+03 4.241240000000000071e-05
4.400500000000000000e+03 4.258520000000000014e-05
4.406500000000000000e+03 4.275640000000000283e-05
4.412500000000000000e+03 4.279310000000000199e-05
4.418500000000000000e+03 4.272619999999999760e-05
4.424500000000000000e+03 4.261769999999999686e-05
4.430500000000000000e+03 4.244229999999999851e-05
4.436500000000000000e+03 4.220850000000000085e-05
4.442500000000000000e+03 4.164280000000000049e-05
4.448500000000000000e+03 4.086100000000000062e-05
4.454500000000000000e+03 3.983629999999999669e-05
4.460500000000000000e+03 3.866009999999999938e-05
4.466500000000000000e+03 3.770250000000000028e-05
4.472500000000000000e+03 3.640800000000000107e-05
4.478500000000000000e+03 3.553000000000000033e-05
4.484500000000000000e+03 3.477920000000000067e-05
4.490500000000000000e+03 3.429410000000000086e-05
4.496500000000000000e+03 3.505029999999999881e-05
4.502500000000000000e+03 3.659300000000000015e-05
4.508500000000000000e+03 3.845380000000000103e-05
4.514500000000000000e+03 4.014969999999999948e-05
4.520500000000000000e+03 4.224560000000000088e-05
4.526500000000000000e+03 4.426460000000000306e-05
4.532500000000000000e+03 4.590949999999999811e-05
4.538500000000000000e+03 4.727360000000000085e-05
4.544500000000000000e+03 4.794760000000000151e-05
4.550500000000000000e+03 4.832909999999999778e-05
4.556500000000000000e+03 4.868419999999999714e-05
4.562500000000000000e+03 4.909370000000000059e-05
4.568500000000000000e+03 4.965700000000000246e-05
4.574500000000000000e+03 5.033479999999999790e-05
4.580500000000000000e+03 5.099120000000000063e-05
4.586500000000000000e+03 5.168150000000000315e-05
4.592500000000000000e+03 5.244209999999999719e-05
4.598500000000000000e+03 5.320420000000000130e-05
4.604500000000000000e+03 5.404959999999999832e-05
4.610500000000000000e+03 5.485500000000000250e-05
4.616500000000000000e+03 5.551520000000000001e-05
4.622500000000000000e+03 5.613309999999999963e-05
4.628500000000000000e+03 5.669010000000000124e-05
4.634500000000000000e+03 5.723410000000000146e-05
4.640500000000000000e+03 5.783130000000000312e-05
4.646500000000000000e+03 5.837889999999999768e-05
4.652500000000000000e+03 5.878439999999999913e-05
4.658500000000000000e+03 5.912510000000000080e-05
4.664500000000000000e+03 5.942389999999999868e-05
4.670500000000000000e+03 5.964559999999999692e-05
4.676500000000000000e+03 5.999589999999999931e-05
4.682500000000000000e+03 6.031460000000000017e-05
4.688500000000000000e+03 6.058019999999999979e-05
4.694500000000000000e+03 6.095870000000000303e-05
4.700500000000000000e+03 6.139650000000000077e-05
4.706500000000000000e+03 6.199699999999999612e-05
4.712500000000000000e+03 6.269479999999999476e-05
4.718500000000000000e+03 6.345800000000000128e-05
4.724500000000000000e+03 6.417759999999999351e-05
4.730500000000000000e+03 6.485759999999999377e-05
4.736500000000000000e+03 6.556120000000000513e-05
4.742500000000000000e+03 6.613150000000000202e-05
4.748500000000000000e+03 6.658810000000000033e-05
4.754500000000000000e+03 6.692729999999999871e-05
4.760500000000000000e+03 6.708240000000000676e-05
4.766500000000000000e+03 6.726959999999999711e-05
4.772500000000000000e+03 6.751690000000000404e-05
4.778500000000000000e+03 6.769619999999999739e-05
4.784500000000000000e+03 6.798759999999999938e-05
4.790500000000000000e+03 6.724049999999999428e-05
4.796500000000000000e+03 6.429400000000000479e-05
4.802500000000000000e+03 6.000719999999999698e-05
4.808500000000000000e+03 5.385000000000000111e-05
4.814500000000000000e+03 4.817419999999999694e-05
4.820500000000000000e+03 4.232260000000000031e-05
4.826500000000000000e+03 3.374460000000000214e-05
4.832500000000000000e+03 2.726190000000000067e-05
4.838500000000000000e+03 1.840500000000000081e-05
4.844500000000000000e+03 6.527870000000000233e-06
4.850500000000000000e+03 8.492480000000000088e-07
