1.998700000000000000e+04 0.000000000000000000e+00
2.002800000000000000e+04 3.675530000000000091e-07
2.006900000000000000e+04 2.963550000000000196e-06
2.011000000000000000e+04 5.419999999999999776e-06
2.015100000000000000e+04 7.570499999999999769e-06
2.019200000000000000e+04 2.907600000000000080e-05
2.023300000000000000e+04 6.303550000000000320e-05
2.027400000000000000e+04 9.720339999999999840e-05
2.031500000000000000e+04 1.721310000000000093e-04
2.035600000000000000e+04 3.752709999999999922e-04
2.039700000000000000e+04 7.128339999999999720e-04
2.043800000000000000e+04 1.504200000000000025e-03
2.047900000000000000e+04 2.613159999999999789e-03
2.052000000000000000e+04 4.392850000000000227e-03
2.056100000000000000e+04 6.572539999999999979e-03
2.060200000000000000e+04 9.221820000000000364e-03
2.064300000000000000e+04 1.220949999999999987e-02
2.068400000000000000e+04 1.535189999999999992e-02
2.072500000000000000e+04 1.863650000000000029e-02
2.076600000000000000e+04 2.215289999999999968e-02
2.080700000000000000e+04 2.582519999999999954e-02
2.084800000000000000e+04 3.015429999999999847e-02
2.088900000000000000e+04 3.554439999999999683e-02
2.093000000000000000e+04 4.256370000000000292e-02
2.097100000000000000e+04 5.205810000000000298e-02
2.101200000000000000e+04 6.374240000000000461e-02
2.105300000000000000e+04 7.962229999999999308e-02
2.109400000000000000e+04 9.882900000000000018e-02
2.113500000000000000e+04 1.246030000000000054e-01
2.117600000000000000e+04 1.535739999999999883e-01
2.121700000000000000e+04 1.863370000000000026e-01
2.125800000000000000e+04 2.193060000000000009e-01
2.129900000000000000e+04 2.492429999999999923e-01
2.134000000000000000e+04 2.766049999999999898e-01
2.138100000000000000e+04 2.986099999999999866e-01
2.142200000000000000e+04 3.169750000000000068e-01
2.146300000000000000e+04 3.322769999999999890e-01
2.150400000000000000e+04 3.452979999999999938e-01
2.154500000000000000e+04 3.588140000000000218e-01
2.158600000000000000e+04 3.712909999999999822e-01
2.162700000000000000e+04 3.844170000000000087e-01
2.166800000000000000e+04 3.965670000000000028e-01
2.170900000000000000e+04 4.066139999999999755e-01
2.175000000000000000e+04 4.160989999999999966e-01
2.179100000000000000e+04 4.236829999999999763e-01
2.183200000000000000e+04 4.317340000000000066e-01
2.187300000000000000e+04 4.403259999999999952e-01
2.191400000000000000e+04 4.508369999999999878e-01
2.195500000000000000e+04 4.623920000000000252e-01
2.199600000000000000e+04 4.754729999999999790e-01
2.203700000000000000e+04 4.885760000000000103e-01
2.207800000000000000e+04 5.021679999999999477e-01
2.211900000000000000e+04 5.162839999999999652e-01
2.216000000000000000e+04 5.311740000000000350e-01
2.220100000000000000e+04 5.479300000000000281e-01
2.224200000000000000e+04 5.647550000000000070e-01
2.228300000000000000e+04 5.825360000000000538e-01
2.232400000000000000e+04 5.995040000000000369e-01
2.236500000000000000e+04 6.158200000000000340e-01
2.240600000000000000e+04 6.315610000000000390e-01
2.244700000000000000e+04 6.470970000000000333e-01
2.248800000000000000e+04 6.611430000000000362e-01
2.252900000000000000e+04 6.751350000000000406e-01
2.257000000000000000e+04 6.874980000000000535e-01
2.261100000000000000e+04 6.992140000000000022e-01
2.265200000000000000e+04 7.108309999999999906e-01
2.269300000000000000e+04 7.230820000000000025e-01
2.273400000000000000e+04 7.376249999999999751e-01
2.277500000000000000e+04 7.528510000000000479e-01
2.281600000000000000e+04 7.708639999999999937e-01
2.285700000000000000e+04 7.888359999999999816e-01
2.289800000000000000e+04 8.069030000000000369e-01
2.293900000000000000e+04 8.244960000000000067e-01
2.298000000000000000e+04 8.391119999999999690e-01
2.302100000000000000e+04 8.516949999999999799e-01
2.306200000000000000e+04 8.602899999999999991e-01
2.310300000000000000e+04 8.664199999999999680e-01
2.314400000000000000e+04 8.702630000000000088e-01
2.318500000000000000e+04 8.734060000000000157e-01
2.322600000000000000e+04 8.767129999999999646e-01
2.326700000000000000e+04 8.809310000000000196e-01
2.330800000000000000e+04 8.863929999999999865e-01
2.334900000000000000e+04 8.924760000000000471e-01
2.339000000000000000e+04 8.993539999999999868e-01
2.343100000000000000e+04 9.062019999999999520e-01
2.347200000000000000e+04 9.131249999999999645e-01
2.351300000000000000e+04 9.198790000000000022e-01
2.355400000000000000e+04 9.267609999999999459e-01
2.359500000000000000e+04 9.333620000000000250e-01
2.363600000000000000e+04 9.396470000000000100e-01
2.367700000000000000e+04 9.458720000000000461e-01
2.371800000000000000e+04 9.515059999999999629e-01
2.375900000000000000e+04 9.569579999999999753e-01
2.380000000000000000e+04 9.617289999999999450e-01
2.384100000000000000e+04 9.660509999999999931e-01
2.388200000000000000e+04 9.696540000000000159e-01
2.392300000000000000e+04 9.724869999999999903e-01
2.396400000000000000e+04 9.747599999999999598e-01
2.400500000000000000e+04 9.759689999999999754e-01
2.404600000000000000e+04 9.767019999999999591e-01
2.408700000000000000e+04 9.766749999999999599e-01
2.412800000000000000e+04 9.765420000000000211e-01
2.416900000000000000e+04 9.759449999999999514e-01
2.421000000000000000e+04 9.753870000000000040e-01
2.425100000000000000e+04 9.746989999999999821e-01
2.429200000000000000e+04 9.741800000000000459e-01
2.433300000000000000e+04 9.736860000000000515e-01
2.437400000000000000e+04 9.727789999999999493e-01
2.441500000000000000e+04 9.719430000000000014e-01
2.445600000000000000e+04 9.705960000000000143e-01
2.449700000000000000e+04 9.692100000000000160e-01
2.453800000000000000e+04 9.683960000000000345e-01
2.457900000000000000e+04 9.681699999999999751e-01
2.462000000000000000e+04 9.692020000000000080e-01
2.466100000000000000e+04 9.714000000000000412e-01
2.470200000000000000e+04 9.748430000000000151e-01
2.474300000000000000e+04 9.788489999999999691e-01
2.478400000000000000e+04 9.830039999999999889e-01
2.482500000000000000e+04 9.869689999999999852e-01
2.486600000000000000e+04 9.902009999999999978e-01
2.490700000000000000e+04 9.926000000000000378e-01
2.494800000000000000e+04 9.941370000000000484e-01
2.498900000000000000e+04 9.954140000000000210e-01
2.503000000000000000e+04 9.967019999999999769e-01
2.507100000000000000e+04 9.979440000000000532e-01
2.511200000000000000e+04 9.991790000000000393e-01
2.515300000000000000e+04 1.000000000000000000e+00
2.519400000000000000e+04 9.999169999999999447e-01
2.523500000000000000e+04 9.990839999999999721e-01
2.527600000000000000e+04 9.972210000000000241e-01
2.531700000000000000e+04 9.948559999999999626e-01
2.535800000000000000e+04 9.922800000000000509e-01
2.539900000000000000e+04 9.895110000000000294e-01
2.544000000000000000e+04 9.866930000000000422e-01
2.548100000000000000e+04 9.837869999999999671e-01
2.552200000000000000e+04 9.808829999999999494e-01
2.556300000000000000e+04 9.779879999999999685e-01
2.560400000000000000e+04 9.750360000000000138e-01
2.564500000000000000e+04 9.722140000000000226e-01
2.568600000000000000e+04 9.692720000000000224e-01
2.572700000000000000e+04 9.661950000000000260e-01
2.576800000000000000e+04 9.629879999999999551e-01
2.580900000000000000e+04 9.592140000000000111e-01
2.585000000000000000e+04 9.553500000000000325e-01
2.589100000000000000e+04 9.511699999999999600e-01
2.593200000000000000e+04 9.473989999999999911e-01
2.597300000000000000e+04 9.439710000000000045e-01
2.601400000000000000e+04 9.412260000000000071e-01
2.605500000000000000e+04 9.393219999999999903e-01
2.609600000000000000e+04 9.372810000000000308e-01
2.613700000000000000e+04 9.348610000000000531e-01
2.617800000000000000e+04 9.310319999999999707e-01
2.621900000000000000e+04 9.250559999999999894e-01
2.626000000000000000e+04 9.168209999999999971e-01
2.630100000000000000e+04 9.060120000000000395e-01
2.634200000000000000e+04 8.953170000000000295e-01
2.638300000000000000e+04 8.852560000000000429e-01
2.642400000000000000e+04 8.759590000000000432e-01
2.646500000000000000e+04 8.663929999999999687e-01
2.650600000000000000e+04 8.518449999999999633e-01
2.654700000000000000e+04 8.298320000000000141e-01
2.658800000000000000e+04 8.048159999999999759e-01
2.662900000000000000e+04 7.739239999999999453e-01
2.667000000000000000e+04 7.436540000000000372e-01
2.671100000000000000e+04 7.148679999999999479e-01
2.675200000000000000e+04 6.867980000000000196e-01
2.679300000000000000e+04 6.626009999999999955e-01
2.683400000000000000e+04 6.416140000000000176e-01
2.687500000000000000e+04 6.256909999999999972e-01
2.691600000000000000e+04 6.113699999999999690e-01
2.695700000000000000e+04 6.005080000000000418e-01
2.699800000000000000e+04 5.907099999999999573e-01
2.703900000000000000e+04 5.787550000000000194e-01
2.708000000000000000e+04 5.652989999999999959e-01
2.712100000000000000e+04 5.516090000000000160e-01
2.716200000000000000e+04 5.375809999999999755e-01
2.720300000000000000e+04 5.250409999999999799e-01
2.724400000000000000e+04 5.132780000000000120e-01
2.728500000000000000e+04 5.016749999999999821e-01
2.732600000000000000e+04 4.919510000000000272e-01
2.736700000000000000e+04 4.831770000000000231e-01
2.740800000000000000e+04 4.745449999999999946e-01
2.744900000000000000e+04 4.660070000000000046e-01
2.749000000000000000e+04 4.576459999999999972e-01
2.753100000000000000e+04 4.492900000000000227e-01
2.757200000000000000e+04 4.408580000000000276e-01
2.761300000000000000e+04 4.324140000000000206e-01
2.765400000000000000e+04 4.238239999999999785e-01
2.769500000000000000e+04 4.153499999999999970e-01
2.773600000000000000e+04 4.061819999999999875e-01
2.777700000000000000e+04 3.958090000000000219e-01
2.781800000000000000e+04 3.838860000000000050e-01
2.785900000000000000e+04 3.685849999999999960e-01
2.790000000000000000e+04 3.527660000000000240e-01
2.794100000000000000e+04 3.363619999999999943e-01
2.798200000000000000e+04 3.205709999999999948e-01
2.802300000000000000e+04 3.065519999999999912e-01
2.806400000000000000e+04 2.930780000000000052e-01
2.810500000000000000e+04 2.781699999999999728e-01
2.814600000000000000e+04 2.625770000000000048e-01
2.818700000000000000e+04 2.451800000000000090e-01
2.822800000000000000e+04 2.276160000000000128e-01
2.826900000000000000e+04 2.106840000000000102e-01
2.831000000000000000e+04 1.946440000000000115e-01
2.835100000000000000e+04 1.825519999999999921e-01
2.839200000000000000e+04 1.698560000000000070e-01
2.843300000000000000e+04 1.589480000000000059e-01
2.847400000000000000e+04 1.486349999999999894e-01
2.851500000000000000e+04 1.360830000000000095e-01
2.855600000000000000e+04 1.233080000000000009e-01
2.859700000000000000e+04 1.094979999999999981e-01
2.863800000000000000e+04 9.410689999999999333e-02
2.867900000000000000e+04 8.127270000000000327e-02
2.872000000000000000e+04 6.793870000000000464e-02
2.876100000000000000e+04 5.345289999999999764e-02
2.880200000000000000e+04 4.021199999999999775e-02
2.884300000000000000e+04 2.742560000000000137e-02
2.888400000000000000e+04 1.740610000000000074e-02
2.892500000000000000e+04 1.017730000000000024e-02
2.896600000000000000e+04 5.667880000000000140e-03
2.900700000000000000e+04 3.055110000000000204e-03
2.904800000000000000e+04 1.247159999999999979e-03
2.908900000000000000e+04 3.908560000000000268e-04
2.913000000000000000e+04 2.330839999999999862e-05
