1.872000000000000000e+03 0.000000000000000000e+00
1.877000000000000000e+03 2.308640000000000058e-06
1.882000000000000000e+03 1.830630000000000123e-05
1.887000000000000000e+03 4.391319999999999826e-05
1.892000000000000000e+03 6.452820000000000333e-05
1.897000000000000000e+03 7.659490000000000081e-05
1.902000000000000000e+03 8.213959999999999534e-05
1.907000000000000000e+03 8.537310000000000428e-05
1.912000000000000000e+03 8.891780000000000441e-05
1.917000000000000000e+03 9.265430000000000497e-05
1.922000000000000000e+03 9.631779999999999454e-05
1.927000000000000000e+03 9.980140000000000300e-05
1.932000000000000000e+03 1.024439999999999970e-04
1.937000000000000000e+03 1.040480000000000040e-04
1.942000000000000000e+03 1.044430000000000027e-04
1.947000000000000000e+03 1.036770000000000036e-04
1.952000000000000000e+03 1.021659999999999973e-04
1.957000000000000000e+03 1.000709999999999978e-04
1.962000000000000000e+03 9.786709999999999680e-05
1.967000000000000000e+03 9.575409999999999857e-05
1.972000000000000000e+03 9.437130000000000225e-05
1.977000000000000000e+03 9.421549999999999944e-05
1.982000000000000000e+03 9.528599999999999538e-05
1.987000000000000000e+03 9.790250000000000666e-05
1.992000000000000000e+03 1.013290000000000051e-04
1.997000000000000000e+03 1.054380000000000025e-04
2.002000000000000000e+03 1.092969999999999939e-04
2.007000000000000000e+03 1.121039999999999960e-04
2.012000000000000000e+03 1.136129999999999980e-04
2.017000000000000000e+03 1.128060000000000038e-04
2.022000000000000000e+03 1.101910000000000026e-04
2.027000000000000000e+03 1.048599999999999955e-04
2.032000000000000000e+03 9.795949999999999612e-05
2.037000000000000000e+03 8.950549999999999880e-05
2.042000000000000000e+03 8.046470000000000228e-05
2.047000000000000000e+03 7.153999999999999606e-05
2.052000000000000000e+03 6.309599999999999356e-05
2.057000000000000000e+03 5.611490000000000038e-05
2.062000000000000000e+03 5.042950000000000226e-05
2.067000000000000000e+03 4.684919999999999861e-05
2.072000000000000000e+03 4.490549999999999891e-05
2.077000000000000000e+03 4.496280000000000258e-05
2.082000000000000000e+03 4.650100000000000083e-05
2.087000000000000000e+03 4.939189999999999716e-05
2.092000000000000000e+03 5.319899999999999667e-05
2.097000000000000000e+03 5.736899999999999910e-05
2.102000000000000000e+03 6.161939999999999486e-05
2.107000000000000000e+03 6.532339999999999870e-05
2.112000000000000000e+03 6.831200000000000596e-05
2.117000000000000000e+03 6.982119999999999483e-05
2.122000000000000000e+03 6.974170000000000347e-05
2.127000000000000000e+03 6.782729999999999348e-05
2.132000000000000000e+03 6.414339999999999983e-05
2.137000000000000000e+03 5.949109999999999696e-05
2.142000000000000000e+03 5.416820000000000088e-05
2.147000000000000000e+03 4.881739999999999783e-05
2.152000000000000000e+03 4.366289999999999831e-05
2.157000000000000000e+03 3.893519999999999951e-05
2.162000000000000000e+03 3.481330000000000091e-05
2.167000000000000000e+03 3.141760000000000223e-05
2.172000000000000000e+03 2.899280000000000132e-05
2.177000000000000000e+03 2.709830000000000108e-05
2.182000000000000000e+03 2.568110000000000049e-05
2.187000000000000000e+03 2.450240000000000108e-05
2.192000000000000000e+03 2.352489999999999901e-05
2.197000000000000000e+03 2.269549999999999980e-05
2.202000000000000000e+03 2.205040000000000152e-05
2.207000000000000000e+03 2.145840000000000109e-05
2.212000000000000000e+03 2.083590000000000154e-05
2.217000000000000000e+03 2.021570000000000027e-05
2.222000000000000000e+03 1.963449999999999980e-05
2.227000000000000000e+03 1.905250000000000097e-05
2.232000000000000000e+03 1.842060000000000114e-05
2.237000000000000000e+03 1.777730000000000003e-05
2.242000000000000000e+03 1.717030000000000059e-05
2.247000000000000000e+03 1.656989999999999868e-05
2.252000000000000000e+03 1.592299999999999984e-05
2.257000000000000000e+03 1.526739999999999887e-05
2.262000000000000000e+03 1.468700000000000016e-05
2.267000000000000000e+03 1.420440000000000075e-05
2.272000000000000000e+03 1.391900000000000006e-05
2.277000000000000000e+03 1.378729999999999927e-05
2.282000000000000000e+03 1.375690000000000037e-05
2.287000000000000000e+03 1.378359999999999963e-05
2.292000000000000000e+03 1.379260000000000073e-05
2.297000000000000000e+03 1.374150000000000049e-05
2.302000000000000000e+03 1.349009999999999981e-05
2.307000000000000000e+03 1.306020000000000076e-05
2.312000000000000000e+03 1.268690000000000045e-05
2.317000000000000000e+03 1.242410000000000019e-05
2.322000000000000000e+03 1.227590000000000049e-05
2.327000000000000000e+03 1.224870000000000014e-05
2.332000000000000000e+03 1.226260000000000013e-05
2.337000000000000000e+03 1.228810000000000014e-05
2.342000000000000000e+03 1.230140000000000050e-05
2.347000000000000000e+03 1.228500000000000012e-05
2.352000000000000000e+03 1.218480000000000064e-05
2.357000000000000000e+03 1.196949999999999949e-05
2.362000000000000000e+03 1.176270000000000005e-05
2.367000000000000000e+03 1.161399999999999926e-05
2.372000000000000000e+03 1.151149999999999981e-05
2.377000000000000000e+03 1.148310000000000022e-05
2.382000000000000000e+03 1.148809999999999933e-05
2.387000000000000000e+03 1.150390000000000009e-05
2.392000000000000000e+03 1.150240000000000019e-05
2.397000000000000000e+03 1.145259999999999941e-05
2.402000000000000000e+03 1.127700000000000062e-05
2.407000000000000000e+03 1.085079999999999952e-05
2.412000000000000000e+03 1.036930000000000082e-05
2.417000000000000000e+03 9.975920000000000195e-06
2.422000000000000000e+03 9.621969999999999967e-06
2.427000000000000000e+03 9.316039999999999662e-06
2.432000000000000000e+03 9.116449999999999765e-06
2.437000000000000000e+03 9.124090000000000593e-06
2.442000000000000000e+03 9.228879999999999297e-06
2.447000000000000000e+03 9.338020000000000763e-06
2.452000000000000000e+03 9.408940000000000077e-06
2.457000000000000000e+03 9.334600000000000379e-06
2.462000000000000000e+03 9.197089999999999725e-06
2.467000000000000000e+03 9.198229999999999853e-06
2.472000000000000000e+03 9.321969999999999451e-06
2.477000000000000000e+03 9.505799999999999688e-06
2.482000000000000000e+03 9.781250000000000583e-06
2.487000000000000000e+03 1.025470000000000026e-05
2.492000000000000000e+03 1.088389999999999925e-05
2.497000000000000000e+03 1.152040000000000069e-05
2.502000000000000000e+03 1.212869999999999960e-05
2.507000000000000000e+03 1.259529999999999950e-05
2.512000000000000000e+03 1.286869999999999929e-05
2.517000000000000000e+03 1.303460000000000053e-05
2.522000000000000000e+03 1.310829999999999950e-05
2.527000000000000000e+03 1.314260000000000017e-05
2.532000000000000000e+03 1.316520000000000060e-05
2.537000000000000000e+03 1.318319999999999941e-05
2.542000000000000000e+03 1.320089999999999926e-05
2.547000000000000000e+03 1.321860000000000080e-05
2.552000000000000000e+03 1.323639999999999917e-05
2.557000000000000000e+03 1.325400000000000050e-05
2.562000000000000000e+03 1.327349999999999921e-05
2.567000000000000000e+03 1.331900000000000072e-05
2.572000000000000000e+03 1.341860000000000058e-05
2.577000000000000000e+03 1.367810000000000038e-05
2.582000000000000000e+03 1.421260000000000009e-05
2.587000000000000000e+03 1.485080000000000018e-05
2.592000000000000000e+03 1.555140000000000157e-05
2.597000000000000000e+03 1.633280000000000056e-05
2.602000000000000000e+03 1.718730000000000060e-05
2.607000000000000000e+03 1.803149999999999838e-05
2.612000000000000000e+03 1.882909999999999901e-05
2.617000000000000000e+03 1.966979999999999927e-05
2.622000000000000000e+03 2.063290000000000027e-05
2.627000000000000000e+03 2.178730000000000060e-05
2.632000000000000000e+03 2.332269999999999949e-05
2.637000000000000000e+03 2.518939999999999976e-05
2.642000000000000000e+03 2.740530000000000001e-05
2.647000000000000000e+03 2.988240000000000040e-05
2.652000000000000000e+03 3.253399999999999717e-05
2.657000000000000000e+03 3.535190000000000283e-05
2.662000000000000000e+03 3.840540000000000333e-05
2.667000000000000000e+03 4.176680000000000133e-05
2.672000000000000000e+03 4.564470000000000024e-05
2.677000000000000000e+03 5.011569999999999859e-05
2.682000000000000000e+03 5.521560000000000037e-05
2.687000000000000000e+03 6.110420000000000359e-05
2.692000000000000000e+03 6.800780000000000301e-05
2.697000000000000000e+03 7.613600000000000424e-05
2.702000000000000000e+03 8.572940000000000627e-05
2.707000000000000000e+03 9.714699999999999670e-05
2.712000000000000000e+03 1.105080000000000065e-04
2.717000000000000000e+03 1.262860000000000035e-04
2.722000000000000000e+03 1.445130000000000036e-04
2.727000000000000000e+03 1.658289999999999873e-04
2.732000000000000000e+03 1.904180000000000054e-04
2.737000000000000000e+03 2.192220000000000095e-04
2.742000000000000000e+03 2.524119999999999814e-04
2.747000000000000000e+03 2.914640000000000134e-04
2.752000000000000000e+03 3.368639999999999786e-04
2.757000000000000000e+03 4.041250000000000246e-04
2.762000000000000000e+03 5.457119999999999549e-04
2.767000000000000000e+03 7.104049999999999991e-04
2.772000000000000000e+03 8.958549999999999803e-04
2.777000000000000000e+03 1.125829999999999973e-03
2.782000000000000000e+03 1.622640000000000063e-03
2.787000000000000000e+03 2.479750000000000183e-03
2.792000000000000000e+03 3.559679999999999962e-03
2.797000000000000000e+03 4.741979999999999806e-03
2.802000000000000000e+03 6.201400000000000141e-03
2.807000000000000000e+03 8.110630000000000617e-03
2.812000000000000000e+03 1.040609999999999973e-02
2.817000000000000000e+03 1.306850000000000026e-02
2.822000000000000000e+03 1.606700000000000142e-02
2.827000000000000000e+03 1.946610000000000007e-02
2.832000000000000000e+03 2.316910000000000150e-02
2.837000000000000000e+03 2.716510000000000105e-02
2.842000000000000000e+03 3.147640000000000160e-02
2.847000000000000000e+03 3.619780000000000220e-02
2.852000000000000000e+03 4.126660000000000050e-02
2.857000000000000000e+03 4.670490000000000058e-02
2.862000000000000000e+03 5.262250000000000261e-02
2.867000000000000000e+03 5.897779999999999689e-02
2.872000000000000000e+03 6.578539999999999388e-02
2.877000000000000000e+03 7.297230000000000383e-02
2.882000000000000000e+03 8.056900000000000173e-02
2.887000000000000000e+03 8.840339999999999310e-02
2.892000000000000000e+03 9.645890000000000020e-02
2.897000000000000000e+03 1.046779999999999933e-01
2.902000000000000000e+03 1.130219999999999975e-01
2.907000000000000000e+03 1.213980000000000059e-01
2.912000000000000000e+03 1.297619999999999885e-01
2.917000000000000000e+03 1.379549999999999943e-01
2.922000000000000000e+03 1.458530000000000104e-01
2.927000000000000000e+03 1.533640000000000003e-01
2.932000000000000000e+03 1.603999999999999870e-01
2.937000000000000000e+03 1.669869999999999965e-01
2.942000000000000000e+03 1.730119999999999991e-01
2.947000000000000000e+03 1.784530000000000005e-01
2.952000000000000000e+03 1.831109999999999960e-01
2.957000000000000000e+03 1.871180000000000065e-01
2.962000000000000000e+03 1.903169999999999862e-01
2.967000000000000000e+03 1.929720000000000046e-01
2.972000000000000000e+03 1.950409999999999922e-01
2.977000000000000000e+03 1.967170000000000030e-01
2.982000000000000000e+03 1.979559999999999931e-01
2.987000000000000000e+03 1.988880000000000092e-01
2.992000000000000000e+03 1.995939999999999936e-01
2.997000000000000000e+03 2.001709999999999878e-01
3.002000000000000000e+03 2.006989999999999885e-01
3.007000000000000000e+03 2.012299999999999922e-01
3.012000000000000000e+03 2.018860000000000099e-01
3.017000000000000000e+03 2.027100000000000013e-01
3.022000000000000000e+03 2.036139999999999894e-01
3.027000000000000000e+03 2.045820000000000138e-01
3.032000000000000000e+03 2.055379999999999985e-01
3.037000000000000000e+03 2.064850000000000019e-01
3.042000000000000000e+03 2.074300000000000033e-01
3.047000000000000000e+03 2.083699999999999997e-01
3.052000000000000000e+03 2.093109999999999971e-01
3.057000000000000000e+03 2.103240000000000109e-01
3.062000000000000000e+03 2.114040000000000086e-01
3.067000000000000000e+03 2.125720000000000109e-01
3.072000000000000000e+03 2.138180000000000081e-01
3.077000000000000000e+03 2.151980000000000004e-01
3.082000000000000000e+03 2.167860000000000065e-01
3.087000000000000000e+03 2.187489999999999990e-01
3.092000000000000000e+03 2.212590000000000112e-01
3.097000000000000000e+03 2.245850000000000068e-01
3.102000000000000000e+03 2.291890000000000038e-01
3.107000000000000000e+03 2.359779999999999933e-01
3.112000000000000000e+03 2.457439999999999902e-01
3.117000000000000000e+03 2.611280000000000268e-01
3.122000000000000000e+03 2.829070000000000196e-01
3.127000000000000000e+03 3.153799999999999937e-01
3.132000000000000000e+03 3.580229999999999801e-01
3.137000000000000000e+03 4.141480000000000161e-01
3.142000000000000000e+03 4.814840000000000231e-01
3.147000000000000000e+03 5.585630000000000317e-01
3.152000000000000000e+03 6.402879999999999683e-01
3.157000000000000000e+03 7.215479999999999672e-01
3.162000000000000000e+03 7.952690000000000037e-01
3.167000000000000000e+03 8.577059999999999684e-01
3.172000000000000000e+03 9.038540000000000463e-01
3.177000000000000000e+03 9.380319999999999769e-01
3.182000000000000000e+03 9.569919999999999538e-01
3.187000000000000000e+03 9.685009999999999453e-01
3.192000000000000000e+03 9.735859999999999514e-01
3.197000000000000000e+03 9.784800000000000164e-01
3.202000000000000000e+03 9.828230000000000022e-01
3.207000000000000000e+03 9.876230000000000286e-01
3.212000000000000000e+03 9.927650000000000086e-01
3.217000000000000000e+03 9.971950000000000536e-01
3.222000000000000000e+03 9.996129999999999738e-01
3.227000000000000000e+03 1.000000000000000000e+00
3.232000000000000000e+03 9.971389999999999976e-01
3.237000000000000000e+03 9.937150000000000150e-01
3.242000000000000000e+03 9.906390000000000473e-01
3.247000000000000000e+03 9.882189999999999586e-01
3.252000000000000000e+03 9.862870000000000248e-01
3.257000000000000000e+03 9.850440000000000307e-01
3.262000000000000000e+03 9.818029999999999813e-01
3.267000000000000000e+03 9.751180000000000403e-01
3.272000000000000000e+03 9.597689999999999833e-01
3.277000000000000000e+03 9.355759999999999632e-01
3.282000000000000000e+03 8.965840000000000476e-01
3.287000000000000000e+03 8.445179999999999909e-01
3.292000000000000000e+03 7.785870000000000291e-01
3.297000000000000000e+03 7.030229999999999535e-01
3.302000000000000000e+03 6.249040000000000150e-01
3.307000000000000000e+03 5.454080000000000039e-01
3.312000000000000000e+03 4.737049999999999872e-01
3.317000000000000000e+03 4.119760000000000089e-01
3.322000000000000000e+03 3.616619999999999835e-01
3.327000000000000000e+03 3.251330000000000053e-01
3.332000000000000000e+03 2.974450000000000149e-01
3.337000000000000000e+03 2.796989999999999754e-01
3.342000000000000000e+03 2.669429999999999858e-01
3.347000000000000000e+03 2.581609999999999738e-01
3.352000000000000000e+03 2.515669999999999851e-01
3.357000000000000000e+03 2.469109999999999916e-01
3.362000000000000000e+03 2.432940000000000103e-01
3.367000000000000000e+03 2.404300000000000048e-01
3.372000000000000000e+03 2.377819999999999934e-01
3.377000000000000000e+03 2.351350000000000107e-01
3.382000000000000000e+03 2.326650000000000107e-01
3.387000000000000000e+03 2.305929999999999924e-01
3.392000000000000000e+03 2.285399999999999932e-01
3.397000000000000000e+03 2.264649999999999996e-01
3.402000000000000000e+03 2.244379999999999986e-01
3.407000000000000000e+03 2.223680000000000101e-01
3.412000000000000000e+03 2.202689999999999926e-01
3.417000000000000000e+03 2.181170000000000053e-01
3.422000000000000000e+03 2.158930000000000016e-01
3.427000000000000000e+03 2.135430000000000106e-01
3.432000000000000000e+03 2.109900000000000109e-01
3.437000000000000000e+03 2.082289999999999974e-01
3.442000000000000000e+03 2.051330000000000098e-01
3.447000000000000000e+03 2.017990000000000061e-01
3.452000000000000000e+03 1.981110000000000093e-01
3.457000000000000000e+03 1.942139999999999977e-01
3.462000000000000000e+03 1.900650000000000117e-01
3.467000000000000000e+03 1.858219999999999872e-01
3.472000000000000000e+03 1.814479999999999982e-01
3.477000000000000000e+03 1.770859999999999934e-01
3.482000000000000000e+03 1.727029999999999954e-01
3.487000000000000000e+03 1.683610000000000106e-01
3.492000000000000000e+03 1.639950000000000019e-01
3.497000000000000000e+03 1.594180000000000041e-01
3.502000000000000000e+03 1.544780000000000042e-01
3.507000000000000000e+03 1.487970000000000126e-01
3.512000000000000000e+03 1.426050000000000095e-01
3.517000000000000000e+03 1.356120000000000103e-01
3.522000000000000000e+03 1.280219999999999969e-01
3.527000000000000000e+03 1.197779999999999956e-01
3.532000000000000000e+03 1.111869999999999942e-01
3.537000000000000000e+03 1.023889999999999939e-01
3.542000000000000000e+03 9.340379999999999516e-02
3.547000000000000000e+03 8.435800000000000243e-02
3.552000000000000000e+03 7.539669999999999705e-02
3.557000000000000000e+03 6.670940000000000203e-02
3.562000000000000000e+03 5.843550000000000133e-02
3.567000000000000000e+03 5.072519999999999807e-02
3.572000000000000000e+03 4.371959999999999735e-02
3.577000000000000000e+03 3.740160000000000012e-02
3.582000000000000000e+03 3.187849999999999712e-02
3.587000000000000000e+03 2.695890000000000092e-02
3.592000000000000000e+03 2.278339999999999879e-02
3.597000000000000000e+03 1.913429999999999992e-02
3.602000000000000000e+03 1.613159999999999941e-02
3.607000000000000000e+03 1.352860000000000000e-02
3.612000000000000000e+03 1.142250000000000036e-02
3.617000000000000000e+03 9.599639999999999562e-03
3.622000000000000000e+03 8.136209999999999623e-03
3.627000000000000000e+03 6.869450000000000035e-03
3.632000000000000000e+03 5.855830000000000236e-03
3.637000000000000000e+03 4.975049999999999958e-03
3.642000000000000000e+03 4.269079999999999750e-03
3.647000000000000000e+03 3.655980000000000080e-03
3.652000000000000000e+03 3.155160000000000169e-03
3.657000000000000000e+03 2.682229999999999857e-03
3.662000000000000000e+03 2.286369999999999809e-03
3.667000000000000000e+03 1.972820000000000129e-03
3.672000000000000000e+03 1.716419999999999968e-03
3.677000000000000000e+03 1.492140000000000090e-03
3.682000000000000000e+03 1.266119999999999919e-03
3.687000000000000000e+03 9.689969999999999790e-04
3.692000000000000000e+03 6.086969999999999490e-04
3.697000000000000000e+03 3.492740000000000037e-04
3.702000000000000000e+03 2.767879999999999798e-04
3.707000000000000000e+03 2.570329999999999902e-04
3.712000000000000000e+03 2.390460000000000013e-04
3.717000000000000000e+03 2.228130000000000095e-04
3.722000000000000000e+03 2.079139999999999884e-04
3.727000000000000000e+03 1.884669999999999965e-04
3.732000000000000000e+03 1.610070000000000121e-04
3.737000000000000000e+03 1.385799999999999912e-04
3.742000000000000000e+03 1.187559999999999994e-04
3.747000000000000000e+03 9.765430000000000453e-05
3.752000000000000000e+03 8.226430000000000450e-05
3.757000000000000000e+03 6.012249999999999908e-05
3.762000000000000000e+03 4.382570000000000291e-05
3.767000000000000000e+03 4.181690000000000277e-05
3.772000000000000000e+03 4.112859999999999785e-05
3.777000000000000000e+03 4.050850000000000018e-05
3.782000000000000000e+03 3.995030000000000271e-05
3.787000000000000000e+03 3.946470000000000181e-05
3.792000000000000000e+03 3.904889999999999810e-05
3.797000000000000000e+03 3.873739999999999947e-05
3.802000000000000000e+03 3.849500000000000328e-05
3.807000000000000000e+03 3.839719999999999890e-05
3.812000000000000000e+03 3.841299999999999966e-05
3.817000000000000000e+03 3.858970000000000087e-05
3.822000000000000000e+03 3.884749999999999694e-05
3.827000000000000000e+03 3.914330000000000180e-05
3.832000000000000000e+03 3.938140000000000211e-05
3.837000000000000000e+03 3.951400000000000149e-05
3.842000000000000000e+03 3.962160000000000025e-05
3.847000000000000000e+03 3.965560000000000027e-05
3.852000000000000000e+03 3.962500000000000093e-05
3.857000000000000000e+03 3.954820000000000194e-05
3.862000000000000000e+03 3.944680000000000322e-05
3.867000000000000000e+03 3.933870000000000335e-05
3.872000000000000000e+03 3.922549999999999908e-05
3.877000000000000000e+03 3.903949999999999781e-05
3.882000000000000000e+03 3.871479999999999735e-05
3.887000000000000000e+03 3.789220000000000289e-05
3.892000000000000000e+03 3.639379999999999704e-05
3.897000000000000000e+03 3.426980000000000179e-05
3.902000000000000000e+03 3.253600000000000155e-05
3.907000000000000000e+03 3.171599999999999924e-05
3.912000000000000000e+03 3.094500000000000272e-05
3.917000000000000000e+03 3.057990000000000176e-05
3.922000000000000000e+03 3.118190000000000040e-05
3.927000000000000000e+03 3.274900000000000104e-05
3.932000000000000000e+03 3.496270000000000324e-05
3.937000000000000000e+03 3.724870000000000134e-05
3.942000000000000000e+03 3.940630000000000250e-05
3.947000000000000000e+03 4.104209999999999792e-05
3.952000000000000000e+03 4.229220000000000142e-05
3.957000000000000000e+03 4.328490000000000294e-05
3.962000000000000000e+03 4.390429999999999908e-05
3.967000000000000000e+03 4.440540000000000009e-05
3.972000000000000000e+03 4.474469999999999869e-05
3.977000000000000000e+03 4.503630000000000111e-05
3.982000000000000000e+03 4.538739999999999848e-05
3.987000000000000000e+03 4.584280000000000093e-05
3.992000000000000000e+03 4.646380000000000058e-05
3.997000000000000000e+03 4.718659999999999982e-05
4.002000000000000000e+03 4.797480000000000017e-05
4.007000000000000000e+03 4.871889999999999869e-05
4.012000000000000000e+03 4.936680000000000311e-05
4.017000000000000000e+03 4.999739999999999670e-05
4.022000000000000000e+03 5.059370000000000317e-05
4.027000000000000000e+03 5.120480000000000143e-05
4.032000000000000000e+03 5.184180000000000228e-05
4.037000000000000000e+03 5.241229999999999961e-05
4.042000000000000000e+03 5.291650000000000065e-05
4.047000000000000000e+03 5.340999999999999855e-05
4.052000000000000000e+03 5.387369999999999887e-05
4.057000000000000000e+03 5.435609999999999953e-05
4.062000000000000000e+03 5.480299999999999690e-05
4.067000000000000000e+03 5.510180000000000156e-05
4.072000000000000000e+03 5.521529999999999971e-05
4.077000000000000000e+03 5.529370000000000221e-05
4.082000000000000000e+03 5.539610000000000313e-05
4.087000000000000000e+03 5.554469999999999693e-05
4.092000000000000000e+03 5.587229999999999698e-05
4.097000000000000000e+03 5.626110000000000247e-05
4.102000000000000000e+03 5.676019999999999910e-05
4.107000000000000000e+03 5.741469999999999766e-05
4.112000000000000000e+03 5.814979999999999677e-05
4.117000000000000000e+03 5.892540000000000337e-05
4.122000000000000000e+03 5.961930000000000024e-05
4.127000000000000000e+03 6.021419999999999686e-05
4.132000000000000000e+03 6.069399999999999860e-05
4.137000000000000000e+03 6.110360000000000227e-05
4.142000000000000000e+03 6.152380000000000208e-05
4.147000000000000000e+03 6.194730000000000234e-05
4.152000000000000000e+03 6.234549999999999456e-05
4.157000000000000000e+03 6.257679999999999352e-05
4.162000000000000000e+03 6.259819999999999978e-05
4.167000000000000000e+03 6.250709999999999654e-05
4.172000000000000000e+03 6.251980000000000406e-05
4.177000000000000000e+03 6.268760000000000608e-05
4.182000000000000000e+03 6.290749999999999359e-05
4.187000000000000000e+03 6.319690000000000474e-05
4.192000000000000000e+03 6.274990000000000038e-05
4.197000000000000000e+03 5.725600000000000204e-05
4.202000000000000000e+03 4.675289999999999752e-05
4.207000000000000000e+03 3.298519999999999718e-05
4.212000000000000000e+03 2.295830000000000006e-05
4.217000000000000000e+03 1.818590000000000151e-05
4.222000000000000000e+03 1.099580000000000067e-05
4.227000000000000000e+03 5.163240000000000222e-06
4.232000000000000000e+03 1.876020000000000039e-06
4.237000000000000000e+03 3.822800000000000323e-08
