3.747500000000000000e+03 0.000000000000000000e+00
3.755500000000000000e+03 3.240010000000000172e-07
3.763500000000000000e+03 1.097039999999999918e-05
3.771500000000000000e+03 3.526410000000000005e-05
3.779500000000000000e+03 5.417589999999999743e-05
3.787500000000000000e+03 5.919769999999999736e-05
3.795500000000000000e+03 6.152190000000000469e-05
3.803500000000000000e+03 7.343830000000000464e-05
3.811500000000000000e+03 8.877730000000000126e-05
3.819500000000000000e+03 9.423650000000000483e-05
3.827500000000000000e+03 9.546960000000000494e-05
3.835500000000000000e+03 9.700100000000000183e-05
3.843500000000000000e+03 9.860169999999999482e-05
3.851500000000000000e+03 1.007960000000000019e-04
3.859500000000000000e+03 1.037620000000000003e-04
3.867500000000000000e+03 1.062079999999999969e-04
3.875500000000000000e+03 1.076950000000000048e-04
3.883500000000000000e+03 1.096579999999999994e-04
3.891500000000000000e+03 1.123300000000000036e-04
3.899500000000000000e+03 1.143940000000000028e-04
3.907500000000000000e+03 1.149640000000000059e-04
3.915500000000000000e+03 1.151319999999999948e-04
3.923500000000000000e+03 1.156889999999999964e-04
3.931500000000000000e+03 1.161360000000000007e-04
3.939500000000000000e+03 1.160589999999999945e-04
3.947500000000000000e+03 1.158179999999999946e-04
3.955500000000000000e+03 1.156920000000000030e-04
3.963500000000000000e+03 1.161949999999999946e-04
3.971500000000000000e+03 1.178610000000000020e-04
3.979500000000000000e+03 1.205880000000000049e-04
3.987500000000000000e+03 1.238669999999999984e-04
3.995500000000000000e+03 1.270269999999999884e-04
4.003500000000000000e+03 1.298369999999999971e-04
4.011500000000000000e+03 1.328570000000000055e-04
4.019500000000000000e+03 1.361160000000000093e-04
4.027500000000000000e+03 1.398539999999999929e-04
4.035500000000000000e+03 1.432190000000000123e-04
4.043500000000000000e+03 1.452699999999999966e-04
4.051500000000000000e+03 1.463539999999999882e-04
4.059500000000000000e+03 1.471379999999999997e-04
4.067500000000000000e+03 1.484520000000000078e-04
4.075500000000000000e+03 1.503180000000000065e-04
4.083500000000000000e+03 1.529090000000000093e-04
4.091500000000000000e+03 1.563290000000000003e-04
4.099500000000000000e+03 1.602449999999999946e-04
4.107500000000000000e+03 1.645680000000000005e-04
4.115500000000000000e+03 1.697439999999999930e-04
4.123500000000000000e+03 1.753740000000000051e-04
4.131500000000000000e+03 1.807830000000000071e-04
4.139500000000000000e+03 1.847890000000000090e-04
4.147500000000000000e+03 1.876570000000000093e-04
4.155500000000000000e+03 1.898140000000000092e-04
4.163500000000000000e+03 1.918269999999999914e-04
4.171500000000000000e+03 1.944389999999999996e-04
4.179500000000000000e+03 1.978480000000000071e-04
4.187500000000000000e+03 2.012620000000000121e-04
4.195500000000000000e+03 2.045829999999999893e-04
4.203500000000000000e+03 2.077969999999999893e-04
4.211500000000000000e+03 2.116979999999999914e-04
4.219500000000000000e+03 2.166229999999999892e-04
4.227500000000000000e+03 2.224670000000000098e-04
4.235500000000000000e+03 2.290009999999999984e-04
4.243500000000000000e+03 2.354219999999999967e-04
4.251500000000000000e+03 2.414279999999999931e-04
4.259500000000000000e+03 2.470770000000000063e-04
4.267500000000000000e+03 2.534360000000000042e-04
4.275500000000000000e+03 2.617690000000000208e-04
4.283500000000000000e+03 2.706900000000000256e-04
4.291500000000000000e+03 2.785999999999999957e-04
4.299500000000000000e+03 2.857830000000000114e-04
4.307500000000000000e+03 2.932139999999999747e-04
4.315500000000000000e+03 3.013870000000000199e-04
4.323500000000000000e+03 3.094330000000000171e-04
4.331500000000000000e+03 3.160060000000000234e-04
4.339500000000000000e+03 3.222130000000000133e-04
4.347500000000000000e+03 3.293740000000000079e-04
4.355500000000000000e+03 3.377429999999999950e-04
4.363500000000000000e+03 3.467270000000000161e-04
4.371500000000000000e+03 3.558459999999999943e-04
4.379500000000000000e+03 3.631649999999999831e-04
4.387500000000000000e+03 3.585360000000000109e-04
4.395500000000000000e+03 3.446319999999999896e-04
4.403500000000000000e+03 3.356090000000000050e-04
4.411500000000000000e+03 3.387339999999999861e-04
4.419500000000000000e+03 3.510230000000000034e-04
4.427500000000000000e+03 3.707140000000000153e-04
4.435500000000000000e+03 3.940379999999999838e-04
4.443500000000000000e+03 4.225550000000000226e-04
4.451500000000000000e+03 4.536760000000000250e-04
4.459500000000000000e+03 4.820199999999999962e-04
4.467500000000000000e+03 5.132210000000000114e-04
4.475500000000000000e+03 5.503090000000000195e-04
4.483500000000000000e+03 5.925060000000000222e-04
4.491500000000000000e+03 6.326209999999999863e-04
4.499500000000000000e+03 6.727239999999999782e-04
4.507500000000000000e+03 7.135789999999999928e-04
4.515500000000000000e+03 7.580030000000000405e-04
4.523500000000000000e+03 8.064650000000000247e-04
4.531500000000000000e+03 8.633430000000000314e-04
4.539500000000000000e+03 9.462319999999999759e-04
4.547500000000000000e+03 1.101329999999999974e-03
4.555500000000000000e+03 1.291830000000000105e-03
4.563500000000000000e+03 1.491410000000000088e-03
4.571500000000000000e+03 1.718169999999999984e-03
4.579500000000000000e+03 1.986369999999999889e-03
4.587500000000000000e+03 2.323640000000000080e-03
4.595500000000000000e+03 2.742769999999999844e-03
4.603500000000000000e+03 3.228579999999999992e-03
4.611500000000000000e+03 3.839690000000000204e-03
4.619500000000000000e+03 4.555639999999999690e-03
4.627500000000000000e+03 5.270679999999999810e-03
4.635500000000000000e+03 6.025270000000000105e-03
4.643500000000000000e+03 6.893800000000000275e-03
4.651500000000000000e+03 7.932959999999999318e-03
4.659500000000000000e+03 9.202719999999999304e-03
4.667500000000000000e+03 1.074270000000000086e-02
4.675500000000000000e+03 1.265999999999999938e-02
4.683500000000000000e+03 1.496469999999999918e-02
4.691500000000000000e+03 1.782979999999999982e-02
4.699500000000000000e+03 2.132210000000000008e-02
4.707500000000000000e+03 2.580249999999999905e-02
4.715500000000000000e+03 3.161280000000000340e-02
4.723500000000000000e+03 3.935720000000000190e-02
4.731500000000000000e+03 4.966919999999999669e-02
4.739500000000000000e+03 6.282770000000000021e-02
4.747500000000000000e+03 7.968649999999999345e-02
4.755500000000000000e+03 9.987530000000000019e-02
4.763500000000000000e+03 1.239510000000000056e-01
4.771500000000000000e+03 1.513480000000000103e-01
4.779500000000000000e+03 1.820839999999999959e-01
4.787500000000000000e+03 2.160360000000000058e-01
4.795500000000000000e+03 2.527300000000000102e-01
4.803500000000000000e+03 2.924209999999999865e-01
4.811500000000000000e+03 3.344770000000000243e-01
4.819500000000000000e+03 3.783739999999999881e-01
4.827500000000000000e+03 4.238569999999999838e-01
4.835500000000000000e+03 4.686969999999999748e-01
4.843500000000000000e+03 5.132799999999999585e-01
4.851500000000000000e+03 5.561859999999999582e-01
4.859500000000000000e+03 5.986609999999999987e-01
4.867500000000000000e+03 6.381970000000000143e-01
4.875500000000000000e+03 6.754369999999999541e-01
4.883500000000000000e+03 7.082490000000000174e-01
4.891500000000000000e+03 7.369320000000000315e-01
4.899500000000000000e+03 7.633199999999999985e-01
4.907500000000000000e+03 7.879030000000000200e-01
4.915500000000000000e+03 8.122979999999999645e-01
4.923500000000000000e+03 8.355099999999999749e-01
4.931500000000000000e+03 8.572950000000000292e-01
4.939500000000000000e+03 8.767829999999999790e-01
4.947500000000000000e+03 8.925130000000000008e-01
4.955500000000000000e+03 9.060909999999999798e-01
4.963500000000000000e+03 9.169960000000000333e-01
4.971500000000000000e+03 9.263099999999999667e-01
4.979500000000000000e+03 9.362460000000000226e-01
4.987500000000000000e+03 9.435090000000000421e-01
4.995500000000000000e+03 9.467200000000000060e-01
5.003500000000000000e+03 9.484299999999999953e-01
5.011500000000000000e+03 9.474920000000000009e-01
5.019500000000000000e+03 9.484590000000000520e-01
5.027500000000000000e+03 9.525789999999999536e-01
5.035500000000000000e+03 9.583429999999999449e-01
5.043500000000000000e+03 9.660750000000000171e-01
5.051500000000000000e+03 9.730529999999999458e-01
5.059500000000000000e+03 9.808689999999999909e-01
5.067500000000000000e+03 9.863939999999999930e-01
5.075500000000000000e+03 9.922530000000000516e-01
5.083500000000000000e+03 9.961020000000000429e-01
5.091500000000000000e+03 9.986699999999999466e-01
5.099500000000000000e+03 1.000000000000000000e+00
5.107500000000000000e+03 9.986530000000000129e-01
5.115500000000000000e+03 9.966409999999999991e-01
5.123500000000000000e+03 9.925789999999999891e-01
5.131500000000000000e+03 9.886049999999999560e-01
5.139500000000000000e+03 9.835549999999999571e-01
5.147500000000000000e+03 9.773269999999999458e-01
5.155500000000000000e+03 9.695219999999999949e-01
5.163500000000000000e+03 9.600159999999999805e-01
5.171500000000000000e+03 9.503599999999999826e-01
5.179500000000000000e+03 9.400760000000000227e-01
5.187500000000000000e+03 9.296889999999999876e-01
5.195500000000000000e+03 9.197060000000000235e-01
5.203500000000000000e+03 9.110270000000000312e-01
5.211500000000000000e+03 9.041029999999999900e-01
5.219500000000000000e+03 8.984950000000000436e-01
5.227500000000000000e+03 8.937000000000000499e-01
5.235500000000000000e+03 8.869899999999999451e-01
5.243500000000000000e+03 8.754929999999999657e-01
5.251500000000000000e+03 8.609430000000000138e-01
5.259500000000000000e+03 8.432659999999999600e-01
5.267500000000000000e+03 8.263319999999999554e-01
5.275500000000000000e+03 8.102380000000000138e-01
5.283500000000000000e+03 7.939000000000000501e-01
5.291500000000000000e+03 7.782569999999999766e-01
5.299500000000000000e+03 7.600080000000000169e-01
5.307500000000000000e+03 7.420989999999999531e-01
5.315500000000000000e+03 7.262849999999999584e-01
5.323500000000000000e+03 7.133070000000000244e-01
5.331500000000000000e+03 7.030450000000000310e-01
5.339500000000000000e+03 6.921540000000000470e-01
5.347500000000000000e+03 6.808670000000000000e-01
5.355500000000000000e+03 6.702179999999999804e-01
5.363500000000000000e+03 6.598789999999999933e-01
5.371500000000000000e+03 6.478129999999999722e-01
5.379500000000000000e+03 6.345399999999999929e-01
5.387500000000000000e+03 6.186139999999999972e-01
5.395500000000000000e+03 6.023950000000000138e-01
5.403500000000000000e+03 5.868200000000000083e-01
5.411500000000000000e+03 5.741500000000000492e-01
5.419500000000000000e+03 5.645219999999999683e-01
5.427500000000000000e+03 5.588450000000000362e-01
5.435500000000000000e+03 5.550829999999999931e-01
5.443500000000000000e+03 5.508150000000000546e-01
5.451500000000000000e+03 5.450580000000000425e-01
5.459500000000000000e+03 5.360859999999999514e-01
5.467500000000000000e+03 5.264109999999999623e-01
5.475500000000000000e+03 5.183499999999999774e-01
5.483500000000000000e+03 5.125330000000000163e-01
5.491500000000000000e+03 5.064619999999999678e-01
5.499500000000000000e+03 4.961619999999999919e-01
5.507500000000000000e+03 4.815490000000000048e-01
5.515500000000000000e+03 4.614159999999999928e-01
5.523500000000000000e+03 4.394060000000000188e-01
5.531500000000000000e+03 4.189780000000000171e-01
5.539500000000000000e+03 4.005400000000000071e-01
5.547500000000000000e+03 3.849949999999999761e-01
5.555500000000000000e+03 3.710359999999999769e-01
5.563500000000000000e+03 3.597099999999999742e-01
5.571500000000000000e+03 3.482390000000000208e-01
5.579500000000000000e+03 3.370099999999999763e-01
5.587500000000000000e+03 3.245839999999999836e-01
5.595500000000000000e+03 3.124819999999999820e-01
5.603500000000000000e+03 3.008430000000000271e-01
5.611500000000000000e+03 2.899229999999999863e-01
5.619500000000000000e+03 2.793570000000000220e-01
5.627500000000000000e+03 2.684679999999999844e-01
5.635500000000000000e+03 2.564460000000000073e-01
5.643500000000000000e+03 2.445620000000000016e-01
5.651500000000000000e+03 2.327929999999999999e-01
5.659500000000000000e+03 2.218320000000000014e-01
5.667500000000000000e+03 2.107630000000000059e-01
5.675500000000000000e+03 1.991930000000000089e-01
5.683500000000000000e+03 1.869119999999999948e-01
5.691500000000000000e+03 1.740379999999999983e-01
5.699500000000000000e+03 1.609279999999999877e-01
5.707500000000000000e+03 1.482860000000000011e-01
5.715500000000000000e+03 1.361040000000000028e-01
5.723500000000000000e+03 1.247950000000000031e-01
5.731500000000000000e+03 1.141550000000000065e-01
5.739500000000000000e+03 1.046699999999999992e-01
5.747500000000000000e+03 9.587089999999999501e-02
5.755500000000000000e+03 8.809129999999999738e-02
5.763500000000000000e+03 8.106439999999999479e-02
5.771500000000000000e+03 7.494470000000000298e-02
5.779500000000000000e+03 6.940670000000000173e-02
5.787500000000000000e+03 6.447529999999999928e-02
5.795500000000000000e+03 5.998669999999999697e-02
5.803500000000000000e+03 5.589510000000000312e-02
5.811500000000000000e+03 5.212289999999999979e-02
5.819500000000000000e+03 4.858389999999999931e-02
5.827500000000000000e+03 4.525760000000000199e-02
5.835500000000000000e+03 4.202650000000000136e-02
5.843500000000000000e+03 3.891410000000000008e-02
5.851500000000000000e+03 3.587370000000000142e-02
5.859500000000000000e+03 3.291680000000000300e-02
5.867500000000000000e+03 2.999850000000000086e-02
5.875500000000000000e+03 2.713170000000000165e-02
5.883500000000000000e+03 2.431149999999999978e-02
5.891500000000000000e+03 2.164349999999999954e-02
5.899500000000000000e+03 1.892109999999999972e-02
5.907500000000000000e+03 1.554080000000000045e-02
5.915500000000000000e+03 1.211540000000000013e-02
5.923500000000000000e+03 9.323319999999999524e-03
5.931500000000000000e+03 7.389459999999999605e-03
5.939500000000000000e+03 6.283119999999999677e-03
5.947500000000000000e+03 5.282760000000000060e-03
5.955500000000000000e+03 4.244999999999999642e-03
5.963500000000000000e+03 2.992659999999999852e-03
5.971500000000000000e+03 1.419090000000000022e-03
5.979500000000000000e+03 3.087170000000000192e-04
5.987500000000000000e+03 5.571799999999999746e-05
5.995500000000000000e+03 5.127030000000000275e-05
6.003500000000000000e+03 5.234810000000000114e-05
6.011500000000000000e+03 5.312390000000000140e-05
6.019500000000000000e+03 5.031470000000000126e-05
6.027500000000000000e+03 4.560079999999999884e-05
6.035500000000000000e+03 3.968360000000000068e-05
6.043500000000000000e+03 3.379760000000000316e-05
6.051500000000000000e+03 2.974139999999999954e-05
6.059500000000000000e+03 2.644490000000000154e-05
6.067500000000000000e+03 2.666489999999999944e-05
6.075500000000000000e+03 2.800850000000000128e-05
6.083500000000000000e+03 2.931339999999999957e-05
6.091500000000000000e+03 2.782730000000000037e-05
6.099500000000000000e+03 2.347989999999999859e-05
6.107500000000000000e+03 1.774479999999999992e-05
6.115500000000000000e+03 1.096700000000000020e-05
6.123500000000000000e+03 4.740889999999999937e-06
6.131500000000000000e+03 7.373430000000000401e-07
