3.571500000000000000e+03 0.000000000000000000e+00
3.579500000000000000e+03 2.406949999999999924e-08
3.587500000000000000e+03 9.467940000000000274e-07
3.595500000000000000e+03 3.110079999999999961e-06
3.603500000000000000e+03 4.541570000000000294e-06
3.611500000000000000e+03 4.576749999999999845e-06
3.619500000000000000e+03 4.365890000000000139e-06
3.627500000000000000e+03 4.804910000000000215e-06
3.635500000000000000e+03 5.797849999999999894e-06
3.643500000000000000e+03 6.930739999999999816e-06
3.651500000000000000e+03 9.422100000000000811e-06
3.659500000000000000e+03 1.214470000000000080e-05
3.667500000000000000e+03 1.284070000000000057e-05
3.675500000000000000e+03 1.254320000000000046e-05
3.683500000000000000e+03 1.387789999999999972e-05
3.691500000000000000e+03 1.642929999999999871e-05
3.699500000000000000e+03 1.717559999999999866e-05
3.707500000000000000e+03 1.931230000000000143e-05
3.715500000000000000e+03 2.711970000000000057e-05
3.723500000000000000e+03 3.512880000000000153e-05
3.731500000000000000e+03 4.257189999999999808e-05
3.739500000000000000e+03 5.062050000000000094e-05
3.747500000000000000e+03 6.212249999999999348e-05
3.755500000000000000e+03 7.582080000000000427e-05
3.763500000000000000e+03 8.465940000000000466e-05
3.771500000000000000e+03 8.692000000000000128e-05
3.779500000000000000e+03 8.751879999999999968e-05
3.787500000000000000e+03 8.820109999999999821e-05
3.795500000000000000e+03 8.921190000000000554e-05
3.803500000000000000e+03 9.076699999999999341e-05
3.811500000000000000e+03 9.228379999999999895e-05
3.819500000000000000e+03 9.361079999999999488e-05
3.827500000000000000e+03 9.506290000000000085e-05
3.835500000000000000e+03 9.671129999999999679e-05
3.843500000000000000e+03 9.813880000000000303e-05
3.851500000000000000e+03 9.907300000000000503e-05
3.859500000000000000e+03 9.956540000000000052e-05
3.867500000000000000e+03 1.001639999999999985e-04
3.875500000000000000e+03 1.006829999999999981e-04
3.883500000000000000e+03 1.009849999999999962e-04
3.891500000000000000e+03 1.011019999999999953e-04
3.899500000000000000e+03 1.012670000000000047e-04
3.907500000000000000e+03 1.015830000000000064e-04
3.915500000000000000e+03 1.022600000000000001e-04
3.923500000000000000e+03 1.032909999999999975e-04
3.931500000000000000e+03 1.048589999999999933e-04
3.939500000000000000e+03 1.066899999999999966e-04
3.947500000000000000e+03 1.090430000000000061e-04
3.955500000000000000e+03 1.116620000000000026e-04
3.963500000000000000e+03 1.145469999999999995e-04
3.971500000000000000e+03 1.174209999999999994e-04
3.979500000000000000e+03 1.198890000000000036e-04
3.987500000000000000e+03 1.217320000000000061e-04
3.995500000000000000e+03 1.233060000000000015e-04
4.003500000000000000e+03 1.247370000000000087e-04
4.011500000000000000e+03 1.263000000000000071e-04
4.019500000000000000e+03 1.277990000000000007e-04
4.027500000000000000e+03 1.295520000000000092e-04
4.035500000000000000e+03 1.314820000000000127e-04
4.043500000000000000e+03 1.338249999999999867e-04
4.051500000000000000e+03 1.366080000000000039e-04
4.059500000000000000e+03 1.401530000000000115e-04
4.067500000000000000e+03 1.440570000000000067e-04
4.075500000000000000e+03 1.483760000000000038e-04
4.083500000000000000e+03 1.525929999999999941e-04
4.091500000000000000e+03 1.565369999999999956e-04
4.099500000000000000e+03 1.601410000000000106e-04
4.107500000000000000e+03 1.633609999999999967e-04
4.115500000000000000e+03 1.661099999999999936e-04
4.123500000000000000e+03 1.684979999999999985e-04
4.131500000000000000e+03 1.708989999999999912e-04
4.139500000000000000e+03 1.734179999999999988e-04
4.147500000000000000e+03 1.767609999999999971e-04
4.155500000000000000e+03 1.809690000000000083e-04
4.163500000000000000e+03 1.860859999999999934e-04
4.171500000000000000e+03 1.917409999999999926e-04
4.179500000000000000e+03 1.977349999999999898e-04
4.187500000000000000e+03 2.038569999999999965e-04
4.195500000000000000e+03 2.099090000000000125e-04
4.203500000000000000e+03 2.163409999999999942e-04
4.211500000000000000e+03 2.238560000000000062e-04
4.219500000000000000e+03 2.319529999999999932e-04
4.227500000000000000e+03 2.401290000000000043e-04
4.235500000000000000e+03 2.485429999999999953e-04
4.243500000000000000e+03 2.573510000000000099e-04
4.251500000000000000e+03 2.669460000000000019e-04
4.259500000000000000e+03 2.774659999999999757e-04
4.267500000000000000e+03 2.883280000000000218e-04
4.275500000000000000e+03 2.991830000000000119e-04
4.283500000000000000e+03 3.107089999999999960e-04
4.291500000000000000e+03 3.219469999999999992e-04
4.299500000000000000e+03 3.328180000000000244e-04
4.307500000000000000e+03 3.462130000000000003e-04
4.315500000000000000e+03 3.616630000000000235e-04
4.323500000000000000e+03 3.759170000000000263e-04
4.331500000000000000e+03 3.892130000000000156e-04
4.339500000000000000e+03 4.079330000000000261e-04
4.347500000000000000e+03 4.277719999999999830e-04
4.355500000000000000e+03 4.519740000000000064e-04
4.363500000000000000e+03 4.785899999999999833e-04
4.371500000000000000e+03 5.115200000000000085e-04
4.379500000000000000e+03 5.507459999999999613e-04
4.387500000000000000e+03 6.026360000000000354e-04
4.395500000000000000e+03 6.675830000000000219e-04
4.403500000000000000e+03 7.447489999999999536e-04
4.411500000000000000e+03 8.407970000000000070e-04
4.419500000000000000e+03 1.008149999999999975e-03
4.427500000000000000e+03 1.262840000000000100e-03
4.435500000000000000e+03 1.573469999999999990e-03
4.443500000000000000e+03 1.922569999999999965e-03
4.451500000000000000e+03 2.367699999999999926e-03
4.459500000000000000e+03 2.958820000000000026e-03
4.467500000000000000e+03 3.733499999999999840e-03
4.475500000000000000e+03 4.704729999999999850e-03
4.483500000000000000e+03 5.853419999999999804e-03
4.491500000000000000e+03 7.260250000000000210e-03
4.499500000000000000e+03 9.004639999999999520e-03
4.507500000000000000e+03 1.107610000000000018e-02
4.515500000000000000e+03 1.341170000000000036e-02
4.523500000000000000e+03 1.614029999999999979e-02
4.531500000000000000e+03 1.924529999999999991e-02
4.539500000000000000e+03 2.276890000000000164e-02
4.547500000000000000e+03 2.667339999999999989e-02
4.555500000000000000e+03 3.103610000000000049e-02
4.563500000000000000e+03 3.575559999999999850e-02
4.571500000000000000e+03 4.089659999999999823e-02
4.579500000000000000e+03 4.640810000000000074e-02
4.587500000000000000e+03 5.232339999999999908e-02
4.595500000000000000e+03 5.858759999999999663e-02
4.603500000000000000e+03 6.530759999999999343e-02
4.611500000000000000e+03 7.240380000000000427e-02
4.619500000000000000e+03 8.002720000000000666e-02
4.627500000000000000e+03 8.815649999999999875e-02
4.635500000000000000e+03 9.707630000000000425e-02
4.643500000000000000e+03 1.066760000000000069e-01
4.651500000000000000e+03 1.171650000000000053e-01
4.659500000000000000e+03 1.284359999999999946e-01
4.667500000000000000e+03 1.405800000000000105e-01
4.675500000000000000e+03 1.534560000000000091e-01
4.683500000000000000e+03 1.672990000000000033e-01
4.691500000000000000e+03 1.822459999999999913e-01
4.699500000000000000e+03 1.994360000000000022e-01
4.707500000000000000e+03 2.195580000000000032e-01
4.715500000000000000e+03 2.426889999999999881e-01
4.723500000000000000e+03 2.689250000000000251e-01
4.731500000000000000e+03 2.979680000000000106e-01
4.739500000000000000e+03 3.289469999999999894e-01
4.747500000000000000e+03 3.603750000000000009e-01
4.755500000000000000e+03 3.917240000000000166e-01
4.763500000000000000e+03 4.205169999999999741e-01
4.771500000000000000e+03 4.478779999999999983e-01
4.779500000000000000e+03 4.726420000000000066e-01
4.787500000000000000e+03 4.958910000000000262e-01
4.795500000000000000e+03 5.156230000000000535e-01
4.803500000000000000e+03 5.320719999999999894e-01
4.811500000000000000e+03 5.449169999999999847e-01
4.819500000000000000e+03 5.535860000000000225e-01
4.827500000000000000e+03 5.589370000000000172e-01
4.835500000000000000e+03 5.637720000000000509e-01
4.843500000000000000e+03 5.689710000000000045e-01
4.851500000000000000e+03 5.741180000000000172e-01
4.859500000000000000e+03 5.781789999999999985e-01
4.867500000000000000e+03 5.799819999999999975e-01
4.875500000000000000e+03 5.798579999999999846e-01
4.883500000000000000e+03 5.815280000000000449e-01
4.891500000000000000e+03 5.853709999999999747e-01
4.899500000000000000e+03 5.913939999999999753e-01
4.907500000000000000e+03 5.981239999999999890e-01
4.915500000000000000e+03 6.057810000000000139e-01
4.923500000000000000e+03 6.133389999999999675e-01
4.931500000000000000e+03 6.227249999999999730e-01
4.939500000000000000e+03 6.371820000000000261e-01
4.947500000000000000e+03 6.557800000000000296e-01
4.955500000000000000e+03 6.823120000000000296e-01
4.963500000000000000e+03 7.121870000000000145e-01
4.971500000000000000e+03 7.475230000000000485e-01
4.979500000000000000e+03 7.872259999999999813e-01
4.987500000000000000e+03 8.271119999999999584e-01
4.995500000000000000e+03 8.665230000000000432e-01
5.003500000000000000e+03 8.993470000000000075e-01
5.011500000000000000e+03 9.278189999999999493e-01
5.019500000000000000e+03 9.497940000000000271e-01
5.027500000000000000e+03 9.672509999999999719e-01
5.035500000000000000e+03 9.787909999999999666e-01
5.043500000000000000e+03 9.841959999999999598e-01
5.051500000000000000e+03 9.839069999999999760e-01
5.059500000000000000e+03 9.818379999999999885e-01
5.067500000000000000e+03 9.817669999999999453e-01
5.075500000000000000e+03 9.829489999999999617e-01
5.083500000000000000e+03 9.863389999999999658e-01
5.091500000000000000e+03 9.902429999999999843e-01
5.099500000000000000e+03 9.953279999999999905e-01
5.107500000000000000e+03 9.993950000000000333e-01
5.115500000000000000e+03 1.000000000000000000e+00
5.123500000000000000e+03 9.961769999999999792e-01
5.131500000000000000e+03 9.882499999999999618e-01
5.139500000000000000e+03 9.766019999999999701e-01
5.147500000000000000e+03 9.608579999999999899e-01
5.155500000000000000e+03 9.391899999999999693e-01
5.163500000000000000e+03 9.142580000000000151e-01
5.171500000000000000e+03 8.816899999999999737e-01
5.179500000000000000e+03 8.468869999999999454e-01
5.187500000000000000e+03 8.091679999999999984e-01
5.195500000000000000e+03 7.703299999999999592e-01
5.203500000000000000e+03 7.339879999999999738e-01
5.211500000000000000e+03 6.952789999999999804e-01
5.219500000000000000e+03 6.572480000000000544e-01
5.227500000000000000e+03 6.181670000000000220e-01
5.235500000000000000e+03 5.804479999999999640e-01
5.243500000000000000e+03 5.458889999999999576e-01
5.251500000000000000e+03 5.170679999999999721e-01
5.259500000000000000e+03 4.939339999999999842e-01
5.267500000000000000e+03 4.763640000000000096e-01
5.275500000000000000e+03 4.636810000000000098e-01
5.283500000000000000e+03 4.558729999999999727e-01
5.291500000000000000e+03 4.479500000000000148e-01
5.299500000000000000e+03 4.395910000000000095e-01
5.307500000000000000e+03 4.311570000000000125e-01
5.315500000000000000e+03 4.228350000000000164e-01
5.323500000000000000e+03 4.132790000000000075e-01
5.331500000000000000e+03 4.021970000000000267e-01
5.339500000000000000e+03 3.911939999999999862e-01
5.347500000000000000e+03 3.810680000000000178e-01
5.355500000000000000e+03 3.710879999999999734e-01
5.363500000000000000e+03 3.594829999999999970e-01
5.371500000000000000e+03 3.460460000000000202e-01
5.379500000000000000e+03 3.306379999999999875e-01
5.387500000000000000e+03 3.146499999999999853e-01
5.395500000000000000e+03 2.987489999999999868e-01
5.403500000000000000e+03 2.848419999999999841e-01
5.411500000000000000e+03 2.716540000000000066e-01
5.419500000000000000e+03 2.605080000000000173e-01
5.427500000000000000e+03 2.496919999999999973e-01
5.435500000000000000e+03 2.393319999999999892e-01
5.443500000000000000e+03 2.305089999999999917e-01
5.451500000000000000e+03 2.227580000000000116e-01
5.459500000000000000e+03 2.162890000000000090e-01
5.467500000000000000e+03 2.101729999999999987e-01
5.475500000000000000e+03 2.048490000000000033e-01
5.483500000000000000e+03 1.998320000000000096e-01
5.491500000000000000e+03 1.947530000000000094e-01
5.499500000000000000e+03 1.894119999999999970e-01
5.507500000000000000e+03 1.844149999999999956e-01
5.515500000000000000e+03 1.794409999999999894e-01
5.523500000000000000e+03 1.749580000000000024e-01
5.531500000000000000e+03 1.709029999999999994e-01
5.539500000000000000e+03 1.668250000000000011e-01
5.547500000000000000e+03 1.625270000000000048e-01
5.555500000000000000e+03 1.576750000000000096e-01
5.563500000000000000e+03 1.521460000000000035e-01
5.571500000000000000e+03 1.464360000000000106e-01
5.579500000000000000e+03 1.404549999999999965e-01
5.587500000000000000e+03 1.343739999999999934e-01
5.595500000000000000e+03 1.281100000000000017e-01
5.603500000000000000e+03 1.214859999999999968e-01
5.611500000000000000e+03 1.147230000000000055e-01
5.619500000000000000e+03 1.080350000000000060e-01
5.627500000000000000e+03 1.016240000000000060e-01
5.635500000000000000e+03 9.553190000000000293e-02
5.643500000000000000e+03 8.976169999999999982e-02
5.651500000000000000e+03 8.427479999999999694e-02
5.659500000000000000e+03 7.899820000000000453e-02
5.667500000000000000e+03 7.398889999999999634e-02
5.675500000000000000e+03 6.911839999999999651e-02
5.683500000000000000e+03 6.453440000000000565e-02
5.691500000000000000e+03 6.015340000000000270e-02
5.699500000000000000e+03 5.608160000000000228e-02
5.707500000000000000e+03 5.217639999999999778e-02
5.715500000000000000e+03 4.854329999999999756e-02
5.723500000000000000e+03 4.511520000000000113e-02
5.731500000000000000e+03 4.193550000000000055e-02
5.739500000000000000e+03 3.898290000000000088e-02
5.747500000000000000e+03 3.621230000000000282e-02
5.755500000000000000e+03 3.361440000000000261e-02
5.763500000000000000e+03 3.111500000000000030e-02
5.771500000000000000e+03 2.875619999999999912e-02
5.779500000000000000e+03 2.634670000000000067e-02
5.787500000000000000e+03 2.394080000000000166e-02
5.795500000000000000e+03 2.176760000000000153e-02
5.803500000000000000e+03 1.970349999999999879e-02
5.811500000000000000e+03 1.771570000000000089e-02
5.819500000000000000e+03 1.560059999999999919e-02
5.827500000000000000e+03 1.325390000000000075e-02
5.835500000000000000e+03 1.127030000000000046e-02
5.843500000000000000e+03 9.563590000000000285e-03
5.851500000000000000e+03 7.841749999999999762e-03
5.859500000000000000e+03 6.342150000000000391e-03
5.867500000000000000e+03 5.077360000000000380e-03
5.875500000000000000e+03 3.612240000000000069e-03
5.883500000000000000e+03 2.355330000000000097e-03
5.891500000000000000e+03 1.245100000000000070e-03
5.899500000000000000e+03 4.329790000000000028e-04
5.907500000000000000e+03 1.543530000000000043e-04
5.915500000000000000e+03 1.264609999999999942e-04
5.923500000000000000e+03 1.234809999999999922e-04
5.931500000000000000e+03 1.197230000000000055e-04
5.939500000000000000e+03 1.158390000000000000e-04
5.947500000000000000e+03 1.118129999999999949e-04
5.955500000000000000e+03 1.036429999999999968e-04
5.963500000000000000e+03 8.977190000000000018e-05
5.971500000000000000e+03 7.935319999999999776e-05
5.979500000000000000e+03 7.374500000000000629e-05
5.987500000000000000e+03 5.849999999999999894e-05
5.995500000000000000e+03 3.266280000000000176e-05
6.003500000000000000e+03 1.003220000000000027e-05
6.011500000000000000e+03 4.048239999999999992e-08
