2.964000000000000000e+03 0.000000000000000000e+00
2.971000000000000000e+03 6.126780000000000550e-08
2.978000000000000000e+03 6.545399999999999834e-07
2.985000000000000000e+03 1.283700000000000093e-06
2.992000000000000000e+03 1.328270000000000075e-06
2.999000000000000000e+03 1.265340000000000027e-06
3.006000000000000000e+03 1.210809999999999974e-06
3.013000000000000000e+03 2.029020000000000099e-06
3.020000000000000000e+03 3.391500000000000055e-06
3.027000000000000000e+03 3.788480000000000106e-06
3.034000000000000000e+03 3.665950000000000027e-06
3.041000000000000000e+03 3.539070000000000151e-06
3.048000000000000000e+03 3.431650000000000001e-06
3.055000000000000000e+03 3.609639999999999968e-06
3.062000000000000000e+03 5.109959999999999946e-06
3.069000000000000000e+03 6.326970000000000174e-06
3.076000000000000000e+03 7.374610000000000362e-06
3.083000000000000000e+03 8.952789999999999371e-06
3.090000000000000000e+03 9.301389999999999726e-06
3.097000000000000000e+03 9.402809999999999849e-06
3.104000000000000000e+03 9.521929999999999820e-06
3.111000000000000000e+03 9.621900000000000152e-06
3.118000000000000000e+03 9.684779999999999455e-06
3.125000000000000000e+03 9.805250000000000692e-06
3.132000000000000000e+03 9.996809999999999583e-06
3.139000000000000000e+03 1.014869999999999992e-05
3.146000000000000000e+03 1.021600000000000011e-05
3.153000000000000000e+03 1.025780000000000028e-05
3.160000000000000000e+03 1.022279999999999977e-05
3.167000000000000000e+03 1.015539999999999936e-05
3.174000000000000000e+03 1.015239999999999956e-05
3.181000000000000000e+03 1.018280000000000015e-05
3.188000000000000000e+03 1.017680000000000055e-05
3.195000000000000000e+03 1.015880000000000004e-05
3.202000000000000000e+03 1.013079999999999963e-05
3.209000000000000000e+03 1.010660000000000078e-05
3.216000000000000000e+03 1.010030000000000052e-05
3.223000000000000000e+03 1.014960000000000020e-05
3.230000000000000000e+03 1.028839999999999962e-05
3.237000000000000000e+03 1.048599999999999921e-05
3.244000000000000000e+03 1.077630000000000048e-05
3.251000000000000000e+03 1.102980000000000068e-05
3.258000000000000000e+03 1.129729999999999939e-05
3.265000000000000000e+03 1.149509999999999943e-05
3.272000000000000000e+03 1.167880000000000074e-05
3.279000000000000000e+03 1.183759999999999996e-05
3.286000000000000000e+03 1.192740000000000036e-05
3.293000000000000000e+03 1.203000000000000002e-05
3.300000000000000000e+03 1.207619999999999968e-05
3.307000000000000000e+03 1.211769999999999919e-05
3.314000000000000000e+03 1.218610000000000010e-05
3.321000000000000000e+03 1.236829999999999981e-05
3.328000000000000000e+03 1.261980000000000071e-05
3.335000000000000000e+03 1.294359999999999920e-05
3.342000000000000000e+03 1.340380000000000031e-05
3.349000000000000000e+03 1.389840000000000063e-05
3.356000000000000000e+03 1.431250000000000061e-05
3.363000000000000000e+03 1.468979999999999952e-05
3.370000000000000000e+03 1.491149999999999945e-05
3.377000000000000000e+03 1.503839999999999988e-05
3.384000000000000000e+03 1.519390000000000034e-05
3.391000000000000000e+03 1.549820000000000012e-05
3.398000000000000000e+03 1.582780000000000116e-05
3.405000000000000000e+03 1.624480000000000073e-05
3.412000000000000000e+03 1.671979999999999872e-05
3.419000000000000000e+03 1.720170000000000168e-05
3.426000000000000000e+03 1.779960000000000149e-05
3.433000000000000000e+03 1.842660000000000074e-05
3.440000000000000000e+03 1.910749999999999959e-05
3.447000000000000000e+03 1.978529999999999842e-05
3.454000000000000000e+03 2.051789999999999883e-05
3.461000000000000000e+03 2.126709999999999836e-05
3.468000000000000000e+03 2.210280000000000122e-05
3.475000000000000000e+03 2.309979999999999862e-05
3.482000000000000000e+03 2.406990000000000141e-05
3.489000000000000000e+03 2.511720000000000069e-05
3.496000000000000000e+03 2.645159999999999929e-05
3.503000000000000000e+03 2.775379999999999845e-05
3.510000000000000000e+03 2.908410000000000162e-05
3.517000000000000000e+03 3.046640000000000022e-05
3.524000000000000000e+03 3.195109999999999975e-05
3.531000000000000000e+03 3.362760000000000309e-05
3.538000000000000000e+03 3.559600000000000275e-05
3.545000000000000000e+03 3.779699999999999743e-05
3.552000000000000000e+03 4.032279999999999957e-05
3.559000000000000000e+03 4.310460000000000062e-05
3.566000000000000000e+03 4.511779999999999686e-05
3.573000000000000000e+03 4.720660000000000302e-05
3.580000000000000000e+03 5.058829999999999810e-05
3.587000000000000000e+03 5.365280000000000239e-05
3.594000000000000000e+03 5.787040000000000077e-05
3.601000000000000000e+03 6.726569999999999533e-05
3.608000000000000000e+03 1.290479999999999882e-04
3.615000000000000000e+03 2.995359999999999863e-04
3.622000000000000000e+03 5.140400000000000047e-04
3.629000000000000000e+03 7.502529999999999876e-04
3.636000000000000000e+03 1.068769999999999920e-03
3.643000000000000000e+03 1.532479999999999910e-03
3.650000000000000000e+03 2.087719999999999940e-03
3.657000000000000000e+03 2.751430000000000022e-03
3.664000000000000000e+03 3.470060000000000072e-03
3.671000000000000000e+03 4.246830000000000049e-03
3.678000000000000000e+03 5.036149999999999655e-03
3.685000000000000000e+03 5.830550000000000316e-03
3.692000000000000000e+03 6.604729999999999629e-03
3.699000000000000000e+03 7.355740000000000368e-03
3.706000000000000000e+03 8.098509999999999737e-03
3.713000000000000000e+03 8.894829999999999404e-03
3.720000000000000000e+03 9.692020000000000843e-03
3.727000000000000000e+03 1.051500000000000004e-02
3.734000000000000000e+03 1.136050000000000081e-02
3.741000000000000000e+03 1.227849999999999948e-02
3.748000000000000000e+03 1.319369999999999918e-02
3.755000000000000000e+03 1.422739999999999942e-02
3.762000000000000000e+03 1.530929999999999964e-02
3.769000000000000000e+03 1.653589999999999921e-02
3.776000000000000000e+03 1.785389999999999894e-02
3.783000000000000000e+03 1.934879999999999933e-02
3.790000000000000000e+03 2.092909999999999909e-02
3.797000000000000000e+03 2.268979999999999955e-02
3.804000000000000000e+03 2.455670000000000075e-02
3.811000000000000000e+03 2.659649999999999861e-02
3.818000000000000000e+03 2.874670000000000003e-02
3.825000000000000000e+03 3.108299999999999952e-02
3.832000000000000000e+03 3.349139999999999756e-02
3.839000000000000000e+03 3.605839999999999740e-02
3.846000000000000000e+03 3.882130000000000303e-02
3.853000000000000000e+03 4.182929999999999982e-02
3.860000000000000000e+03 4.519979999999999831e-02
3.867000000000000000e+03 4.877859999999999835e-02
3.874000000000000000e+03 5.256899999999999767e-02
3.881000000000000000e+03 5.644590000000000024e-02
3.888000000000000000e+03 6.033020000000000049e-02
3.895000000000000000e+03 6.415800000000000669e-02
3.902000000000000000e+03 6.816450000000000287e-02
3.909000000000000000e+03 7.225059999999999816e-02
3.916000000000000000e+03 7.640769999999999507e-02
3.923000000000000000e+03 8.045099999999999474e-02
3.930000000000000000e+03 8.425459999999999894e-02
3.937000000000000000e+03 8.784140000000000004e-02
3.944000000000000000e+03 9.148960000000000425e-02
3.951000000000000000e+03 9.535259999999999569e-02
3.958000000000000000e+03 9.925639999999999463e-02
3.965000000000000000e+03 1.032229999999999953e-01
3.972000000000000000e+03 1.071450000000000041e-01
3.979000000000000000e+03 1.108800000000000063e-01
3.986000000000000000e+03 1.145359999999999989e-01
3.993000000000000000e+03 1.180620000000000003e-01
4.000000000000000000e+03 1.213769999999999988e-01
4.007000000000000000e+03 1.243340000000000001e-01
4.014000000000000000e+03 1.270090000000000108e-01
4.021000000000000000e+03 1.294039999999999913e-01
4.028000000000000000e+03 1.314259999999999873e-01
4.035000000000000000e+03 1.330959999999999921e-01
4.042000000000000000e+03 1.345189999999999997e-01
4.049000000000000000e+03 1.361890000000000045e-01
4.056000000000000000e+03 1.389630000000000032e-01
4.063000000000000000e+03 1.436880000000000102e-01
4.070000000000000000e+03 1.530279999999999974e-01
4.077000000000000000e+03 1.688979999999999926e-01
4.084000000000000000e+03 1.952039999999999886e-01
4.091000000000000000e+03 2.356769999999999976e-01
4.098000000000000000e+03 2.907640000000000224e-01
4.105000000000000000e+03 3.612009999999999943e-01
4.112000000000000000e+03 4.441749999999999865e-01
4.119000000000000000e+03 5.327309999999999546e-01
4.126000000000000000e+03 6.252259999999999485e-01
4.133000000000000000e+03 7.133110000000000284e-01
4.140000000000000000e+03 7.942540000000000155e-01
4.147000000000000000e+03 8.623560000000000114e-01
4.154000000000000000e+03 9.153860000000000330e-01
4.161000000000000000e+03 9.515780000000000349e-01
4.168000000000000000e+03 9.709179999999999477e-01
4.175000000000000000e+03 9.805719999999999992e-01
4.182000000000000000e+03 9.849350000000000049e-01
4.189000000000000000e+03 9.878379999999999939e-01
4.196000000000000000e+03 9.904479999999999951e-01
4.203000000000000000e+03 9.933640000000000247e-01
4.210000000000000000e+03 9.972929999999999851e-01
4.217000000000000000e+03 9.995779999999999665e-01
4.224000000000000000e+03 1.000000000000000000e+00
4.231000000000000000e+03 9.992280000000000051e-01
4.238000000000000000e+03 9.957869999999999777e-01
4.245000000000000000e+03 9.890970000000000040e-01
4.252000000000000000e+03 9.783380000000000409e-01
4.259000000000000000e+03 9.600060000000000260e-01
4.266000000000000000e+03 9.344710000000000516e-01
4.273000000000000000e+03 8.977159999999999584e-01
4.280000000000000000e+03 8.487649999999999917e-01
4.287000000000000000e+03 7.884569999999999634e-01
4.294000000000000000e+03 7.154270000000000351e-01
4.301000000000000000e+03 6.335690000000000488e-01
4.308000000000000000e+03 5.458410000000000206e-01
4.315000000000000000e+03 4.555400000000000005e-01
4.322000000000000000e+03 3.717110000000000136e-01
4.329000000000000000e+03 2.967449999999999810e-01
4.336000000000000000e+03 2.327269999999999894e-01
4.343000000000000000e+03 1.860120000000000107e-01
4.350000000000000000e+03 1.513220000000000121e-01
4.357000000000000000e+03 1.276180000000000092e-01
4.364000000000000000e+03 1.115990000000000038e-01
4.371000000000000000e+03 1.025100000000000039e-01
4.378000000000000000e+03 9.710359999999999825e-02
4.385000000000000000e+03 9.377960000000000462e-02
4.392000000000000000e+03 9.160169999999999424e-02
4.399000000000000000e+03 8.987209999999999643e-02
4.406000000000000000e+03 8.832389999999999686e-02
4.413000000000000000e+03 8.691160000000000552e-02
4.420000000000000000e+03 8.556610000000000604e-02
4.427000000000000000e+03 8.461870000000000502e-02
4.434000000000000000e+03 8.393639999999999435e-02
4.441000000000000000e+03 8.326500000000000568e-02
4.448000000000000000e+03 8.256550000000000000e-02
4.455000000000000000e+03 8.173350000000000060e-02
4.462000000000000000e+03 8.058500000000000385e-02
4.469000000000000000e+03 7.940550000000000386e-02
4.476000000000000000e+03 7.822129999999999361e-02
4.483000000000000000e+03 7.707079999999999487e-02
4.490000000000000000e+03 7.592630000000000212e-02
4.497000000000000000e+03 7.485909999999999787e-02
4.504000000000000000e+03 7.381189999999999973e-02
4.511000000000000000e+03 7.282900000000000484e-02
4.518000000000000000e+03 7.196790000000000131e-02
4.525000000000000000e+03 7.109849999999999504e-02
4.532000000000000000e+03 7.005010000000000403e-02
4.539000000000000000e+03 6.874769999999999492e-02
4.546000000000000000e+03 6.724499999999999922e-02
4.553000000000000000e+03 6.563549999999999940e-02
4.560000000000000000e+03 6.396499999999999408e-02
4.567000000000000000e+03 6.224040000000000128e-02
4.574000000000000000e+03 6.041520000000000223e-02
4.581000000000000000e+03 5.840510000000000146e-02
4.588000000000000000e+03 5.611820000000000003e-02
4.595000000000000000e+03 5.348649999999999932e-02
4.602000000000000000e+03 5.048040000000000166e-02
4.609000000000000000e+03 4.718549999999999828e-02
4.616000000000000000e+03 4.369490000000000179e-02
4.623000000000000000e+03 4.007659999999999695e-02
4.630000000000000000e+03 3.642630000000000173e-02
4.637000000000000000e+03 3.283130000000000076e-02
4.644000000000000000e+03 2.942710000000000117e-02
4.651000000000000000e+03 2.612319999999999920e-02
4.658000000000000000e+03 2.309649999999999898e-02
4.665000000000000000e+03 2.024990000000000123e-02
4.672000000000000000e+03 1.773900000000000129e-02
4.679000000000000000e+03 1.542310000000000035e-02
4.686000000000000000e+03 1.342589999999999929e-02
4.693000000000000000e+03 1.162189999999999925e-02
4.700000000000000000e+03 1.007040000000000018e-02
4.707000000000000000e+03 8.707710000000000450e-03
4.714000000000000000e+03 7.538060000000000073e-03
4.721000000000000000e+03 6.520670000000000112e-03
4.728000000000000000e+03 5.635809999999999778e-03
4.735000000000000000e+03 4.880770000000000421e-03
4.742000000000000000e+03 4.228619999999999775e-03
4.749000000000000000e+03 3.682739999999999885e-03
4.756000000000000000e+03 3.204499999999999883e-03
4.763000000000000000e+03 2.791080000000000037e-03
4.770000000000000000e+03 2.420779999999999980e-03
4.777000000000000000e+03 2.077160000000000204e-03
4.784000000000000000e+03 1.721080000000000049e-03
4.791000000000000000e+03 1.382310000000000092e-03
4.798000000000000000e+03 1.073960000000000106e-03
4.805000000000000000e+03 7.533779999999999687e-04
4.812000000000000000e+03 5.534749999999999956e-04
4.819000000000000000e+03 4.524180000000000042e-04
4.826000000000000000e+03 3.064289999999999896e-04
4.833000000000000000e+03 1.363009999999999949e-04
4.840000000000000000e+03 9.663510000000000589e-05
4.847000000000000000e+03 8.534239999999999795e-05
4.854000000000000000e+03 7.720759999999999581e-05
4.861000000000000000e+03 7.097560000000000533e-05
4.868000000000000000e+03 5.880799999999999667e-05
4.875000000000000000e+03 4.422400000000000213e-05
4.882000000000000000e+03 3.977489999999999758e-05
4.889000000000000000e+03 3.938959999999999977e-05
4.896000000000000000e+03 3.834429999999999810e-05
4.903000000000000000e+03 3.602260000000000303e-05
4.910000000000000000e+03 3.278429999999999712e-05
4.917000000000000000e+03 3.099980000000000091e-05
4.924000000000000000e+03 2.935529999999999997e-05
4.931000000000000000e+03 2.775219999999999833e-05
4.938000000000000000e+03 2.628360000000000022e-05
4.945000000000000000e+03 2.091949999999999851e-05
4.952000000000000000e+03 8.319980000000000257e-06
4.959000000000000000e+03 2.524389999999999750e-07
