4.288000000000000000e+03 0.000000000000000000e+00
4.297000000000000000e+03 2.861799999999999858e-07
4.306000000000000000e+03 3.099259999999999868e-06
4.315000000000000000e+03 6.054409999999999856e-06
4.324000000000000000e+03 9.175049999999999509e-06
4.333000000000000000e+03 1.737400000000000001e-05
4.342000000000000000e+03 2.387269999999999930e-05
4.351000000000000000e+03 2.479529999999999958e-05
4.360000000000000000e+03 2.475580000000000106e-05
4.369000000000000000e+03 2.481170000000000166e-05
4.378000000000000000e+03 2.496110000000000060e-05
4.387000000000000000e+03 2.519160000000000119e-05
4.396000000000000000e+03 2.568239999999999995e-05
4.405000000000000000e+03 2.647250000000000108e-05
4.414000000000000000e+03 2.723789999999999886e-05
4.423000000000000000e+03 2.786490000000000150e-05
4.432000000000000000e+03 2.871750000000000076e-05
4.441000000000000000e+03 2.950909999999999840e-05
4.450000000000000000e+03 2.975799999999999867e-05
4.459000000000000000e+03 2.996239999999999963e-05
4.468000000000000000e+03 3.038330000000000097e-05
4.477000000000000000e+03 3.065160000000000313e-05
4.486000000000000000e+03 3.068790000000000141e-05
4.495000000000000000e+03 3.065780000000000317e-05
4.504000000000000000e+03 3.057060000000000170e-05
4.513000000000000000e+03 3.048650000000000025e-05
4.522000000000000000e+03 3.043580000000000089e-05
4.531000000000000000e+03 3.043270000000000087e-05
4.540000000000000000e+03 3.064889999999999721e-05
4.549000000000000000e+03 3.102770000000000110e-05
4.558000000000000000e+03 3.174079999999999941e-05
4.567000000000000000e+03 3.279870000000000159e-05
4.576000000000000000e+03 3.395879999999999748e-05
4.585000000000000000e+03 3.518979999999999976e-05
4.594000000000000000e+03 3.618940000000000286e-05
4.603000000000000000e+03 3.695409999999999911e-05
4.612000000000000000e+03 3.761229999999999901e-05
4.621000000000000000e+03 3.808990000000000271e-05
4.630000000000000000e+03 3.865470000000000109e-05
4.639000000000000000e+03 3.913899999999999915e-05
4.648000000000000000e+03 3.935100000000000322e-05
4.657000000000000000e+03 3.948560000000000020e-05
4.666000000000000000e+03 3.971409999999999979e-05
4.675000000000000000e+03 4.020560000000000008e-05
4.684000000000000000e+03 4.098429999999999993e-05
4.693000000000000000e+03 4.212480000000000028e-05
4.702000000000000000e+03 4.374490000000000193e-05
4.711000000000000000e+03 4.542590000000000159e-05
4.720000000000000000e+03 4.699099999999999783e-05
4.729000000000000000e+03 4.856129999999999870e-05
4.738000000000000000e+03 4.985480000000000250e-05
4.747000000000000000e+03 5.075350000000000120e-05
4.756000000000000000e+03 5.120409999999999990e-05
4.765000000000000000e+03 5.136109999999999856e-05
4.774000000000000000e+03 5.151130000000000265e-05
4.783000000000000000e+03 5.170699999999999808e-05
4.792000000000000000e+03 5.230440000000000019e-05
4.801000000000000000e+03 5.347149999999999787e-05
4.810000000000000000e+03 5.482589999999999968e-05
4.819000000000000000e+03 5.630430000000000233e-05
4.828000000000000000e+03 5.773780000000000139e-05
4.837000000000000000e+03 5.920499999999999981e-05
4.846000000000000000e+03 6.067100000000000238e-05
4.855000000000000000e+03 6.219900000000000537e-05
4.864000000000000000e+03 6.392579999999999704e-05
4.873000000000000000e+03 6.567700000000000155e-05
4.882000000000000000e+03 6.754079999999999546e-05
4.891000000000000000e+03 6.945900000000000023e-05
4.900000000000000000e+03 7.116250000000000180e-05
4.909000000000000000e+03 7.318849999999999900e-05
4.918000000000000000e+03 7.578189999999999352e-05
4.927000000000000000e+03 7.814039999999999474e-05
4.936000000000000000e+03 8.007570000000000313e-05
4.945000000000000000e+03 8.201779999999999932e-05
4.954000000000000000e+03 8.386020000000000052e-05
4.963000000000000000e+03 8.561629999999999545e-05
4.972000000000000000e+03 8.730059999999999557e-05
4.981000000000000000e+03 8.892139999999999875e-05
4.990000000000000000e+03 9.075510000000000120e-05
4.999000000000000000e+03 9.297109999999999489e-05
5.008000000000000000e+03 9.526890000000000532e-05
5.017000000000000000e+03 9.540120000000000403e-05
5.026000000000000000e+03 9.526290000000000571e-05
5.035000000000000000e+03 9.578889999999999356e-05
5.044000000000000000e+03 9.291029999999999710e-05
5.053000000000000000e+03 8.807890000000000131e-05
5.062000000000000000e+03 8.783350000000000532e-05
5.071000000000000000e+03 9.359990000000000486e-05
5.080000000000000000e+03 1.009239999999999980e-04
5.089000000000000000e+03 1.110700000000000055e-04
5.098000000000000000e+03 1.251070000000000068e-04
5.107000000000000000e+03 1.389940000000000045e-04
5.116000000000000000e+03 1.495590000000000092e-04
5.125000000000000000e+03 1.585740000000000034e-04
5.134000000000000000e+03 1.668549999999999873e-04
5.143000000000000000e+03 1.750119999999999974e-04
5.152000000000000000e+03 1.838049999999999927e-04
5.161000000000000000e+03 1.939300000000000084e-04
5.170000000000000000e+03 2.060979999999999908e-04
5.179000000000000000e+03 2.199269999999999968e-04
5.188000000000000000e+03 2.358270000000000039e-04
5.197000000000000000e+03 2.540570000000000241e-04
5.206000000000000000e+03 2.824619999999999800e-04
5.215000000000000000e+03 3.461590000000000175e-04
5.224000000000000000e+03 4.375529999999999762e-04
5.233000000000000000e+03 5.182739999999999916e-04
5.242000000000000000e+03 5.853699999999999876e-04
5.251000000000000000e+03 6.590629999999999883e-04
5.260000000000000000e+03 7.396009999999999954e-04
5.269000000000000000e+03 8.476259999999999784e-04
5.278000000000000000e+03 9.797630000000000314e-04
5.287000000000000000e+03 1.126629999999999993e-03
5.296000000000000000e+03 1.314019999999999945e-03
5.305000000000000000e+03 1.578549999999999962e-03
5.314000000000000000e+03 1.884019999999999922e-03
5.323000000000000000e+03 2.189309999999999867e-03
5.332000000000000000e+03 2.539039999999999787e-03
5.341000000000000000e+03 2.980459999999999880e-03
5.350000000000000000e+03 3.551980000000000155e-03
5.359000000000000000e+03 4.248189999999999779e-03
5.368000000000000000e+03 5.143929999999999683e-03
5.377000000000000000e+03 6.299380000000000257e-03
5.386000000000000000e+03 7.813260000000000691e-03
5.395000000000000000e+03 9.859949999999999271e-03
5.404000000000000000e+03 1.272369999999999925e-02
5.413000000000000000e+03 1.677450000000000122e-02
5.422000000000000000e+03 2.233950000000000172e-02
5.431000000000000000e+03 2.988740000000000147e-02
5.440000000000000000e+03 3.970449999999999674e-02
5.449000000000000000e+03 5.247679999999999706e-02
5.458000000000000000e+03 6.796689999999999676e-02
5.467000000000000000e+03 8.706529999999999825e-02
5.476000000000000000e+03 1.085440000000000016e-01
5.485000000000000000e+03 1.323989999999999889e-01
5.494000000000000000e+03 1.571440000000000059e-01
5.503000000000000000e+03 1.826679999999999970e-01
5.512000000000000000e+03 2.086929999999999896e-01
5.521000000000000000e+03 2.369560000000000000e-01
5.530000000000000000e+03 2.678840000000000110e-01
5.539000000000000000e+03 3.031610000000000138e-01
5.548000000000000000e+03 3.413399999999999768e-01
5.557000000000000000e+03 3.814119999999999733e-01
5.566000000000000000e+03 4.204499999999999904e-01
5.575000000000000000e+03 4.562370000000000037e-01
5.584000000000000000e+03 4.903859999999999886e-01
5.593000000000000000e+03 5.237659999999999538e-01
5.602000000000000000e+03 5.577060000000000350e-01
5.611000000000000000e+03 5.901899999999999924e-01
5.620000000000000000e+03 6.238529999999999909e-01
5.629000000000000000e+03 6.559679999999999955e-01
5.638000000000000000e+03 6.848509999999999875e-01
5.647000000000000000e+03 7.147879999999999789e-01
5.656000000000000000e+03 7.444190000000000529e-01
5.665000000000000000e+03 7.756549999999999834e-01
5.674000000000000000e+03 8.088349999999999707e-01
5.683000000000000000e+03 8.405660000000000354e-01
5.692000000000000000e+03 8.676509999999999501e-01
5.701000000000000000e+03 8.856990000000000141e-01
5.710000000000000000e+03 8.974999999999999645e-01
5.719000000000000000e+03 9.086349999999999705e-01
5.728000000000000000e+03 9.191519999999999690e-01
5.737000000000000000e+03 9.322089999999999543e-01
5.746000000000000000e+03 9.443150000000000155e-01
5.755000000000000000e+03 9.517189999999999817e-01
5.764000000000000000e+03 9.587649999999999784e-01
5.773000000000000000e+03 9.661560000000000148e-01
5.782000000000000000e+03 9.705040000000000333e-01
5.791000000000000000e+03 9.761250000000000204e-01
5.800000000000000000e+03 9.814070000000000293e-01
5.809000000000000000e+03 9.844060000000000032e-01
5.818000000000000000e+03 9.864070000000000338e-01
5.827000000000000000e+03 9.873410000000000242e-01
5.836000000000000000e+03 9.882750000000000146e-01
5.845000000000000000e+03 9.899019999999999486e-01
5.854000000000000000e+03 9.919679999999999609e-01
5.863000000000000000e+03 9.945220000000000171e-01
5.872000000000000000e+03 9.975180000000000158e-01
5.881000000000000000e+03 9.993450000000000388e-01
5.890000000000000000e+03 9.999569999999999848e-01
5.899000000000000000e+03 1.000000000000000000e+00
5.908000000000000000e+03 9.989639999999999631e-01
5.917000000000000000e+03 9.970240000000000213e-01
5.926000000000000000e+03 9.939620000000000122e-01
5.935000000000000000e+03 9.902590000000000003e-01
5.944000000000000000e+03 9.855570000000000164e-01
5.953000000000000000e+03 9.799820000000000197e-01
5.962000000000000000e+03 9.773359999999999825e-01
5.971000000000000000e+03 9.761410000000000364e-01
5.980000000000000000e+03 9.741260000000000474e-01
5.989000000000000000e+03 9.732589999999999852e-01
5.998000000000000000e+03 9.749989999999999490e-01
6.007000000000000000e+03 9.776700000000000390e-01
6.016000000000000000e+03 9.799350000000000005e-01
6.025000000000000000e+03 9.832049999999999956e-01
6.034000000000000000e+03 9.865110000000000268e-01
6.043000000000000000e+03 9.887219999999999898e-01
6.052000000000000000e+03 9.903769999999999518e-01
6.061000000000000000e+03 9.913969999999999727e-01
6.070000000000000000e+03 9.922569999999999446e-01
6.079000000000000000e+03 9.927209999999999646e-01
6.088000000000000000e+03 9.920189999999999841e-01
6.097000000000000000e+03 9.904859999999999776e-01
6.106000000000000000e+03 9.886150000000000215e-01
6.115000000000000000e+03 9.874870000000000037e-01
6.124000000000000000e+03 9.861379999999999590e-01
6.133000000000000000e+03 9.838040000000000118e-01
6.142000000000000000e+03 9.817599999999999660e-01
6.151000000000000000e+03 9.807770000000000099e-01
6.160000000000000000e+03 9.788670000000000426e-01
6.169000000000000000e+03 9.750370000000000426e-01
6.178000000000000000e+03 9.693920000000000314e-01
6.187000000000000000e+03 9.606179999999999719e-01
6.196000000000000000e+03 9.479659999999999753e-01
6.205000000000000000e+03 9.323310000000000208e-01
6.214000000000000000e+03 9.145919999999999606e-01
6.223000000000000000e+03 8.930879999999999930e-01
6.232000000000000000e+03 8.714119999999999644e-01
6.241000000000000000e+03 8.538850000000000051e-01
6.250000000000000000e+03 8.400739999999999874e-01
6.259000000000000000e+03 8.274010000000000531e-01
6.268000000000000000e+03 8.106919999999999682e-01
6.277000000000000000e+03 7.917009999999999881e-01
6.286000000000000000e+03 7.648800000000000043e-01
6.295000000000000000e+03 7.326089999999999547e-01
6.304000000000000000e+03 6.953610000000000069e-01
6.313000000000000000e+03 6.555710000000000148e-01
6.322000000000000000e+03 6.135690000000000310e-01
6.331000000000000000e+03 5.699659999999999727e-01
6.340000000000000000e+03 5.271609999999999907e-01
6.349000000000000000e+03 4.855249999999999844e-01
6.358000000000000000e+03 4.468969999999999887e-01
6.367000000000000000e+03 4.098459999999999881e-01
6.376000000000000000e+03 3.746880000000000210e-01
6.385000000000000000e+03 3.420239999999999947e-01
6.394000000000000000e+03 3.130359999999999809e-01
6.403000000000000000e+03 2.864689999999999737e-01
6.412000000000000000e+03 2.622780000000000111e-01
6.421000000000000000e+03 2.384779999999999955e-01
6.430000000000000000e+03 2.154899999999999871e-01
6.439000000000000000e+03 1.927129999999999954e-01
6.448000000000000000e+03 1.697510000000000130e-01
6.457000000000000000e+03 1.482410000000000116e-01
6.466000000000000000e+03 1.280870000000000064e-01
6.475000000000000000e+03 1.104269999999999974e-01
6.484000000000000000e+03 9.509309999999999985e-02
6.493000000000000000e+03 8.290839999999999321e-02
6.502000000000000000e+03 7.317369999999999430e-02
6.511000000000000000e+03 6.548130000000000617e-02
6.520000000000000000e+03 5.928520000000000317e-02
6.529000000000000000e+03 5.403170000000000195e-02
6.538000000000000000e+03 4.951049999999999895e-02
6.547000000000000000e+03 4.530970000000000136e-02
6.556000000000000000e+03 4.146570000000000117e-02
6.565000000000000000e+03 3.793570000000000275e-02
6.574000000000000000e+03 3.459070000000000200e-02
6.583000000000000000e+03 3.142330000000000123e-02
6.592000000000000000e+03 2.843040000000000150e-02
6.601000000000000000e+03 2.569640000000000118e-02
6.610000000000000000e+03 2.325670000000000168e-02
6.619000000000000000e+03 2.104489999999999833e-02
6.628000000000000000e+03 1.915170000000000067e-02
6.637000000000000000e+03 1.741389999999999952e-02
6.646000000000000000e+03 1.593019999999999853e-02
6.655000000000000000e+03 1.456159999999999920e-02
6.664000000000000000e+03 1.336009999999999975e-02
6.673000000000000000e+03 1.224410000000000082e-02
6.682000000000000000e+03 1.122380000000000079e-02
6.691000000000000000e+03 1.027879999999999940e-02
6.700000000000000000e+03 9.358399999999999358e-03
6.709000000000000000e+03 8.489840000000000234e-03
6.718000000000000000e+03 7.643989999999999813e-03
6.727000000000000000e+03 6.830730000000000135e-03
6.736000000000000000e+03 6.057189999999999623e-03
6.745000000000000000e+03 5.309590000000000316e-03
6.754000000000000000e+03 4.406339999999999910e-03
6.763000000000000000e+03 3.539870000000000082e-03
6.772000000000000000e+03 2.987679999999999936e-03
6.781000000000000000e+03 2.426230000000000140e-03
6.790000000000000000e+03 1.715879999999999923e-03
6.799000000000000000e+03 8.900040000000000121e-04
6.808000000000000000e+03 3.034460000000000217e-04
6.817000000000000000e+03 2.344720000000000007e-04
6.826000000000000000e+03 2.144360000000000049e-04
6.835000000000000000e+03 1.866899999999999896e-04
6.844000000000000000e+03 1.516850000000000088e-04
6.853000000000000000e+03 1.237350000000000071e-04
6.862000000000000000e+03 1.113499999999999961e-04
6.871000000000000000e+03 1.098419999999999963e-04
6.880000000000000000e+03 1.093510000000000039e-04
6.889000000000000000e+03 1.083940000000000061e-04
6.898000000000000000e+03 1.050829999999999966e-04
6.907000000000000000e+03 1.036900000000000050e-04
6.916000000000000000e+03 1.010469999999999966e-04
6.925000000000000000e+03 9.713120000000000271e-05
6.934000000000000000e+03 9.351210000000000208e-05
6.943000000000000000e+03 8.956049999999999742e-05
6.952000000000000000e+03 9.011839999999999423e-05
6.961000000000000000e+03 9.244430000000000529e-05
6.970000000000000000e+03 9.453620000000000469e-05
6.979000000000000000e+03 9.398420000000000049e-05
6.988000000000000000e+03 8.647190000000000128e-05
6.997000000000000000e+03 7.885330000000000616e-05
7.006000000000000000e+03 7.510770000000000597e-05
7.015000000000000000e+03 7.072559999999999925e-05
7.024000000000000000e+03 6.448330000000000652e-05
7.033000000000000000e+03 6.195189999999999887e-05
7.042000000000000000e+03 5.498549999999999727e-05
7.051000000000000000e+03 4.123480000000000033e-05
7.060000000000000000e+03 2.791380000000000030e-05
7.069000000000000000e+03 1.360259999999999916e-05
7.078000000000000000e+03 3.162820000000000154e-06
7.087000000000000000e+03 7.898099999999999764e-08
