6.389500000000000000e+03 0.000000000000000000e+00
6.401500000000000000e+03 3.816770000000000050e-06
6.413500000000000000e+03 1.415080000000000011e-05
6.425500000000000000e+03 2.073569999999999867e-05
6.437500000000000000e+03 2.133130000000000022e-05
6.449500000000000000e+03 2.090609999999999962e-05
6.461500000000000000e+03 1.913590000000000088e-05
6.473500000000000000e+03 1.919989999999999891e-05
6.485500000000000000e+03 2.160599999999999947e-05
6.497500000000000000e+03 2.294040000000000147e-05
6.509500000000000000e+03 2.303620000000000147e-05
6.521500000000000000e+03 3.416049999999999930e-05
6.533500000000000000e+03 6.152980000000000168e-05
6.545500000000000000e+03 7.626299999999999811e-05
6.557500000000000000e+03 8.156840000000000325e-05
6.569500000000000000e+03 8.422560000000000214e-05
6.581500000000000000e+03 8.738460000000000357e-05
6.593500000000000000e+03 9.378570000000000569e-05
6.605500000000000000e+03 1.091059999999999952e-04
6.617500000000000000e+03 1.497799999999999924e-04
6.629500000000000000e+03 1.909959999999999989e-04
6.641500000000000000e+03 2.268720000000000057e-04
6.653500000000000000e+03 2.770049999999999813e-04
6.665500000000000000e+03 3.360799999999999942e-04
6.677500000000000000e+03 4.328310000000000035e-04
6.689500000000000000e+03 5.631310000000000265e-04
6.701500000000000000e+03 8.069270000000000349e-04
6.713500000000000000e+03 1.164050000000000024e-03
6.725500000000000000e+03 1.736719999999999974e-03
6.737500000000000000e+03 2.620739999999999875e-03
6.749500000000000000e+03 3.868669999999999835e-03
6.761500000000000000e+03 5.907570000000000009e-03
6.773500000000000000e+03 8.626840000000000203e-03
6.785500000000000000e+03 1.340299999999999998e-02
6.797500000000000000e+03 1.978840000000000113e-02
6.809500000000000000e+03 3.001269999999999979e-02
6.821500000000000000e+03 4.247499999999999887e-02
6.833500000000000000e+03 5.801230000000000275e-02
6.845500000000000000e+03 7.058100000000000485e-02
6.857500000000000000e+03 8.036569999999999825e-02
6.869500000000000000e+03 8.688510000000000677e-02
6.881500000000000000e+03 9.413390000000000646e-02
6.893500000000000000e+03 1.078080000000000011e-01
6.905500000000000000e+03 1.275110000000000132e-01
6.917500000000000000e+03 1.550570000000000004e-01
6.929500000000000000e+03 1.856659999999999977e-01
6.941500000000000000e+03 2.178009999999999946e-01
6.953500000000000000e+03 2.456440000000000012e-01
6.965500000000000000e+03 2.677269999999999928e-01
6.977500000000000000e+03 2.949640000000000040e-01
6.989500000000000000e+03 3.239520000000000177e-01
7.001500000000000000e+03 3.537580000000000169e-01
7.013500000000000000e+03 3.777010000000000089e-01
7.025500000000000000e+03 3.917550000000000199e-01
7.037500000000000000e+03 4.133020000000000027e-01
7.049500000000000000e+03 4.440720000000000223e-01
7.061500000000000000e+03 4.807409999999999739e-01
7.073500000000000000e+03 5.239909999999999846e-01
7.085500000000000000e+03 5.676649999999999752e-01
7.097500000000000000e+03 6.024920000000000275e-01
7.109500000000000000e+03 6.315439999999999943e-01
7.121500000000000000e+03 6.601230000000000153e-01
7.133500000000000000e+03 6.864400000000000501e-01
7.145500000000000000e+03 7.128619999999999957e-01
7.157500000000000000e+03 7.399909999999999544e-01
7.169500000000000000e+03 7.665140000000000287e-01
7.181500000000000000e+03 7.937889999999999668e-01
7.193500000000000000e+03 8.233150000000000190e-01
7.205500000000000000e+03 8.525890000000000413e-01
7.217500000000000000e+03 8.743600000000000261e-01
7.229500000000000000e+03 8.905960000000000543e-01
7.241500000000000000e+03 9.050179999999999891e-01
7.253500000000000000e+03 9.157129999999999992e-01
7.265500000000000000e+03 9.230650000000000244e-01
7.277500000000000000e+03 9.302390000000000381e-01
7.289500000000000000e+03 9.371869999999999923e-01
7.301500000000000000e+03 9.451730000000000409e-01
7.313500000000000000e+03 9.539029999999999454e-01
7.325500000000000000e+03 9.622009999999999730e-01
7.337500000000000000e+03 9.677249999999999464e-01
7.349500000000000000e+03 9.697890000000000121e-01
7.361500000000000000e+03 9.714080000000000492e-01
7.373500000000000000e+03 9.745439999999999658e-01
7.385500000000000000e+03 9.777449999999999752e-01
7.397500000000000000e+03 9.805430000000000534e-01
7.409500000000000000e+03 9.827500000000000124e-01
7.421500000000000000e+03 9.836230000000000251e-01
7.433500000000000000e+03 9.833939999999999904e-01
7.445500000000000000e+03 9.846000000000000307e-01
7.457500000000000000e+03 9.841630000000000100e-01
7.469500000000000000e+03 9.824469999999999592e-01
7.481500000000000000e+03 9.818090000000000428e-01
7.493500000000000000e+03 9.802110000000000545e-01
7.505500000000000000e+03 9.770649999999999613e-01
7.517500000000000000e+03 9.748900000000000343e-01
7.529500000000000000e+03 9.734990000000000032e-01
7.541500000000000000e+03 9.740140000000000464e-01
7.553500000000000000e+03 9.781649999999999512e-01
7.565500000000000000e+03 9.837200000000000388e-01
7.577500000000000000e+03 9.894929999999999559e-01
7.589500000000000000e+03 9.924939999999999873e-01
7.601500000000000000e+03 9.965709999999999846e-01
7.613500000000000000e+03 1.000000000000000000e+00
7.625500000000000000e+03 9.953199999999999825e-01
7.637500000000000000e+03 9.896359999999999602e-01
7.649500000000000000e+03 9.885329999999999950e-01
7.661500000000000000e+03 9.876449999999999951e-01
7.673500000000000000e+03 9.834289999999999976e-01
7.685500000000000000e+03 9.728890000000000038e-01
7.697500000000000000e+03 9.589229999999999698e-01
7.709500000000000000e+03 9.336969999999999992e-01
7.721500000000000000e+03 9.001820000000000377e-01
7.733500000000000000e+03 8.567540000000000155e-01
7.745500000000000000e+03 8.120089999999999808e-01
7.757500000000000000e+03 7.659219999999999917e-01
7.769500000000000000e+03 7.177630000000000399e-01
7.781500000000000000e+03 6.744539999999999980e-01
7.793500000000000000e+03 6.436030000000000362e-01
7.805500000000000000e+03 6.216129999999999711e-01
7.817500000000000000e+03 6.012380000000000502e-01
7.829500000000000000e+03 5.875249999999999639e-01
7.841500000000000000e+03 5.730349999999999611e-01
7.853500000000000000e+03 5.553249999999999575e-01
7.865500000000000000e+03 5.273459999999999814e-01
7.877500000000000000e+03 4.946180000000000021e-01
7.889500000000000000e+03 4.625500000000000167e-01
7.901500000000000000e+03 4.284839999999999760e-01
7.913500000000000000e+03 3.941160000000000219e-01
7.925500000000000000e+03 3.595119999999999982e-01
7.937500000000000000e+03 3.304090000000000082e-01
7.949500000000000000e+03 2.996219999999999994e-01
7.961500000000000000e+03 2.682990000000000097e-01
7.973500000000000000e+03 2.352910000000000001e-01
7.985500000000000000e+03 1.991620000000000057e-01
7.997500000000000000e+03 1.631720000000000115e-01
8.009500000000000000e+03 1.257260000000000044e-01
8.021500000000000000e+03 9.324520000000000031e-02
8.033500000000000000e+03 6.599850000000000161e-02
8.045500000000000000e+03 4.489520000000000316e-02
8.057500000000000000e+03 2.974250000000000158e-02
8.069500000000000000e+03 1.988459999999999880e-02
8.081500000000000000e+03 1.315829999999999951e-02
8.093500000000000000e+03 9.027439999999999423e-03
8.105500000000000000e+03 5.983630000000000199e-03
8.117500000000000000e+03 3.911989999999999738e-03
8.129500000000000000e+03 2.569629999999999831e-03
8.141500000000000000e+03 1.903200000000000074e-03
8.153500000000000000e+03 1.413650000000000019e-03
8.165500000000000000e+03 1.122240000000000043e-03
8.177500000000000000e+03 9.018259999999999948e-04
8.189500000000000000e+03 7.382590000000000072e-04
8.201500000000000000e+03 5.866730000000000122e-04
8.213500000000000000e+03 4.886190000000000325e-04
8.225500000000000000e+03 4.224790000000000186e-04
8.237500000000000000e+03 3.801090000000000024e-04
8.249500000000000000e+03 3.408640000000000216e-04
8.261500000000000000e+03 3.112990000000000158e-04
8.273500000000000000e+03 2.911179999999999866e-04
8.285500000000000000e+03 2.782400000000000194e-04
8.297500000000000000e+03 2.667090000000000107e-04
8.309500000000000000e+03 2.603920000000000236e-04
8.321500000000000000e+03 2.551979999999999917e-04
8.333500000000000000e+03 2.499320000000000187e-04
8.345500000000000000e+03 2.411149999999999979e-04
8.357500000000000000e+03 2.237340000000000097e-04
8.369500000000000000e+03 2.089179999999999943e-04
8.381500000000000000e+03 2.056240000000000086e-04
8.393500000000000000e+03 1.926040000000000011e-04
8.405500000000000000e+03 1.697860000000000038e-04
8.417500000000000000e+03 1.614929999999999935e-04
8.429500000000000000e+03 1.634870000000000019e-04
8.441500000000000000e+03 1.626210000000000004e-04
8.453500000000000000e+03 1.603700000000000112e-04
8.465500000000000000e+03 1.575090000000000127e-04
8.477500000000000000e+03 1.519109999999999894e-04
8.489500000000000000e+03 1.337509999999999871e-04
8.501500000000000000e+03 1.114350000000000063e-04
8.513500000000000000e+03 1.041770000000000022e-04
8.525500000000000000e+03 1.049409999999999970e-04
8.537500000000000000e+03 1.056519999999999974e-04
8.549500000000000000e+03 1.054270000000000055e-04
8.561500000000000000e+03 1.045420000000000030e-04
8.573500000000000000e+03 9.751879999999999880e-05
8.585500000000000000e+03 8.486349999999999818e-05
8.597500000000000000e+03 7.468499999999999390e-05
8.609500000000000000e+03 6.127760000000000433e-05
8.621500000000000000e+03 4.568399999999999832e-05
8.633500000000000000e+03 3.155260000000000009e-05
8.645500000000000000e+03 1.462760000000000035e-05
8.657500000000000000e+03 3.090540000000000144e-06
