2.852500000000000000e+03 0.000000000000000000e+00
2.858500000000000000e+03 4.953169999999999877e-07
2.864500000000000000e+03 2.460180000000000050e-06
2.870500000000000000e+03 4.219430000000000190e-06
2.876500000000000000e+03 4.300290000000000293e-06
2.882500000000000000e+03 4.121510000000000118e-06
2.888500000000000000e+03 3.923269999999999793e-06
2.894500000000000000e+03 3.878869999999999845e-06
2.900500000000000000e+03 5.456249999999999641e-06
2.906500000000000000e+03 7.415829999999999774e-06
2.912500000000000000e+03 7.938110000000000134e-06
2.918500000000000000e+03 7.760129999999999172e-06
2.924500000000000000e+03 7.597709999999999971e-06
2.930500000000000000e+03 7.476730000000000326e-06
2.936500000000000000e+03 7.439329999999999634e-06
2.942500000000000000e+03 7.607669999999999618e-06
2.948500000000000000e+03 7.776160000000000778e-06
2.954500000000000000e+03 7.873759999999999640e-06
2.960500000000000000e+03 7.961770000000000175e-06
2.966500000000000000e+03 8.071919999999999451e-06
2.972500000000000000e+03 8.185259999999999961e-06
2.978500000000000000e+03 8.314270000000000612e-06
2.984500000000000000e+03 8.445609999999999934e-06
2.990500000000000000e+03 8.448359999999999187e-06
2.996500000000000000e+03 8.299139999999999285e-06
3.002500000000000000e+03 8.161990000000000098e-06
3.008500000000000000e+03 8.052490000000000553e-06
3.014500000000000000e+03 7.955210000000000360e-06
3.020500000000000000e+03 7.898949999999999987e-06
3.026500000000000000e+03 7.833949999999999762e-06
3.032500000000000000e+03 7.635879999999999472e-06
3.038500000000000000e+03 7.402940000000000140e-06
3.044500000000000000e+03 7.228390000000000261e-06
3.050500000000000000e+03 7.085749999999999879e-06
3.056500000000000000e+03 7.004939999999999885e-06
3.062500000000000000e+03 6.996229999999999591e-06
3.068500000000000000e+03 6.987939999999999878e-06
3.074500000000000000e+03 6.980690000000000075e-06
3.080500000000000000e+03 6.973519999999999938e-06
3.086500000000000000e+03 6.966529999999999689e-06
3.092500000000000000e+03 6.959579999999999696e-06
3.098500000000000000e+03 6.952679999999999813e-06
3.104500000000000000e+03 6.945799999999999635e-06
3.110500000000000000e+03 6.939030000000000375e-06
3.116500000000000000e+03 6.932299999999999679e-06
3.122500000000000000e+03 6.925770000000000269e-06
3.128500000000000000e+03 6.919340000000000230e-06
3.134500000000000000e+03 6.913550000000000070e-06
3.140500000000000000e+03 6.908360000000000379e-06
3.146500000000000000e+03 6.903260000000000208e-06
3.152500000000000000e+03 6.898399999999999885e-06
3.158500000000000000e+03 6.893569999999999967e-06
3.164500000000000000e+03 6.888950000000000340e-06
3.170500000000000000e+03 6.884389999999999828e-06
3.176500000000000000e+03 6.880429999999999784e-06
3.182500000000000000e+03 6.876840000000000214e-06
3.188500000000000000e+03 6.872820000000000208e-06
3.194500000000000000e+03 6.868769999999999798e-06
3.200500000000000000e+03 6.865669999999999777e-06
3.206500000000000000e+03 6.863110000000000262e-06
3.212500000000000000e+03 6.950269999999999780e-06
3.218500000000000000e+03 7.133960000000000388e-06
3.224500000000000000e+03 7.315259999999999821e-06
3.230500000000000000e+03 7.491359999999999710e-06
3.236500000000000000e+03 7.649949999999999491e-06
3.242500000000000000e+03 7.746089999999999557e-06
3.248500000000000000e+03 7.852070000000000192e-06
3.254500000000000000e+03 8.141619999999999817e-06
3.260500000000000000e+03 8.558869999999999930e-06
3.266500000000000000e+03 8.977949999999999313e-06
3.272500000000000000e+03 9.393200000000000123e-06
3.278500000000000000e+03 9.778179999999999272e-06
3.284500000000000000e+03 1.008739999999999934e-05
3.290500000000000000e+03 1.044420000000000073e-05
3.296500000000000000e+03 1.096839999999999988e-05
3.302500000000000000e+03 1.152849999999999982e-05
3.308500000000000000e+03 1.209559999999999986e-05
3.314500000000000000e+03 1.269489999999999936e-05
3.320500000000000000e+03 1.341589999999999974e-05
3.326500000000000000e+03 1.413840000000000002e-05
3.332500000000000000e+03 1.493820000000000040e-05
3.338500000000000000e+03 1.583660000000000013e-05
3.344500000000000000e+03 1.687390000000000119e-05
3.350500000000000000e+03 1.797169999999999939e-05
3.356500000000000000e+03 1.926649999999999926e-05
3.362500000000000000e+03 2.083199999999999977e-05
3.368500000000000000e+03 2.255570000000000158e-05
3.374500000000000000e+03 2.449259999999999992e-05
3.380500000000000000e+03 2.653140000000000148e-05
3.386500000000000000e+03 2.884870000000000045e-05
3.392500000000000000e+03 3.137899999999999891e-05
3.398500000000000000e+03 3.443630000000000096e-05
3.404500000000000000e+03 3.782819999999999808e-05
3.410500000000000000e+03 4.165930000000000278e-05
3.416500000000000000e+03 4.582879999999999734e-05
3.422500000000000000e+03 5.072580000000000144e-05
3.428500000000000000e+03 5.616230000000000267e-05
3.434500000000000000e+03 6.236330000000000649e-05
3.440500000000000000e+03 6.954680000000000302e-05
3.446500000000000000e+03 7.756949999999999653e-05
3.452500000000000000e+03 8.683929999999999373e-05
3.458500000000000000e+03 9.698809999999999387e-05
3.464500000000000000e+03 1.091129999999999970e-04
3.470500000000000000e+03 1.225400000000000024e-04
3.476500000000000000e+03 1.388650000000000062e-04
3.482500000000000000e+03 1.568990000000000033e-04
3.488500000000000000e+03 1.789569999999999876e-04
3.494500000000000000e+03 2.034430000000000103e-04
3.500500000000000000e+03 2.328599999999999897e-04
3.506500000000000000e+03 2.662270000000000109e-04
3.512500000000000000e+03 3.054369999999999828e-04
3.518500000000000000e+03 3.544309999999999952e-04
3.524500000000000000e+03 4.973220000000000201e-04
3.530500000000000000e+03 6.895300000000000474e-04
3.536500000000000000e+03 9.042769999999999888e-04
3.542500000000000000e+03 1.148029999999999971e-03
3.548500000000000000e+03 1.497870000000000104e-03
3.554500000000000000e+03 2.026280000000000095e-03
3.560500000000000000e+03 2.613299999999999824e-03
3.566500000000000000e+03 3.365840000000000151e-03
3.572500000000000000e+03 4.262039999999999926e-03
3.578500000000000000e+03 5.359069999999999633e-03
3.584500000000000000e+03 6.540530000000000128e-03
3.590500000000000000e+03 7.941949999999999704e-03
3.596500000000000000e+03 9.607990000000000280e-03
3.602500000000000000e+03 1.150310000000000048e-02
3.608500000000000000e+03 1.361500000000000037e-02
3.614500000000000000e+03 1.591019999999999934e-02
3.620500000000000000e+03 1.841450000000000031e-02
3.626500000000000000e+03 2.110460000000000114e-02
3.632500000000000000e+03 2.399789999999999909e-02
3.638500000000000000e+03 2.710049999999999959e-02
3.644500000000000000e+03 3.031079999999999885e-02
3.650500000000000000e+03 3.368909999999999960e-02
3.656500000000000000e+03 3.715090000000000059e-02
3.662500000000000000e+03 4.069219999999999782e-02
3.668500000000000000e+03 4.430420000000000191e-02
3.674500000000000000e+03 4.795699999999999963e-02
3.680500000000000000e+03 5.167479999999999990e-02
3.686500000000000000e+03 5.534750000000000086e-02
3.692500000000000000e+03 5.895670000000000077e-02
3.698500000000000000e+03 6.245930000000000232e-02
3.704500000000000000e+03 6.586909999999999987e-02
3.710500000000000000e+03 6.916569999999999663e-02
3.716500000000000000e+03 7.238669999999999827e-02
3.722500000000000000e+03 7.528880000000000294e-02
3.728500000000000000e+03 7.809290000000000675e-02
3.734500000000000000e+03 8.041429999999999412e-02
3.740500000000000000e+03 8.266479999999999662e-02
3.746500000000000000e+03 8.508350000000000635e-02
3.752500000000000000e+03 8.801730000000000664e-02
3.758500000000000000e+03 9.103659999999999530e-02
3.764500000000000000e+03 9.429260000000000419e-02
3.770500000000000000e+03 9.743209999999999371e-02
3.776500000000000000e+03 1.002370000000000066e-01
3.782500000000000000e+03 1.029729999999999951e-01
3.788500000000000000e+03 1.053629999999999983e-01
3.794500000000000000e+03 1.080839999999999995e-01
3.800500000000000000e+03 1.113299999999999984e-01
3.806500000000000000e+03 1.147090000000000054e-01
3.812500000000000000e+03 1.185790000000000038e-01
3.818500000000000000e+03 1.222509999999999986e-01
3.824500000000000000e+03 1.257280000000000064e-01
3.830500000000000000e+03 1.289540000000000131e-01
3.836500000000000000e+03 1.318979999999999875e-01
3.842500000000000000e+03 1.344879999999999964e-01
3.848500000000000000e+03 1.366749999999999909e-01
3.854500000000000000e+03 1.387730000000000075e-01
3.860500000000000000e+03 1.407059999999999977e-01
3.866500000000000000e+03 1.424789999999999945e-01
3.872500000000000000e+03 1.440259999999999874e-01
3.878500000000000000e+03 1.452799999999999925e-01
3.884500000000000000e+03 1.466040000000000121e-01
3.890500000000000000e+03 1.479340000000000099e-01
3.896500000000000000e+03 1.492840000000000000e-01
3.902500000000000000e+03 1.512189999999999923e-01
3.908500000000000000e+03 1.549180000000000001e-01
3.914500000000000000e+03 1.619960000000000011e-01
3.920500000000000000e+03 1.744769999999999932e-01
3.926500000000000000e+03 1.952440000000000009e-01
3.932500000000000000e+03 2.265659999999999896e-01
3.938500000000000000e+03 2.701839999999999797e-01
3.944500000000000000e+03 3.258139999999999925e-01
3.950500000000000000e+03 3.926939999999999875e-01
3.956500000000000000e+03 4.645529999999999937e-01
3.962500000000000000e+03 5.423069999999999835e-01
3.968500000000000000e+03 6.184570000000000345e-01
3.974500000000000000e+03 6.990429999999999700e-01
3.980500000000000000e+03 7.693870000000000431e-01
3.986500000000000000e+03 8.351659999999999640e-01
3.992500000000000000e+03 8.881759999999999655e-01
3.998500000000000000e+03 9.279889999999999528e-01
4.004500000000000000e+03 9.568959999999999688e-01
4.010500000000000000e+03 9.715129999999999599e-01
4.016500000000000000e+03 9.793990000000000196e-01
4.022500000000000000e+03 9.805359999999999632e-01
4.028500000000000000e+03 9.799949999999999495e-01
4.034500000000000000e+03 9.797960000000000003e-01
4.040500000000000000e+03 9.796629999999999505e-01
4.046500000000000000e+03 9.822009999999999907e-01
4.052500000000000000e+03 9.861630000000000118e-01
4.058500000000000000e+03 9.928979999999999473e-01
4.064500000000000000e+03 9.978639999999999732e-01
4.070500000000000000e+03 1.000000000000000000e+00
4.076500000000000000e+03 9.984560000000000102e-01
4.082500000000000000e+03 9.938569999999999904e-01
4.088500000000000000e+03 9.831499999999999684e-01
4.094500000000000000e+03 9.642720000000000180e-01
4.100500000000000000e+03 9.373310000000000253e-01
4.106500000000000000e+03 9.041529999999999845e-01
4.112500000000000000e+03 8.661159999999999970e-01
4.118500000000000000e+03 8.240300000000000402e-01
4.124500000000000000e+03 7.789439999999999698e-01
4.130500000000000000e+03 7.255209999999999715e-01
4.136500000000000000e+03 6.683430000000000204e-01
4.142500000000000000e+03 6.083819999999999784e-01
4.148500000000000000e+03 5.472209999999999575e-01
4.154500000000000000e+03 4.873319999999999874e-01
4.160500000000000000e+03 4.317949999999999844e-01
4.166500000000000000e+03 3.759219999999999784e-01
4.172500000000000000e+03 3.250819999999999821e-01
4.178500000000000000e+03 2.806850000000000178e-01
4.184500000000000000e+03 2.401560000000000084e-01
4.190500000000000000e+03 2.066240000000000021e-01
4.196500000000000000e+03 1.779580000000000051e-01
4.202500000000000000e+03 1.581559999999999910e-01
4.208500000000000000e+03 1.407849999999999935e-01
4.214500000000000000e+03 1.293980000000000130e-01
4.220500000000000000e+03 1.202590000000000048e-01
4.226500000000000000e+03 1.142699999999999966e-01
4.232500000000000000e+03 1.096870000000000067e-01
4.238500000000000000e+03 1.070440000000000003e-01
4.244500000000000000e+03 1.046519999999999950e-01
4.250500000000000000e+03 1.026790000000000064e-01
4.256500000000000000e+03 1.007939999999999947e-01
4.262500000000000000e+03 9.939420000000000199e-02
4.268500000000000000e+03 9.825069999999999637e-02
4.274500000000000000e+03 9.756430000000000657e-02
4.280500000000000000e+03 9.687410000000000465e-02
4.286500000000000000e+03 9.583139999999999714e-02
4.292500000000000000e+03 9.469370000000000565e-02
4.298500000000000000e+03 9.360110000000000652e-02
4.304500000000000000e+03 9.253039999999999876e-02
4.310500000000000000e+03 9.161529999999999674e-02
4.316500000000000000e+03 9.082629999999999870e-02
4.322500000000000000e+03 9.007370000000000654e-02
4.328500000000000000e+03 8.907909999999999440e-02
4.334500000000000000e+03 8.813120000000000676e-02
4.340500000000000000e+03 8.718199999999999561e-02
4.346500000000000000e+03 8.618770000000000597e-02
4.352500000000000000e+03 8.515509999999999746e-02
4.358500000000000000e+03 8.396549999999999847e-02
4.364500000000000000e+03 8.251870000000000038e-02
4.370500000000000000e+03 8.079930000000000445e-02
4.376500000000000000e+03 7.873049999999999493e-02
4.382500000000000000e+03 7.626090000000000646e-02
4.388500000000000000e+03 7.361710000000000476e-02
4.394500000000000000e+03 7.091609999999999581e-02
4.400500000000000000e+03 6.803489999999999538e-02
4.406500000000000000e+03 6.512070000000000358e-02
4.412500000000000000e+03 6.211219999999999936e-02
4.418500000000000000e+03 5.881739999999999885e-02
4.424500000000000000e+03 5.555299999999999822e-02
4.430500000000000000e+03 5.201419999999999655e-02
4.436500000000000000e+03 4.852589999999999681e-02
4.442500000000000000e+03 4.489649999999999891e-02
4.448500000000000000e+03 4.126210000000000294e-02
4.454500000000000000e+03 3.768420000000000103e-02
4.460500000000000000e+03 3.410869999999999874e-02
4.466500000000000000e+03 3.073129999999999959e-02
4.472500000000000000e+03 2.745409999999999864e-02
4.478500000000000000e+03 2.440530000000000130e-02
4.484500000000000000e+03 2.152770000000000031e-02
4.490500000000000000e+03 1.886029999999999998e-02
4.496500000000000000e+03 1.644810000000000022e-02
4.502500000000000000e+03 1.421230000000000063e-02
4.508500000000000000e+03 1.224100000000000014e-02
4.514500000000000000e+03 1.046940000000000023e-02
4.520500000000000000e+03 8.879379999999999218e-03
4.526500000000000000e+03 7.522909999999999840e-03
4.532500000000000000e+03 6.299810000000000305e-03
4.538500000000000000e+03 5.278739999999999648e-03
4.544500000000000000e+03 4.353309999999999992e-03
4.550500000000000000e+03 3.576259999999999942e-03
4.556500000000000000e+03 2.931679999999999876e-03
4.562500000000000000e+03 2.389070000000000082e-03
4.568500000000000000e+03 1.987950000000000047e-03
4.574500000000000000e+03 1.641389999999999950e-03
4.580500000000000000e+03 1.375539999999999966e-03
4.586500000000000000e+03 1.131199999999999957e-03
4.592500000000000000e+03 9.609240000000000446e-04
4.598500000000000000e+03 8.169510000000000053e-04
4.604500000000000000e+03 6.889829999999999999e-04
4.610500000000000000e+03 5.772750000000000320e-04
4.616500000000000000e+03 4.880479999999999866e-04
4.622500000000000000e+03 4.138249999999999893e-04
4.628500000000000000e+03 3.454229999999999757e-04
4.634500000000000000e+03 2.982680000000000249e-04
4.640500000000000000e+03 2.591970000000000190e-04
4.646500000000000000e+03 2.332389999999999941e-04
4.652500000000000000e+03 2.196900000000000057e-04
4.658500000000000000e+03 2.027619999999999943e-04
4.664500000000000000e+03 1.847130000000000050e-04
4.670500000000000000e+03 1.709939999999999963e-04
4.676500000000000000e+03 1.597360000000000034e-04
4.682500000000000000e+03 1.426239999999999951e-04
4.688500000000000000e+03 1.184680000000000048e-04
4.694500000000000000e+03 9.845639999999999470e-05
4.700500000000000000e+03 8.009950000000000110e-05
4.706500000000000000e+03 6.106339999999999544e-05
4.712500000000000000e+03 5.540279999999999749e-05
4.718500000000000000e+03 5.380030000000000055e-05
4.724500000000000000e+03 5.216570000000000099e-05
4.730500000000000000e+03 5.040180000000000251e-05
4.736500000000000000e+03 4.807029999999999951e-05
4.742500000000000000e+03 4.569780000000000147e-05
4.748500000000000000e+03 4.354229999999999814e-05
4.754500000000000000e+03 4.117579999999999971e-05
4.760500000000000000e+03 2.817449999999999935e-05
4.766500000000000000e+03 9.669610000000000412e-06
