3.982000000000000000e+03 0.000000000000000000e+00
3.991000000000000000e+03 1.762419999999999975e-06
4.000000000000000000e+03 1.234209999999999996e-05
4.009000000000000000e+03 2.610430000000000009e-05
4.018000000000000000e+03 2.996869999999999989e-05
4.027000000000000000e+03 2.990400000000000032e-05
4.036000000000000000e+03 2.983369999999999864e-05
4.045000000000000000e+03 2.979270000000000022e-05
4.054000000000000000e+03 2.992560000000000025e-05
4.063000000000000000e+03 3.055339999999999787e-05
4.072000000000000000e+03 3.148749999999999965e-05
4.081000000000000000e+03 3.675150000000000210e-05
4.090000000000000000e+03 5.236559999999999886e-05
4.099000000000000000e+03 6.957950000000000018e-05
4.108000000000000000e+03 7.458289999999999365e-05
4.117000000000000000e+03 7.470080000000000144e-05
4.126000000000000000e+03 7.527540000000000099e-05
4.135000000000000000e+03 7.579999999999999932e-05
4.144000000000000000e+03 7.615759999999999739e-05
4.153000000000000000e+03 7.690080000000000071e-05
4.162000000000000000e+03 7.792729999999999503e-05
4.171000000000000000e+03 7.898719999999999483e-05
4.180000000000000000e+03 8.035620000000000154e-05
4.189000000000000000e+03 8.191039999999999422e-05
4.198000000000000000e+03 8.280400000000000206e-05
4.207000000000000000e+03 8.338319999999999814e-05
4.216000000000000000e+03 8.508910000000000497e-05
4.225000000000000000e+03 8.747709999999999633e-05
4.234000000000000000e+03 8.962399999999999436e-05
4.243000000000000000e+03 9.123790000000000274e-05
4.252000000000000000e+03 9.217469999999999689e-05
4.261000000000000000e+03 9.286200000000000639e-05
4.270000000000000000e+03 9.348250000000000494e-05
4.279000000000000000e+03 9.428390000000000035e-05
4.288000000000000000e+03 9.495370000000000535e-05
4.297000000000000000e+03 9.534710000000000060e-05
4.306000000000000000e+03 9.623759999999999487e-05
4.315000000000000000e+03 9.806369999999999421e-05
4.324000000000000000e+03 1.006920000000000043e-04
4.333000000000000000e+03 1.039389999999999954e-04
4.342000000000000000e+03 1.074290000000000043e-04
4.351000000000000000e+03 1.106899999999999990e-04
4.360000000000000000e+03 1.138789999999999985e-04
4.369000000000000000e+03 1.173699999999999960e-04
4.378000000000000000e+03 1.208019999999999998e-04
4.387000000000000000e+03 1.230439999999999963e-04
4.396000000000000000e+03 1.239240000000000014e-04
4.405000000000000000e+03 1.238610000000000123e-04
4.414000000000000000e+03 1.237309999999999983e-04
4.423000000000000000e+03 1.244270000000000066e-04
4.432000000000000000e+03 1.269759999999999986e-04
4.441000000000000000e+03 1.311589999999999956e-04
4.450000000000000000e+03 1.358350000000000030e-04
4.459000000000000000e+03 1.406210000000000077e-04
4.468000000000000000e+03 1.453869999999999956e-04
4.477000000000000000e+03 1.498209999999999874e-04
4.486000000000000000e+03 1.535340000000000110e-04
4.495000000000000000e+03 1.566999999999999871e-04
4.504000000000000000e+03 1.589919999999999983e-04
4.513000000000000000e+03 1.608100000000000003e-04
4.522000000000000000e+03 1.628970000000000092e-04
4.531000000000000000e+03 1.663609999999999883e-04
4.540000000000000000e+03 1.717859999999999982e-04
4.549000000000000000e+03 1.776889999999999991e-04
4.558000000000000000e+03 1.828479999999999949e-04
4.567000000000000000e+03 1.877500000000000100e-04
4.576000000000000000e+03 1.926940000000000087e-04
4.585000000000000000e+03 1.975970000000000124e-04
4.594000000000000000e+03 2.025300000000000006e-04
4.603000000000000000e+03 2.072999999999999973e-04
4.612000000000000000e+03 2.121100000000000004e-04
4.621000000000000000e+03 2.174610000000000106e-04
4.630000000000000000e+03 2.236949999999999919e-04
4.639000000000000000e+03 2.313410000000000065e-04
4.648000000000000000e+03 2.389299999999999909e-04
4.657000000000000000e+03 2.402639999999999886e-04
4.666000000000000000e+03 2.330429999999999980e-04
4.675000000000000000e+03 2.294309999999999926e-04
4.684000000000000000e+03 2.336659999999999952e-04
4.693000000000000000e+03 2.422430000000000048e-04
4.702000000000000000e+03 2.575620000000000253e-04
4.711000000000000000e+03 2.807519999999999981e-04
4.720000000000000000e+03 3.039200000000000040e-04
4.729000000000000000e+03 3.223500000000000020e-04
4.738000000000000000e+03 3.387710000000000265e-04
4.747000000000000000e+03 3.532580000000000117e-04
4.756000000000000000e+03 3.628390000000000001e-04
4.765000000000000000e+03 3.650850000000000189e-04
4.774000000000000000e+03 3.659369999999999897e-04
4.783000000000000000e+03 3.768509999999999872e-04
4.792000000000000000e+03 3.987470000000000229e-04
4.801000000000000000e+03 4.307669999999999772e-04
4.810000000000000000e+03 4.751910000000000248e-04
4.819000000000000000e+03 5.300049999999999510e-04
4.828000000000000000e+03 5.847969999999999644e-04
4.837000000000000000e+03 6.383660000000000202e-04
4.846000000000000000e+03 7.145679999999999523e-04
4.855000000000000000e+03 8.348340000000000101e-04
4.864000000000000000e+03 9.901960000000000449e-04
4.873000000000000000e+03 1.144950000000000048e-03
4.882000000000000000e+03 1.291849999999999986e-03
4.891000000000000000e+03 1.519940000000000006e-03
4.900000000000000000e+03 1.880740000000000103e-03
4.909000000000000000e+03 2.272179999999999946e-03
4.918000000000000000e+03 2.631650000000000135e-03
4.927000000000000000e+03 3.016899999999999877e-03
4.936000000000000000e+03 3.474309999999999985e-03
4.945000000000000000e+03 4.036960000000000028e-03
4.954000000000000000e+03 4.752880000000000126e-03
4.963000000000000000e+03 5.718019999999999874e-03
4.972000000000000000e+03 6.983770000000000255e-03
4.981000000000000000e+03 8.513720000000000662e-03
4.990000000000000000e+03 1.041760000000000082e-02
4.999000000000000000e+03 1.295050000000000021e-02
5.008000000000000000e+03 1.654740000000000030e-02
5.017000000000000000e+03 2.191709999999999839e-02
5.026000000000000000e+03 2.948490000000000139e-02
5.035000000000000000e+03 4.056239999999999846e-02
5.044000000000000000e+03 5.460770000000000207e-02
5.053000000000000000e+03 7.245350000000000401e-02
5.062000000000000000e+03 9.218300000000000105e-02
5.071000000000000000e+03 1.136500000000000010e-01
5.080000000000000000e+03 1.347649999999999959e-01
5.089000000000000000e+03 1.552659999999999874e-01
5.098000000000000000e+03 1.745619999999999949e-01
5.107000000000000000e+03 1.941509999999999903e-01
5.116000000000000000e+03 2.147169999999999912e-01
5.125000000000000000e+03 2.368619999999999892e-01
5.134000000000000000e+03 2.612099999999999977e-01
5.143000000000000000e+03 2.871699999999999808e-01
5.152000000000000000e+03 3.165430000000000188e-01
5.161000000000000000e+03 3.480920000000000125e-01
5.170000000000000000e+03 3.833099999999999841e-01
5.179000000000000000e+03 4.209729999999999861e-01
5.188000000000000000e+03 4.620750000000000135e-01
5.197000000000000000e+03 5.045060000000000100e-01
5.206000000000000000e+03 5.464660000000000073e-01
5.215000000000000000e+03 5.874530000000000030e-01
5.224000000000000000e+03 6.276650000000000285e-01
5.233000000000000000e+03 6.672759999999999803e-01
5.242000000000000000e+03 7.069199999999999928e-01
5.251000000000000000e+03 7.457899999999999530e-01
5.260000000000000000e+03 7.815339999999999510e-01
5.269000000000000000e+03 8.099319999999999853e-01
5.278000000000000000e+03 8.303420000000000245e-01
5.287000000000000000e+03 8.444080000000000474e-01
5.296000000000000000e+03 8.531849999999999712e-01
5.305000000000000000e+03 8.620780000000000109e-01
5.314000000000000000e+03 8.719120000000000203e-01
5.323000000000000000e+03 8.828489999999999949e-01
5.332000000000000000e+03 8.923999999999999710e-01
5.341000000000000000e+03 8.976370000000000182e-01
5.350000000000000000e+03 9.081679999999999753e-01
5.359000000000000000e+03 9.230209999999999804e-01
5.368000000000000000e+03 9.405090000000000394e-01
5.377000000000000000e+03 9.579130000000000145e-01
5.386000000000000000e+03 9.739879999999999649e-01
5.395000000000000000e+03 9.857890000000000263e-01
5.404000000000000000e+03 9.930229999999999890e-01
5.413000000000000000e+03 9.970670000000000366e-01
5.422000000000000000e+03 9.990149999999999864e-01
5.431000000000000000e+03 1.000000000000000000e+00
5.440000000000000000e+03 9.999679999999999680e-01
5.449000000000000000e+03 9.983070000000000555e-01
5.458000000000000000e+03 9.955239999999999645e-01
5.467000000000000000e+03 9.921090000000000186e-01
5.476000000000000000e+03 9.893769999999999509e-01
5.485000000000000000e+03 9.859010000000000273e-01
5.494000000000000000e+03 9.805599999999999872e-01
5.503000000000000000e+03 9.731330000000000258e-01
5.512000000000000000e+03 9.637160000000000171e-01
5.521000000000000000e+03 9.542950000000000044e-01
5.530000000000000000e+03 9.475639999999999619e-01
5.539000000000000000e+03 9.439589999999999925e-01
5.548000000000000000e+03 9.404850000000000154e-01
5.557000000000000000e+03 9.372580000000000355e-01
5.566000000000000000e+03 9.331199999999999495e-01
5.575000000000000000e+03 9.266489999999999450e-01
5.584000000000000000e+03 9.148530000000000273e-01
5.593000000000000000e+03 9.009340000000000126e-01
5.602000000000000000e+03 8.849960000000000049e-01
5.611000000000000000e+03 8.704290000000000083e-01
5.620000000000000000e+03 8.565019999999999856e-01
5.629000000000000000e+03 8.456639999999999713e-01
5.638000000000000000e+03 8.371429999999999705e-01
5.647000000000000000e+03 8.290830000000000144e-01
5.656000000000000000e+03 8.211150000000000393e-01
5.665000000000000000e+03 8.162939999999999641e-01
5.674000000000000000e+03 8.125449999999999617e-01
5.683000000000000000e+03 8.072559999999999736e-01
5.692000000000000000e+03 8.002089999999999481e-01
5.701000000000000000e+03 7.893329999999999513e-01
5.710000000000000000e+03 7.783269999999999911e-01
5.719000000000000000e+03 7.677439999999999820e-01
5.728000000000000000e+03 7.577460000000000306e-01
5.737000000000000000e+03 7.490620000000000056e-01
5.746000000000000000e+03 7.420740000000000114e-01
5.755000000000000000e+03 7.388479999999999492e-01
5.764000000000000000e+03 7.374399999999999844e-01
5.773000000000000000e+03 7.361779999999999990e-01
5.782000000000000000e+03 7.352189999999999559e-01
5.791000000000000000e+03 7.340079999999999938e-01
5.800000000000000000e+03 7.296859999999999458e-01
5.809000000000000000e+03 7.200579999999999758e-01
5.818000000000000000e+03 7.102579999999999449e-01
5.827000000000000000e+03 6.991829999999999989e-01
5.836000000000000000e+03 6.814799999999999747e-01
5.845000000000000000e+03 6.551129999999999454e-01
5.854000000000000000e+03 6.208129999999999482e-01
5.863000000000000000e+03 5.827329999999999455e-01
5.872000000000000000e+03 5.428250000000000020e-01
5.881000000000000000e+03 5.047009999999999552e-01
5.890000000000000000e+03 4.707959999999999923e-01
5.899000000000000000e+03 4.423009999999999997e-01
5.908000000000000000e+03 4.191480000000000206e-01
5.917000000000000000e+03 3.985750000000000126e-01
5.926000000000000000e+03 3.799609999999999932e-01
5.935000000000000000e+03 3.623219999999999774e-01
5.944000000000000000e+03 3.456719999999999793e-01
5.953000000000000000e+03 3.292869999999999964e-01
5.962000000000000000e+03 3.120269999999999988e-01
5.971000000000000000e+03 2.925420000000000242e-01
5.980000000000000000e+03 2.708920000000000217e-01
5.989000000000000000e+03 2.483519999999999894e-01
5.998000000000000000e+03 2.259950000000000014e-01
6.007000000000000000e+03 2.058470000000000022e-01
6.016000000000000000e+03 1.878219999999999890e-01
6.025000000000000000e+03 1.717990000000000073e-01
6.034000000000000000e+03 1.579689999999999983e-01
6.043000000000000000e+03 1.454880000000000062e-01
6.052000000000000000e+03 1.332280000000000131e-01
6.061000000000000000e+03 1.213179999999999953e-01
6.070000000000000000e+03 1.100170000000000037e-01
6.079000000000000000e+03 1.000960000000000044e-01
6.088000000000000000e+03 9.119489999999999541e-02
6.097000000000000000e+03 8.371960000000000512e-02
6.106000000000000000e+03 7.674540000000000528e-02
6.115000000000000000e+03 7.047219999999999873e-02
6.124000000000000000e+03 6.485319999999999974e-02
6.133000000000000000e+03 6.017659999999999676e-02
6.142000000000000000e+03 5.638359999999999900e-02
6.151000000000000000e+03 5.314549999999999830e-02
6.160000000000000000e+03 5.049259999999999859e-02
6.169000000000000000e+03 4.814369999999999761e-02
6.178000000000000000e+03 4.593309999999999754e-02
6.187000000000000000e+03 4.369490000000000179e-02
6.196000000000000000e+03 4.151099999999999929e-02
6.205000000000000000e+03 3.937159999999999965e-02
6.214000000000000000e+03 3.725180000000000158e-02
6.223000000000000000e+03 3.513209999999999944e-02
6.232000000000000000e+03 3.300079999999999680e-02
6.241000000000000000e+03 3.086529999999999829e-02
6.250000000000000000e+03 2.877489999999999909e-02
6.259000000000000000e+03 2.675620000000000082e-02
6.268000000000000000e+03 2.456509999999999944e-02
6.277000000000000000e+03 2.205939999999999984e-02
6.286000000000000000e+03 1.967350000000000002e-02
6.295000000000000000e+03 1.815349999999999950e-02
6.304000000000000000e+03 1.703259999999999844e-02
6.313000000000000000e+03 1.588559999999999972e-02
6.322000000000000000e+03 1.471049999999999962e-02
6.331000000000000000e+03 1.353829999999999964e-02
6.340000000000000000e+03 1.238389999999999977e-02
6.349000000000000000e+03 1.123850000000000023e-02
6.358000000000000000e+03 1.010469999999999945e-02
6.367000000000000000e+03 8.975719999999999532e-03
6.376000000000000000e+03 7.844409999999999578e-03
6.385000000000000000e+03 6.743950000000000292e-03
6.394000000000000000e+03 5.710419999999999906e-03
6.403000000000000000e+03 4.498049999999999965e-03
6.412000000000000000e+03 3.006539999999999820e-03
6.421000000000000000e+03 1.422620000000000091e-03
6.430000000000000000e+03 2.514910000000000084e-04
6.439000000000000000e+03 6.066700000000000039e-05
6.448000000000000000e+03 5.988159999999999940e-05
6.457000000000000000e+03 5.872970000000000116e-05
6.466000000000000000e+03 5.859630000000000003e-05
6.475000000000000000e+03 5.996749999999999802e-05
6.484000000000000000e+03 6.221910000000000201e-05
6.493000000000000000e+03 6.419870000000000589e-05
6.502000000000000000e+03 6.555050000000000199e-05
6.511000000000000000e+03 6.566580000000000409e-05
6.520000000000000000e+03 6.058130000000000221e-05
6.529000000000000000e+03 5.861129999999999904e-05
6.538000000000000000e+03 5.691699999999999733e-05
6.547000000000000000e+03 4.427799999999999857e-05
6.556000000000000000e+03 3.419759999999999933e-05
6.565000000000000000e+03 2.500150000000000110e-05
6.574000000000000000e+03 1.422549999999999958e-05
6.583000000000000000e+03 1.056719999999999939e-05
6.592000000000000000e+03 1.089009999999999929e-05
6.601000000000000000e+03 1.202059999999999973e-05
6.610000000000000000e+03 1.296130000000000074e-05
6.619000000000000000e+03 1.305170000000000075e-05
6.628000000000000000e+03 1.005429999999999960e-05
6.637000000000000000e+03 2.878309999999999891e-06
