1.708000000000000000e+03 0.000000000000000000e+00
1.711000000000000000e+03 2.808329999999999752e-10
1.714000000000000000e+03 1.274019999999999908e-09
1.717000000000000000e+03 2.740160000000000183e-09
1.720000000000000000e+03 4.226200000000000150e-09
1.723000000000000000e+03 5.720740000000000244e-09
1.726000000000000000e+03 7.506159999999999234e-09
1.729000000000000000e+03 8.935079999999999300e-09
1.732000000000000000e+03 1.026750000000000078e-08
1.735000000000000000e+03 9.984670000000000429e-09
1.738000000000000000e+03 7.314670000000000343e-09
1.741000000000000000e+03 4.420880000000000144e-09
1.744000000000000000e+03 1.631790000000000007e-09
1.747000000000000000e+03 1.295579999999999987e-10
1.750000000000000000e+03 5.980069999999999983e-12
1.753000000000000000e+03 6.753389999999999762e-12
1.756000000000000000e+03 7.522790000000000098e-12
1.759000000000000000e+03 8.266739999999999569e-12
1.762000000000000000e+03 8.988820000000000063e-12
1.765000000000000000e+03 9.709459999999999706e-12
1.768000000000000000e+03 1.073930000000000067e-05
1.771000000000000000e+03 8.731749999999999874e-05
1.774000000000000000e+03 1.499840000000000060e-04
1.777000000000000000e+03 1.795950000000000042e-04
1.780000000000000000e+03 2.220819999999999923e-04
1.783000000000000000e+03 2.712219999999999995e-04
1.786000000000000000e+03 3.268969999999999840e-04
1.789000000000000000e+03 3.888259999999999937e-04
1.792000000000000000e+03 4.566589999999999929e-04
1.795000000000000000e+03 5.342520000000000342e-04
1.798000000000000000e+03 6.192790000000000317e-04
1.801000000000000000e+03 7.159160000000000350e-04
1.804000000000000000e+03 8.278089999999999884e-04
1.807000000000000000e+03 9.514849999999999610e-04
1.810000000000000000e+03 1.097370000000000073e-03
1.813000000000000000e+03 1.260779999999999974e-03
1.816000000000000000e+03 1.443929999999999953e-03
1.819000000000000000e+03 1.642019999999999895e-03
1.822000000000000000e+03 1.848620000000000037e-03
1.825000000000000000e+03 2.066440000000000117e-03
1.828000000000000000e+03 2.293400000000000126e-03
1.831000000000000000e+03 2.526490000000000159e-03
1.834000000000000000e+03 2.758169999999999893e-03
1.837000000000000000e+03 2.989480000000000089e-03
1.840000000000000000e+03 3.221569999999999989e-03
1.843000000000000000e+03 3.453130000000000002e-03
1.846000000000000000e+03 3.680329999999999886e-03
1.849000000000000000e+03 3.894630000000000054e-03
1.852000000000000000e+03 4.110660000000000355e-03
1.855000000000000000e+03 4.330289999999999660e-03
1.858000000000000000e+03 4.565310000000000375e-03
1.861000000000000000e+03 4.814610000000000417e-03
1.864000000000000000e+03 5.084899999999999837e-03
1.867000000000000000e+03 5.382920000000000239e-03
1.870000000000000000e+03 5.698540000000000202e-03
1.873000000000000000e+03 6.061730000000000416e-03
1.876000000000000000e+03 6.467960000000000029e-03
1.879000000000000000e+03 6.893240000000000131e-03
1.882000000000000000e+03 7.345499999999999599e-03
1.885000000000000000e+03 7.890720000000000373e-03
1.888000000000000000e+03 8.540779999999999553e-03
1.891000000000000000e+03 9.202880000000000088e-03
1.894000000000000000e+03 9.894180000000000683e-03
1.897000000000000000e+03 1.080680000000000009e-02
1.900000000000000000e+03 1.197020000000000028e-02
1.903000000000000000e+03 1.317179999999999913e-02
1.906000000000000000e+03 1.444140000000000007e-02
1.909000000000000000e+03 1.604420000000000152e-02
1.912000000000000000e+03 1.799809999999999952e-02
1.915000000000000000e+03 2.011939999999999909e-02
1.918000000000000000e+03 2.233620000000000050e-02
1.921000000000000000e+03 2.483780000000000016e-02
1.924000000000000000e+03 2.761020000000000141e-02
1.927000000000000000e+03 3.056510000000000130e-02
1.930000000000000000e+03 3.365970000000000073e-02
1.933000000000000000e+03 3.714490000000000153e-02
1.936000000000000000e+03 4.082670000000000049e-02
1.939000000000000000e+03 4.462069999999999925e-02
1.942000000000000000e+03 4.844600000000000295e-02
1.945000000000000000e+03 5.239080000000000126e-02
1.948000000000000000e+03 5.638239999999999919e-02
1.951000000000000000e+03 6.042669999999999986e-02
1.954000000000000000e+03 6.440959999999999741e-02
1.957000000000000000e+03 6.831979999999999997e-02
1.960000000000000000e+03 7.219259999999999566e-02
1.963000000000000000e+03 7.603790000000000548e-02
1.966000000000000000e+03 7.968400000000000483e-02
1.969000000000000000e+03 8.306929999999999870e-02
1.972000000000000000e+03 8.638880000000000170e-02
1.975000000000000000e+03 8.964350000000000096e-02
1.978000000000000000e+03 9.277770000000000461e-02
1.981000000000000000e+03 9.573760000000000603e-02
1.984000000000000000e+03 9.864430000000000420e-02
1.987000000000000000e+03 1.014990000000000059e-01
1.990000000000000000e+03 1.043349999999999972e-01
1.993000000000000000e+03 1.071170000000000039e-01
1.996000000000000000e+03 1.098640000000000033e-01
1.999000000000000000e+03 1.125820000000000015e-01
2.002000000000000000e+03 1.153779999999999945e-01
2.005000000000000000e+03 1.182139999999999996e-01
2.008000000000000000e+03 1.210760000000000031e-01
2.011000000000000000e+03 1.239559999999999967e-01
2.014000000000000000e+03 1.268799999999999928e-01
2.017000000000000000e+03 1.298110000000000097e-01
2.020000000000000000e+03 1.326730000000000131e-01
2.023000000000000000e+03 1.354059999999999986e-01
2.026000000000000000e+03 1.380909999999999915e-01
2.029000000000000000e+03 1.407909999999999995e-01
2.032000000000000000e+03 1.434620000000000062e-01
2.035000000000000000e+03 1.460029999999999939e-01
2.038000000000000000e+03 1.483500000000000096e-01
2.041000000000000000e+03 1.506159999999999999e-01
2.044000000000000000e+03 1.527969999999999884e-01
2.047000000000000000e+03 1.547350000000000114e-01
2.050000000000000000e+03 1.563720000000000110e-01
2.053000000000000000e+03 1.579240000000000088e-01
2.056000000000000000e+03 1.594170000000000031e-01
2.059000000000000000e+03 1.607649999999999912e-01
2.062000000000000000e+03 1.620290000000000064e-01
2.065000000000000000e+03 1.633139999999999870e-01
2.068000000000000000e+03 1.647260000000000113e-01
2.071000000000000000e+03 1.661769999999999914e-01
2.074000000000000000e+03 1.675649999999999917e-01
2.077000000000000000e+03 1.689749999999999863e-01
2.080000000000000000e+03 1.704509999999999914e-01
2.083000000000000000e+03 1.721320000000000072e-01
2.086000000000000000e+03 1.742509999999999892e-01
2.089000000000000000e+03 1.775710000000000066e-01
2.092000000000000000e+03 1.818649999999999989e-01
2.095000000000000000e+03 1.884309999999999874e-01
2.098000000000000000e+03 1.969490000000000129e-01
2.101000000000000000e+03 2.085029999999999939e-01
2.104000000000000000e+03 2.221160000000000079e-01
2.107000000000000000e+03 2.389560000000000017e-01
2.110000000000000000e+03 2.570540000000000047e-01
2.113000000000000000e+03 2.772140000000000160e-01
2.116000000000000000e+03 2.999049999999999772e-01
2.119000000000000000e+03 3.235649999999999915e-01
2.122000000000000000e+03 3.479220000000000090e-01
2.125000000000000000e+03 3.760169999999999901e-01
2.128000000000000000e+03 4.030949999999999811e-01
2.131000000000000000e+03 4.310120000000000062e-01
2.134000000000000000e+03 4.635179999999999856e-01
2.137000000000000000e+03 4.946849999999999858e-01
2.140000000000000000e+03 5.297049999999999814e-01
2.143000000000000000e+03 5.651709999999999789e-01
2.146000000000000000e+03 6.009689999999999754e-01
2.149000000000000000e+03 6.366220000000000212e-01
2.152000000000000000e+03 6.734409999999999563e-01
2.155000000000000000e+03 7.083990000000000009e-01
2.158000000000000000e+03 7.458799999999999875e-01
2.161000000000000000e+03 7.837769999999999460e-01
2.164000000000000000e+03 8.214690000000000047e-01
2.167000000000000000e+03 8.578149999999999942e-01
2.170000000000000000e+03 8.927559999999999940e-01
2.173000000000000000e+03 9.194940000000000335e-01
2.176000000000000000e+03 9.419370000000000243e-01
2.179000000000000000e+03 9.605669999999999487e-01
2.182000000000000000e+03 9.713950000000000085e-01
2.185000000000000000e+03 9.814589999999999703e-01
2.188000000000000000e+03 9.893119999999999692e-01
2.191000000000000000e+03 9.950989999999999558e-01
2.194000000000000000e+03 9.990240000000000231e-01
2.197000000000000000e+03 1.000000000000000000e+00
2.200000000000000000e+03 9.980630000000000335e-01
2.203000000000000000e+03 9.933650000000000535e-01
2.206000000000000000e+03 9.843150000000000510e-01
2.209000000000000000e+03 9.727780000000000316e-01
2.212000000000000000e+03 9.569590000000000041e-01
2.215000000000000000e+03 9.393569999999999975e-01
2.218000000000000000e+03 9.193000000000000060e-01
2.221000000000000000e+03 8.992949999999999555e-01
2.224000000000000000e+03 8.782729999999999704e-01
2.227000000000000000e+03 8.572870000000000212e-01
2.230000000000000000e+03 8.349159999999999915e-01
2.233000000000000000e+03 8.097560000000000313e-01
2.236000000000000000e+03 7.846670000000000034e-01
2.239000000000000000e+03 7.557089999999999641e-01
2.242000000000000000e+03 7.266510000000000469e-01
2.245000000000000000e+03 6.952469999999999484e-01
2.248000000000000000e+03 6.621430000000000371e-01
2.251000000000000000e+03 6.276850000000000485e-01
2.254000000000000000e+03 5.922640000000000127e-01
2.257000000000000000e+03 5.546470000000000011e-01
2.260000000000000000e+03 5.173020000000000396e-01
2.263000000000000000e+03 4.803859999999999797e-01
2.266000000000000000e+03 4.426419999999999799e-01
2.269000000000000000e+03 4.077859999999999818e-01
2.272000000000000000e+03 3.739709999999999979e-01
2.275000000000000000e+03 3.443189999999999862e-01
2.278000000000000000e+03 3.190580000000000083e-01
2.281000000000000000e+03 2.984339999999999771e-01
2.284000000000000000e+03 2.825639999999999818e-01
2.287000000000000000e+03 2.716109999999999913e-01
2.290000000000000000e+03 2.646850000000000036e-01
2.293000000000000000e+03 2.609890000000000265e-01
2.296000000000000000e+03 2.591600000000000015e-01
2.299000000000000000e+03 2.586109999999999798e-01
2.302000000000000000e+03 2.581330000000000013e-01
2.305000000000000000e+03 2.578239999999999976e-01
2.308000000000000000e+03 2.577809999999999824e-01
2.311000000000000000e+03 2.581350000000000033e-01
2.314000000000000000e+03 2.580080000000000151e-01
2.317000000000000000e+03 2.575760000000000272e-01
2.320000000000000000e+03 2.569629999999999970e-01
2.323000000000000000e+03 2.558739999999999903e-01
2.326000000000000000e+03 2.540140000000000176e-01
2.329000000000000000e+03 2.516760000000000108e-01
2.332000000000000000e+03 2.488640000000000019e-01
2.335000000000000000e+03 2.454310000000000103e-01
2.338000000000000000e+03 2.411050000000000137e-01
2.341000000000000000e+03 2.363439999999999985e-01
2.344000000000000000e+03 2.311719999999999886e-01
2.347000000000000000e+03 2.253459999999999908e-01
2.350000000000000000e+03 2.186430000000000040e-01
2.353000000000000000e+03 2.115350000000000008e-01
2.356000000000000000e+03 2.041640000000000121e-01
2.359000000000000000e+03 1.961179999999999868e-01
2.362000000000000000e+03 1.873269999999999935e-01
2.365000000000000000e+03 1.782900000000000040e-01
2.368000000000000000e+03 1.690629999999999911e-01
2.371000000000000000e+03 1.594490000000000074e-01
2.374000000000000000e+03 1.493240000000000123e-01
2.377000000000000000e+03 1.391880000000000062e-01
2.380000000000000000e+03 1.291460000000000108e-01
2.383000000000000000e+03 1.191989999999999994e-01
2.386000000000000000e+03 1.092570000000000069e-01
2.389000000000000000e+03 9.959750000000000547e-02
2.392000000000000000e+03 9.030920000000000614e-02
2.395000000000000000e+03 8.158970000000000111e-02
2.398000000000000000e+03 7.327269999999999617e-02
2.401000000000000000e+03 6.536340000000000205e-02
2.404000000000000000e+03 5.798819999999999669e-02
2.407000000000000000e+03 5.147000000000000186e-02
2.410000000000000000e+03 4.544949999999999685e-02
2.413000000000000000e+03 3.979830000000000173e-02
2.416000000000000000e+03 3.473430000000000267e-02
2.419000000000000000e+03 3.045130000000000059e-02
2.422000000000000000e+03 2.664369999999999933e-02
2.425000000000000000e+03 2.306530000000000039e-02
2.428000000000000000e+03 1.996900000000000064e-02
2.431000000000000000e+03 1.746450000000000086e-02
2.434000000000000000e+03 1.524619999999999968e-02
2.437000000000000000e+03 1.317489999999999981e-02
2.440000000000000000e+03 1.144000000000000052e-02
2.443000000000000000e+03 1.006609999999999970e-02
2.446000000000000000e+03 8.850520000000000609e-03
2.449000000000000000e+03 7.710439999999999829e-03
2.452000000000000000e+03 6.776749999999999788e-03
2.455000000000000000e+03 6.038759999999999788e-03
2.458000000000000000e+03 5.368320000000000210e-03
2.461000000000000000e+03 4.748239999999999926e-03
2.464000000000000000e+03 4.239849999999999869e-03
2.467000000000000000e+03 3.826050000000000111e-03
2.470000000000000000e+03 3.442960000000000118e-03
2.473000000000000000e+03 3.091840000000000213e-03
2.476000000000000000e+03 2.802259999999999994e-03
2.479000000000000000e+03 2.561279999999999980e-03
2.482000000000000000e+03 2.332390000000000158e-03
2.485000000000000000e+03 2.126279999999999924e-03
2.488000000000000000e+03 1.953320000000000143e-03
2.491000000000000000e+03 1.804529999999999936e-03
2.494000000000000000e+03 1.663090000000000098e-03
2.497000000000000000e+03 1.536009999999999980e-03
2.500000000000000000e+03 1.427560000000000027e-03
2.503000000000000000e+03 1.330199999999999915e-03
2.506000000000000000e+03 1.236230000000000055e-03
2.509000000000000000e+03 1.153149999999999922e-03
2.512000000000000000e+03 1.082740000000000005e-03
2.515000000000000000e+03 1.019390000000000010e-03
2.518000000000000000e+03 9.582160000000000157e-04
2.521000000000000000e+03 9.038190000000000416e-04
2.524000000000000000e+03 8.530820000000000156e-04
2.527000000000000000e+03 7.925640000000000506e-04
2.530000000000000000e+03 7.349709999999999533e-04
2.533000000000000000e+03 6.780449999999999498e-04
2.536000000000000000e+03 6.280139999999999811e-04
2.539000000000000000e+03 5.995420000000000003e-04
2.542000000000000000e+03 5.733529999999999703e-04
2.545000000000000000e+03 5.502680000000000245e-04
2.548000000000000000e+03 5.300059999999999667e-04
2.551000000000000000e+03 5.105519999999999460e-04
2.554000000000000000e+03 4.919349999999999851e-04
2.557000000000000000e+03 4.746870000000000039e-04
2.560000000000000000e+03 4.584389999999999928e-04
2.563000000000000000e+03 4.422569999999999908e-04
2.566000000000000000e+03 4.265189999999999867e-04
2.569000000000000000e+03 4.117069999999999801e-04
2.572000000000000000e+03 3.976930000000000157e-04
2.575000000000000000e+03 3.838679999999999913e-04
2.578000000000000000e+03 3.701910000000000205e-04
2.581000000000000000e+03 3.564679999999999759e-04
2.584000000000000000e+03 3.426659999999999884e-04
2.587000000000000000e+03 3.288729999999999800e-04
2.590000000000000000e+03 3.153650000000000138e-04
2.593000000000000000e+03 3.023160000000000105e-04
2.596000000000000000e+03 2.895439999999999776e-04
2.599000000000000000e+03 2.768119999999999782e-04
2.602000000000000000e+03 2.640809999999999946e-04
2.605000000000000000e+03 2.513190000000000107e-04
2.608000000000000000e+03 2.388600000000000001e-04
2.611000000000000000e+03 2.266710000000000122e-04
2.614000000000000000e+03 2.148650000000000104e-04
2.617000000000000000e+03 2.032939999999999953e-04
2.620000000000000000e+03 1.919710000000000090e-04
2.623000000000000000e+03 1.810779999999999898e-04
2.626000000000000000e+03 1.709709999999999865e-04
2.629000000000000000e+03 1.618210000000000080e-04
2.632000000000000000e+03 1.532899999999999909e-04
2.635000000000000000e+03 1.455270000000000044e-04
2.638000000000000000e+03 1.384419999999999867e-04
2.641000000000000000e+03 1.317799999999999885e-04
2.644000000000000000e+03 1.251799999999999907e-04
2.647000000000000000e+03 1.192849999999999938e-04
2.650000000000000000e+03 1.147100000000000046e-04
2.653000000000000000e+03 1.113910000000000047e-04
2.656000000000000000e+03 1.083539999999999997e-04
2.659000000000000000e+03 1.056540000000000018e-04
2.662000000000000000e+03 1.029850000000000042e-04
2.665000000000000000e+03 1.004260000000000038e-04
2.668000000000000000e+03 9.802129999999999611e-05
2.671000000000000000e+03 9.631480000000000152e-05
2.674000000000000000e+03 9.541889999999999541e-05
2.677000000000000000e+03 9.489309999999999445e-05
2.680000000000000000e+03 9.440899999999999683e-05
2.683000000000000000e+03 9.414609999999999635e-05
2.686000000000000000e+03 9.415360000000000602e-05
2.689000000000000000e+03 9.424850000000000404e-05
2.692000000000000000e+03 9.434380000000000294e-05
2.695000000000000000e+03 9.443910000000000184e-05
2.698000000000000000e+03 9.460070000000000382e-05
2.701000000000000000e+03 9.486130000000000603e-05
2.704000000000000000e+03 9.523420000000000377e-05
2.707000000000000000e+03 9.564689999999999390e-05
2.710000000000000000e+03 9.615629999999999956e-05
2.713000000000000000e+03 9.674909999999999836e-05
2.716000000000000000e+03 9.759449999999999538e-05
2.719000000000000000e+03 9.871389999999999690e-05
2.722000000000000000e+03 1.000579999999999964e-04
2.725000000000000000e+03 1.014320000000000006e-04
2.728000000000000000e+03 1.029629999999999966e-04
2.731000000000000000e+03 1.047799999999999963e-04
2.734000000000000000e+03 1.069139999999999999e-04
2.737000000000000000e+03 1.091350000000000046e-04
2.740000000000000000e+03 1.114700000000000017e-04
2.743000000000000000e+03 1.138109999999999984e-04
2.746000000000000000e+03 1.161560000000000039e-04
2.749000000000000000e+03 1.185360000000000049e-04
2.752000000000000000e+03 1.211289999999999985e-04
2.755000000000000000e+03 1.239989999999999897e-04
2.758000000000000000e+03 1.269990000000000084e-04
2.761000000000000000e+03 1.299999999999999886e-04
2.764000000000000000e+03 1.330079999999999978e-04
2.767000000000000000e+03 1.362509999999999936e-04
2.770000000000000000e+03 1.397830000000000134e-04
2.773000000000000000e+03 1.436669999999999918e-04
2.776000000000000000e+03 1.476740000000000095e-04
2.779000000000000000e+03 1.520050000000000058e-04
2.782000000000000000e+03 1.565659999999999914e-04
2.785000000000000000e+03 1.618430000000000020e-04
2.788000000000000000e+03 1.679849999999999985e-04
2.791000000000000000e+03 1.755969999999999927e-04
2.794000000000000000e+03 1.837680000000000064e-04
2.797000000000000000e+03 1.930919999999999870e-04
2.800000000000000000e+03 2.034949999999999888e-04
2.803000000000000000e+03 2.162669999999999946e-04
2.806000000000000000e+03 2.301059999999999954e-04
2.809000000000000000e+03 2.464030000000000191e-04
2.812000000000000000e+03 2.649530000000000093e-04
2.815000000000000000e+03 2.865880000000000012e-04
2.818000000000000000e+03 3.099999999999999999e-04
2.821000000000000000e+03 3.373280000000000202e-04
2.824000000000000000e+03 3.700290000000000176e-04
2.827000000000000000e+03 4.082310000000000019e-04
2.830000000000000000e+03 4.504329999999999749e-04
2.833000000000000000e+03 4.979780000000000491e-04
2.836000000000000000e+03 5.527670000000000153e-04
2.839000000000000000e+03 6.125660000000000436e-04
2.842000000000000000e+03 6.781159999999999835e-04
2.845000000000000000e+03 7.525259999999999979e-04
2.848000000000000000e+03 8.401549999999999817e-04
2.851000000000000000e+03 9.335730000000000417e-04
2.854000000000000000e+03 1.035469999999999923e-03
2.857000000000000000e+03 1.146630000000000045e-03
2.860000000000000000e+03 1.270089999999999978e-03
2.863000000000000000e+03 1.397470000000000049e-03
2.866000000000000000e+03 1.533480000000000043e-03
2.869000000000000000e+03 1.680489999999999979e-03
2.872000000000000000e+03 1.838730000000000009e-03
2.875000000000000000e+03 1.999019999999999790e-03
2.878000000000000000e+03 2.163979999999999810e-03
2.881000000000000000e+03 2.334940000000000192e-03
2.884000000000000000e+03 2.509079999999999904e-03
2.887000000000000000e+03 2.681520000000000171e-03
2.890000000000000000e+03 2.852420000000000042e-03
2.893000000000000000e+03 3.020280000000000187e-03
2.896000000000000000e+03 3.182330000000000141e-03
2.899000000000000000e+03 3.336640000000000092e-03
2.902000000000000000e+03 3.481859999999999816e-03
2.905000000000000000e+03 3.611409999999999794e-03
2.908000000000000000e+03 3.729440000000000099e-03
2.911000000000000000e+03 3.833739999999999978e-03
2.914000000000000000e+03 3.919800000000000194e-03
2.917000000000000000e+03 3.978749999999999648e-03
2.920000000000000000e+03 4.023969999999999977e-03
2.923000000000000000e+03 4.052150000000000023e-03
2.926000000000000000e+03 4.056660000000000127e-03
2.929000000000000000e+03 4.029620000000000250e-03
2.932000000000000000e+03 3.990760000000000314e-03
2.935000000000000000e+03 3.935899999999999989e-03
2.938000000000000000e+03 3.859510000000000024e-03
2.941000000000000000e+03 3.757350000000000013e-03
2.944000000000000000e+03 3.648189999999999940e-03
2.947000000000000000e+03 3.527849999999999910e-03
2.950000000000000000e+03 3.392810000000000010e-03
2.953000000000000000e+03 3.243199999999999902e-03
2.956000000000000000e+03 3.091529999999999886e-03
2.959000000000000000e+03 2.935890000000000027e-03
2.962000000000000000e+03 2.774909999999999790e-03
2.965000000000000000e+03 2.609869999999999812e-03
2.968000000000000000e+03 2.446869999999999861e-03
2.971000000000000000e+03 2.285979999999999956e-03
2.974000000000000000e+03 2.129359999999999847e-03
2.977000000000000000e+03 1.975779999999999897e-03
2.980000000000000000e+03 1.826649999999999975e-03
2.983000000000000000e+03 1.683489999999999943e-03
2.986000000000000000e+03 1.550289999999999958e-03
2.989000000000000000e+03 1.422679999999999952e-03
2.992000000000000000e+03 1.300989999999999916e-03
2.995000000000000000e+03 1.187230000000000056e-03
2.998000000000000000e+03 1.085170000000000102e-03
3.001000000000000000e+03 9.886230000000001059e-04
3.004000000000000000e+03 8.983790000000000395e-04
3.007000000000000000e+03 8.169100000000000103e-04
3.010000000000000000e+03 7.470520000000000025e-04
3.013000000000000000e+03 6.816529999999999465e-04
3.016000000000000000e+03 6.222620000000000538e-04
3.019000000000000000e+03 5.709660000000000082e-04
3.022000000000000000e+03 5.296899999999999786e-04
3.025000000000000000e+03 4.919040000000000391e-04
3.028000000000000000e+03 4.589780000000000227e-04
3.031000000000000000e+03 4.324740000000000203e-04
3.034000000000000000e+03 4.125169999999999944e-04
3.037000000000000000e+03 3.947560000000000131e-04
3.040000000000000000e+03 3.807109999999999943e-04
3.043000000000000000e+03 3.723159999999999773e-04
3.046000000000000000e+03 3.686690000000000171e-04
3.049000000000000000e+03 3.666160000000000013e-04
3.052000000000000000e+03 3.667319999999999846e-04
3.055000000000000000e+03 3.696330000000000167e-04
3.058000000000000000e+03 3.744220000000000144e-04
3.061000000000000000e+03 3.797800000000000264e-04
3.064000000000000000e+03 3.867610000000000058e-04
3.067000000000000000e+03 3.954189999999999897e-04
3.070000000000000000e+03 4.051640000000000124e-04
3.073000000000000000e+03 4.146210000000000000e-04
3.076000000000000000e+03 4.240739999999999787e-04
3.079000000000000000e+03 4.331650000000000040e-04
3.082000000000000000e+03 4.420480000000000069e-04
3.085000000000000000e+03 4.500880000000000180e-04
3.088000000000000000e+03 4.570600000000000183e-04
3.091000000000000000e+03 4.625799999999999790e-04
3.094000000000000000e+03 4.673179999999999869e-04
3.097000000000000000e+03 4.709219999999999747e-04
3.100000000000000000e+03 4.729949999999999801e-04
3.103000000000000000e+03 4.734499999999999885e-04
3.106000000000000000e+03 4.731100000000000019e-04
3.109000000000000000e+03 4.716629999999999868e-04
3.112000000000000000e+03 4.691329999999999958e-04
3.115000000000000000e+03 4.653300000000000188e-04
3.118000000000000000e+03 4.616190000000000267e-04
3.121000000000000000e+03 4.573479999999999993e-04
3.124000000000000000e+03 4.523390000000000071e-04
3.127000000000000000e+03 4.465550000000000097e-04
3.130000000000000000e+03 4.410479999999999826e-04
3.133000000000000000e+03 4.363519999999999855e-04
3.136000000000000000e+03 4.334709999999999974e-04
3.139000000000000000e+03 4.315659999999999809e-04
3.142000000000000000e+03 4.307620000000000069e-04
3.145000000000000000e+03 4.310450000000000175e-04
3.148000000000000000e+03 4.333709999999999949e-04
3.151000000000000000e+03 4.368360000000000168e-04
3.154000000000000000e+03 4.422869999999999753e-04
3.157000000000000000e+03 4.501080000000000077e-04
3.160000000000000000e+03 4.607360000000000014e-04
3.163000000000000000e+03 4.730170000000000013e-04
3.166000000000000000e+03 4.872659999999999795e-04
3.169000000000000000e+03 5.050929999999999699e-04
3.172000000000000000e+03 5.267439999999999969e-04
3.175000000000000000e+03 5.503080000000000038e-04
3.178000000000000000e+03 5.740860000000000190e-04
3.181000000000000000e+03 5.728460000000000106e-04
3.184000000000000000e+03 5.608759999999999744e-04
3.187000000000000000e+03 5.215890000000000370e-04
3.190000000000000000e+03 4.781429999999999925e-04
3.193000000000000000e+03 4.610440000000000263e-04
3.196000000000000000e+03 4.545950000000000208e-04
3.199000000000000000e+03 4.692329999999999982e-04
3.202000000000000000e+03 4.469529999999999879e-04
3.205000000000000000e+03 3.704019999999999817e-04
3.208000000000000000e+03 2.457199999999999987e-04
3.211000000000000000e+03 1.236459999999999881e-04
3.214000000000000000e+03 3.842839999999999955e-05
3.217000000000000000e+03 2.101519999999999829e-06
