7.314500000000000000e+03 0.000000000000000000e+00
7.328500000000000000e+03 5.839859999999999725e-08
7.342500000000000000e+03 6.559029999999999779e-06
7.356500000000000000e+03 1.717640000000000041e-05
7.370500000000000000e+03 2.122999999999999833e-05
7.384500000000000000e+03 2.175729999999999919e-05
7.398500000000000000e+03 2.684529999999999859e-05
7.412500000000000000e+03 3.570269999999999954e-05
7.426500000000000000e+03 4.139560000000000055e-05
7.440500000000000000e+03 4.423399999999999695e-05
7.454500000000000000e+03 4.380040000000000165e-05
7.468500000000000000e+03 4.218259999999999827e-05
7.482500000000000000e+03 4.325219999999999900e-05
7.496500000000000000e+03 4.547190000000000081e-05
7.510500000000000000e+03 4.624130000000000059e-05
7.524500000000000000e+03 4.667160000000000221e-05
7.538500000000000000e+03 4.819949999999999820e-05
7.552500000000000000e+03 4.916900000000000307e-05
7.566500000000000000e+03 4.938589999999999755e-05
7.580500000000000000e+03 6.331879999999999421e-05
7.594500000000000000e+03 8.342980000000000545e-05
7.608500000000000000e+03 9.153309999999999951e-05
7.622500000000000000e+03 9.351310000000000427e-05
7.636500000000000000e+03 9.693320000000000224e-05
7.650500000000000000e+03 1.060279999999999952e-04
7.664500000000000000e+03 1.230240000000000066e-04
7.678500000000000000e+03 1.420679999999999957e-04
7.692500000000000000e+03 1.615590000000000027e-04
7.706500000000000000e+03 1.935919999999999991e-04
7.720500000000000000e+03 2.393080000000000066e-04
7.734500000000000000e+03 3.546259999999999755e-04
7.748500000000000000e+03 5.518699999999999864e-04
7.762500000000000000e+03 9.056440000000000453e-04
7.776500000000000000e+03 1.371470000000000068e-03
7.790500000000000000e+03 2.122399999999999981e-03
7.804500000000000000e+03 3.112119999999999904e-03
7.818500000000000000e+03 5.008969999999999742e-03
7.832500000000000000e+03 7.908389999999999517e-03
7.846500000000000000e+03 1.361839999999999926e-02
7.860500000000000000e+03 2.202290000000000150e-02
7.874500000000000000e+03 3.604799999999999671e-02
7.888500000000000000e+03 5.573909999999999976e-02
7.902500000000000000e+03 8.475749999999999951e-02
7.916500000000000000e+03 1.213670000000000027e-01
7.930500000000000000e+03 1.582790000000000030e-01
7.944500000000000000e+03 1.958300000000000041e-01
7.958500000000000000e+03 2.428929999999999978e-01
7.972500000000000000e+03 2.925130000000000230e-01
7.986500000000000000e+03 3.364590000000000081e-01
8.000500000000000000e+03 3.730479999999999907e-01
8.014500000000000000e+03 4.101969999999999783e-01
8.028500000000000000e+03 4.506689999999999863e-01
8.042500000000000000e+03 4.914649999999999852e-01
8.056500000000000000e+03 5.271289999999999587e-01
8.070500000000000000e+03 5.550509999999999611e-01
8.084500000000000000e+03 5.759739999999999860e-01
8.098500000000000000e+03 5.932669999999999888e-01
8.112500000000000000e+03 6.033319999999999794e-01
8.126500000000000000e+03 6.086899999999999533e-01
8.140500000000000000e+03 6.112090000000000023e-01
8.154500000000000000e+03 6.168580000000000174e-01
8.168500000000000000e+03 6.257369999999999877e-01
8.182500000000000000e+03 6.413659999999999917e-01
8.196500000000000000e+03 6.593390000000000084e-01
8.210500000000000000e+03 6.796600000000000419e-01
8.224500000000000000e+03 7.061570000000000347e-01
8.238500000000000000e+03 7.342020000000000213e-01
8.252500000000000000e+03 7.606939999999999813e-01
8.266500000000000000e+03 7.805239999999999956e-01
8.280500000000000000e+03 8.031110000000000193e-01
8.294500000000000000e+03 8.251330000000000053e-01
8.308500000000000000e+03 8.438020000000000520e-01
8.322500000000000000e+03 8.630670000000000286e-01
8.336500000000000000e+03 8.795570000000000332e-01
8.350500000000000000e+03 8.942919999999999758e-01
8.364500000000000000e+03 9.096279999999999921e-01
8.378500000000000000e+03 9.250279999999999614e-01
8.392500000000000000e+03 9.379650000000000487e-01
8.406500000000000000e+03 9.490680000000000227e-01
8.420500000000000000e+03 9.584200000000000497e-01
8.434500000000000000e+03 9.673190000000000399e-01
8.448500000000000000e+03 9.737179999999999724e-01
8.462500000000000000e+03 9.774749999999999828e-01
8.476500000000000000e+03 9.810699999999999976e-01
8.490500000000000000e+03 9.836759999999999948e-01
8.504500000000000000e+03 9.881039999999999823e-01
8.518500000000000000e+03 9.938470000000000359e-01
8.532500000000000000e+03 9.980879999999999752e-01
8.546500000000000000e+03 9.999569999999999848e-01
8.560500000000000000e+03 9.997019999999999795e-01
8.574500000000000000e+03 1.000000000000000000e+00
8.588500000000000000e+03 9.996049999999999658e-01
8.602500000000000000e+03 9.976559999999999873e-01
8.616500000000000000e+03 9.931499999999999773e-01
8.630500000000000000e+03 9.868280000000000385e-01
8.644500000000000000e+03 9.821020000000000305e-01
8.658500000000000000e+03 9.788310000000000066e-01
8.672500000000000000e+03 9.779970000000000052e-01
8.686500000000000000e+03 9.808769999999999989e-01
8.700500000000000000e+03 9.837479999999999558e-01
8.714500000000000000e+03 9.872429999999999817e-01
8.728500000000000000e+03 9.906629999999999603e-01
8.742500000000000000e+03 9.902840000000000531e-01
8.756500000000000000e+03 9.885720000000000063e-01
8.770500000000000000e+03 9.892849999999999699e-01
8.784500000000000000e+03 9.887580000000000258e-01
8.798500000000000000e+03 9.871109999999999607e-01
8.812500000000000000e+03 9.709659999999999958e-01
8.826500000000000000e+03 9.427729999999999722e-01
8.840500000000000000e+03 8.971249999999999503e-01
8.854500000000000000e+03 8.432669999999999888e-01
8.868500000000000000e+03 7.825849999999999751e-01
8.882500000000000000e+03 7.197999999999999954e-01
8.896500000000000000e+03 6.665159999999999973e-01
8.910500000000000000e+03 6.125270000000000437e-01
8.924500000000000000e+03 5.717470000000000052e-01
8.938500000000000000e+03 5.348460000000000436e-01
8.952500000000000000e+03 5.072699999999999987e-01
8.966500000000000000e+03 4.847890000000000255e-01
8.980500000000000000e+03 4.668570000000000220e-01
8.994500000000000000e+03 4.551580000000000070e-01
9.008500000000000000e+03 4.492090000000000249e-01
9.022500000000000000e+03 4.462780000000000080e-01
9.036500000000000000e+03 4.455939999999999901e-01
9.050500000000000000e+03 4.468320000000000070e-01
9.064500000000000000e+03 4.483349999999999835e-01
9.078500000000000000e+03 4.468739999999999934e-01
9.092500000000000000e+03 4.434429999999999761e-01
9.106500000000000000e+03 4.395229999999999970e-01
9.120500000000000000e+03 4.312559999999999727e-01
9.134500000000000000e+03 4.139320000000000221e-01
9.148500000000000000e+03 3.920799999999999841e-01
9.162500000000000000e+03 3.692099999999999826e-01
9.176500000000000000e+03 3.407499999999999973e-01
9.190500000000000000e+03 3.064239999999999742e-01
9.204500000000000000e+03 2.667789999999999884e-01
9.218500000000000000e+03 2.228940000000000088e-01
9.232500000000000000e+03 1.805460000000000120e-01
9.246500000000000000e+03 1.378890000000000116e-01
9.260500000000000000e+03 1.016240000000000060e-01
9.274500000000000000e+03 7.185850000000000570e-02
9.288500000000000000e+03 4.855820000000000275e-02
9.302500000000000000e+03 3.345959999999999906e-02
9.316500000000000000e+03 2.208749999999999949e-02
9.330500000000000000e+03 1.503900000000000028e-02
9.344500000000000000e+03 9.805720000000000408e-03
9.358500000000000000e+03 6.753130000000000417e-03
9.372500000000000000e+03 4.413870000000000293e-03
9.386500000000000000e+03 3.183350000000000155e-03
9.400500000000000000e+03 2.311969999999999997e-03
9.414500000000000000e+03 1.745559999999999950e-03
9.428500000000000000e+03 1.334010000000000057e-03
9.442500000000000000e+03 1.094820000000000038e-03
9.456500000000000000e+03 8.668639999999999592e-04
9.470500000000000000e+03 6.336129999999999931e-04
9.484500000000000000e+03 4.833850000000000213e-04
9.498500000000000000e+03 4.387349999999999930e-04
9.512500000000000000e+03 4.030199999999999733e-04
9.526500000000000000e+03 3.694500000000000084e-04
9.540500000000000000e+03 3.257479999999999989e-04
9.554500000000000000e+03 2.804439999999999733e-04
9.568500000000000000e+03 2.454819999999999919e-04
9.582500000000000000e+03 2.137449999999999940e-04
9.596500000000000000e+03 1.929260000000000024e-04
9.610500000000000000e+03 1.814499999999999924e-04
9.624500000000000000e+03 1.775740000000000044e-04
9.638500000000000000e+03 1.666150000000000031e-04
9.652500000000000000e+03 1.480080000000000100e-04
9.666500000000000000e+03 1.398820000000000000e-04
9.680500000000000000e+03 1.386079999999999984e-04
9.694500000000000000e+03 1.363269999999999977e-04
9.708500000000000000e+03 1.341769999999999996e-04
9.722500000000000000e+03 1.346350000000000010e-04
9.736500000000000000e+03 1.343150000000000040e-04
9.750500000000000000e+03 1.328210000000000079e-04
9.764500000000000000e+03 1.316239999999999988e-04
9.778500000000000000e+03 1.307140000000000092e-04
9.792500000000000000e+03 1.318779999999999866e-04
9.806500000000000000e+03 1.333960000000000083e-04
9.820500000000000000e+03 1.317599999999999989e-04
9.834500000000000000e+03 1.294660000000000103e-04
9.848500000000000000e+03 1.245499999999999917e-04
9.862500000000000000e+03 1.130179999999999943e-04
9.876500000000000000e+03 9.707100000000000624e-05
9.890500000000000000e+03 8.466039999999999330e-05
9.904500000000000000e+03 7.968200000000000044e-05
9.918500000000000000e+03 7.625630000000000375e-05
9.932500000000000000e+03 5.768079999999999838e-05
9.946500000000000000e+03 3.294650000000000042e-05
9.960500000000000000e+03 2.357629999999999990e-05
9.974500000000000000e+03 1.344340000000000075e-05
9.988500000000000000e+03 2.261989999999999835e-06
