1.737500000000000000e+03 0.000000000000000000e+00
1.741500000000000000e+03 3.205379999999999947e-10
1.745500000000000000e+03 1.670680000000000067e-09
1.749500000000000000e+03 3.195949999999999908e-09
1.753500000000000000e+03 4.452209999999999869e-09
1.757500000000000000e+03 3.905460000000000284e-09
1.761500000000000000e+03 3.039020000000000120e-09
1.765500000000000000e+03 1.563469999999999979e-09
1.769500000000000000e+03 7.559609999999999499e-10
1.773500000000000000e+03 1.029680000000000031e-10
1.777500000000000000e+03 1.008529999999999945e-12
1.781500000000000000e+03 1.163620000000000044e-12
1.785500000000000000e+03 1.317839999999999966e-12
1.789500000000000000e+03 1.466679999999999966e-12
1.793500000000000000e+03 1.612400000000000077e-12
1.797500000000000000e+03 1.757519999999999967e-12
1.801500000000000000e+03 1.898950000000000103e-12
1.805500000000000000e+03 2.038499999999999846e-12
1.809500000000000000e+03 2.177550000000000147e-12
1.813500000000000000e+03 2.313770000000000146e-12
1.817500000000000000e+03 2.448720000000000091e-12
1.821500000000000000e+03 2.583219999999999973e-12
1.825500000000000000e+03 2.715420000000000157e-12
1.829500000000000000e+03 2.846769999999999996e-12
1.833500000000000000e+03 2.979000000000000130e-12
1.837500000000000000e+03 3.123279999999999996e-12
1.841500000000000000e+03 3.273679999999999840e-12
1.845500000000000000e+03 4.943050000000000048e-08
1.849500000000000000e+03 5.079969999999999662e-07
1.853500000000000000e+03 1.116470000000000044e-06
1.857500000000000000e+03 1.874989999999999983e-06
1.861500000000000000e+03 2.961950000000000076e-06
1.865500000000000000e+03 4.092510000000000056e-06
1.869500000000000000e+03 5.249340000000000126e-06
1.873500000000000000e+03 6.342600000000000057e-06
1.877500000000000000e+03 7.408299999999999865e-06
1.881500000000000000e+03 8.451009999999999916e-06
1.885500000000000000e+03 9.540930000000000824e-06
1.889500000000000000e+03 1.064580000000000063e-05
1.893500000000000000e+03 1.180589999999999991e-05
1.897500000000000000e+03 1.304049999999999991e-05
1.901500000000000000e+03 1.428189999999999958e-05
1.905500000000000000e+03 1.557730000000000077e-05
1.909500000000000000e+03 1.695029999999999931e-05
1.913500000000000000e+03 1.833159999999999911e-05
1.917500000000000000e+03 2.005080000000000122e-05
1.921500000000000000e+03 2.229359999999999946e-05
1.925500000000000000e+03 2.459559999999999877e-05
1.929500000000000000e+03 2.723789999999999886e-05
1.933500000000000000e+03 3.003730000000000123e-05
1.937500000000000000e+03 3.282849999999999917e-05
1.941500000000000000e+03 3.510100000000000156e-05
1.945500000000000000e+03 3.677749999999999813e-05
1.949500000000000000e+03 3.837940000000000053e-05
1.953500000000000000e+03 3.957429999999999818e-05
1.957500000000000000e+03 4.070630000000000022e-05
1.961500000000000000e+03 4.184279999999999857e-05
1.965500000000000000e+03 4.299549999999999856e-05
1.969500000000000000e+03 4.414499999999999831e-05
1.973500000000000000e+03 4.529139999999999805e-05
1.977500000000000000e+03 4.641180000000000175e-05
1.981500000000000000e+03 4.752019999999999947e-05
1.985500000000000000e+03 4.864020000000000230e-05
1.989500000000000000e+03 4.987600000000000155e-05
1.993500000000000000e+03 5.116899999999999747e-05
1.997500000000000000e+03 5.248050000000000008e-05
2.001500000000000000e+03 5.383399999999999991e-05
2.005500000000000000e+03 5.518200000000000123e-05
2.009500000000000000e+03 5.652429999999999683e-05
2.013500000000000000e+03 5.785309999999999672e-05
2.017500000000000000e+03 5.918150000000000250e-05
2.021500000000000000e+03 6.055030000000000199e-05
2.025500000000000000e+03 6.208160000000000544e-05
2.029500000000000000e+03 6.364870000000000607e-05
2.033500000000000000e+03 6.532739999999999392e-05
2.037500000000000000e+03 6.730170000000000651e-05
2.041500000000000000e+03 6.931260000000000448e-05
2.045500000000000000e+03 7.137629999999999626e-05
2.049500000000000000e+03 7.348810000000000541e-05
2.053500000000000000e+03 7.559419999999999530e-05
2.057500000000000000e+03 7.787639999999999862e-05
2.061500000000000000e+03 8.051129999999999604e-05
2.065500000000000000e+03 8.318570000000000554e-05
2.069500000000000000e+03 8.682940000000000590e-05
2.073500000000000000e+03 9.181709999999999882e-05
2.077500000000000000e+03 9.686069999999999912e-05
2.081500000000000000e+03 1.000370000000000046e-04
2.085500000000000000e+03 1.004370000000000008e-04
2.089500000000000000e+03 1.006120000000000050e-04
2.093500000000000000e+03 9.867660000000000320e-05
2.097500000000000000e+03 9.558749999999999918e-05
2.101500000000000000e+03 9.245719999999999969e-05
2.105500000000000000e+03 8.866810000000000577e-05
2.109500000000000000e+03 8.438859999999999363e-05
2.113500000000000000e+03 7.995099999999999397e-05
2.117500000000000000e+03 7.354000000000000402e-05
2.121500000000000000e+03 6.587870000000000336e-05
2.125500000000000000e+03 5.849609999999999717e-05
2.129500000000000000e+03 5.355519999999999844e-05
2.133500000000000000e+03 5.031389999999999951e-05
2.137500000000000000e+03 4.734810000000000158e-05
2.141500000000000000e+03 4.653240000000000192e-05
2.145500000000000000e+03 4.615349999999999780e-05
2.149500000000000000e+03 4.579159999999999708e-05
2.153500000000000000e+03 4.553489999999999665e-05
2.157500000000000000e+03 4.531540000000000324e-05
2.161500000000000000e+03 4.508270000000000121e-05
2.165500000000000000e+03 4.479019999999999681e-05
2.169500000000000000e+03 4.447189999999999683e-05
2.173500000000000000e+03 4.417130000000000177e-05
2.177500000000000000e+03 4.393050000000000232e-05
2.181500000000000000e+03 4.371150000000000323e-05
2.185500000000000000e+03 4.357599999999999749e-05
2.189500000000000000e+03 4.368360000000000304e-05
2.193500000000000000e+03 4.382399999999999919e-05
2.197500000000000000e+03 4.395540000000000270e-05
2.201500000000000000e+03 4.407250000000000197e-05
2.205500000000000000e+03 4.417949999999999942e-05
2.209500000000000000e+03 4.436369999999999675e-05
2.213500000000000000e+03 4.467480000000000127e-05
2.217500000000000000e+03 4.500530000000000090e-05
2.221500000000000000e+03 4.552760000000000097e-05
2.225500000000000000e+03 4.632810000000000118e-05
2.229500000000000000e+03 4.714499999999999670e-05
2.233500000000000000e+03 4.808259999999999937e-05
2.237500000000000000e+03 4.916540000000000195e-05
2.241500000000000000e+03 5.026699999999999832e-05
2.245500000000000000e+03 5.173630000000000134e-05
2.249500000000000000e+03 5.355779999999999737e-05
2.253500000000000000e+03 5.540619999999999817e-05
2.257500000000000000e+03 5.766930000000000027e-05
2.261500000000000000e+03 6.024750000000000212e-05
2.265500000000000000e+03 6.287280000000000559e-05
2.269500000000000000e+03 6.606390000000000287e-05
2.273500000000000000e+03 6.962379999999999567e-05
2.277500000000000000e+03 7.331680000000000250e-05
2.281500000000000000e+03 7.827880000000000005e-05
2.285500000000000000e+03 8.390299999999999950e-05
2.289500000000000000e+03 8.976940000000000147e-05
2.293500000000000000e+03 9.764270000000000620e-05
2.297500000000000000e+03 1.063259999999999981e-04
2.301500000000000000e+03 1.155310000000000023e-04
2.305500000000000000e+03 1.279820000000000089e-04
2.309500000000000000e+03 1.414730000000000057e-04
2.313500000000000000e+03 1.561079999999999900e-04
2.317500000000000000e+03 1.762140000000000039e-04
2.321500000000000000e+03 1.977220000000000019e-04
2.325500000000000000e+03 2.219359999999999974e-04
2.329500000000000000e+03 2.561959999999999845e-04
2.333500000000000000e+03 2.924870000000000204e-04
2.337500000000000000e+03 3.369480000000000001e-04
2.341500000000000000e+03 4.044970000000000271e-04
2.345500000000000000e+03 4.757900000000000237e-04
2.349500000000000000e+03 5.678620000000000325e-04
2.353500000000000000e+03 7.070550000000000532e-04
2.357500000000000000e+03 8.523339999999999476e-04
2.361500000000000000e+03 1.046739999999999997e-03
2.365500000000000000e+03 1.329529999999999991e-03
2.369500000000000000e+03 1.623270000000000008e-03
2.373500000000000000e+03 2.026490000000000149e-03
2.377500000000000000e+03 2.594599999999999858e-03
2.381500000000000000e+03 3.181489999999999926e-03
2.385500000000000000e+03 3.959360000000000310e-03
2.389500000000000000e+03 4.986970000000000292e-03
2.393500000000000000e+03 6.038700000000000144e-03
2.397500000000000000e+03 7.357279999999999896e-03
2.401500000000000000e+03 8.971450000000000605e-03
2.405500000000000000e+03 1.061140000000000000e-02
2.409500000000000000e+03 1.253190000000000033e-02
2.413500000000000000e+03 1.472449999999999974e-02
2.417500000000000000e+03 1.692729999999999929e-02
2.421500000000000000e+03 1.927639999999999909e-02
2.425500000000000000e+03 2.176209999999999950e-02
2.429500000000000000e+03 2.423130000000000075e-02
2.433500000000000000e+03 2.661279999999999896e-02
2.437500000000000000e+03 2.896030000000000132e-02
2.441500000000000000e+03 3.126029999999999781e-02
2.445500000000000000e+03 3.327900000000000302e-02
2.449500000000000000e+03 3.533669999999999867e-02
2.453500000000000000e+03 3.734189999999999732e-02
2.457500000000000000e+03 3.890649999999999664e-02
2.461500000000000000e+03 4.029979999999999674e-02
2.465500000000000000e+03 4.180939999999999657e-02
2.469500000000000000e+03 4.306829999999999686e-02
2.473500000000000000e+03 4.427770000000000317e-02
2.477500000000000000e+03 4.560070000000000096e-02
2.481500000000000000e+03 4.674819999999999670e-02
2.485500000000000000e+03 4.793370000000000269e-02
2.489500000000000000e+03 4.913200000000000206e-02
2.493500000000000000e+03 5.030010000000000037e-02
2.497500000000000000e+03 5.145879999999999899e-02
2.501500000000000000e+03 5.264950000000000185e-02
2.505500000000000000e+03 5.446689999999999865e-02
2.509500000000000000e+03 5.640549999999999731e-02
2.513500000000000000e+03 5.825589999999999935e-02
2.517500000000000000e+03 6.028320000000000206e-02
2.521500000000000000e+03 6.322980000000000267e-02
2.525500000000000000e+03 6.641679999999999806e-02
2.529500000000000000e+03 7.008720000000000228e-02
2.533500000000000000e+03 7.406540000000000346e-02
2.537500000000000000e+03 7.881390000000000617e-02
2.541500000000000000e+03 8.376989999999999437e-02
2.545500000000000000e+03 8.930430000000000312e-02
2.549500000000000000e+03 9.504039999999999710e-02
2.553500000000000000e+03 1.012229999999999935e-01
2.557500000000000000e+03 1.075289999999999996e-01
2.561500000000000000e+03 1.140810000000000018e-01
2.565500000000000000e+03 1.207069999999999949e-01
2.569500000000000000e+03 1.274500000000000077e-01
2.573500000000000000e+03 1.340899999999999870e-01
2.577500000000000000e+03 1.405540000000000123e-01
2.581500000000000000e+03 1.468510000000000093e-01
2.585500000000000000e+03 1.529919999999999891e-01
2.589500000000000000e+03 1.588140000000000107e-01
2.593500000000000000e+03 1.642790000000000084e-01
2.597500000000000000e+03 1.693510000000000015e-01
2.601500000000000000e+03 1.740669999999999995e-01
2.605500000000000000e+03 1.783049999999999913e-01
2.609500000000000000e+03 1.821869999999999878e-01
2.613500000000000000e+03 1.856190000000000062e-01
2.617500000000000000e+03 1.887759999999999994e-01
2.621500000000000000e+03 1.916299999999999948e-01
2.625500000000000000e+03 1.943110000000000115e-01
2.629500000000000000e+03 1.968110000000000137e-01
2.633500000000000000e+03 1.992049999999999932e-01
2.637500000000000000e+03 2.014390000000000069e-01
2.641500000000000000e+03 2.035939999999999972e-01
2.645500000000000000e+03 2.054729999999999890e-01
2.649500000000000000e+03 2.073359999999999925e-01
2.653500000000000000e+03 2.094439999999999913e-01
2.657500000000000000e+03 2.115990000000000093e-01
2.661500000000000000e+03 2.135019999999999973e-01
2.665500000000000000e+03 2.153239999999999876e-01
2.669500000000000000e+03 2.171049999999999924e-01
2.673500000000000000e+03 2.188749999999999862e-01
2.677500000000000000e+03 2.205100000000000116e-01
2.681500000000000000e+03 2.220459999999999934e-01
2.685500000000000000e+03 2.233320000000000027e-01
2.689500000000000000e+03 2.244899999999999951e-01
2.693500000000000000e+03 2.254319999999999935e-01
2.697500000000000000e+03 2.263950000000000129e-01
2.701500000000000000e+03 2.273580000000000045e-01
2.705500000000000000e+03 2.283219999999999972e-01
2.709500000000000000e+03 2.293939999999999868e-01
2.713500000000000000e+03 2.304660000000000042e-01
2.717500000000000000e+03 2.316370000000000096e-01
2.721500000000000000e+03 2.328260000000000052e-01
2.725500000000000000e+03 2.339680000000000093e-01
2.729500000000000000e+03 2.351600000000000079e-01
2.733500000000000000e+03 2.366109999999999880e-01
2.737500000000000000e+03 2.380869999999999931e-01
2.741500000000000000e+03 2.396199999999999997e-01
2.745500000000000000e+03 2.414129999999999887e-01
2.749500000000000000e+03 2.436089999999999922e-01
2.753500000000000000e+03 2.466470000000000051e-01
2.757500000000000000e+03 2.505359999999999809e-01
2.761500000000000000e+03 2.568250000000000255e-01
2.765500000000000000e+03 2.649320000000000008e-01
2.769500000000000000e+03 2.784440000000000248e-01
2.773500000000000000e+03 2.961449999999999916e-01
2.777500000000000000e+03 3.221300000000000274e-01
2.781500000000000000e+03 3.555579999999999852e-01
2.785500000000000000e+03 3.965549999999999908e-01
2.789500000000000000e+03 4.452450000000000019e-01
2.793500000000000000e+03 4.982989999999999919e-01
2.797500000000000000e+03 5.537400000000000100e-01
2.801500000000000000e+03 6.075340000000000185e-01
2.805500000000000000e+03 6.542280000000000317e-01
2.809500000000000000e+03 6.967449999999999477e-01
2.813500000000000000e+03 7.334310000000000551e-01
2.817500000000000000e+03 7.650019999999999598e-01
2.821500000000000000e+03 7.957830000000000181e-01
2.825500000000000000e+03 8.243819999999999482e-01
2.829500000000000000e+03 8.525249999999999773e-01
2.833500000000000000e+03 8.811409999999999521e-01
2.837500000000000000e+03 9.072679999999999634e-01
2.841500000000000000e+03 9.318410000000000304e-01
2.845500000000000000e+03 9.504890000000000283e-01
2.849500000000000000e+03 9.613960000000000283e-01
2.853500000000000000e+03 9.699079999999999924e-01
2.857500000000000000e+03 9.739419999999999744e-01
2.861500000000000000e+03 9.776820000000000510e-01
2.865500000000000000e+03 9.818700000000000205e-01
2.869500000000000000e+03 9.860179999999999501e-01
2.873500000000000000e+03 9.899259999999999726e-01
2.877500000000000000e+03 9.937740000000000462e-01
2.881500000000000000e+03 9.973480000000000123e-01
2.885500000000000000e+03 9.998690000000000078e-01
2.889500000000000000e+03 1.000000000000000000e+00
2.893500000000000000e+03 9.983959999999999502e-01
2.897500000000000000e+03 9.924250000000000016e-01
2.901500000000000000e+03 9.833870000000000111e-01
2.905500000000000000e+03 9.654009999999999536e-01
2.909500000000000000e+03 9.421659999999999480e-01
2.913500000000000000e+03 9.092609999999999859e-01
2.917500000000000000e+03 8.704990000000000228e-01
2.921500000000000000e+03 8.241739999999999622e-01
2.925500000000000000e+03 7.725929999999999742e-01
2.929500000000000000e+03 7.202330000000000121e-01
2.933500000000000000e+03 6.659140000000000059e-01
2.937500000000000000e+03 6.174650000000000416e-01
2.941500000000000000e+03 5.718490000000000517e-01
2.945500000000000000e+03 5.333609999999999740e-01
2.949500000000000000e+03 4.973090000000000011e-01
2.953500000000000000e+03 4.641700000000000270e-01
2.957500000000000000e+03 4.336369999999999947e-01
2.961500000000000000e+03 4.032729999999999926e-01
2.965500000000000000e+03 3.757010000000000072e-01
2.969500000000000000e+03 3.494050000000000211e-01
2.973500000000000000e+03 3.256809999999999983e-01
2.977500000000000000e+03 3.069660000000000166e-01
2.981500000000000000e+03 2.904630000000000267e-01
2.985500000000000000e+03 2.798640000000000017e-01
2.989500000000000000e+03 2.701810000000000045e-01
2.993500000000000000e+03 2.645870000000000166e-01
2.997500000000000000e+03 2.601959999999999829e-01
3.001500000000000000e+03 2.572409999999999974e-01
3.005500000000000000e+03 2.550169999999999937e-01
3.009500000000000000e+03 2.534219999999999806e-01
3.013500000000000000e+03 2.521780000000000133e-01
3.017500000000000000e+03 2.508250000000000202e-01
3.021500000000000000e+03 2.493920000000000026e-01
3.025500000000000000e+03 2.479369999999999907e-01
3.029500000000000000e+03 2.468120000000000036e-01
3.033500000000000000e+03 2.451589999999999880e-01
3.037500000000000000e+03 2.431689999999999963e-01
3.041500000000000000e+03 2.403000000000000136e-01
3.045500000000000000e+03 2.369090000000000085e-01
3.049500000000000000e+03 2.323909999999999865e-01
3.053500000000000000e+03 2.271529999999999938e-01
3.057500000000000000e+03 2.209329999999999905e-01
3.061500000000000000e+03 2.139369999999999883e-01
3.065500000000000000e+03 2.061209999999999987e-01
3.069500000000000000e+03 1.976880000000000026e-01
3.073500000000000000e+03 1.889149999999999996e-01
3.077500000000000000e+03 1.797100000000000086e-01
3.081500000000000000e+03 1.704720000000000124e-01
3.085500000000000000e+03 1.611390000000000045e-01
3.089500000000000000e+03 1.522129999999999872e-01
3.093500000000000000e+03 1.434279999999999999e-01
3.097500000000000000e+03 1.352959999999999996e-01
3.101500000000000000e+03 1.274689999999999990e-01
3.105500000000000000e+03 1.203720000000000068e-01
3.109500000000000000e+03 1.137589999999999990e-01
3.113500000000000000e+03 1.078120000000000051e-01
3.117500000000000000e+03 1.021900000000000031e-01
3.121500000000000000e+03 9.717489999999999462e-02
3.125500000000000000e+03 9.248349999999999627e-02
3.129500000000000000e+03 8.825040000000000662e-02
3.133500000000000000e+03 8.430999999999999606e-02
3.137500000000000000e+03 8.075319999999999721e-02
3.141500000000000000e+03 7.749999999999999944e-02
3.145500000000000000e+03 7.450690000000000091e-02
3.149500000000000000e+03 7.175299999999999734e-02
3.153500000000000000e+03 6.925399999999999612e-02
3.157500000000000000e+03 6.687579999999999913e-02
3.161500000000000000e+03 6.471269999999999800e-02
3.165500000000000000e+03 6.270199999999999385e-02
3.169500000000000000e+03 6.081559999999999744e-02
3.173500000000000000e+03 5.900020000000000264e-02
3.177500000000000000e+03 5.728550000000000308e-02
3.181500000000000000e+03 5.566480000000000039e-02
3.185500000000000000e+03 5.401720000000000133e-02
3.189500000000000000e+03 5.249109999999999887e-02
3.193500000000000000e+03 5.099469999999999698e-02
3.197500000000000000e+03 4.954959999999999920e-02
3.201500000000000000e+03 4.814090000000000036e-02
3.205500000000000000e+03 4.684579999999999994e-02
3.209500000000000000e+03 4.559529999999999833e-02
3.213500000000000000e+03 4.441090000000000315e-02
3.217500000000000000e+03 4.334509999999999752e-02
3.221500000000000000e+03 4.234380000000000088e-02
3.225500000000000000e+03 4.140119999999999911e-02
3.229500000000000000e+03 4.051260000000000278e-02
3.233500000000000000e+03 3.970669999999999755e-02
3.237500000000000000e+03 3.890609999999999902e-02
3.241500000000000000e+03 3.801009999999999805e-02
3.245500000000000000e+03 3.708800000000000291e-02
3.249500000000000000e+03 3.617189999999999989e-02
3.253500000000000000e+03 3.527439999999999742e-02
3.257500000000000000e+03 3.433490000000000153e-02
3.261500000000000000e+03 3.330570000000000058e-02
3.265500000000000000e+03 3.215710000000000096e-02
3.269500000000000000e+03 3.092299999999999910e-02
3.273500000000000000e+03 2.960290000000000143e-02
3.277500000000000000e+03 2.818189999999999931e-02
3.281500000000000000e+03 2.666690000000000033e-02
3.285500000000000000e+03 2.510750000000000134e-02
3.289500000000000000e+03 2.349299999999999999e-02
3.293500000000000000e+03 2.181519999999999987e-02
3.297500000000000000e+03 2.015379999999999949e-02
3.301500000000000000e+03 1.849850000000000105e-02
3.305500000000000000e+03 1.678270000000000109e-02
3.309500000000000000e+03 1.511509999999999937e-02
3.313500000000000000e+03 1.356399999999999967e-02
3.317500000000000000e+03 1.208170000000000077e-02
3.321500000000000000e+03 1.070800000000000050e-02
3.325500000000000000e+03 9.411759999999999918e-03
3.329500000000000000e+03 8.181700000000000084e-03
3.333500000000000000e+03 7.091609999999999928e-03
3.337500000000000000e+03 6.127109999999999848e-03
3.341500000000000000e+03 5.255560000000000266e-03
3.345500000000000000e+03 4.488790000000000315e-03
3.349500000000000000e+03 3.821610000000000024e-03
3.353500000000000000e+03 3.237990000000000052e-03
3.357500000000000000e+03 2.727750000000000140e-03
3.361500000000000000e+03 2.296229999999999799e-03
3.365500000000000000e+03 1.928629999999999971e-03
3.369500000000000000e+03 1.608590000000000020e-03
3.373500000000000000e+03 1.343430000000000058e-03
3.377500000000000000e+03 1.120719999999999963e-03
3.381500000000000000e+03 9.287279999999999754e-04
3.385500000000000000e+03 7.729679999999999624e-04
3.389500000000000000e+03 6.431810000000000478e-04
3.393500000000000000e+03 5.318750000000000127e-04
3.397500000000000000e+03 4.440119999999999766e-04
3.401500000000000000e+03 3.712569999999999998e-04
3.405500000000000000e+03 3.088090000000000041e-04
3.409500000000000000e+03 2.603479999999999813e-04
3.413500000000000000e+03 2.202039999999999944e-04
3.417500000000000000e+03 1.855620000000000099e-04
3.421500000000000000e+03 1.588940000000000003e-04
3.425500000000000000e+03 1.370330000000000007e-04
3.429500000000000000e+03 1.187349999999999940e-04
3.433500000000000000e+03 1.048729999999999969e-04
3.437500000000000000e+03 9.367359999999999706e-05
3.441500000000000000e+03 8.462499999999999699e-05
3.445500000000000000e+03 7.836740000000000459e-05
3.449500000000000000e+03 7.332010000000000296e-05
3.453500000000000000e+03 6.921420000000000556e-05
3.457500000000000000e+03 6.672479999999999514e-05
3.461500000000000000e+03 6.489590000000000321e-05
3.465500000000000000e+03 6.355180000000000367e-05
3.469500000000000000e+03 6.273750000000000030e-05
3.473500000000000000e+03 6.169970000000000153e-05
3.477500000000000000e+03 6.059330000000000141e-05
3.481500000000000000e+03 5.976999999999999864e-05
3.485500000000000000e+03 5.882930000000000272e-05
3.489500000000000000e+03 5.773909999999999747e-05
3.493500000000000000e+03 5.628449999999999957e-05
3.497500000000000000e+03 5.432320000000000193e-05
3.501500000000000000e+03 5.209140000000000070e-05
3.505500000000000000e+03 4.974670000000000264e-05
3.509500000000000000e+03 4.733580000000000171e-05
3.513500000000000000e+03 4.472889999999999793e-05
3.517500000000000000e+03 4.180430000000000224e-05
3.521500000000000000e+03 3.881129999999999888e-05
3.525500000000000000e+03 3.577120000000000066e-05
3.529500000000000000e+03 3.282970000000000181e-05
3.533500000000000000e+03 3.009290000000000117e-05
3.537500000000000000e+03 2.739089999999999892e-05
3.541500000000000000e+03 2.489480000000000092e-05
3.545500000000000000e+03 2.273069999999999906e-05
3.549500000000000000e+03 2.076460000000000106e-05
3.553500000000000000e+03 1.903720000000000130e-05
3.557500000000000000e+03 1.750420000000000090e-05
3.561500000000000000e+03 1.622899999999999996e-05
3.565500000000000000e+03 1.529679999999999896e-05
3.569500000000000000e+03 1.461000000000000073e-05
3.573500000000000000e+03 1.409620000000000066e-05
3.577500000000000000e+03 1.370329999999999973e-05
3.581500000000000000e+03 1.337709999999999937e-05
3.585500000000000000e+03 1.323610000000000021e-05
3.589500000000000000e+03 1.316570000000000000e-05
3.593500000000000000e+03 1.309850000000000004e-05
3.597500000000000000e+03 1.307800000000000082e-05
3.601500000000000000e+03 1.307170000000000056e-05
3.605500000000000000e+03 1.306509999999999964e-05
3.609500000000000000e+03 1.305799999999999932e-05
3.613500000000000000e+03 1.304910000000000014e-05
3.617500000000000000e+03 1.303900000000000001e-05
3.621500000000000000e+03 1.308870000000000057e-05
3.625500000000000000e+03 1.333479999999999979e-05
3.629500000000000000e+03 1.370699999999999938e-05
3.633500000000000000e+03 1.407850000000000082e-05
3.637500000000000000e+03 1.444850000000000066e-05
3.641500000000000000e+03 1.484879999999999918e-05
3.645500000000000000e+03 1.544890000000000044e-05
3.649500000000000000e+03 1.619860000000000107e-05
3.653500000000000000e+03 1.701069999999999961e-05
3.657500000000000000e+03 1.775249999999999986e-05
3.661500000000000000e+03 1.835809999999999962e-05
3.665500000000000000e+03 1.894049999999999933e-05
3.669500000000000000e+03 1.953180000000000161e-05
3.673500000000000000e+03 1.999640000000000052e-05
3.677500000000000000e+03 2.037619999999999983e-05
3.681500000000000000e+03 2.058139999999999915e-05
3.685500000000000000e+03 2.065579999999999966e-05
3.689500000000000000e+03 2.064029999999999955e-05
3.693500000000000000e+03 2.035470000000000012e-05
3.697500000000000000e+03 1.982089999999999856e-05
3.701500000000000000e+03 1.918629999999999958e-05
3.705500000000000000e+03 1.858029999999999895e-05
3.709500000000000000e+03 1.809699999999999970e-05
3.713500000000000000e+03 1.752870000000000041e-05
3.717500000000000000e+03 1.688049999999999872e-05
3.721500000000000000e+03 1.629019999999999863e-05
3.725500000000000000e+03 1.579210000000000081e-05
3.729500000000000000e+03 1.546809999999999849e-05
3.733500000000000000e+03 1.525309999999999970e-05
3.737500000000000000e+03 1.508779999999999978e-05
3.741500000000000000e+03 1.494869999999999970e-05
3.745500000000000000e+03 1.481019999999999925e-05
3.749500000000000000e+03 1.475120000000000032e-05
3.753500000000000000e+03 1.473650000000000028e-05
3.757500000000000000e+03 1.472170000000000001e-05
3.761500000000000000e+03 1.470699999999999997e-05
3.765500000000000000e+03 1.469229999999999992e-05
3.769500000000000000e+03 1.467770000000000009e-05
3.773500000000000000e+03 1.466300000000000005e-05
3.777500000000000000e+03 1.464830000000000000e-05
3.781500000000000000e+03 1.463349999999999974e-05
3.785500000000000000e+03 1.461879999999999969e-05
3.789500000000000000e+03 1.460409999999999965e-05
3.793500000000000000e+03 1.458929999999999938e-05
3.797500000000000000e+03 1.457409999999999993e-05
3.801500000000000000e+03 1.455800000000000021e-05
3.805500000000000000e+03 1.454149999999999960e-05
3.809500000000000000e+03 1.459580000000000008e-05
3.813500000000000000e+03 1.477350000000000009e-05
3.817500000000000000e+03 1.500199999999999968e-05
3.821500000000000000e+03 1.526909999999999921e-05
3.825500000000000000e+03 1.559590000000000089e-05
3.829500000000000000e+03 1.596419999999999870e-05
3.833500000000000000e+03 1.642230000000000030e-05
3.837500000000000000e+03 1.688869999999999976e-05
3.841500000000000000e+03 1.736719999999999865e-05
3.845500000000000000e+03 1.788839999999999969e-05
3.849500000000000000e+03 1.841150000000000151e-05
3.853500000000000000e+03 1.892949999999999893e-05
3.857500000000000000e+03 1.939580000000000156e-05
3.861500000000000000e+03 1.980500000000000096e-05
3.865500000000000000e+03 2.018909999999999954e-05
3.869500000000000000e+03 2.046790000000000100e-05
3.873500000000000000e+03 2.063970000000000163e-05
3.877500000000000000e+03 2.075449999999999924e-05
3.881500000000000000e+03 2.072240000000000001e-05
3.885500000000000000e+03 2.058889999999999866e-05
3.889500000000000000e+03 2.041800000000000001e-05
3.893500000000000000e+03 2.028899999999999836e-05
3.897500000000000000e+03 2.025679999999999891e-05
3.901500000000000000e+03 2.017560000000000043e-05
3.905500000000000000e+03 2.003230000000000131e-05
3.909500000000000000e+03 1.988899999999999880e-05
3.913500000000000000e+03 1.980980000000000132e-05
3.917500000000000000e+03 1.978549999999999886e-05
3.921500000000000000e+03 1.976130000000000001e-05
3.925500000000000000e+03 1.973690000000000072e-05
3.929500000000000000e+03 1.971220000000000077e-05
3.933500000000000000e+03 1.968720000000000016e-05
3.937500000000000000e+03 1.966229999999999977e-05
3.941500000000000000e+03 1.963749999999999960e-05
3.945500000000000000e+03 1.961269999999999943e-05
3.949500000000000000e+03 1.958769999999999882e-05
3.953500000000000000e+03 1.956250000000000117e-05
3.957500000000000000e+03 1.953719999999999990e-05
3.961500000000000000e+03 1.951209999999999907e-05
3.965500000000000000e+03 1.948700000000000163e-05
3.969500000000000000e+03 1.946419999999999907e-05
3.973500000000000000e+03 1.951989999999999924e-05
3.977500000000000000e+03 1.968770000000000125e-05
3.981500000000000000e+03 1.989089999999999958e-05
3.985500000000000000e+03 2.001510000000000086e-05
3.989500000000000000e+03 2.003820000000000069e-05
3.993500000000000000e+03 2.004760000000000098e-05
3.997500000000000000e+03 2.018520000000000115e-05
4.001500000000000000e+03 2.038669999999999914e-05
4.005500000000000000e+03 2.057339999999999855e-05
4.009500000000000000e+03 2.058779999999999963e-05
4.013500000000000000e+03 2.049049999999999974e-05
4.017500000000000000e+03 2.040199999999999880e-05
4.021500000000000000e+03 2.047169999999999917e-05
4.025500000000000000e+03 2.066339999999999938e-05
4.029500000000000000e+03 2.085880000000000094e-05
4.033500000000000000e+03 2.102440000000000152e-05
4.037500000000000000e+03 2.123039999999999921e-05
4.041500000000000000e+03 2.146630000000000147e-05
4.045500000000000000e+03 2.174730000000000098e-05
4.049500000000000000e+03 2.199049999999999893e-05
4.053500000000000000e+03 2.226480000000000069e-05
4.057500000000000000e+03 2.262899999999999967e-05
4.061500000000000000e+03 2.303590000000000081e-05
4.065500000000000000e+03 2.338609999999999959e-05
4.069500000000000000e+03 2.359680000000000081e-05
4.073500000000000000e+03 2.373209999999999933e-05
4.077500000000000000e+03 2.389919999999999981e-05
4.081500000000000000e+03 2.412070000000000099e-05
4.085500000000000000e+03 2.435700000000000075e-05
4.089500000000000000e+03 2.450939999999999949e-05
4.093500000000000000e+03 2.455160000000000054e-05
4.097500000000000000e+03 2.456149999999999854e-05
4.101500000000000000e+03 2.468359999999999860e-05
4.105500000000000000e+03 2.497360000000000091e-05
4.109500000000000000e+03 2.534369999999999928e-05
4.113500000000000000e+03 2.564130000000000131e-05
4.117500000000000000e+03 2.586330000000000020e-05
4.121500000000000000e+03 2.606310000000000123e-05
4.125500000000000000e+03 2.633249999999999903e-05
4.129500000000000000e+03 2.660449999999999913e-05
4.133500000000000000e+03 2.686429999999999959e-05
4.137500000000000000e+03 2.721209999999999989e-05
4.141500000000000000e+03 2.769590000000000024e-05
4.145500000000000000e+03 2.821909999999999889e-05
4.149500000000000000e+03 2.865570000000000077e-05
4.153500000000000000e+03 2.902719999999999883e-05
4.157500000000000000e+03 2.937529999999999978e-05
4.161500000000000000e+03 2.970249999999999895e-05
4.165500000000000000e+03 2.990730000000000078e-05
4.169500000000000000e+03 3.008360000000000111e-05
4.173500000000000000e+03 3.025249999999999877e-05
4.177500000000000000e+03 3.044699999999999834e-05
4.181500000000000000e+03 3.062270000000000074e-05
4.185500000000000000e+03 3.065780000000000317e-05
4.189500000000000000e+03 3.066139999999999751e-05
4.193500000000000000e+03 3.069070000000000077e-05
4.197500000000000000e+03 3.081939999999999837e-05
4.201500000000000000e+03 3.101159999999999968e-05
4.205500000000000000e+03 3.122310000000000265e-05
4.209500000000000000e+03 3.147310000000000195e-05
4.213500000000000000e+03 3.176000000000000085e-05
4.217500000000000000e+03 3.206769999999999792e-05
4.221500000000000000e+03 3.243160000000000303e-05
4.225500000000000000e+03 3.280019999999999811e-05
4.229500000000000000e+03 3.313419999999999864e-05
4.233500000000000000e+03 3.340949999999999920e-05
4.237500000000000000e+03 3.362100000000000217e-05
4.241500000000000000e+03 3.388950000000000138e-05
4.245500000000000000e+03 3.425110000000000144e-05
4.249500000000000000e+03 3.466890000000000276e-05
4.253500000000000000e+03 3.501410000000000075e-05
4.257500000000000000e+03 3.524849999999999972e-05
4.261500000000000000e+03 3.545819999999999875e-05
4.265500000000000000e+03 3.571950000000000250e-05
4.269500000000000000e+03 3.604569999999999947e-05
4.273500000000000000e+03 3.638020000000000110e-05
4.277500000000000000e+03 3.676390000000000219e-05
4.281500000000000000e+03 3.721649999999999850e-05
4.285500000000000000e+03 3.769650000000000068e-05
4.289500000000000000e+03 3.808799999999999854e-05
4.293500000000000000e+03 3.837819999999999790e-05
4.297500000000000000e+03 3.863539999999999943e-05
4.301500000000000000e+03 3.895460000000000139e-05
4.305500000000000000e+03 3.930829999999999768e-05
4.309500000000000000e+03 3.967329999999999842e-05
4.313500000000000000e+03 4.004429999999999877e-05
4.317500000000000000e+03 4.046459999999999879e-05
4.321500000000000000e+03 4.089220000000000127e-05
4.325500000000000000e+03 4.127029999999999685e-05
4.329500000000000000e+03 4.160370000000000284e-05
4.333500000000000000e+03 4.192259999999999737e-05
4.337500000000000000e+03 4.226839999999999666e-05
4.341500000000000000e+03 4.259470000000000064e-05
4.345500000000000000e+03 4.294259999999999777e-05
4.349500000000000000e+03 4.333839999999999828e-05
4.353500000000000000e+03 4.380100000000000296e-05
4.357500000000000000e+03 4.424540000000000162e-05
4.361500000000000000e+03 4.460450000000000298e-05
4.365500000000000000e+03 4.491960000000000272e-05
4.369500000000000000e+03 4.528909999999999978e-05
4.373500000000000000e+03 4.582009999999999859e-05
4.377500000000000000e+03 4.642799999999999662e-05
4.381500000000000000e+03 4.705349999999999935e-05
4.385500000000000000e+03 4.768099999999999970e-05
4.389500000000000000e+03 4.833319999999999999e-05
4.393500000000000000e+03 4.900329999999999888e-05
4.397500000000000000e+03 4.974290000000000108e-05
4.401500000000000000e+03 5.048560000000000330e-05
4.405500000000000000e+03 5.120560000000000319e-05
4.409500000000000000e+03 5.191270000000000189e-05
4.413500000000000000e+03 5.259379999999999779e-05
4.417500000000000000e+03 5.320400000000000086e-05
4.421500000000000000e+03 5.372259999999999959e-05
4.425500000000000000e+03 5.408860000000000252e-05
4.429500000000000000e+03 5.285059999999999845e-05
4.433500000000000000e+03 4.973179999999999707e-05
4.437500000000000000e+03 4.613710000000000250e-05
4.441500000000000000e+03 4.456650000000000097e-05
4.445500000000000000e+03 4.519490000000000329e-05
4.449500000000000000e+03 4.645430000000000007e-05
4.453500000000000000e+03 4.622690000000000289e-05
4.457500000000000000e+03 4.432280000000000193e-05
4.461500000000000000e+03 4.250969999999999722e-05
4.465500000000000000e+03 4.321519999999999919e-05
4.469500000000000000e+03 4.630189999999999794e-05
4.473500000000000000e+03 4.956619999999999987e-05
4.477500000000000000e+03 5.225500000000000029e-05
4.481500000000000000e+03 5.449479999999999873e-05
4.485500000000000000e+03 5.641190000000000109e-05
4.489500000000000000e+03 5.825599999999999924e-05
4.493500000000000000e+03 5.971689999999999740e-05
4.497500000000000000e+03 6.103990000000000490e-05
4.501500000000000000e+03 6.211620000000000000e-05
4.505500000000000000e+03 6.304250000000000500e-05
4.509500000000000000e+03 6.102709999999999716e-05
4.513500000000000000e+03 5.200409999999999901e-05
4.517500000000000000e+03 3.766340000000000264e-05
4.521500000000000000e+03 2.657110000000000044e-05
4.525500000000000000e+03 2.155710000000000067e-05
4.529500000000000000e+03 2.133859999999999929e-05
4.533500000000000000e+03 2.068380000000000007e-05
4.537500000000000000e+03 1.467320000000000039e-05
4.541500000000000000e+03 7.440330000000000133e-06
4.545500000000000000e+03 1.007850000000000015e-06
