2.861050000000000000e+04 0.000000000000000000e+00
2.867650000000000000e+04 1.001579999999999946e-06
2.874250000000000000e+04 1.644110000000000086e-05
2.880850000000000000e+04 3.626880000000000078e-05
2.887450000000000000e+04 5.353029999999999806e-05
2.894050000000000000e+04 6.580979999999999458e-05
2.900650000000000000e+04 6.088849999999999818e-05
2.907250000000000000e+04 8.228350000000000594e-05
2.913850000000000000e+04 1.174600000000000036e-04
2.920450000000000000e+04 1.482470000000000055e-04
2.927050000000000000e+04 1.693950000000000002e-04
2.933650000000000000e+04 1.654170000000000054e-04
2.940250000000000000e+04 1.762819999999999904e-04
2.946850000000000000e+04 2.007749999999999878e-04
2.953450000000000000e+04 2.362230000000000048e-04
2.960050000000000000e+04 2.909109999999999799e-04
2.966650000000000000e+04 3.477560000000000091e-04
2.973250000000000000e+04 4.051090000000000138e-04
2.979850000000000000e+04 4.326150000000000178e-04
2.986450000000000000e+04 4.403389999999999865e-04
2.993050000000000000e+04 4.977440000000000510e-04
2.999650000000000000e+04 6.156920000000000405e-04
3.006250000000000000e+04 8.813630000000000249e-04
3.012850000000000000e+04 1.497969999999999944e-03
3.019450000000000000e+04 2.920349999999999942e-03
3.026050000000000000e+04 5.586569999999999904e-03
3.032650000000000000e+04 9.325589999999999921e-03
3.039250000000000000e+04 1.416839999999999940e-02
3.045850000000000000e+04 2.026659999999999920e-02
3.052450000000000000e+04 2.765810000000000143e-02
3.059050000000000000e+04 3.731949999999999851e-02
3.065650000000000000e+04 4.805000000000000243e-02
3.072250000000000000e+04 5.938140000000000085e-02
3.078850000000000000e+04 7.145819999999999950e-02
3.085450000000000000e+04 8.594140000000000112e-02
3.092050000000000000e+04 1.013909999999999950e-01
3.098650000000000000e+04 1.187760000000000066e-01
3.105250000000000000e+04 1.357869999999999910e-01
3.111850000000000000e+04 1.537840000000000040e-01
3.118450000000000000e+04 1.746570000000000067e-01
3.125050000000000000e+04 1.984279999999999933e-01
3.131650000000000000e+04 2.234530000000000127e-01
3.138250000000000000e+04 2.478609999999999980e-01
3.144850000000000000e+04 2.710529999999999884e-01
3.151450000000000000e+04 2.923470000000000235e-01
3.158050000000000000e+04 3.122400000000000175e-01
3.164650000000000000e+04 3.303039999999999865e-01
3.171250000000000000e+04 3.479479999999999795e-01
3.177850000000000000e+04 3.636820000000000053e-01
3.184450000000000000e+04 3.791729999999999823e-01
3.191050000000000000e+04 3.929429999999999867e-01
3.197650000000000000e+04 4.043919999999999737e-01
3.204250000000000000e+04 4.132899999999999907e-01
3.210850000000000000e+04 4.201380000000000114e-01
3.217450000000000000e+04 4.258640000000000203e-01
3.224050000000000000e+04 4.317579999999999751e-01
3.230650000000000000e+04 4.369239999999999791e-01
3.237250000000000000e+04 4.416979999999999795e-01
3.243850000000000000e+04 4.441010000000000235e-01
3.250450000000000000e+04 4.477679999999999993e-01
3.257050000000000000e+04 4.522439999999999793e-01
3.263650000000000000e+04 4.598979999999999735e-01
3.270250000000000000e+04 4.688479999999999870e-01
3.276850000000000000e+04 4.800960000000000227e-01
3.283450000000000000e+04 4.910950000000000037e-01
3.290050000000000000e+04 5.045479999999999965e-01
3.296650000000000000e+04 5.188099999999999934e-01
3.303250000000000000e+04 5.370989999999999931e-01
3.309850000000000000e+04 5.574500000000000011e-01
3.316450000000000000e+04 5.793479999999999741e-01
3.323050000000000000e+04 6.018599999999999506e-01
3.329650000000000000e+04 6.252339999999999565e-01
3.336250000000000000e+04 6.515480000000000160e-01
3.342850000000000000e+04 6.784400000000000430e-01
3.349450000000000000e+04 7.059079999999999799e-01
3.356050000000000000e+04 7.245040000000000369e-01
3.362650000000000000e+04 7.374579999999999469e-01
3.369250000000000000e+04 7.490050000000000319e-01
3.375850000000000000e+04 7.580959999999999921e-01
3.382450000000000000e+04 7.674149999999999583e-01
3.389050000000000000e+04 7.758500000000000396e-01
3.395650000000000000e+04 7.808169999999999833e-01
3.402250000000000000e+04 7.833010000000000250e-01
3.408850000000000000e+04 7.841280000000000472e-01
3.415450000000000000e+04 7.852419999999999956e-01
3.422050000000000000e+04 7.872249999999999526e-01
3.428650000000000000e+04 7.899650000000000283e-01
3.435250000000000000e+04 7.916090000000000071e-01
3.441850000000000000e+04 7.917389999999999706e-01
3.448450000000000000e+04 7.902230000000000087e-01
3.455050000000000000e+04 7.884430000000000049e-01
3.461650000000000000e+04 7.861439999999999539e-01
3.468250000000000000e+04 7.834109999999999685e-01
3.474850000000000000e+04 7.832329999999999570e-01
3.481450000000000000e+04 7.854550000000000143e-01
3.488050000000000000e+04 7.888549999999999729e-01
3.494650000000000000e+04 7.935269999999999824e-01
3.501250000000000000e+04 7.997549999999999937e-01
3.507850000000000000e+04 8.043040000000000189e-01
3.514450000000000000e+04 8.099960000000000493e-01
3.521050000000000000e+04 8.167240000000000055e-01
3.527650000000000000e+04 8.213390000000000413e-01
3.534250000000000000e+04 8.263040000000000385e-01
3.540850000000000000e+04 8.303749999999999742e-01
3.547450000000000000e+04 8.333979999999999722e-01
3.554050000000000000e+04 8.364000000000000323e-01
3.560650000000000000e+04 8.381410000000000249e-01
3.567250000000000000e+04 8.395209999999999617e-01
3.573850000000000000e+04 8.398609999999999687e-01
3.580450000000000000e+04 8.405230000000000201e-01
3.587050000000000000e+04 8.411870000000000180e-01
3.593650000000000000e+04 8.431859999999999911e-01
3.600250000000000000e+04 8.463979999999999837e-01
3.606850000000000000e+04 8.496270000000000211e-01
3.613450000000000000e+04 8.527700000000000280e-01
3.620050000000000000e+04 8.540219999999999478e-01
3.626650000000000000e+04 8.532079999999999664e-01
3.633250000000000000e+04 8.521320000000000006e-01
3.639850000000000000e+04 8.525669999999999638e-01
3.646450000000000000e+04 8.544159999999999533e-01
3.653050000000000000e+04 8.593420000000000503e-01
3.659650000000000000e+04 8.648730000000000029e-01
3.666250000000000000e+04 8.682060000000000333e-01
3.672850000000000000e+04 8.708510000000000417e-01
3.679450000000000000e+04 8.732579999999999787e-01
3.686050000000000000e+04 8.754589999999999872e-01
3.692650000000000000e+04 8.795150000000000468e-01
3.699250000000000000e+04 8.842499999999999805e-01
3.705850000000000000e+04 8.874210000000000154e-01
3.712450000000000000e+04 8.901599999999999513e-01
3.719050000000000000e+04 8.911050000000000360e-01
3.725650000000000000e+04 8.914779999999999927e-01
3.732250000000000000e+04 8.940869999999999651e-01
3.738850000000000000e+04 8.972869999999999457e-01
3.745450000000000000e+04 9.014269999999999783e-01
3.752050000000000000e+04 9.059829999999999828e-01
3.758650000000000000e+04 9.091550000000000464e-01
3.765250000000000000e+04 9.125140000000000473e-01
3.771850000000000000e+04 9.150970000000000493e-01
3.778450000000000000e+04 9.171550000000000535e-01
3.785050000000000000e+04 9.194259999999999655e-01
3.791650000000000000e+04 9.200239999999999529e-01
3.798250000000000000e+04 9.203350000000000142e-01
3.804850000000000000e+04 9.200279999999999569e-01
3.811450000000000000e+04 9.202780000000000404e-01
3.818050000000000000e+04 9.222460000000000102e-01
3.824650000000000000e+04 9.246849999999999792e-01
3.831250000000000000e+04 9.285510000000000153e-01
3.837850000000000000e+04 9.324949999999999628e-01
3.844450000000000000e+04 9.355729999999999880e-01
3.851050000000000000e+04 9.388140000000000374e-01
3.857650000000000000e+04 9.401420000000000332e-01
3.864250000000000000e+04 9.409710000000000019e-01
3.870850000000000000e+04 9.415620000000000100e-01
3.877450000000000000e+04 9.414599999999999635e-01
3.884050000000000000e+04 9.442859999999999587e-01
3.890650000000000000e+04 9.477160000000000029e-01
3.897250000000000000e+04 9.534280000000000532e-01
3.903850000000000000e+04 9.603679999999999994e-01
3.910450000000000000e+04 9.662579999999999503e-01
3.917050000000000000e+04 9.719670000000000254e-01
3.923650000000000000e+04 9.758539999999999992e-01
3.930250000000000000e+04 9.786920000000000064e-01
3.936850000000000000e+04 9.806489999999999929e-01
3.943450000000000000e+04 9.826019999999999754e-01
3.950050000000000000e+04 9.834709999999999841e-01
3.956650000000000000e+04 9.842450000000000365e-01
3.963250000000000000e+04 9.847639999999999727e-01
3.969850000000000000e+04 9.841339999999999533e-01
3.976450000000000000e+04 9.845610000000000195e-01
3.983050000000000000e+04 9.850780000000000092e-01
3.989650000000000000e+04 9.861950000000000438e-01
3.996250000000000000e+04 9.889109999999999845e-01
4.002850000000000000e+04 9.905019999999999936e-01
4.009450000000000000e+04 9.917209999999999637e-01
4.016050000000000000e+04 9.920579999999999954e-01
4.022650000000000000e+04 9.908190000000000053e-01
4.029250000000000000e+04 9.892269999999999675e-01
4.035850000000000000e+04 9.879909999999999526e-01
4.042450000000000000e+04 9.878099999999999659e-01
4.049050000000000000e+04 9.890670000000000295e-01
4.055650000000000000e+04 9.913640000000000230e-01
4.062250000000000000e+04 9.938669999999999449e-01
4.068850000000000000e+04 9.967559999999999754e-01
4.075450000000000000e+04 9.987439999999999651e-01
4.082050000000000000e+04 9.997899999999999565e-01
4.088650000000000000e+04 1.000000000000000000e+00
4.095250000000000000e+04 9.992510000000000003e-01
4.101850000000000000e+04 9.979360000000000452e-01
4.108450000000000000e+04 9.968580000000000219e-01
4.115050000000000000e+04 9.955699999999999550e-01
4.121650000000000000e+04 9.944709999999999939e-01
4.128250000000000000e+04 9.936949999999999950e-01
4.134850000000000000e+04 9.930430000000000090e-01
4.141450000000000000e+04 9.936369999999999925e-01
4.148050000000000000e+04 9.941689999999999694e-01
4.154650000000000000e+04 9.954140000000000210e-01
4.161250000000000000e+04 9.964990000000000236e-01
4.167850000000000000e+04 9.973929999999999740e-01
4.174450000000000000e+04 9.974260000000000348e-01
4.181050000000000000e+04 9.955979999999999830e-01
4.187650000000000000e+04 9.917789999999999662e-01
4.194250000000000000e+04 9.867960000000000065e-01
4.200850000000000000e+04 9.800609999999999600e-01
4.207450000000000000e+04 9.738029999999999742e-01
4.214050000000000000e+04 9.674700000000000522e-01
4.220650000000000000e+04 9.614390000000000436e-01
4.227250000000000000e+04 9.545890000000000208e-01
4.233850000000000000e+04 9.455810000000000048e-01
4.240450000000000000e+04 9.345780000000000198e-01
4.247050000000000000e+04 9.231479999999999686e-01
4.253650000000000000e+04 9.118319999999999759e-01
4.260250000000000000e+04 9.038960000000000328e-01
4.266850000000000000e+04 8.983579999999999899e-01
4.273450000000000000e+04 8.963349999999999929e-01
4.280050000000000000e+04 8.959139999999999882e-01
4.286650000000000000e+04 8.956420000000000492e-01
4.293250000000000000e+04 8.954910000000000370e-01
4.299850000000000000e+04 8.944339999999999513e-01
4.306450000000000000e+04 8.928789999999999782e-01
4.313050000000000000e+04 8.914659999999999807e-01
4.319650000000000000e+04 8.897929999999999451e-01
4.326250000000000000e+04 8.878989999999999938e-01
4.332850000000000000e+04 8.859789999999999610e-01
4.339450000000000000e+04 8.833130000000000148e-01
4.346050000000000000e+04 8.804910000000000236e-01
4.352650000000000000e+04 8.769249999999999545e-01
4.359250000000000000e+04 8.727479999999999682e-01
4.365850000000000000e+04 8.693769999999999554e-01
4.372450000000000000e+04 8.663880000000000470e-01
4.379050000000000000e+04 8.639010000000000300e-01
4.385650000000000000e+04 8.619390000000000107e-01
4.392250000000000000e+04 8.591330000000000355e-01
4.398850000000000000e+04 8.556869999999999754e-01
4.405450000000000000e+04 8.508329999999999504e-01
4.412050000000000000e+04 8.446679999999999744e-01
4.418650000000000000e+04 8.375299999999999967e-01
4.425250000000000000e+04 8.295639999999999681e-01
4.431850000000000000e+04 8.214000000000000190e-01
4.438450000000000000e+04 8.135240000000000249e-01
4.445050000000000000e+04 8.051169999999999716e-01
4.451650000000000000e+04 7.961819999999999453e-01
4.458250000000000000e+04 7.866109999999999491e-01
4.464850000000000000e+04 7.760860000000000536e-01
4.471450000000000000e+04 7.652670000000000305e-01
4.478050000000000000e+04 7.537690000000000223e-01
4.484650000000000000e+04 7.412349999999999772e-01
4.491250000000000000e+04 7.273490000000000233e-01
4.497850000000000000e+04 7.122460000000000457e-01
4.504450000000000000e+04 6.949999999999999512e-01
4.511050000000000000e+04 6.771209999999999729e-01
4.517650000000000000e+04 6.581369999999999720e-01
4.524250000000000000e+04 6.396039999999999504e-01
4.530850000000000000e+04 6.220660000000000078e-01
4.537450000000000000e+04 6.048949999999999605e-01
4.544050000000000000e+04 5.891279999999999850e-01
4.550650000000000000e+04 5.734529999999999905e-01
4.557250000000000000e+04 5.593700000000000339e-01
4.563850000000000000e+04 5.451880000000000059e-01
4.570450000000000000e+04 5.313489999999999602e-01
4.577050000000000000e+04 5.175699999999999745e-01
4.583650000000000000e+04 5.030069999999999819e-01
4.590250000000000000e+04 4.884029999999999760e-01
4.596850000000000000e+04 4.731650000000000023e-01
4.603450000000000000e+04 4.581589999999999829e-01
4.610050000000000000e+04 4.434210000000000096e-01
4.616650000000000000e+04 4.292460000000000164e-01
4.623250000000000000e+04 4.156110000000000082e-01
4.629850000000000000e+04 4.028289999999999926e-01
4.636450000000000000e+04 3.908460000000000267e-01
4.643050000000000000e+04 3.799179999999999779e-01
4.649650000000000000e+04 3.699399999999999911e-01
4.656250000000000000e+04 3.609640000000000071e-01
4.662850000000000000e+04 3.527049999999999907e-01
4.669450000000000000e+04 3.450099999999999834e-01
4.676050000000000000e+04 3.377189999999999914e-01
4.682650000000000000e+04 3.310939999999999994e-01
4.689250000000000000e+04 3.247050000000000214e-01
4.695850000000000000e+04 3.187980000000000258e-01
4.702450000000000000e+04 3.132650000000000157e-01
4.709050000000000000e+04 3.081940000000000235e-01
4.715650000000000000e+04 3.036849999999999827e-01
4.722250000000000000e+04 2.995140000000000025e-01
4.728850000000000000e+04 2.955699999999999994e-01
4.735450000000000000e+04 2.917060000000000208e-01
4.742050000000000000e+04 2.880499999999999727e-01
4.748650000000000000e+04 2.842230000000000034e-01
4.755250000000000000e+04 2.799050000000000149e-01
4.761850000000000000e+04 2.745940000000000047e-01
4.768450000000000000e+04 2.686760000000000259e-01
4.775050000000000000e+04 2.614560000000000217e-01
4.781650000000000000e+04 2.537170000000000258e-01
4.788250000000000000e+04 2.450080000000000036e-01
4.794850000000000000e+04 2.359459999999999891e-01
4.801450000000000000e+04 2.259490000000000109e-01
4.808050000000000000e+04 2.157389999999999863e-01
4.814650000000000000e+04 2.048879999999999868e-01
4.821250000000000000e+04 1.941710000000000103e-01
4.827850000000000000e+04 1.835749999999999882e-01
4.834450000000000000e+04 1.729650000000000076e-01
4.841050000000000000e+04 1.627790000000000070e-01
4.847650000000000000e+04 1.525880000000000014e-01
4.854250000000000000e+04 1.422889999999999988e-01
4.860850000000000000e+04 1.318870000000000042e-01
4.867450000000000000e+04 1.207550000000000012e-01
4.874050000000000000e+04 1.095880000000000049e-01
4.880650000000000000e+04 9.869559999999999444e-02
4.887250000000000000e+04 8.799079999999999402e-02
4.893850000000000000e+04 7.800970000000000126e-02
4.900450000000000000e+04 6.826219999999999510e-02
4.907050000000000000e+04 5.914259999999999656e-02
4.913650000000000000e+04 5.034009999999999874e-02
4.920250000000000000e+04 4.234000000000000263e-02
4.926850000000000000e+04 3.478210000000000329e-02
4.933450000000000000e+04 2.839960000000000054e-02
4.940050000000000000e+04 2.247700000000000045e-02
4.946650000000000000e+04 1.795899999999999927e-02
4.953250000000000000e+04 1.407210000000000058e-02
4.959850000000000000e+04 1.113819999999999914e-02
4.966450000000000000e+04 8.686940000000000633e-03
4.973050000000000000e+04 6.870519999999999752e-03
4.979650000000000000e+04 5.510629999999999869e-03
4.986250000000000000e+04 4.457980000000000276e-03
4.992850000000000000e+04 3.690919999999999878e-03
4.999450000000000000e+04 3.066129999999999810e-03
5.006050000000000000e+04 2.571330000000000143e-03
5.012650000000000000e+04 2.101130000000000098e-03
5.019250000000000000e+04 1.662899999999999925e-03
5.025850000000000000e+04 1.410929999999999910e-03
5.032450000000000000e+04 1.355480000000000053e-03
5.039050000000000000e+04 1.285289999999999913e-03
5.045650000000000000e+04 1.199970000000000073e-03
5.052250000000000000e+04 1.066719999999999951e-03
5.058850000000000000e+04 9.085849999999999482e-04
5.065450000000000000e+04 7.874619999999999493e-04
5.072050000000000000e+04 7.062779999999999623e-04
5.078650000000000000e+04 6.358820000000000488e-04
5.085250000000000000e+04 5.699639999999999524e-04
5.091850000000000000e+04 5.250839999999999891e-04
5.098450000000000000e+04 5.414429999999999590e-04
5.105050000000000000e+04 5.350380000000000500e-04
5.111650000000000000e+04 4.694079999999999889e-04
5.118250000000000000e+04 4.183850000000000134e-04
5.124850000000000000e+04 4.165519999999999922e-04
5.131450000000000000e+04 4.236199999999999861e-04
5.138050000000000000e+04 4.326120000000000247e-04
5.144650000000000000e+04 4.363109999999999905e-04
5.151250000000000000e+04 4.433199999999999771e-04
5.157850000000000000e+04 4.442380000000000113e-04
5.164450000000000000e+04 4.061669999999999755e-04
5.171050000000000000e+04 3.635120000000000256e-04
5.177650000000000000e+04 3.167639999999999779e-04
5.184250000000000000e+04 2.756990000000000178e-04
5.190850000000000000e+04 2.601500000000000080e-04
5.197450000000000000e+04 2.491239999999999817e-04
5.204050000000000000e+04 2.842640000000000011e-04
5.210650000000000000e+04 3.146180000000000157e-04
5.217250000000000000e+04 2.038519999999999991e-04
5.223850000000000000e+04 7.283449999999999527e-05
5.230450000000000000e+04 5.145609999999999681e-05
5.237050000000000000e+04 6.408490000000000031e-05
5.243650000000000000e+04 5.696270000000000267e-05
5.250250000000000000e+04 2.233580000000000052e-05
5.256850000000000000e+04 3.489089999999999911e-07
