2.222500000000000000e+03 0.000000000000000000e+00
2.228500000000000000e+03 3.304080000000000136e-06
2.234500000000000000e+03 1.201400000000000051e-05
2.240500000000000000e+03 1.784740000000000127e-05
2.246500000000000000e+03 1.839110000000000083e-05
2.252500000000000000e+03 1.896620000000000147e-05
2.258500000000000000e+03 1.981189999999999915e-05
2.264500000000000000e+03 2.067419999999999935e-05
2.270500000000000000e+03 2.155700000000000045e-05
2.276500000000000000e+03 2.241669999999999834e-05
2.282500000000000000e+03 2.321879999999999867e-05
2.288500000000000000e+03 2.385190000000000113e-05
2.294500000000000000e+03 2.404350000000000112e-05
2.300500000000000000e+03 2.407910000000000126e-05
2.306500000000000000e+03 2.372769999999999984e-05
2.312500000000000000e+03 2.330869999999999928e-05
2.318500000000000000e+03 2.275119999999999996e-05
2.324500000000000000e+03 2.220580000000000007e-05
2.330500000000000000e+03 2.173820000000000136e-05
2.336500000000000000e+03 2.141079999999999836e-05
2.342500000000000000e+03 2.159949999999999877e-05
2.348500000000000000e+03 2.195159999999999833e-05
2.354500000000000000e+03 2.279569999999999928e-05
2.360500000000000000e+03 2.371499999999999910e-05
2.366500000000000000e+03 2.474139999999999998e-05
2.372500000000000000e+03 2.568389999999999985e-05
2.378500000000000000e+03 2.611840000000000052e-05
2.384500000000000000e+03 2.634209999999999975e-05
2.390500000000000000e+03 2.576409999999999952e-05
2.396500000000000000e+03 2.492690000000000015e-05
2.402500000000000000e+03 2.324490000000000169e-05
2.408500000000000000e+03 2.137109999999999940e-05
2.414500000000000000e+03 1.919630000000000118e-05
2.420500000000000000e+03 1.698589999999999944e-05
2.426500000000000000e+03 1.497620000000000071e-05
2.432500000000000000e+03 1.307059999999999985e-05
2.438500000000000000e+03 1.174999999999999931e-05
2.444500000000000000e+03 1.063420000000000061e-05
2.450500000000000000e+03 1.021460000000000042e-05
2.456500000000000000e+03 1.002930000000000069e-05
2.462500000000000000e+03 1.043189999999999917e-05
2.468500000000000000e+03 1.103169999999999977e-05
2.474500000000000000e+03 1.196189999999999977e-05
2.480500000000000000e+03 1.299830000000000055e-05
2.486500000000000000e+03 1.400779999999999995e-05
2.492500000000000000e+03 1.499489999999999936e-05
2.498500000000000000e+03 1.569670000000000169e-05
2.504500000000000000e+03 1.626539999999999846e-05
2.510500000000000000e+03 1.621809999999999978e-05
2.516500000000000000e+03 1.589029999999999929e-05
2.522500000000000000e+03 1.497780000000000083e-05
2.528500000000000000e+03 1.378720000000000074e-05
2.534500000000000000e+03 1.251789999999999919e-05
2.540500000000000000e+03 1.120950000000000000e-05
2.546500000000000000e+03 1.000479999999999948e-05
2.552500000000000000e+03 8.861650000000000104e-06
2.558500000000000000e+03 7.905729999999999946e-06
2.564500000000000000e+03 7.068450000000000061e-06
2.570500000000000000e+03 6.516950000000000344e-06
2.576500000000000000e+03 6.161730000000000211e-06
2.582500000000000000e+03 5.853930000000000380e-06
2.588500000000000000e+03 5.582170000000000122e-06
2.594500000000000000e+03 5.357039999999999959e-06
2.600500000000000000e+03 5.171529999999999934e-06
2.606500000000000000e+03 5.024499999999999920e-06
2.612500000000000000e+03 4.913999999999999877e-06
2.618500000000000000e+03 4.776830000000000138e-06
2.624500000000000000e+03 4.611379999999999884e-06
2.630500000000000000e+03 4.468970000000000345e-06
2.636500000000000000e+03 4.353839999999999975e-06
2.642500000000000000e+03 4.214749999999999753e-06
2.648500000000000000e+03 4.043929999999999922e-06
2.654500000000000000e+03 3.893799999999999887e-06
2.660500000000000000e+03 3.773980000000000075e-06
2.666500000000000000e+03 3.632720000000000093e-06
2.672500000000000000e+03 3.456959999999999848e-06
2.678500000000000000e+03 3.309740000000000095e-06
2.684500000000000000e+03 3.213229999999999981e-06
2.690500000000000000e+03 3.149980000000000205e-06
2.696500000000000000e+03 3.149070000000000073e-06
2.702500000000000000e+03 3.762870000000000024e-06
2.708500000000000000e+03 6.074759999999999585e-06
2.714500000000000000e+03 7.908239999999999351e-06
2.720500000000000000e+03 7.839940000000000361e-06
2.726500000000000000e+03 7.576280000000000076e-06
2.732500000000000000e+03 7.189649999999999850e-06
2.738500000000000000e+03 6.865429999999999928e-06
2.744500000000000000e+03 6.812680000000000306e-06
2.750500000000000000e+03 6.794979999999999612e-06
2.756500000000000000e+03 6.796289999999999774e-06
2.762500000000000000e+03 6.807640000000000097e-06
2.768500000000000000e+03 6.890779999999999609e-06
2.774500000000000000e+03 6.994970000000000385e-06
2.780500000000000000e+03 7.178809999999999628e-06
2.786500000000000000e+03 7.366180000000000174e-06
2.792500000000000000e+03 7.419260000000000011e-06
2.798500000000000000e+03 7.450940000000000358e-06
2.804500000000000000e+03 7.492719999999999982e-06
2.810500000000000000e+03 7.524230000000000295e-06
2.816500000000000000e+03 7.501239999999999690e-06
2.822500000000000000e+03 7.446980000000000315e-06
2.828500000000000000e+03 7.254690000000000331e-06
2.834500000000000000e+03 6.981900000000000017e-06
2.840500000000000000e+03 6.751539999999999906e-06
2.846500000000000000e+03 6.545090000000000383e-06
2.852500000000000000e+03 6.313580000000000290e-06
2.858500000000000000e+03 6.145080000000000125e-06
2.864500000000000000e+03 6.077580000000000348e-06
2.870500000000000000e+03 6.029680000000000349e-06
2.876500000000000000e+03 5.959139999999999666e-06
2.882500000000000000e+03 5.894080000000000326e-06
2.888500000000000000e+03 5.940100000000000099e-06
2.894500000000000000e+03 6.010409999999999939e-06
2.900500000000000000e+03 6.025770000000000415e-06
2.906500000000000000e+03 6.021260000000000013e-06
2.912500000000000000e+03 5.962150000000000167e-06
2.918500000000000000e+03 5.892190000000000247e-06
2.924500000000000000e+03 5.930189999999999714e-06
2.930500000000000000e+03 6.004849999999999775e-06
2.936500000000000000e+03 6.058439999999999714e-06
2.942500000000000000e+03 6.108190000000000382e-06
2.948500000000000000e+03 6.263989999999999805e-06
2.954500000000000000e+03 6.462419999999999868e-06
2.960500000000000000e+03 6.610189999999999980e-06
2.966500000000000000e+03 6.733699999999999582e-06
2.972500000000000000e+03 6.787350000000000330e-06
2.978500000000000000e+03 6.805319999999999584e-06
2.984500000000000000e+03 6.813250000000000370e-06
2.990500000000000000e+03 6.815539999999999632e-06
2.996500000000000000e+03 6.817750000000000073e-06
3.002500000000000000e+03 6.819810000000000185e-06
3.008500000000000000e+03 6.821820000000000188e-06
3.014500000000000000e+03 6.823260000000000127e-06
3.020500000000000000e+03 6.824580000000000141e-06
3.026500000000000000e+03 6.827139999999999656e-06
3.032500000000000000e+03 6.834690000000000117e-06
3.038500000000000000e+03 6.986739999999999788e-06
3.044500000000000000e+03 7.221790000000000189e-06
3.050500000000000000e+03 7.466280000000000282e-06
3.056500000000000000e+03 7.792609999999999579e-06
3.062500000000000000e+03 8.147150000000000423e-06
3.068500000000000000e+03 8.439579999999999925e-06
3.074500000000000000e+03 8.798339999999999519e-06
3.080500000000000000e+03 9.261610000000000252e-06
3.086500000000000000e+03 9.763559999999999741e-06
3.092500000000000000e+03 1.024279999999999958e-05
3.098500000000000000e+03 1.066919999999999943e-05
3.104500000000000000e+03 1.111770000000000030e-05
3.110500000000000000e+03 1.168650000000000068e-05
3.116500000000000000e+03 1.242130000000000083e-05
3.122500000000000000e+03 1.329890000000000069e-05
3.128500000000000000e+03 1.422750000000000058e-05
3.134500000000000000e+03 1.529950000000000149e-05
3.140500000000000000e+03 1.652640000000000155e-05
3.146500000000000000e+03 1.780050000000000008e-05
3.152500000000000000e+03 1.917310000000000113e-05
3.158500000000000000e+03 2.069620000000000015e-05
3.164500000000000000e+03 2.247909999999999964e-05
3.170500000000000000e+03 2.458029999999999910e-05
3.176500000000000000e+03 2.706580000000000097e-05
3.182500000000000000e+03 2.986019999999999915e-05
3.188500000000000000e+03 3.306959999999999929e-05
3.194500000000000000e+03 3.680370000000000137e-05
3.200500000000000000e+03 4.101640000000000255e-05
3.206500000000000000e+03 4.598309999999999686e-05
3.212500000000000000e+03 5.175339999999999818e-05
3.218500000000000000e+03 5.851700000000000234e-05
3.224500000000000000e+03 6.607429999999999857e-05
3.230500000000000000e+03 7.488339999999999526e-05
3.236500000000000000e+03 8.500039999999999343e-05
3.242500000000000000e+03 9.697299999999999464e-05
3.248500000000000000e+03 1.106259999999999942e-04
3.254500000000000000e+03 1.268230000000000019e-04
3.260500000000000000e+03 1.499039999999999932e-04
3.266500000000000000e+03 5.769230000000000191e-04
3.272500000000000000e+03 1.461980000000000094e-03
3.278500000000000000e+03 2.418689999999999816e-03
3.284500000000000000e+03 3.431880000000000000e-03
3.290500000000000000e+03 4.943430000000000393e-03
3.296500000000000000e+03 7.042750000000000399e-03
3.302500000000000000e+03 9.551959999999999965e-03
3.308500000000000000e+03 1.250940000000000038e-02
3.314500000000000000e+03 1.571420000000000108e-02
3.320500000000000000e+03 1.917639999999999970e-02
3.326500000000000000e+03 2.270969999999999933e-02
3.332500000000000000e+03 2.638489999999999933e-02
3.338500000000000000e+03 3.003319999999999948e-02
3.344500000000000000e+03 3.357650000000000218e-02
3.350500000000000000e+03 3.707490000000000091e-02
3.356500000000000000e+03 4.060670000000000252e-02
3.362500000000000000e+03 4.413410000000000249e-02
3.368500000000000000e+03 4.762290000000000273e-02
3.374500000000000000e+03 5.117229999999999696e-02
3.380500000000000000e+03 5.471449999999999925e-02
3.386500000000000000e+03 5.827179999999999860e-02
3.392500000000000000e+03 6.171419999999999684e-02
3.398500000000000000e+03 6.529580000000000106e-02
3.404500000000000000e+03 6.882040000000000379e-02
3.410500000000000000e+03 7.257230000000000625e-02
3.416500000000000000e+03 7.631770000000000220e-02
3.422500000000000000e+03 8.020529999999999327e-02
3.428500000000000000e+03 8.400979999999999559e-02
3.434500000000000000e+03 8.797580000000000677e-02
3.440500000000000000e+03 9.190600000000000158e-02
3.446500000000000000e+03 9.595399999999999763e-02
3.452500000000000000e+03 1.001220000000000027e-01
3.458500000000000000e+03 1.041959999999999970e-01
3.464500000000000000e+03 1.081880000000000064e-01
3.470500000000000000e+03 1.119060000000000055e-01
3.476500000000000000e+03 1.153860000000000025e-01
3.482500000000000000e+03 1.185599999999999987e-01
3.488500000000000000e+03 1.215460000000000013e-01
3.494500000000000000e+03 1.240929999999999950e-01
3.500500000000000000e+03 1.263110000000000066e-01
3.506500000000000000e+03 1.280669999999999864e-01
3.512500000000000000e+03 1.293960000000000110e-01
3.518500000000000000e+03 1.302149999999999974e-01
3.524500000000000000e+03 1.305949999999999889e-01
3.530500000000000000e+03 1.304750000000000076e-01
3.536500000000000000e+03 1.300469999999999959e-01
3.542500000000000000e+03 1.300389999999999879e-01
3.548500000000000000e+03 1.303739999999999899e-01
3.554500000000000000e+03 1.309049999999999936e-01
3.560500000000000000e+03 1.315109999999999890e-01
3.566500000000000000e+03 1.319829999999999892e-01
3.572500000000000000e+03 1.323350000000000082e-01
3.578500000000000000e+03 1.326479999999999881e-01
3.584500000000000000e+03 1.329339999999999966e-01
3.590500000000000000e+03 1.332010000000000138e-01
3.596500000000000000e+03 1.334629999999999983e-01
3.602500000000000000e+03 1.337849999999999873e-01
3.608500000000000000e+03 1.342079999999999940e-01
3.614500000000000000e+03 1.346660000000000079e-01
3.620500000000000000e+03 1.351630000000000054e-01
3.626500000000000000e+03 1.356539999999999968e-01
3.632500000000000000e+03 1.359750000000000125e-01
3.638500000000000000e+03 1.363419999999999910e-01
3.644500000000000000e+03 1.367029999999999912e-01
3.650500000000000000e+03 1.372200000000000086e-01
3.656500000000000000e+03 1.379610000000000003e-01
3.662500000000000000e+03 1.395319999999999894e-01
3.668500000000000000e+03 1.422249999999999903e-01
3.674500000000000000e+03 1.463879999999999904e-01
3.680500000000000000e+03 1.534439999999999971e-01
3.686500000000000000e+03 1.650969999999999938e-01
3.692500000000000000e+03 1.859629999999999894e-01
3.698500000000000000e+03 2.160849999999999993e-01
3.704500000000000000e+03 2.652840000000000198e-01
3.710500000000000000e+03 3.278220000000000023e-01
3.716500000000000000e+03 4.145340000000000136e-01
3.722500000000000000e+03 5.122630000000000239e-01
3.728500000000000000e+03 6.181520000000000348e-01
3.734500000000000000e+03 7.221859999999999946e-01
3.740500000000000000e+03 8.078530000000000433e-01
3.746500000000000000e+03 8.729050000000000420e-01
3.752500000000000000e+03 9.126699999999999813e-01
3.758500000000000000e+03 9.350370000000000070e-01
3.764500000000000000e+03 9.487069999999999670e-01
3.770500000000000000e+03 9.566139999999999644e-01
3.776500000000000000e+03 9.644249999999999767e-01
3.782500000000000000e+03 9.704760000000000053e-01
3.788500000000000000e+03 9.799350000000000005e-01
3.794500000000000000e+03 9.885380000000000278e-01
3.800500000000000000e+03 9.935070000000000290e-01
3.806500000000000000e+03 9.966019999999999879e-01
3.812500000000000000e+03 1.000000000000000000e+00
3.818500000000000000e+03 9.996180000000000065e-01
3.824500000000000000e+03 9.967869999999999786e-01
3.830500000000000000e+03 9.913699999999999735e-01
3.836500000000000000e+03 9.867010000000000502e-01
3.842500000000000000e+03 9.845960000000000267e-01
3.848500000000000000e+03 9.816409999999999858e-01
3.854500000000000000e+03 9.749860000000000193e-01
3.860500000000000000e+03 9.653620000000000534e-01
3.866500000000000000e+03 9.523890000000000411e-01
3.872500000000000000e+03 9.254189999999999916e-01
3.878500000000000000e+03 8.855589999999999851e-01
3.884500000000000000e+03 8.272429999999999506e-01
3.890500000000000000e+03 7.521830000000000460e-01
3.896500000000000000e+03 6.626649999999999485e-01
3.902500000000000000e+03 5.616360000000000241e-01
3.908500000000000000e+03 4.600509999999999877e-01
3.914500000000000000e+03 3.706200000000000050e-01
3.920500000000000000e+03 2.965860000000000163e-01
3.926500000000000000e+03 2.429510000000000003e-01
3.932500000000000000e+03 2.052789999999999893e-01
3.938500000000000000e+03 1.807390000000000108e-01
3.944500000000000000e+03 1.666179999999999883e-01
3.950500000000000000e+03 1.570749999999999924e-01
3.956500000000000000e+03 1.500319999999999987e-01
3.962500000000000000e+03 1.447769999999999890e-01
3.968500000000000000e+03 1.425490000000000090e-01
3.974500000000000000e+03 1.406340000000000090e-01
3.980500000000000000e+03 1.390129999999999977e-01
3.986500000000000000e+03 1.382460000000000078e-01
3.992500000000000000e+03 1.375959999999999961e-01
3.998500000000000000e+03 1.366509999999999947e-01
4.004500000000000000e+03 1.355709999999999971e-01
4.010500000000000000e+03 1.345669999999999922e-01
4.016500000000000000e+03 1.335749999999999993e-01
4.022500000000000000e+03 1.326519999999999921e-01
4.028500000000000000e+03 1.318759999999999932e-01
4.034500000000000000e+03 1.311239999999999906e-01
4.040500000000000000e+03 1.303360000000000074e-01
4.046500000000000000e+03 1.295399999999999885e-01
4.052500000000000000e+03 1.287439999999999973e-01
4.058500000000000000e+03 1.279689999999999994e-01
4.064500000000000000e+03 1.271629999999999983e-01
4.070500000000000000e+03 1.263690000000000091e-01
4.076500000000000000e+03 1.254339999999999899e-01
4.082500000000000000e+03 1.244740000000000013e-01
4.088500000000000000e+03 1.232769999999999977e-01
4.094500000000000000e+03 1.220659999999999940e-01
4.100500000000000000e+03 1.207489999999999952e-01
4.106500000000000000e+03 1.193270000000000025e-01
4.112500000000000000e+03 1.173560000000000020e-01
4.118500000000000000e+03 1.151630000000000015e-01
4.124500000000000000e+03 1.125590000000000063e-01
4.130500000000000000e+03 1.098049999999999998e-01
4.136500000000000000e+03 1.067430000000000045e-01
4.142500000000000000e+03 1.034869999999999957e-01
4.148500000000000000e+03 1.000359999999999999e-01
4.154500000000000000e+03 9.616020000000000123e-02
4.160500000000000000e+03 9.171210000000000473e-02
4.166500000000000000e+03 8.667740000000000167e-02
4.172500000000000000e+03 8.104110000000000480e-02
4.178500000000000000e+03 7.487069999999999836e-02
4.184500000000000000e+03 6.838349999999999984e-02
4.190500000000000000e+03 6.167029999999999734e-02
4.196500000000000000e+03 5.501260000000000178e-02
4.202500000000000000e+03 4.834600000000000009e-02
4.208500000000000000e+03 4.196049999999999780e-02
4.214500000000000000e+03 3.587719999999999798e-02
4.220500000000000000e+03 3.040469999999999978e-02
4.226500000000000000e+03 2.550389999999999949e-02
4.232500000000000000e+03 2.127300000000000024e-02
4.238500000000000000e+03 1.763549999999999840e-02
4.244500000000000000e+03 1.458459999999999965e-02
4.250500000000000000e+03 1.205179999999999967e-02
4.256500000000000000e+03 9.969350000000000087e-03
4.262500000000000000e+03 8.286589999999999928e-03
4.268500000000000000e+03 6.911050000000000179e-03
4.274500000000000000e+03 5.791929999999999822e-03
4.280500000000000000e+03 4.874999999999999993e-03
4.286500000000000000e+03 4.131990000000000315e-03
4.292500000000000000e+03 3.513510000000000071e-03
4.298500000000000000e+03 2.978119999999999899e-03
4.304500000000000000e+03 2.517419999999999814e-03
4.310500000000000000e+03 2.133130000000000009e-03
4.316500000000000000e+03 1.821750000000000019e-03
4.322500000000000000e+03 1.531110000000000023e-03
4.328500000000000000e+03 1.004920000000000075e-03
4.334500000000000000e+03 4.288119999999999866e-04
4.340500000000000000e+03 2.268080000000000009e-04
4.346500000000000000e+03 1.987360000000000027e-04
4.352500000000000000e+03 1.750769999999999909e-04
4.358500000000000000e+03 1.582450000000000002e-04
4.364500000000000000e+03 1.445720000000000110e-04
4.370500000000000000e+03 1.213139999999999976e-04
4.376500000000000000e+03 9.386350000000000010e-05
4.382500000000000000e+03 8.251260000000000007e-05
4.388500000000000000e+03 8.037259999999999684e-05
4.394500000000000000e+03 7.753459999999999454e-05
4.400500000000000000e+03 7.461420000000000129e-05
4.406500000000000000e+03 7.177479999999999592e-05
4.412500000000000000e+03 6.902590000000000602e-05
4.418500000000000000e+03 6.564560000000000046e-05
4.424500000000000000e+03 6.216439999999999726e-05
4.430500000000000000e+03 5.902970000000000168e-05
4.436500000000000000e+03 5.544919999999999759e-05
4.442500000000000000e+03 3.824809999999999723e-05
4.448500000000000000e+03 1.651879999999999844e-05
4.454500000000000000e+03 9.614259999999999324e-06
4.460500000000000000e+03 9.533939999999999727e-06
4.466500000000000000e+03 9.422639999999999624e-06
4.472500000000000000e+03 9.242619999999999948e-06
4.478500000000000000e+03 9.078259999999999712e-06
4.484500000000000000e+03 8.955930000000000496e-06
4.490500000000000000e+03 8.857569999999999289e-06
4.496500000000000000e+03 8.817410000000000338e-06
4.502500000000000000e+03 8.785830000000000210e-06
4.508500000000000000e+03 8.770929999999999726e-06
4.514500000000000000e+03 8.775869999999999716e-06
4.520500000000000000e+03 8.839029999999999972e-06
4.526500000000000000e+03 8.918499999999999399e-06
4.532500000000000000e+03 9.039450000000000333e-06
4.538500000000000000e+03 9.138899999999999864e-06
4.544500000000000000e+03 9.144639999999999914e-06
4.550500000000000000e+03 9.137589999999999702e-06
4.556500000000000000e+03 9.113650000000000402e-06
4.562500000000000000e+03 9.087960000000000653e-06
4.568500000000000000e+03 9.062330000000000019e-06
4.574500000000000000e+03 9.036699999999999385e-06
4.580500000000000000e+03 9.011059999999999746e-06
4.586500000000000000e+03 8.985230000000000368e-06
4.592500000000000000e+03 8.958259999999999167e-06
4.598500000000000000e+03 8.910690000000000231e-06
4.604500000000000000e+03 8.734769999999999381e-06
4.610500000000000000e+03 8.455790000000000571e-06
4.616500000000000000e+03 7.603450000000000021e-06
4.622500000000000000e+03 6.737330000000000257e-06
4.628500000000000000e+03 6.661290000000000219e-06
4.634500000000000000e+03 6.754850000000000218e-06
4.640500000000000000e+03 6.875709999999999938e-06
4.646500000000000000e+03 7.046330000000000178e-06
4.652500000000000000e+03 7.670389999999999587e-06
4.658500000000000000e+03 8.411609999999999920e-06
4.664500000000000000e+03 9.140170000000000616e-06
4.670500000000000000e+03 9.831520000000000358e-06
4.676500000000000000e+03 1.006059999999999987e-05
4.682500000000000000e+03 1.013849999999999958e-05
4.688500000000000000e+03 1.015220000000000082e-05
4.694500000000000000e+03 1.014750000000000068e-05
4.700500000000000000e+03 1.022419999999999945e-05
4.706500000000000000e+03 1.033089999999999963e-05
4.712500000000000000e+03 1.041449999999999998e-05
4.718500000000000000e+03 1.049009999999999973e-05
4.724500000000000000e+03 1.061400000000000036e-05
4.730500000000000000e+03 1.076209999999999984e-05
4.736500000000000000e+03 1.098379999999999977e-05
4.742500000000000000e+03 1.124159999999999923e-05
4.748500000000000000e+03 1.142460000000000070e-05
4.754500000000000000e+03 1.156529999999999920e-05
4.760500000000000000e+03 1.166630000000000043e-05
4.766500000000000000e+03 1.174319999999999965e-05
4.772500000000000000e+03 1.188030000000000042e-05
4.778500000000000000e+03 1.205800000000000043e-05
4.784500000000000000e+03 1.220480000000000044e-05
4.790500000000000000e+03 1.232889999999999981e-05
4.796500000000000000e+03 1.242270000000000051e-05
4.802500000000000000e+03 1.249150000000000060e-05
4.808500000000000000e+03 1.259459999999999966e-05
4.814500000000000000e+03 1.272920000000000003e-05
4.820500000000000000e+03 1.278219999999999935e-05
4.826500000000000000e+03 1.275090000000000018e-05
4.832500000000000000e+03 1.271889999999999947e-05
4.838500000000000000e+03 1.268610000000000039e-05
4.844500000000000000e+03 1.272969999999999943e-05
4.850500000000000000e+03 1.287160000000000056e-05
4.856500000000000000e+03 1.302770000000000065e-05
4.862500000000000000e+03 1.320409999999999950e-05
4.868500000000000000e+03 1.339709999999999918e-05
4.874500000000000000e+03 1.361609999999999996e-05
4.880500000000000000e+03 1.380919999999999985e-05
4.886500000000000000e+03 1.395729999999999933e-05
4.892500000000000000e+03 1.406479999999999958e-05
4.898500000000000000e+03 1.409690000000000051e-05
4.904500000000000000e+03 1.414419999999999919e-05
4.910500000000000000e+03 1.422639999999999986e-05
4.916500000000000000e+03 1.432780000000000028e-05
4.922500000000000000e+03 1.447109999999999940e-05
4.928500000000000000e+03 1.453769999999999974e-05
4.934500000000000000e+03 1.440549999999999955e-05
4.940500000000000000e+03 1.429930000000000046e-05
4.946500000000000000e+03 1.428899999999999990e-05
4.952500000000000000e+03 1.433059999999999964e-05
4.958500000000000000e+03 1.451299999999999979e-05
4.964500000000000000e+03 1.466790000000000063e-05
4.970500000000000000e+03 1.469999999999999986e-05
4.976500000000000000e+03 1.326540000000000008e-05
4.982500000000000000e+03 6.490950000000000085e-06
4.988500000000000000e+03 5.504140000000000210e-07
