5.725000000000000000e+03 0.000000000000000000e+00
5.736000000000000000e+03 5.799379999999999882e-08
5.747000000000000000e+03 1.287840000000000023e-05
5.758000000000000000e+03 4.180650000000000029e-05
5.769000000000000000e+03 5.625720000000000070e-05
5.780000000000000000e+03 6.159309999999999818e-05
5.791000000000000000e+03 7.201860000000000195e-05
5.802000000000000000e+03 8.882759999999999636e-05
5.813000000000000000e+03 1.020049999999999966e-04
5.824000000000000000e+03 1.162029999999999986e-04
5.835000000000000000e+03 1.321440000000000006e-04
5.846000000000000000e+03 1.541640000000000100e-04
5.857000000000000000e+03 1.855819999999999996e-04
5.868000000000000000e+03 2.398280000000000084e-04
5.879000000000000000e+03 3.203050000000000038e-04
5.890000000000000000e+03 4.405510000000000177e-04
5.901000000000000000e+03 6.560570000000000377e-04
5.912000000000000000e+03 9.747300000000000408e-04
5.923000000000000000e+03 1.539219999999999998e-03
5.934000000000000000e+03 2.352330000000000133e-03
5.945000000000000000e+03 3.652949999999999860e-03
5.956000000000000000e+03 5.628560000000000334e-03
5.967000000000000000e+03 8.533340000000000369e-03
5.978000000000000000e+03 1.351019999999999999e-02
5.989000000000000000e+03 2.046339999999999965e-02
6.000000000000000000e+03 3.168220000000000064e-02
6.011000000000000000e+03 4.544610000000000316e-02
6.022000000000000000e+03 6.281760000000000121e-02
6.033000000000000000e+03 7.643320000000000669e-02
6.044000000000000000e+03 8.760840000000000294e-02
6.055000000000000000e+03 9.334939999999999904e-02
6.066000000000000000e+03 9.896639999999999604e-02
6.077000000000000000e+03 1.037890000000000063e-01
6.088000000000000000e+03 1.084100000000000064e-01
6.099000000000000000e+03 1.117189999999999989e-01
6.110000000000000000e+03 1.143900000000000056e-01
6.121000000000000000e+03 1.169820000000000026e-01
6.132000000000000000e+03 1.146589999999999970e-01
6.143000000000000000e+03 1.162699999999999984e-01
6.154000000000000000e+03 1.266410000000000036e-01
6.165000000000000000e+03 1.412140000000000062e-01
6.176000000000000000e+03 1.571539999999999881e-01
6.187000000000000000e+03 1.692680000000000018e-01
6.198000000000000000e+03 1.897030000000000105e-01
6.209000000000000000e+03 2.262329999999999897e-01
6.220000000000000000e+03 2.701430000000000220e-01
6.231000000000000000e+03 3.175479999999999969e-01
6.242000000000000000e+03 3.661209999999999742e-01
6.253000000000000000e+03 4.276849999999999818e-01
6.264000000000000000e+03 4.908950000000000258e-01
6.275000000000000000e+03 5.599340000000000428e-01
6.286000000000000000e+03 6.204870000000000108e-01
6.297000000000000000e+03 6.697650000000000547e-01
6.308000000000000000e+03 7.103439999999999754e-01
6.319000000000000000e+03 7.377620000000000289e-01
6.330000000000000000e+03 7.636859999999999760e-01
6.341000000000000000e+03 7.890369999999999884e-01
6.352000000000000000e+03 8.178879999999999484e-01
6.363000000000000000e+03 8.339170000000000194e-01
6.374000000000000000e+03 8.379879999999999551e-01
6.385000000000000000e+03 8.413690000000000335e-01
6.396000000000000000e+03 8.410009999999999986e-01
6.407000000000000000e+03 8.523030000000000328e-01
6.418000000000000000e+03 8.654089999999999838e-01
6.429000000000000000e+03 8.720149999999999846e-01
6.440000000000000000e+03 8.808709999999999596e-01
6.451000000000000000e+03 8.829099999999999726e-01
6.462000000000000000e+03 8.904539999999999678e-01
6.473000000000000000e+03 9.008669999999999733e-01
6.484000000000000000e+03 9.096899999999999986e-01
6.495000000000000000e+03 9.210479999999999778e-01
6.506000000000000000e+03 9.300620000000000553e-01
6.517000000000000000e+03 9.348070000000000546e-01
6.528000000000000000e+03 9.367769999999999708e-01
6.539000000000000000e+03 9.371789999999999843e-01
6.550000000000000000e+03 9.364850000000000119e-01
6.561000000000000000e+03 9.341589999999999616e-01
6.572000000000000000e+03 9.285619999999999985e-01
6.583000000000000000e+03 9.233419999999999961e-01
6.594000000000000000e+03 9.171909999999999785e-01
6.605000000000000000e+03 9.180160000000000542e-01
6.616000000000000000e+03 9.235710000000000308e-01
6.627000000000000000e+03 9.265970000000000040e-01
6.638000000000000000e+03 9.279650000000000398e-01
6.649000000000000000e+03 9.319560000000000066e-01
6.660000000000000000e+03 9.388220000000000454e-01
6.671000000000000000e+03 9.436369999999999481e-01
6.682000000000000000e+03 9.476580000000000004e-01
6.693000000000000000e+03 9.575649999999999995e-01
6.704000000000000000e+03 9.676169999999999494e-01
6.715000000000000000e+03 9.762399999999999967e-01
6.726000000000000000e+03 9.861050000000000093e-01
6.737000000000000000e+03 9.954819999999999780e-01
6.748000000000000000e+03 9.997690000000000188e-01
6.759000000000000000e+03 1.000000000000000000e+00
6.770000000000000000e+03 9.990400000000000391e-01
6.781000000000000000e+03 9.977240000000000553e-01
6.792000000000000000e+03 9.909529999999999728e-01
6.803000000000000000e+03 9.799839999999999662e-01
6.814000000000000000e+03 9.640279999999999960e-01
6.825000000000000000e+03 9.463840000000000030e-01
6.836000000000000000e+03 9.263949999999999685e-01
6.847000000000000000e+03 9.039850000000000385e-01
6.858000000000000000e+03 8.826889999999999459e-01
6.869000000000000000e+03 8.684990000000000210e-01
6.880000000000000000e+03 8.576409999999999867e-01
6.891000000000000000e+03 8.449830000000000396e-01
6.902000000000000000e+03 8.230420000000000513e-01
6.913000000000000000e+03 8.081390000000000517e-01
6.924000000000000000e+03 8.067560000000000286e-01
6.935000000000000000e+03 8.005370000000000541e-01
6.946000000000000000e+03 7.879239999999999577e-01
6.957000000000000000e+03 7.725189999999999557e-01
6.968000000000000000e+03 7.561590000000000256e-01
6.979000000000000000e+03 7.288860000000000339e-01
6.990000000000000000e+03 6.957210000000000338e-01
7.001000000000000000e+03 6.547650000000000414e-01
7.012000000000000000e+03 6.060729999999999729e-01
7.023000000000000000e+03 5.546729999999999716e-01
7.034000000000000000e+03 4.965740000000000154e-01
7.045000000000000000e+03 4.433139999999999858e-01
7.056000000000000000e+03 3.865810000000000080e-01
7.067000000000000000e+03 3.329989999999999895e-01
7.078000000000000000e+03 2.803899999999999726e-01
7.089000000000000000e+03 2.349040000000000017e-01
7.100000000000000000e+03 1.889540000000000108e-01
7.111000000000000000e+03 1.471929999999999905e-01
7.122000000000000000e+03 1.086820000000000008e-01
7.133000000000000000e+03 7.832590000000000385e-02
7.144000000000000000e+03 5.377959999999999685e-02
7.155000000000000000e+03 3.565080000000000332e-02
7.166000000000000000e+03 2.306719999999999951e-02
7.177000000000000000e+03 1.471590000000000051e-02
7.188000000000000000e+03 9.926549999999999263e-03
7.199000000000000000e+03 6.725169999999999933e-03
7.210000000000000000e+03 4.523789999999999756e-03
7.221000000000000000e+03 3.092319999999999965e-03
7.232000000000000000e+03 2.140870000000000013e-03
7.243000000000000000e+03 1.568240000000000042e-03
7.254000000000000000e+03 1.186779999999999910e-03
7.265000000000000000e+03 9.297840000000000141e-04
7.276000000000000000e+03 7.299799999999999735e-04
7.287000000000000000e+03 5.958229999999999906e-04
7.298000000000000000e+03 5.057590000000000479e-04
7.309000000000000000e+03 4.348050000000000222e-04
7.320000000000000000e+03 3.912589999999999753e-04
7.331000000000000000e+03 3.644480000000000180e-04
7.342000000000000000e+03 3.341059999999999755e-04
7.353000000000000000e+03 3.026479999999999795e-04
7.364000000000000000e+03 2.840799999999999771e-04
7.375000000000000000e+03 2.743229999999999822e-04
7.386000000000000000e+03 2.547410000000000061e-04
7.397000000000000000e+03 2.395490000000000065e-04
7.408000000000000000e+03 2.219140000000000034e-04
7.419000000000000000e+03 1.842199999999999946e-04
7.430000000000000000e+03 1.593569999999999991e-04
7.441000000000000000e+03 1.411299999999999989e-04
7.452000000000000000e+03 1.121769999999999934e-04
7.463000000000000000e+03 9.129060000000000310e-05
7.474000000000000000e+03 6.094630000000000295e-05
7.485000000000000000e+03 3.289859999999999703e-05
7.496000000000000000e+03 2.594230000000000063e-05
7.507000000000000000e+03 2.651659999999999952e-05
7.518000000000000000e+03 2.716049999999999855e-05
7.529000000000000000e+03 2.677380000000000105e-05
7.540000000000000000e+03 2.646180000000000133e-05
7.551000000000000000e+03 2.766040000000000032e-05
7.562000000000000000e+03 2.876189999999999986e-05
7.573000000000000000e+03 2.827469999999999883e-05
7.584000000000000000e+03 2.747540000000000125e-05
7.595000000000000000e+03 2.624400000000000148e-05
7.606000000000000000e+03 2.254369999999999898e-05
7.617000000000000000e+03 1.040540000000000036e-05
7.628000000000000000e+03 6.060510000000000315e-07
