3.237000000000000000e+03 0.000000000000000000e+00
3.244000000000000000e+03 4.927469999999999852e-07
3.251000000000000000e+03 2.800519999999999828e-06
3.258000000000000000e+03 5.791630000000000146e-06
3.265000000000000000e+03 1.019969999999999994e-05
3.272000000000000000e+03 1.879610000000000119e-05
3.279000000000000000e+03 2.473489999999999928e-05
3.286000000000000000e+03 2.445560000000000011e-05
3.293000000000000000e+03 2.348570000000000114e-05
3.300000000000000000e+03 2.254359999999999876e-05
3.307000000000000000e+03 2.176730000000000079e-05
3.314000000000000000e+03 2.156020000000000069e-05
3.321000000000000000e+03 2.157880000000000082e-05
3.328000000000000000e+03 2.165529999999999915e-05
3.335000000000000000e+03 2.201790000000000141e-05
3.342000000000000000e+03 2.680879999999999987e-05
3.349000000000000000e+03 3.898759999999999921e-05
3.356000000000000000e+03 5.468140000000000132e-05
3.363000000000000000e+03 7.027080000000000490e-05
3.370000000000000000e+03 7.855969999999999934e-05
3.377000000000000000e+03 7.949990000000000095e-05
3.384000000000000000e+03 7.968579999999999522e-05
3.391000000000000000e+03 7.980600000000000129e-05
3.398000000000000000e+03 8.001729999999999704e-05
3.405000000000000000e+03 8.035959999999999544e-05
3.412000000000000000e+03 8.096989999999999873e-05
3.419000000000000000e+03 8.143200000000000232e-05
3.426000000000000000e+03 8.221959999999999458e-05
3.433000000000000000e+03 8.323559999999999976e-05
3.440000000000000000e+03 8.410559999999999651e-05
3.447000000000000000e+03 8.494550000000000180e-05
3.454000000000000000e+03 8.563270000000000430e-05
3.461000000000000000e+03 8.636969999999999403e-05
3.468000000000000000e+03 8.704429999999999600e-05
3.475000000000000000e+03 8.731950000000000313e-05
3.482000000000000000e+03 8.726689999999999621e-05
3.489000000000000000e+03 8.712070000000000090e-05
3.496000000000000000e+03 8.691349999999999380e-05
3.503000000000000000e+03 8.668500000000000098e-05
3.510000000000000000e+03 8.650279999999999450e-05
3.517000000000000000e+03 8.647370000000000523e-05
3.524000000000000000e+03 8.697830000000000036e-05
3.531000000000000000e+03 8.825700000000000559e-05
3.538000000000000000e+03 9.032549999999999434e-05
3.545000000000000000e+03 9.305100000000000068e-05
3.552000000000000000e+03 9.569419999999999597e-05
3.559000000000000000e+03 9.800280000000000298e-05
3.566000000000000000e+03 9.975490000000000268e-05
3.573000000000000000e+03 1.011860000000000033e-04
3.580000000000000000e+03 1.026159999999999947e-04
3.587000000000000000e+03 1.039079999999999952e-04
3.594000000000000000e+03 1.049669999999999998e-04
3.601000000000000000e+03 1.055820000000000066e-04
3.608000000000000000e+03 1.057129999999999957e-04
3.615000000000000000e+03 1.059119999999999983e-04
3.622000000000000000e+03 1.065239999999999986e-04
3.629000000000000000e+03 1.079389999999999977e-04
3.636000000000000000e+03 1.102910000000000050e-04
3.643000000000000000e+03 1.133589999999999967e-04
3.650000000000000000e+03 1.171589999999999942e-04
3.657000000000000000e+03 1.212060000000000047e-04
3.664000000000000000e+03 1.252620000000000079e-04
3.671000000000000000e+03 1.294230000000000109e-04
3.678000000000000000e+03 1.328169999999999991e-04
3.685000000000000000e+03 1.349549999999999979e-04
3.692000000000000000e+03 1.363100000000000010e-04
3.699000000000000000e+03 1.370330000000000007e-04
3.706000000000000000e+03 1.381599999999999918e-04
3.713000000000000000e+03 1.404359999999999951e-04
3.720000000000000000e+03 1.440059999999999897e-04
3.727000000000000000e+03 1.483810000000000012e-04
3.734000000000000000e+03 1.529240000000000016e-04
3.741000000000000000e+03 1.575100000000000014e-04
3.748000000000000000e+03 1.619509999999999949e-04
3.755000000000000000e+03 1.666899999999999914e-04
3.762000000000000000e+03 1.721179999999999943e-04
3.769000000000000000e+03 1.779999999999999898e-04
3.776000000000000000e+03 1.841299999999999870e-04
3.783000000000000000e+03 1.902560000000000026e-04
3.790000000000000000e+03 1.969100000000000104e-04
3.797000000000000000e+03 2.045200000000000002e-04
3.804000000000000000e+03 2.128830000000000013e-04
3.811000000000000000e+03 2.220880000000000055e-04
3.818000000000000000e+03 2.319819999999999890e-04
3.825000000000000000e+03 2.421620000000000033e-04
3.832000000000000000e+03 2.527809999999999909e-04
3.839000000000000000e+03 2.643030000000000206e-04
3.846000000000000000e+03 2.760710000000000204e-04
3.853000000000000000e+03 2.885410000000000145e-04
3.860000000000000000e+03 3.019559999999999801e-04
3.867000000000000000e+03 3.170289999999999762e-04
3.874000000000000000e+03 3.341180000000000018e-04
3.881000000000000000e+03 3.542810000000000186e-04
3.888000000000000000e+03 3.762510000000000268e-04
3.895000000000000000e+03 3.961580000000000244e-04
3.902000000000000000e+03 4.124940000000000117e-04
3.909000000000000000e+03 4.287210000000000174e-04
3.916000000000000000e+03 4.469599999999999897e-04
3.923000000000000000e+03 4.739480000000000233e-04
3.930000000000000000e+03 5.174119999999999718e-04
3.937000000000000000e+03 5.754830000000000058e-04
3.944000000000000000e+03 6.496489999999999730e-04
3.951000000000000000e+03 7.332000000000000409e-04
3.958000000000000000e+03 8.285779999999999534e-04
3.965000000000000000e+03 9.279810000000000315e-04
3.972000000000000000e+03 1.037329999999999936e-03
3.979000000000000000e+03 1.156670000000000051e-03
3.986000000000000000e+03 1.297240000000000068e-03
3.993000000000000000e+03 1.456379999999999958e-03
4.000000000000000000e+03 1.681039999999999965e-03
4.007000000000000000e+03 1.983410000000000121e-03
4.014000000000000000e+03 2.396800000000000146e-03
4.021000000000000000e+03 3.048169999999999786e-03
4.028000000000000000e+03 4.155640000000000375e-03
4.035000000000000000e+03 5.495240000000000194e-03
4.042000000000000000e+03 7.083540000000000149e-03
4.049000000000000000e+03 9.068069999999999256e-03
4.056000000000000000e+03 1.177169999999999953e-02
4.063000000000000000e+03 1.502900000000000069e-02
4.070000000000000000e+03 1.898249999999999937e-02
4.077000000000000000e+03 2.362500000000000017e-02
4.084000000000000000e+03 2.892739999999999895e-02
4.091000000000000000e+03 3.502700000000000258e-02
4.098000000000000000e+03 4.183030000000000082e-02
4.105000000000000000e+03 4.959809999999999913e-02
4.112000000000000000e+03 5.800570000000000032e-02
4.119000000000000000e+03 6.733870000000000133e-02
4.126000000000000000e+03 7.722189999999999610e-02
4.133000000000000000e+03 8.780010000000000592e-02
4.140000000000000000e+03 9.893480000000000329e-02
4.147000000000000000e+03 1.106179999999999941e-01
4.154000000000000000e+03 1.228250000000000036e-01
4.161000000000000000e+03 1.351910000000000056e-01
4.168000000000000000e+03 1.480110000000000037e-01
4.175000000000000000e+03 1.610419999999999907e-01
4.182000000000000000e+03 1.746179999999999954e-01
4.189000000000000000e+03 1.888360000000000039e-01
4.196000000000000000e+03 2.038439999999999974e-01
4.203000000000000000e+03 2.199440000000000006e-01
4.210000000000000000e+03 2.367930000000000035e-01
4.217000000000000000e+03 2.547840000000000105e-01
4.224000000000000000e+03 2.728470000000000062e-01
4.231000000000000000e+03 2.917879999999999918e-01
4.238000000000000000e+03 3.102639999999999842e-01
4.245000000000000000e+03 3.291350000000000109e-01
4.252000000000000000e+03 3.476130000000000053e-01
4.259000000000000000e+03 3.665160000000000085e-01
4.266000000000000000e+03 3.846450000000000147e-01
4.273000000000000000e+03 4.026569999999999871e-01
4.280000000000000000e+03 4.214049999999999740e-01
4.287000000000000000e+03 4.398810000000000220e-01
4.294000000000000000e+03 4.567200000000000149e-01
4.301000000000000000e+03 4.715750000000000219e-01
4.308000000000000000e+03 4.832569999999999921e-01
4.315000000000000000e+03 4.921570000000000111e-01
4.322000000000000000e+03 4.985910000000000064e-01
4.329000000000000000e+03 5.034880000000000466e-01
4.336000000000000000e+03 5.070869999999999544e-01
4.343000000000000000e+03 5.098650000000000126e-01
4.350000000000000000e+03 5.120440000000000547e-01
4.357000000000000000e+03 5.143929999999999891e-01
4.364000000000000000e+03 5.164900000000000047e-01
4.371000000000000000e+03 5.183020000000000405e-01
4.378000000000000000e+03 5.196560000000000068e-01
4.385000000000000000e+03 5.201689999999999925e-01
4.392000000000000000e+03 5.200580000000000203e-01
4.399000000000000000e+03 5.196680000000000188e-01
4.406000000000000000e+03 5.193480000000000318e-01
4.413000000000000000e+03 5.198620000000000463e-01
4.420000000000000000e+03 5.217330000000000023e-01
4.427000000000000000e+03 5.280719999999999859e-01
4.434000000000000000e+03 5.381150000000000100e-01
4.441000000000000000e+03 5.585740000000000149e-01
4.448000000000000000e+03 5.857149999999999856e-01
4.455000000000000000e+03 6.258730000000000127e-01
4.462000000000000000e+03 6.736750000000000238e-01
4.469000000000000000e+03 7.268310000000000048e-01
4.476000000000000000e+03 7.824130000000000251e-01
4.483000000000000000e+03 8.350790000000000157e-01
4.490000000000000000e+03 8.796819999999999640e-01
4.497000000000000000e+03 9.164930000000000021e-01
4.504000000000000000e+03 9.418239999999999945e-01
4.511000000000000000e+03 9.577599999999999447e-01
4.518000000000000000e+03 9.568290000000000406e-01
4.525000000000000000e+03 9.472439999999999749e-01
4.532000000000000000e+03 9.400929999999999565e-01
4.539000000000000000e+03 9.391199999999999548e-01
4.546000000000000000e+03 9.425360000000000404e-01
4.553000000000000000e+03 9.508619999999999850e-01
4.560000000000000000e+03 9.627250000000000529e-01
4.567000000000000000e+03 9.777470000000000327e-01
4.574000000000000000e+03 9.907270000000000243e-01
4.581000000000000000e+03 9.976660000000000528e-01
4.588000000000000000e+03 1.000000000000000000e+00
4.595000000000000000e+03 9.980290000000000550e-01
4.602000000000000000e+03 9.947850000000000303e-01
4.609000000000000000e+03 9.907529999999999948e-01
4.616000000000000000e+03 9.860889999999999933e-01
4.623000000000000000e+03 9.811450000000000449e-01
4.630000000000000000e+03 9.752849999999999575e-01
4.637000000000000000e+03 9.681309999999999638e-01
4.644000000000000000e+03 9.595869999999999678e-01
4.651000000000000000e+03 9.445540000000000047e-01
4.658000000000000000e+03 9.233249999999999513e-01
4.665000000000000000e+03 8.867749999999999799e-01
4.672000000000000000e+03 8.402129999999999876e-01
4.679000000000000000e+03 7.779589999999999561e-01
4.686000000000000000e+03 7.085240000000000427e-01
4.693000000000000000e+03 6.392700000000000049e-01
4.700000000000000000e+03 5.728029999999999511e-01
4.707000000000000000e+03 5.181259999999999755e-01
4.714000000000000000e+03 4.741650000000000031e-01
4.721000000000000000e+03 4.414959999999999996e-01
4.728000000000000000e+03 4.191349999999999798e-01
4.735000000000000000e+03 4.030270000000000241e-01
4.742000000000000000e+03 3.913769999999999749e-01
4.749000000000000000e+03 3.833239999999999981e-01
4.756000000000000000e+03 3.785660000000000136e-01
4.763000000000000000e+03 3.745180000000000176e-01
4.770000000000000000e+03 3.700919999999999765e-01
4.777000000000000000e+03 3.648870000000000169e-01
4.784000000000000000e+03 3.588250000000000051e-01
4.791000000000000000e+03 3.515849999999999809e-01
4.798000000000000000e+03 3.429200000000000026e-01
4.805000000000000000e+03 3.340710000000000068e-01
4.812000000000000000e+03 3.257200000000000095e-01
4.819000000000000000e+03 3.193730000000000180e-01
4.826000000000000000e+03 3.148750000000000160e-01
4.833000000000000000e+03 3.121470000000000078e-01
4.840000000000000000e+03 3.102260000000000018e-01
4.847000000000000000e+03 3.085019999999999984e-01
4.854000000000000000e+03 3.062309999999999754e-01
4.861000000000000000e+03 3.029169999999999918e-01
4.868000000000000000e+03 2.985929999999999973e-01
4.875000000000000000e+03 2.933330000000000104e-01
4.882000000000000000e+03 2.876920000000000033e-01
4.889000000000000000e+03 2.826730000000000076e-01
4.896000000000000000e+03 2.772370000000000112e-01
4.903000000000000000e+03 2.718220000000000081e-01
4.910000000000000000e+03 2.661379999999999857e-01
4.917000000000000000e+03 2.608249999999999735e-01
4.924000000000000000e+03 2.554100000000000259e-01
4.931000000000000000e+03 2.504000000000000115e-01
4.938000000000000000e+03 2.459260000000000057e-01
4.945000000000000000e+03 2.420200000000000129e-01
4.952000000000000000e+03 2.385069999999999968e-01
4.959000000000000000e+03 2.351199999999999957e-01
4.966000000000000000e+03 2.315709999999999991e-01
4.973000000000000000e+03 2.274529999999999885e-01
4.980000000000000000e+03 2.221730000000000094e-01
4.987000000000000000e+03 2.162989999999999913e-01
4.994000000000000000e+03 2.094350000000000100e-01
5.001000000000000000e+03 2.017760000000000109e-01
5.008000000000000000e+03 1.931740000000000124e-01
5.015000000000000000e+03 1.836170000000000024e-01
5.022000000000000000e+03 1.735289999999999888e-01
5.029000000000000000e+03 1.629359999999999975e-01
5.036000000000000000e+03 1.524570000000000092e-01
5.043000000000000000e+03 1.420140000000000013e-01
5.050000000000000000e+03 1.318499999999999950e-01
5.057000000000000000e+03 1.218209999999999987e-01
5.064000000000000000e+03 1.120450000000000057e-01
5.071000000000000000e+03 1.027570000000000011e-01
5.078000000000000000e+03 9.365370000000000639e-02
5.085000000000000000e+03 8.524170000000000358e-02
5.092000000000000000e+03 7.717730000000000423e-02
5.099000000000000000e+03 6.993330000000000379e-02
5.106000000000000000e+03 6.319189999999999530e-02
5.113000000000000000e+03 5.712450000000000166e-02
5.120000000000000000e+03 5.166260000000000296e-02
5.127000000000000000e+03 4.673309999999999964e-02
5.134000000000000000e+03 4.248110000000000080e-02
5.141000000000000000e+03 3.863489999999999980e-02
5.148000000000000000e+03 3.540340000000000154e-02
5.155000000000000000e+03 3.243669999999999887e-02
5.162000000000000000e+03 2.983509999999999981e-02
5.169000000000000000e+03 2.741729999999999862e-02
5.176000000000000000e+03 2.525000000000000161e-02
5.183000000000000000e+03 2.318910000000000068e-02
5.190000000000000000e+03 2.121390000000000081e-02
5.197000000000000000e+03 1.928300000000000153e-02
5.204000000000000000e+03 1.745580000000000048e-02
5.211000000000000000e+03 1.570989999999999887e-02
5.218000000000000000e+03 1.402720000000000009e-02
5.225000000000000000e+03 1.242129999999999970e-02
5.232000000000000000e+03 1.090029999999999992e-02
5.239000000000000000e+03 9.374359999999999984e-03
5.246000000000000000e+03 7.611299999999999663e-03
5.253000000000000000e+03 5.788749999999999625e-03
5.260000000000000000e+03 4.094170000000000274e-03
5.267000000000000000e+03 2.684059999999999831e-03
5.274000000000000000e+03 1.461880000000000037e-03
5.281000000000000000e+03 5.584340000000000137e-04
5.288000000000000000e+03 3.535410000000000223e-04
5.295000000000000000e+03 3.216970000000000203e-04
5.302000000000000000e+03 3.151170000000000121e-04
5.309000000000000000e+03 3.068619999999999768e-04
5.316000000000000000e+03 2.981269999999999732e-04
5.323000000000000000e+03 2.889769999999999947e-04
5.330000000000000000e+03 2.778430000000000027e-04
5.337000000000000000e+03 2.538659999999999983e-04
5.344000000000000000e+03 2.271390000000000084e-04
5.351000000000000000e+03 2.022620000000000093e-04
5.358000000000000000e+03 1.732919999999999936e-04
5.365000000000000000e+03 1.200029999999999961e-04
5.372000000000000000e+03 4.523180000000000288e-05
5.379000000000000000e+03 3.410330000000000178e-06
