1.042000000000000000e+03 0.000000000000000000e+00
1.045000000000000000e+03 3.202450000000000274e-11
1.048000000000000000e+03 3.417910000000000246e-10
1.051000000000000000e+03 7.103669999999999727e-10
1.054000000000000000e+03 8.104360000000000125e-10
1.057000000000000000e+03 1.129439999999999979e-09
1.060000000000000000e+03 1.515390000000000079e-09
1.063000000000000000e+03 1.116000000000000075e-09
1.066000000000000000e+03 3.904509999999999889e-10
1.069000000000000000e+03 3.488260000000000022e-13
1.072000000000000000e+03 4.271979999999999938e-13
1.075000000000000000e+03 5.041029999999999574e-13
1.078000000000000000e+03 5.774460000000000418e-13
1.081000000000000000e+03 6.501740000000000324e-13
1.084000000000000000e+03 7.205479999999999505e-13
1.087000000000000000e+03 7.901439999999999904e-13
1.090000000000000000e+03 8.585369999999999797e-13
1.093000000000000000e+03 9.257480000000000253e-13
1.096000000000000000e+03 9.924559999999999062e-13
1.099000000000000000e+03 1.057890000000000049e-12
1.102000000000000000e+03 1.124460000000000037e-12
1.105000000000000000e+03 1.193850000000000007e-12
1.108000000000000000e+03 1.087700000000000039e-08
1.111000000000000000e+03 1.333180000000000030e-07
1.114000000000000000e+03 2.843539999999999799e-07
1.117000000000000000e+03 4.966680000000000108e-07
1.120000000000000000e+03 9.580780000000000112e-07
1.123000000000000000e+03 1.450839999999999987e-06
1.126000000000000000e+03 1.978100000000000170e-06
1.129000000000000000e+03 2.548190000000000162e-06
1.132000000000000000e+03 3.117390000000000150e-06
1.135000000000000000e+03 3.633700000000000040e-06
1.138000000000000000e+03 4.162089999999999651e-06
1.141000000000000000e+03 4.744619999999999984e-06
1.144000000000000000e+03 5.344320000000000358e-06
1.147000000000000000e+03 5.981610000000000316e-06
1.150000000000000000e+03 6.649980000000000153e-06
1.153000000000000000e+03 7.484250000000000383e-06
1.156000000000000000e+03 8.398660000000000324e-06
1.159000000000000000e+03 9.349849999999999936e-06
1.162000000000000000e+03 1.061250000000000046e-05
1.165000000000000000e+03 1.190239999999999975e-05
1.168000000000000000e+03 1.300050000000000030e-05
1.171000000000000000e+03 1.410930000000000059e-05
1.174000000000000000e+03 1.512290000000000051e-05
1.177000000000000000e+03 1.570680000000000012e-05
1.180000000000000000e+03 1.624599999999999997e-05
1.183000000000000000e+03 1.680760000000000150e-05
1.186000000000000000e+03 1.737730000000000047e-05
1.189000000000000000e+03 1.793759999999999916e-05
1.192000000000000000e+03 1.849430000000000011e-05
1.195000000000000000e+03 1.908460000000000020e-05
1.198000000000000000e+03 1.967459999999999964e-05
1.201000000000000000e+03 2.025930000000000100e-05
1.204000000000000000e+03 2.090210000000000101e-05
1.207000000000000000e+03 2.157760000000000157e-05
1.210000000000000000e+03 2.224610000000000034e-05
1.213000000000000000e+03 2.290349999999999849e-05
1.216000000000000000e+03 2.360290000000000063e-05
1.219000000000000000e+03 2.431710000000000135e-05
1.222000000000000000e+03 2.507009999999999905e-05
1.225000000000000000e+03 2.593620000000000081e-05
1.228000000000000000e+03 2.684440000000000001e-05
1.231000000000000000e+03 2.778560000000000041e-05
1.234000000000000000e+03 2.884219999999999975e-05
1.237000000000000000e+03 3.000630000000000102e-05
1.240000000000000000e+03 3.118329999999999670e-05
1.243000000000000000e+03 3.259339999999999866e-05
1.246000000000000000e+03 3.444900000000000170e-05
1.249000000000000000e+03 3.616189999999999677e-05
1.252000000000000000e+03 3.703520000000000076e-05
1.255000000000000000e+03 3.853820000000000314e-05
1.258000000000000000e+03 3.986459999999999776e-05
1.261000000000000000e+03 3.908470000000000206e-05
1.264000000000000000e+03 3.754820000000000076e-05
1.267000000000000000e+03 3.578060000000000095e-05
1.270000000000000000e+03 3.378100000000000064e-05
1.273000000000000000e+03 3.115790000000000199e-05
1.276000000000000000e+03 2.816799999999999865e-05
1.279000000000000000e+03 2.611370000000000038e-05
1.282000000000000000e+03 2.346720000000000124e-05
1.285000000000000000e+03 2.043510000000000023e-05
1.288000000000000000e+03 1.855589999999999966e-05
1.291000000000000000e+03 1.837710000000000062e-05
1.294000000000000000e+03 1.823530000000000140e-05
1.297000000000000000e+03 1.808459999999999961e-05
1.300000000000000000e+03 1.790209999999999924e-05
1.303000000000000000e+03 1.776240000000000124e-05
1.306000000000000000e+03 1.767029999999999919e-05
1.309000000000000000e+03 1.757469999999999963e-05
1.312000000000000000e+03 1.743170000000000117e-05
1.315000000000000000e+03 1.734759999999999972e-05
1.318000000000000000e+03 1.733819999999999944e-05
1.321000000000000000e+03 1.731430000000000124e-05
1.324000000000000000e+03 1.735720000000000044e-05
1.327000000000000000e+03 1.747999999999999866e-05
1.330000000000000000e+03 1.762529999999999877e-05
1.333000000000000000e+03 1.772800000000000035e-05
1.336000000000000000e+03 1.790349999999999892e-05
1.339000000000000000e+03 1.819800000000000093e-05
1.342000000000000000e+03 1.853610000000000029e-05
1.345000000000000000e+03 1.897180000000000020e-05
1.348000000000000000e+03 1.954749999999999877e-05
1.351000000000000000e+03 2.024250000000000143e-05
1.354000000000000000e+03 2.098769999999999897e-05
1.357000000000000000e+03 2.183070000000000090e-05
1.360000000000000000e+03 2.293240000000000087e-05
1.363000000000000000e+03 2.424080000000000006e-05
1.366000000000000000e+03 2.570300000000000107e-05
1.369000000000000000e+03 2.742029999999999901e-05
1.372000000000000000e+03 2.947500000000000155e-05
1.375000000000000000e+03 3.188229999999999797e-05
1.378000000000000000e+03 3.476770000000000256e-05
1.381000000000000000e+03 3.828970000000000035e-05
1.384000000000000000e+03 4.265040000000000080e-05
1.387000000000000000e+03 4.775129999999999799e-05
1.390000000000000000e+03 5.403069999999999753e-05
1.393000000000000000e+03 6.158500000000000074e-05
1.396000000000000000e+03 7.084130000000000223e-05
1.399000000000000000e+03 8.259039999999999448e-05
1.402000000000000000e+03 9.664849999999999461e-05
1.405000000000000000e+03 1.165390000000000035e-04
1.408000000000000000e+03 1.408249999999999942e-04
1.411000000000000000e+03 1.737040000000000025e-04
1.414000000000000000e+03 2.181480000000000127e-04
1.417000000000000000e+03 2.764630000000000126e-04
1.420000000000000000e+03 3.595410000000000056e-04
1.423000000000000000e+03 4.635710000000000243e-04
1.426000000000000000e+03 6.165489999999999816e-04
1.429000000000000000e+03 8.058520000000000223e-04
1.432000000000000000e+03 1.061920000000000051e-03
1.435000000000000000e+03 1.386220000000000074e-03
1.438000000000000000e+03 1.805879999999999942e-03
1.441000000000000000e+03 2.341530000000000087e-03
1.444000000000000000e+03 3.002030000000000150e-03
1.447000000000000000e+03 3.790060000000000043e-03
1.450000000000000000e+03 4.691230000000000226e-03
1.453000000000000000e+03 5.760770000000000127e-03
1.456000000000000000e+03 6.901390000000000302e-03
1.459000000000000000e+03 8.191930000000000045e-03
1.462000000000000000e+03 9.478600000000000220e-03
1.465000000000000000e+03 1.079699999999999931e-02
1.468000000000000000e+03 1.210289999999999977e-02
1.471000000000000000e+03 1.340790000000000037e-02
1.474000000000000000e+03 1.469200000000000020e-02
1.477000000000000000e+03 1.589849999999999944e-02
1.480000000000000000e+03 1.697399999999999951e-02
1.483000000000000000e+03 1.799109999999999945e-02
1.486000000000000000e+03 1.895420000000000091e-02
1.489000000000000000e+03 1.982309999999999975e-02
1.492000000000000000e+03 2.072629999999999958e-02
1.495000000000000000e+03 2.158809999999999896e-02
1.498000000000000000e+03 2.250160000000000007e-02
1.501000000000000000e+03 2.342450000000000088e-02
1.504000000000000000e+03 2.440120000000000136e-02
1.507000000000000000e+03 2.552290000000000114e-02
1.510000000000000000e+03 2.671259999999999954e-02
1.513000000000000000e+03 2.800040000000000168e-02
1.516000000000000000e+03 2.946189999999999920e-02
1.519000000000000000e+03 3.100670000000000162e-02
1.522000000000000000e+03 3.268700000000000078e-02
1.525000000000000000e+03 3.452829999999999788e-02
1.528000000000000000e+03 3.648850000000000010e-02
1.531000000000000000e+03 3.859089999999999743e-02
1.534000000000000000e+03 4.087969999999999798e-02
1.537000000000000000e+03 4.333680000000000171e-02
1.540000000000000000e+03 4.599210000000000104e-02
1.543000000000000000e+03 4.877610000000000279e-02
1.546000000000000000e+03 5.179330000000000045e-02
1.549000000000000000e+03 5.502689999999999665e-02
1.552000000000000000e+03 5.831070000000000003e-02
1.555000000000000000e+03 6.173170000000000046e-02
1.558000000000000000e+03 6.531829999999999581e-02
1.561000000000000000e+03 6.888600000000000279e-02
1.564000000000000000e+03 7.254700000000000037e-02
1.567000000000000000e+03 7.632719999999999783e-02
1.570000000000000000e+03 8.010879999999999390e-02
1.573000000000000000e+03 8.387369999999999548e-02
1.576000000000000000e+03 8.764489999999999781e-02
1.579000000000000000e+03 9.141559999999999964e-02
1.582000000000000000e+03 9.515840000000000409e-02
1.585000000000000000e+03 9.883419999999999705e-02
1.588000000000000000e+03 1.025429999999999953e-01
1.591000000000000000e+03 1.061750000000000055e-01
1.594000000000000000e+03 1.096680000000000016e-01
1.597000000000000000e+03 1.130960000000000021e-01
1.600000000000000000e+03 1.164639999999999981e-01
1.603000000000000000e+03 1.197649999999999965e-01
1.606000000000000000e+03 1.230330000000000035e-01
1.609000000000000000e+03 1.262620000000000131e-01
1.612000000000000000e+03 1.294549999999999867e-01
1.615000000000000000e+03 1.325109999999999899e-01
1.618000000000000000e+03 1.354410000000000058e-01
1.621000000000000000e+03 1.383659999999999890e-01
1.624000000000000000e+03 1.412650000000000017e-01
1.627000000000000000e+03 1.440939999999999999e-01
1.630000000000000000e+03 1.468969999999999998e-01
1.633000000000000000e+03 1.496129999999999960e-01
1.636000000000000000e+03 1.522209999999999952e-01
1.639000000000000000e+03 1.547630000000000117e-01
1.642000000000000000e+03 1.572010000000000074e-01
1.645000000000000000e+03 1.596299999999999941e-01
1.648000000000000000e+03 1.620219999999999994e-01
1.651000000000000000e+03 1.643249999999999988e-01
1.654000000000000000e+03 1.666020000000000001e-01
1.657000000000000000e+03 1.687960000000000016e-01
1.660000000000000000e+03 1.708179999999999976e-01
1.663000000000000000e+03 1.727370000000000017e-01
1.666000000000000000e+03 1.745819999999999872e-01
1.669000000000000000e+03 1.763079999999999925e-01
1.672000000000000000e+03 1.780079999999999996e-01
1.675000000000000000e+03 1.796439999999999981e-01
1.678000000000000000e+03 1.811780000000000057e-01
1.681000000000000000e+03 1.825980000000000103e-01
1.684000000000000000e+03 1.841500000000000081e-01
1.687000000000000000e+03 1.860850000000000004e-01
1.690000000000000000e+03 1.887070000000000136e-01
1.693000000000000000e+03 1.926460000000000117e-01
1.696000000000000000e+03 1.982500000000000095e-01
1.699000000000000000e+03 2.055649999999999977e-01
1.702000000000000000e+03 2.146530000000000105e-01
1.705000000000000000e+03 2.250850000000000073e-01
1.708000000000000000e+03 2.361240000000000006e-01
1.711000000000000000e+03 2.467000000000000026e-01
1.714000000000000000e+03 2.563900000000000068e-01
1.717000000000000000e+03 2.634440000000000115e-01
1.720000000000000000e+03 2.694090000000000096e-01
1.723000000000000000e+03 2.747299999999999742e-01
1.726000000000000000e+03 2.812020000000000075e-01
1.729000000000000000e+03 2.905639999999999890e-01
1.732000000000000000e+03 3.036340000000000150e-01
1.735000000000000000e+03 3.211530000000000218e-01
1.738000000000000000e+03 3.424679999999999946e-01
1.741000000000000000e+03 3.680200000000000138e-01
1.744000000000000000e+03 3.950659999999999727e-01
1.747000000000000000e+03 4.231210000000000249e-01
1.750000000000000000e+03 4.500430000000000264e-01
1.753000000000000000e+03 4.748009999999999731e-01
1.756000000000000000e+03 4.972139999999999893e-01
1.759000000000000000e+03 5.159770000000000190e-01
1.762000000000000000e+03 5.333160000000000123e-01
1.765000000000000000e+03 5.507520000000000193e-01
1.768000000000000000e+03 5.702110000000000234e-01
1.771000000000000000e+03 5.903880000000000239e-01
1.774000000000000000e+03 6.113279999999999825e-01
1.777000000000000000e+03 6.333269999999999733e-01
1.780000000000000000e+03 6.557960000000000456e-01
1.783000000000000000e+03 6.798589999999999911e-01
1.786000000000000000e+03 7.058090000000000197e-01
1.789000000000000000e+03 7.333680000000000199e-01
1.792000000000000000e+03 7.655459999999999487e-01
1.795000000000000000e+03 7.988129999999999953e-01
1.798000000000000000e+03 8.359959999999999614e-01
1.801000000000000000e+03 8.734420000000000517e-01
1.804000000000000000e+03 9.099949999999999983e-01
1.807000000000000000e+03 9.441380000000000328e-01
1.810000000000000000e+03 9.717360000000000442e-01
1.813000000000000000e+03 9.910200000000000120e-01
1.816000000000000000e+03 1.000000000000000000e+00
1.819000000000000000e+03 9.998629999999999463e-01
1.822000000000000000e+03 9.915749999999999842e-01
1.825000000000000000e+03 9.777959999999999985e-01
1.828000000000000000e+03 9.598189999999999777e-01
1.831000000000000000e+03 9.399389999999999690e-01
1.834000000000000000e+03 9.192209999999999548e-01
1.837000000000000000e+03 9.000209999999999599e-01
1.840000000000000000e+03 8.823379999999999557e-01
1.843000000000000000e+03 8.672140000000000404e-01
1.846000000000000000e+03 8.526599999999999735e-01
1.849000000000000000e+03 8.388400000000000301e-01
1.852000000000000000e+03 8.242009999999999614e-01
1.855000000000000000e+03 8.085780000000000189e-01
1.858000000000000000e+03 7.910819999999999519e-01
1.861000000000000000e+03 7.719989999999999908e-01
1.864000000000000000e+03 7.491139999999999466e-01
1.867000000000000000e+03 7.230579999999999785e-01
1.870000000000000000e+03 6.923949999999999827e-01
1.873000000000000000e+03 6.580409999999999870e-01
1.876000000000000000e+03 6.194100000000000161e-01
1.879000000000000000e+03 5.791819999999999746e-01
1.882000000000000000e+03 5.349949999999999983e-01
1.885000000000000000e+03 4.909580000000000055e-01
1.888000000000000000e+03 4.460720000000000240e-01
1.891000000000000000e+03 4.036270000000000135e-01
1.894000000000000000e+03 3.637480000000000158e-01
1.897000000000000000e+03 3.282260000000000177e-01
1.900000000000000000e+03 2.976920000000000122e-01
1.903000000000000000e+03 2.708650000000000224e-01
1.906000000000000000e+03 2.489929999999999921e-01
1.909000000000000000e+03 2.311400000000000121e-01
1.912000000000000000e+03 2.164409999999999945e-01
1.915000000000000000e+03 2.046209999999999973e-01
1.918000000000000000e+03 1.953779999999999961e-01
1.921000000000000000e+03 1.869740000000000013e-01
1.924000000000000000e+03 1.791750000000000009e-01
1.927000000000000000e+03 1.719320000000000015e-01
1.930000000000000000e+03 1.648830000000000018e-01
1.933000000000000000e+03 1.576180000000000081e-01
1.936000000000000000e+03 1.504409999999999914e-01
1.939000000000000000e+03 1.431820000000000037e-01
1.942000000000000000e+03 1.357279999999999875e-01
1.945000000000000000e+03 1.282770000000000021e-01
1.948000000000000000e+03 1.209950000000000053e-01
1.951000000000000000e+03 1.137009999999999965e-01
1.954000000000000000e+03 1.064269999999999938e-01
1.957000000000000000e+03 9.942170000000000174e-02
1.960000000000000000e+03 9.257340000000000013e-02
1.963000000000000000e+03 8.577360000000000539e-02
1.966000000000000000e+03 7.925409999999999400e-02
1.969000000000000000e+03 7.295899999999999608e-02
1.972000000000000000e+03 6.677909999999999402e-02
1.975000000000000000e+03 6.081589999999999913e-02
1.978000000000000000e+03 5.521920000000000300e-02
1.981000000000000000e+03 4.980160000000000142e-02
1.984000000000000000e+03 4.466049999999999881e-02
1.987000000000000000e+03 3.996399999999999952e-02
1.990000000000000000e+03 3.550810000000000077e-02
1.993000000000000000e+03 3.133539999999999937e-02
1.996000000000000000e+03 2.759319999999999828e-02
1.999000000000000000e+03 2.412310000000000149e-02
2.002000000000000000e+03 2.093710000000000016e-02
2.005000000000000000e+03 1.809329999999999966e-02
2.008000000000000000e+03 1.553910000000000013e-02
2.011000000000000000e+03 1.327829999999999983e-02
2.014000000000000000e+03 1.126839999999999960e-02
2.017000000000000000e+03 9.556129999999999486e-03
2.020000000000000000e+03 8.052870000000000167e-03
2.023000000000000000e+03 6.767200000000000125e-03
2.026000000000000000e+03 5.702809999999999997e-03
2.029000000000000000e+03 4.783820000000000260e-03
2.032000000000000000e+03 4.031790000000000374e-03
2.035000000000000000e+03 3.401359999999999974e-03
2.038000000000000000e+03 2.885560000000000121e-03
2.041000000000000000e+03 2.459349999999999904e-03
2.044000000000000000e+03 2.107860000000000029e-03
2.047000000000000000e+03 1.824960000000000037e-03
2.050000000000000000e+03 1.586530000000000058e-03
2.053000000000000000e+03 1.395179999999999988e-03
2.056000000000000000e+03 1.233680000000000020e-03
2.059000000000000000e+03 1.099879999999999912e-03
2.062000000000000000e+03 9.848050000000000553e-04
2.065000000000000000e+03 8.800330000000000088e-04
2.068000000000000000e+03 8.007070000000000029e-04
2.071000000000000000e+03 7.278119999999999902e-04
2.074000000000000000e+03 6.598479999999999884e-04
2.077000000000000000e+03 6.044229999999999828e-04
2.080000000000000000e+03 5.496449999999999730e-04
2.083000000000000000e+03 5.020369999999999911e-04
2.086000000000000000e+03 4.561489999999999859e-04
2.089000000000000000e+03 4.179990000000000073e-04
2.092000000000000000e+03 3.915249999999999894e-04
2.095000000000000000e+03 3.671109999999999890e-04
2.098000000000000000e+03 3.441370000000000019e-04
2.101000000000000000e+03 3.231670000000000180e-04
2.104000000000000000e+03 2.966849999999999826e-04
2.107000000000000000e+03 2.647799999999999958e-04
2.110000000000000000e+03 2.280179999999999978e-04
2.113000000000000000e+03 2.100740000000000083e-04
2.116000000000000000e+03 1.978070000000000121e-04
2.119000000000000000e+03 1.857170000000000110e-04
2.122000000000000000e+03 1.742240000000000043e-04
2.125000000000000000e+03 1.633530000000000062e-04
2.128000000000000000e+03 1.535859999999999895e-04
2.131000000000000000e+03 1.447639999999999984e-04
2.134000000000000000e+03 1.347890000000000134e-04
2.137000000000000000e+03 1.171680000000000003e-04
2.140000000000000000e+03 1.080489999999999950e-04
2.143000000000000000e+03 1.034029999999999991e-04
2.146000000000000000e+03 9.979000000000000511e-05
2.149000000000000000e+03 9.667570000000000005e-05
2.152000000000000000e+03 9.387480000000000455e-05
2.155000000000000000e+03 9.132069999999999456e-05
2.158000000000000000e+03 8.916770000000000349e-05
2.161000000000000000e+03 8.753760000000000024e-05
2.164000000000000000e+03 8.645020000000000113e-05
2.167000000000000000e+03 8.609099999999999956e-05
2.170000000000000000e+03 8.591389999999999747e-05
2.173000000000000000e+03 8.600790000000000030e-05
2.176000000000000000e+03 8.666510000000000478e-05
2.179000000000000000e+03 8.745070000000000621e-05
2.182000000000000000e+03 8.824829999999999328e-05
2.185000000000000000e+03 8.915829999999999643e-05
2.188000000000000000e+03 9.013009999999999956e-05
2.191000000000000000e+03 9.124089999999999577e-05
2.194000000000000000e+03 9.274519999999999422e-05
2.197000000000000000e+03 9.448810000000000086e-05
2.200000000000000000e+03 9.656809999999999450e-05
2.203000000000000000e+03 9.885790000000000094e-05
2.206000000000000000e+03 1.012769999999999995e-04
2.209000000000000000e+03 1.041220000000000036e-04
2.212000000000000000e+03 1.074090000000000011e-04
2.215000000000000000e+03 1.109130000000000001e-04
2.218000000000000000e+03 1.148309999999999988e-04
2.221000000000000000e+03 1.193320000000000020e-04
2.224000000000000000e+03 1.241989999999999945e-04
2.227000000000000000e+03 1.301039999999999998e-04
2.230000000000000000e+03 1.370909999999999924e-04
2.233000000000000000e+03 1.449400000000000048e-04
2.236000000000000000e+03 1.537449999999999993e-04
2.239000000000000000e+03 1.644159999999999925e-04
2.242000000000000000e+03 1.767659999999999945e-04
2.245000000000000000e+03 1.914159999999999983e-04
2.248000000000000000e+03 2.091980000000000120e-04
2.251000000000000000e+03 2.293720000000000123e-04
2.254000000000000000e+03 2.521460000000000216e-04
2.257000000000000000e+03 2.796890000000000118e-04
2.260000000000000000e+03 3.119730000000000029e-04
2.263000000000000000e+03 3.476339999999999856e-04
2.266000000000000000e+03 3.894960000000000262e-04
2.269000000000000000e+03 4.376749999999999998e-04
2.272000000000000000e+03 4.886270000000000500e-04
2.275000000000000000e+03 5.465319999999999640e-04
2.278000000000000000e+03 6.127850000000000224e-04
2.281000000000000000e+03 6.810040000000000277e-04
2.284000000000000000e+03 7.562890000000000498e-04
2.287000000000000000e+03 8.406209999999999464e-04
2.290000000000000000e+03 9.260159999999999919e-04
2.293000000000000000e+03 1.016629999999999921e-03
2.296000000000000000e+03 1.113059999999999918e-03
2.299000000000000000e+03 1.208910000000000106e-03
2.302000000000000000e+03 1.308219999999999912e-03
2.305000000000000000e+03 1.409670000000000020e-03
2.308000000000000000e+03 1.510580000000000082e-03
2.311000000000000000e+03 1.612319999999999986e-03
2.314000000000000000e+03 1.708670000000000024e-03
2.317000000000000000e+03 1.804239999999999924e-03
2.320000000000000000e+03 1.899459999999999951e-03
2.323000000000000000e+03 1.982719999999999882e-03
2.326000000000000000e+03 2.066310000000000022e-03
2.329000000000000000e+03 2.147459999999999907e-03
2.332000000000000000e+03 2.211820000000000192e-03
2.335000000000000000e+03 2.275220000000000107e-03
2.338000000000000000e+03 2.335700000000000016e-03
2.341000000000000000e+03 2.379050000000000175e-03
2.344000000000000000e+03 2.419099999999999983e-03
2.347000000000000000e+03 2.455129999999999812e-03
2.350000000000000000e+03 2.475279999999999841e-03
2.353000000000000000e+03 2.488989999999999952e-03
2.356000000000000000e+03 2.497769999999999851e-03
2.359000000000000000e+03 2.492289999999999870e-03
2.362000000000000000e+03 2.476669999999999826e-03
2.365000000000000000e+03 2.454120000000000173e-03
2.368000000000000000e+03 2.419170000000000001e-03
2.371000000000000000e+03 2.373049999999999812e-03
2.374000000000000000e+03 2.318409999999999915e-03
2.377000000000000000e+03 2.254729999999999929e-03
2.380000000000000000e+03 2.182690000000000151e-03
2.383000000000000000e+03 2.102039999999999898e-03
2.386000000000000000e+03 2.016550000000000200e-03
2.389000000000000000e+03 1.927560000000000037e-03
2.392000000000000000e+03 1.831710000000000066e-03
2.395000000000000000e+03 1.734389999999999933e-03
2.398000000000000000e+03 1.638579999999999941e-03
2.401000000000000000e+03 1.539739999999999946e-03
2.404000000000000000e+03 1.441650000000000049e-03
2.407000000000000000e+03 1.348320000000000074e-03
2.410000000000000000e+03 1.256170000000000030e-03
2.413000000000000000e+03 1.166530000000000041e-03
2.416000000000000000e+03 1.082679999999999927e-03
2.419000000000000000e+03 1.002999999999999985e-03
2.422000000000000000e+03 9.273649999999999819e-04
2.425000000000000000e+03 8.572579999999999567e-04
2.428000000000000000e+03 7.921029999999999478e-04
2.431000000000000000e+03 7.319030000000000024e-04
2.434000000000000000e+03 6.774869999999999460e-04
2.437000000000000000e+03 6.283270000000000305e-04
2.440000000000000000e+03 5.842409999999999921e-04
2.443000000000000000e+03 5.459339999999999809e-04
2.446000000000000000e+03 5.119350000000000376e-04
2.449000000000000000e+03 4.820150000000000259e-04
2.452000000000000000e+03 4.569479999999999896e-04
2.455000000000000000e+03 4.349010000000000159e-04
2.458000000000000000e+03 4.157850000000000044e-04
2.461000000000000000e+03 4.004780000000000102e-04
2.464000000000000000e+03 3.875810000000000149e-04
2.467000000000000000e+03 3.769460000000000193e-04
2.470000000000000000e+03 3.687429999999999896e-04
2.473000000000000000e+03 3.622979999999999929e-04
2.476000000000000000e+03 3.570569999999999799e-04
2.479000000000000000e+03 3.533100000000000173e-04
2.482000000000000000e+03 3.511370000000000094e-04
2.485000000000000000e+03 3.502630000000000175e-04
2.488000000000000000e+03 3.503870000000000183e-04
2.491000000000000000e+03 3.518330000000000177e-04
2.494000000000000000e+03 3.535890000000000192e-04
2.497000000000000000e+03 3.559239999999999756e-04
2.500000000000000000e+03 3.596529999999999801e-04
2.503000000000000000e+03 3.633040000000000032e-04
2.506000000000000000e+03 3.675500000000000165e-04
2.509000000000000000e+03 3.725809999999999756e-04
2.512000000000000000e+03 3.772019999999999844e-04
2.515000000000000000e+03 3.832659999999999995e-04
2.518000000000000000e+03 3.904159999999999835e-04
2.521000000000000000e+03 3.969679999999999845e-04
2.524000000000000000e+03 4.051039999999999893e-04
2.527000000000000000e+03 4.012870000000000087e-04
2.530000000000000000e+03 3.905110000000000157e-04
2.533000000000000000e+03 3.809519999999999942e-04
2.536000000000000000e+03 3.831449999999999917e-04
2.539000000000000000e+03 3.907439999999999980e-04
2.542000000000000000e+03 3.784980000000000072e-04
2.545000000000000000e+03 3.509559999999999785e-04
2.548000000000000000e+03 3.239399999999999918e-04
2.551000000000000000e+03 2.970410000000000043e-04
2.554000000000000000e+03 2.673689999999999943e-04
2.557000000000000000e+03 2.374859999999999959e-04
2.560000000000000000e+03 2.224539999999999948e-04
2.563000000000000000e+03 2.271979999999999887e-04
2.566000000000000000e+03 2.344269999999999969e-04
2.569000000000000000e+03 2.437499999999999888e-04
2.572000000000000000e+03 2.547389999999999746e-04
2.575000000000000000e+03 2.667659999999999866e-04
2.578000000000000000e+03 2.783220000000000095e-04
2.581000000000000000e+03 2.766830000000000071e-04
2.584000000000000000e+03 2.730100000000000170e-04
2.587000000000000000e+03 2.712519999999999840e-04
2.590000000000000000e+03 2.624370000000000218e-04
2.593000000000000000e+03 2.329090000000000023e-04
2.596000000000000000e+03 1.690870000000000025e-04
2.599000000000000000e+03 1.041189999999999970e-04
2.602000000000000000e+03 6.149369999999999706e-05
2.605000000000000000e+03 4.716809999999999991e-05
2.608000000000000000e+03 4.877179999999999948e-05
2.611000000000000000e+03 5.072540000000000057e-05
2.614000000000000000e+03 5.310230000000000148e-05
2.617000000000000000e+03 5.545499999999999675e-05
2.620000000000000000e+03 5.791110000000000192e-05
2.623000000000000000e+03 6.073769999999999956e-05
2.626000000000000000e+03 6.357609999999999596e-05
2.629000000000000000e+03 6.330400000000000241e-05
2.632000000000000000e+03 4.968510000000000309e-05
2.635000000000000000e+03 3.468130000000000285e-05
2.638000000000000000e+03 2.100639999999999932e-05
2.641000000000000000e+03 1.884420000000000162e-05
2.644000000000000000e+03 1.910060000000000140e-05
2.647000000000000000e+03 1.940800000000000121e-05
2.650000000000000000e+03 1.972760000000000065e-05
2.653000000000000000e+03 2.004839999999999934e-05
2.656000000000000000e+03 2.036300000000000138e-05
2.659000000000000000e+03 2.047599999999999843e-05
2.662000000000000000e+03 1.980940000000000045e-05
2.665000000000000000e+03 1.911440000000000117e-05
2.668000000000000000e+03 1.930179999999999873e-05
2.671000000000000000e+03 1.981300000000000156e-05
2.674000000000000000e+03 2.013590000000000147e-05
2.677000000000000000e+03 2.023110000000000015e-05
2.680000000000000000e+03 2.003409999999999848e-05
2.683000000000000000e+03 1.885239999999999927e-05
2.686000000000000000e+03 1.766970000000000126e-05
2.689000000000000000e+03 1.813430000000000017e-05
2.692000000000000000e+03 1.929020000000000040e-05
2.695000000000000000e+03 1.994649999999999952e-05
2.698000000000000000e+03 1.993920000000000046e-05
2.701000000000000000e+03 2.013530000000000015e-05
2.704000000000000000e+03 2.126080000000000149e-05
2.707000000000000000e+03 2.242809999999999962e-05
2.710000000000000000e+03 2.096179999999999978e-05
2.713000000000000000e+03 1.842530000000000128e-05
2.716000000000000000e+03 1.699290000000000124e-05
2.719000000000000000e+03 1.703600000000000088e-05
2.722000000000000000e+03 1.703470000000000141e-05
2.725000000000000000e+03 1.695969999999999959e-05
2.728000000000000000e+03 1.671239999999999943e-05
2.731000000000000000e+03 1.238320000000000029e-05
2.734000000000000000e+03 5.239850000000000323e-06
2.737000000000000000e+03 2.907389999999999937e-07
