1.762000000000000000e+03 0.000000000000000000e+00
1.767000000000000000e+03 1.020510000000000050e-07
1.772000000000000000e+03 2.262869999999999986e-06
1.777000000000000000e+03 7.268109999999999773e-06
1.782000000000000000e+03 1.341179999999999922e-05
1.787000000000000000e+03 1.689889999999999841e-05
1.792000000000000000e+03 1.762569999999999965e-05
1.797000000000000000e+03 1.832310000000000080e-05
1.802000000000000000e+03 1.916279999999999888e-05
1.807000000000000000e+03 2.001569999999999879e-05
1.812000000000000000e+03 2.085499999999999938e-05
1.817000000000000000e+03 2.162380000000000123e-05
1.822000000000000000e+03 2.219680000000000066e-05
1.827000000000000000e+03 2.248219999999999966e-05
1.832000000000000000e+03 2.245749999999999971e-05
1.837000000000000000e+03 2.219510000000000032e-05
1.842000000000000000e+03 2.175630000000000039e-05
1.847000000000000000e+03 2.124970000000000087e-05
1.852000000000000000e+03 2.073409999999999855e-05
1.857000000000000000e+03 2.035269999999999912e-05
1.862000000000000000e+03 2.018299999999999971e-05
1.867000000000000000e+03 2.041370000000000074e-05
1.872000000000000000e+03 2.092680000000000096e-05
1.877000000000000000e+03 2.174870000000000067e-05
1.882000000000000000e+03 2.269160000000000141e-05
1.887000000000000000e+03 2.356509999999999906e-05
1.892000000000000000e+03 2.426649999999999882e-05
1.897000000000000000e+03 2.445369999999999933e-05
1.902000000000000000e+03 2.427810000000000054e-05
1.907000000000000000e+03 2.340289999999999916e-05
1.912000000000000000e+03 2.212400000000000027e-05
1.917000000000000000e+03 2.029510000000000157e-05
1.922000000000000000e+03 1.828529999999999923e-05
1.927000000000000000e+03 1.618440000000000042e-05
1.932000000000000000e+03 1.416969999999999920e-05
1.937000000000000000e+03 1.245130000000000054e-05
1.942000000000000000e+03 1.103880000000000009e-05
1.947000000000000000e+03 1.027979999999999939e-05
1.952000000000000000e+03 9.938560000000000607e-06
1.957000000000000000e+03 1.020339999999999958e-05
1.962000000000000000e+03 1.086960000000000008e-05
1.967000000000000000e+03 1.191389999999999955e-05
1.972000000000000000e+03 1.311439999999999932e-05
1.977000000000000000e+03 1.443120000000000000e-05
1.982000000000000000e+03 1.569970000000000149e-05
1.987000000000000000e+03 1.686359999999999894e-05
1.992000000000000000e+03 1.777859999999999949e-05
1.997000000000000000e+03 1.838960000000000093e-05
2.002000000000000000e+03 1.854059999999999999e-05
2.007000000000000000e+03 1.828809999999999860e-05
2.012000000000000000e+03 1.768640000000000061e-05
2.017000000000000000e+03 1.692900000000000004e-05
2.022000000000000000e+03 1.635020000000000145e-05
2.027000000000000000e+03 1.581990000000000078e-05
2.032000000000000000e+03 1.552810000000000130e-05
2.037000000000000000e+03 1.537559999999999895e-05
2.042000000000000000e+03 1.538400000000000043e-05
2.047000000000000000e+03 1.529539999999999928e-05
2.052000000000000000e+03 1.539690000000000161e-05
2.057000000000000000e+03 1.545530000000000092e-05
2.062000000000000000e+03 1.554060000000000161e-05
2.067000000000000000e+03 1.565920000000000078e-05
2.072000000000000000e+03 1.583339999999999989e-05
2.077000000000000000e+03 1.603119999999999993e-05
2.082000000000000000e+03 1.623609999999999859e-05
2.087000000000000000e+03 1.642929999999999871e-05
2.092000000000000000e+03 1.663260000000000064e-05
2.097000000000000000e+03 1.688059999999999894e-05
2.102000000000000000e+03 1.713620000000000036e-05
2.107000000000000000e+03 1.739310000000000124e-05
2.112000000000000000e+03 1.764519999999999836e-05
2.117000000000000000e+03 1.790410000000000024e-05
2.122000000000000000e+03 1.816230000000000058e-05
2.127000000000000000e+03 1.841809999999999904e-05
2.132000000000000000e+03 1.872999999999999855e-05
2.137000000000000000e+03 1.909049999999999959e-05
2.142000000000000000e+03 1.956319999999999931e-05
2.147000000000000000e+03 2.013890000000000127e-05
2.152000000000000000e+03 2.074849999999999964e-05
2.157000000000000000e+03 2.138009999999999881e-05
2.162000000000000000e+03 2.201059999999999895e-05
2.167000000000000000e+03 2.294429999999999986e-05
2.172000000000000000e+03 2.442620000000000002e-05
2.177000000000000000e+03 2.574600000000000049e-05
2.182000000000000000e+03 2.705579999999999937e-05
2.187000000000000000e+03 2.845630000000000062e-05
2.192000000000000000e+03 2.897870000000000090e-05
2.197000000000000000e+03 2.900180000000000073e-05
2.202000000000000000e+03 2.884430000000000097e-05
2.207000000000000000e+03 2.796749999999999947e-05
2.212000000000000000e+03 2.703210000000000161e-05
2.217000000000000000e+03 2.584670000000000107e-05
2.222000000000000000e+03 2.455689999999999861e-05
2.227000000000000000e+03 2.298340000000000089e-05
2.232000000000000000e+03 2.075609999999999936e-05
2.237000000000000000e+03 1.857530000000000154e-05
2.242000000000000000e+03 1.733989999999999978e-05
2.247000000000000000e+03 1.640280000000000159e-05
2.252000000000000000e+03 1.572260000000000088e-05
2.257000000000000000e+03 1.558470000000000005e-05
2.262000000000000000e+03 1.543159999999999977e-05
2.267000000000000000e+03 1.523020000000000031e-05
2.272000000000000000e+03 1.497329999999999943e-05
2.277000000000000000e+03 1.470299999999999967e-05
2.282000000000000000e+03 1.446540000000000045e-05
2.287000000000000000e+03 1.429610000000000022e-05
2.292000000000000000e+03 1.418679999999999942e-05
2.297000000000000000e+03 1.410470000000000067e-05
2.302000000000000000e+03 1.411109999999999945e-05
2.307000000000000000e+03 1.419939999999999995e-05
2.312000000000000000e+03 1.424539999999999917e-05
2.317000000000000000e+03 1.424990000000000057e-05
2.322000000000000000e+03 1.425889999999999997e-05
2.327000000000000000e+03 1.432080000000000017e-05
2.332000000000000000e+03 1.445620000000000061e-05
2.337000000000000000e+03 1.464550000000000064e-05
2.342000000000000000e+03 1.496579999999999993e-05
2.347000000000000000e+03 1.532029999999999967e-05
2.352000000000000000e+03 1.576199999999999918e-05
2.357000000000000000e+03 1.624760000000000009e-05
2.362000000000000000e+03 1.673040000000000163e-05
2.367000000000000000e+03 1.734170000000000034e-05
2.372000000000000000e+03 1.791909999999999925e-05
2.377000000000000000e+03 1.862120000000000054e-05
2.382000000000000000e+03 1.939530000000000046e-05
2.387000000000000000e+03 2.025089999999999952e-05
2.392000000000000000e+03 2.130469999999999950e-05
2.397000000000000000e+03 2.239539999999999906e-05
2.402000000000000000e+03 2.391950000000000028e-05
2.407000000000000000e+03 2.559820000000000167e-05
2.412000000000000000e+03 2.757919999999999846e-05
2.417000000000000000e+03 3.015310000000000104e-05
2.422000000000000000e+03 3.285190000000000305e-05
2.427000000000000000e+03 3.661160000000000027e-05
2.432000000000000000e+03 4.072699999999999818e-05
2.437000000000000000e+03 4.590560000000000311e-05
2.442000000000000000e+03 5.254079999999999677e-05
2.447000000000000000e+03 5.963570000000000231e-05
2.452000000000000000e+03 6.998689999999999902e-05
2.457000000000000000e+03 8.102540000000000523e-05
2.462000000000000000e+03 9.721990000000000070e-05
2.467000000000000000e+03 1.186869999999999971e-04
2.472000000000000000e+03 1.433130000000000016e-04
2.477000000000000000e+03 1.842790000000000020e-04
2.482000000000000000e+03 2.281200000000000046e-04
2.487000000000000000e+03 2.961969999999999967e-04
2.492000000000000000e+03 3.835859999999999964e-04
2.497000000000000000e+03 4.869049999999999876e-04
2.502000000000000000e+03 6.528859999999999828e-04
2.507000000000000000e+03 8.286549999999999732e-04
2.512000000000000000e+03 1.084770000000000092e-03
2.517000000000000000e+03 1.395339999999999905e-03
2.522000000000000000e+03 1.743420000000000082e-03
2.527000000000000000e+03 2.214770000000000020e-03
2.532000000000000000e+03 2.703759999999999931e-03
2.537000000000000000e+03 3.295929999999999867e-03
2.542000000000000000e+03 3.952109999999999998e-03
2.547000000000000000e+03 4.624819999999999973e-03
2.552000000000000000e+03 5.359290000000000061e-03
2.557000000000000000e+03 6.099720000000000315e-03
2.562000000000000000e+03 6.806340000000000133e-03
2.567000000000000000e+03 7.510619999999999970e-03
2.572000000000000000e+03 8.161470000000000530e-03
2.577000000000000000e+03 8.716720000000000718e-03
2.582000000000000000e+03 9.255050000000000776e-03
2.587000000000000000e+03 9.650989999999999916e-03
2.592000000000000000e+03 9.995810000000000806e-03
2.597000000000000000e+03 1.028480000000000019e-02
2.602000000000000000e+03 1.047129999999999936e-02
2.607000000000000000e+03 1.064790000000000007e-02
2.612000000000000000e+03 1.077129999999999928e-02
2.617000000000000000e+03 1.087579999999999970e-02
2.622000000000000000e+03 1.103490000000000026e-02
2.627000000000000000e+03 1.121920000000000035e-02
2.632000000000000000e+03 1.147319999999999937e-02
2.637000000000000000e+03 1.175909999999999976e-02
2.642000000000000000e+03 1.213430000000000064e-02
2.647000000000000000e+03 1.256089999999999984e-02
2.652000000000000000e+03 1.312589999999999937e-02
2.657000000000000000e+03 1.374339999999999937e-02
2.662000000000000000e+03 1.445650000000000060e-02
2.667000000000000000e+03 1.521460000000000000e-02
2.672000000000000000e+03 1.607219999999999829e-02
2.677000000000000000e+03 1.696469999999999922e-02
2.682000000000000000e+03 1.793590000000000115e-02
2.687000000000000000e+03 1.896779999999999994e-02
2.692000000000000000e+03 2.010489999999999847e-02
2.697000000000000000e+03 2.131440000000000071e-02
2.702000000000000000e+03 2.267359999999999862e-02
2.707000000000000000e+03 2.413159999999999958e-02
2.712000000000000000e+03 2.575339999999999921e-02
2.717000000000000000e+03 2.746900000000000036e-02
2.722000000000000000e+03 2.933790000000000009e-02
2.727000000000000000e+03 3.129309999999999731e-02
2.732000000000000000e+03 3.337740000000000151e-02
2.737000000000000000e+03 3.553089999999999721e-02
2.742000000000000000e+03 3.777119999999999783e-02
2.747000000000000000e+03 4.002979999999999733e-02
2.752000000000000000e+03 4.230799999999999839e-02
2.757000000000000000e+03 4.454369999999999857e-02
2.762000000000000000e+03 4.670730000000000021e-02
2.767000000000000000e+03 4.878690000000000110e-02
2.772000000000000000e+03 5.073989999999999750e-02
2.777000000000000000e+03 5.255110000000000336e-02
2.782000000000000000e+03 5.419510000000000299e-02
2.787000000000000000e+03 5.564670000000000033e-02
2.792000000000000000e+03 5.690069999999999850e-02
2.797000000000000000e+03 5.797259999999999913e-02
2.802000000000000000e+03 5.884280000000000066e-02
2.807000000000000000e+03 5.956609999999999683e-02
2.812000000000000000e+03 6.010850000000000221e-02
2.817000000000000000e+03 6.052110000000000128e-02
2.822000000000000000e+03 6.072679999999999745e-02
2.827000000000000000e+03 6.082780000000000131e-02
2.832000000000000000e+03 6.069340000000000152e-02
2.837000000000000000e+03 6.055169999999999997e-02
2.842000000000000000e+03 6.052260000000000278e-02
2.847000000000000000e+03 6.054820000000000341e-02
2.852000000000000000e+03 6.073060000000000264e-02
2.857000000000000000e+03 6.095260000000000261e-02
2.862000000000000000e+03 6.115929999999999978e-02
2.867000000000000000e+03 6.139739999999999781e-02
2.872000000000000000e+03 6.160759999999999847e-02
2.877000000000000000e+03 6.184010000000000201e-02
2.882000000000000000e+03 6.215090000000000198e-02
2.887000000000000000e+03 6.254930000000000212e-02
2.892000000000000000e+03 6.302670000000000494e-02
2.897000000000000000e+03 6.379329999999999723e-02
2.902000000000000000e+03 6.499630000000000685e-02
2.907000000000000000e+03 6.682530000000000414e-02
2.912000000000000000e+03 6.963729999999999920e-02
2.917000000000000000e+03 7.397149999999999559e-02
2.922000000000000000e+03 8.111240000000000117e-02
2.927000000000000000e+03 9.194059999999999733e-02
2.932000000000000000e+03 1.102749999999999980e-01
2.937000000000000000e+03 1.375820000000000098e-01
2.942000000000000000e+03 1.780660000000000021e-01
2.947000000000000000e+03 2.329150000000000109e-01
2.952000000000000000e+03 3.017349999999999755e-01
2.957000000000000000e+03 3.824919999999999987e-01
2.962000000000000000e+03 4.689969999999999972e-01
2.967000000000000000e+03 5.566489999999999494e-01
2.972000000000000000e+03 6.403180000000000538e-01
2.977000000000000000e+03 7.180710000000000148e-01
2.982000000000000000e+03 7.859110000000000262e-01
2.987000000000000000e+03 8.451279999999999903e-01
2.992000000000000000e+03 8.921959999999999891e-01
2.997000000000000000e+03 9.283489999999999798e-01
3.002000000000000000e+03 9.529450000000000420e-01
3.007000000000000000e+03 9.691570000000000462e-01
3.012000000000000000e+03 9.778689999999999882e-01
3.017000000000000000e+03 9.823659999999999615e-01
3.022000000000000000e+03 9.845970000000000555e-01
3.027000000000000000e+03 9.864500000000000490e-01
3.032000000000000000e+03 9.892539999999999667e-01
3.037000000000000000e+03 9.921569999999999556e-01
3.042000000000000000e+03 9.951480000000000325e-01
3.047000000000000000e+03 9.979409999999999670e-01
3.052000000000000000e+03 9.995180000000000176e-01
3.057000000000000000e+03 1.000000000000000000e+00
3.062000000000000000e+03 9.983370000000000299e-01
3.067000000000000000e+03 9.933589999999999920e-01
3.072000000000000000e+03 9.803180000000000227e-01
3.077000000000000000e+03 9.575179999999999803e-01
3.082000000000000000e+03 9.228129999999999944e-01
3.087000000000000000e+03 8.749259999999999815e-01
3.092000000000000000e+03 8.133899999999999464e-01
3.097000000000000000e+03 7.408510000000000373e-01
3.102000000000000000e+03 6.609019999999999895e-01
3.107000000000000000e+03 5.781809999999999450e-01
3.112000000000000000e+03 4.965470000000000161e-01
3.117000000000000000e+03 4.181889999999999774e-01
3.122000000000000000e+03 3.441870000000000207e-01
3.127000000000000000e+03 2.783479999999999843e-01
3.132000000000000000e+03 2.206670000000000020e-01
3.137000000000000000e+03 1.751949999999999896e-01
3.142000000000000000e+03 1.400240000000000096e-01
3.147000000000000000e+03 1.150469999999999965e-01
3.152000000000000000e+03 9.764019999999999644e-02
3.157000000000000000e+03 8.588800000000000601e-02
3.162000000000000000e+03 7.796909999999999952e-02
3.167000000000000000e+03 7.215699999999999892e-02
3.172000000000000000e+03 6.847519999999999996e-02
3.177000000000000000e+03 6.616519999999999346e-02
3.182000000000000000e+03 6.451229999999999465e-02
3.187000000000000000e+03 6.301879999999999982e-02
3.192000000000000000e+03 6.180019999999999958e-02
3.197000000000000000e+03 6.097670000000000173e-02
3.202000000000000000e+03 6.041549999999999698e-02
3.207000000000000000e+03 5.983070000000000055e-02
3.212000000000000000e+03 5.927579999999999655e-02
3.217000000000000000e+03 5.872829999999999717e-02
3.222000000000000000e+03 5.818229999999999930e-02
3.227000000000000000e+03 5.769939999999999791e-02
3.232000000000000000e+03 5.726669999999999677e-02
3.237000000000000000e+03 5.683810000000000251e-02
3.242000000000000000e+03 5.647289999999999949e-02
3.247000000000000000e+03 5.612480000000000246e-02
3.252000000000000000e+03 5.580439999999999706e-02
3.257000000000000000e+03 5.550259999999999916e-02
3.262000000000000000e+03 5.525139999999999912e-02
3.267000000000000000e+03 5.501790000000000153e-02
3.272000000000000000e+03 5.482549999999999923e-02
3.277000000000000000e+03 5.466089999999999838e-02
3.282000000000000000e+03 5.450510000000000077e-02
3.287000000000000000e+03 5.439940000000000053e-02
3.292000000000000000e+03 5.424430000000000224e-02
3.297000000000000000e+03 5.397649999999999670e-02
3.302000000000000000e+03 5.352579999999999838e-02
3.307000000000000000e+03 5.280440000000000134e-02
3.312000000000000000e+03 5.175629999999999814e-02
3.317000000000000000e+03 5.035579999999999917e-02
3.322000000000000000e+03 4.862269999999999787e-02
3.327000000000000000e+03 4.658410000000000328e-02
3.332000000000000000e+03 4.431299999999999822e-02
3.337000000000000000e+03 4.179070000000000007e-02
3.342000000000000000e+03 3.914009999999999712e-02
3.347000000000000000e+03 3.637420000000000236e-02
3.352000000000000000e+03 3.353939999999999699e-02
3.357000000000000000e+03 3.073599999999999943e-02
3.362000000000000000e+03 2.800760000000000055e-02
3.367000000000000000e+03 2.544499999999999887e-02
3.372000000000000000e+03 2.305969999999999895e-02
3.377000000000000000e+03 2.092209999999999903e-02
3.382000000000000000e+03 1.898390000000000147e-02
3.387000000000000000e+03 1.732399999999999912e-02
3.392000000000000000e+03 1.584769999999999929e-02
3.397000000000000000e+03 1.460900000000000046e-02
3.402000000000000000e+03 1.351920000000000031e-02
3.407000000000000000e+03 1.262600000000000007e-02
3.412000000000000000e+03 1.181689999999999997e-02
3.417000000000000000e+03 1.115739999999999961e-02
3.422000000000000000e+03 1.052990000000000002e-02
3.427000000000000000e+03 9.977190000000000364e-03
3.432000000000000000e+03 9.441919999999999480e-03
3.437000000000000000e+03 8.923189999999999247e-03
3.442000000000000000e+03 8.405660000000000562e-03
3.447000000000000000e+03 7.876529999999999643e-03
3.452000000000000000e+03 7.338049999999999608e-03
3.457000000000000000e+03 6.797090000000000423e-03
3.462000000000000000e+03 6.251610000000000326e-03
3.467000000000000000e+03 5.703849999999999892e-03
3.472000000000000000e+03 5.145150000000000244e-03
3.477000000000000000e+03 4.581820000000000337e-03
3.482000000000000000e+03 4.050210000000000268e-03
3.487000000000000000e+03 3.540460000000000048e-03
3.492000000000000000e+03 3.067040000000000044e-03
3.497000000000000000e+03 2.666759999999999790e-03
3.502000000000000000e+03 2.285300000000000092e-03
3.507000000000000000e+03 1.942670000000000074e-03
3.512000000000000000e+03 1.639830000000000107e-03
3.517000000000000000e+03 1.372839999999999954e-03
3.522000000000000000e+03 1.150889999999999899e-03
3.527000000000000000e+03 9.530289999999999855e-04
3.532000000000000000e+03 7.915510000000000384e-04
3.537000000000000000e+03 6.512269999999999908e-04
3.542000000000000000e+03 5.358529999999999804e-04
3.547000000000000000e+03 4.415840000000000195e-04
3.552000000000000000e+03 3.611880000000000255e-04
3.557000000000000000e+03 2.982850000000000215e-04
3.562000000000000000e+03 2.392489999999999992e-04
3.567000000000000000e+03 1.910249999999999947e-04
3.572000000000000000e+03 1.560669999999999950e-04
3.577000000000000000e+03 1.242759999999999872e-04
3.582000000000000000e+03 9.742809999999999643e-05
3.587000000000000000e+03 7.821220000000000310e-05
3.592000000000000000e+03 6.561839999999999503e-05
3.597000000000000000e+03 5.538000000000000171e-05
3.602000000000000000e+03 4.720920000000000194e-05
3.607000000000000000e+03 4.132800000000000140e-05
3.612000000000000000e+03 3.634090000000000302e-05
3.617000000000000000e+03 3.282849999999999917e-05
3.622000000000000000e+03 3.010050000000000090e-05
3.627000000000000000e+03 2.809480000000000077e-05
3.632000000000000000e+03 2.668720000000000090e-05
3.637000000000000000e+03 2.555059999999999894e-05
3.642000000000000000e+03 2.492009999999999880e-05
3.647000000000000000e+03 2.446680000000000095e-05
3.652000000000000000e+03 2.416019999999999951e-05
3.657000000000000000e+03 2.374439999999999919e-05
3.662000000000000000e+03 2.331479999999999910e-05
3.667000000000000000e+03 2.270639999999999998e-05
3.672000000000000000e+03 2.204129999999999851e-05
3.677000000000000000e+03 2.134129999999999843e-05
3.682000000000000000e+03 2.025079999999999930e-05
3.687000000000000000e+03 1.923930000000000060e-05
3.692000000000000000e+03 1.853529999999999853e-05
3.697000000000000000e+03 1.810220000000000093e-05
3.702000000000000000e+03 1.758809999999999852e-05
3.707000000000000000e+03 1.717640000000000041e-05
3.712000000000000000e+03 1.684760000000000112e-05
3.717000000000000000e+03 1.651789999999999986e-05
3.722000000000000000e+03 1.618239999999999943e-05
3.727000000000000000e+03 1.569810000000000137e-05
3.732000000000000000e+03 1.518540000000000033e-05
3.737000000000000000e+03 1.465870000000000078e-05
3.742000000000000000e+03 1.421759999999999920e-05
3.747000000000000000e+03 1.384309999999999965e-05
3.752000000000000000e+03 1.363500000000000074e-05
3.757000000000000000e+03 1.354520000000000035e-05
3.762000000000000000e+03 1.351580000000000026e-05
3.767000000000000000e+03 1.356809999999999974e-05
3.772000000000000000e+03 1.364500000000000065e-05
3.777000000000000000e+03 1.380100000000000051e-05
3.782000000000000000e+03 1.396199999999999948e-05
3.787000000000000000e+03 1.410380000000000039e-05
3.792000000000000000e+03 1.424009999999999941e-05
3.797000000000000000e+03 1.436030000000000039e-05
3.802000000000000000e+03 1.446719999999999931e-05
3.807000000000000000e+03 1.459489999999999980e-05
3.812000000000000000e+03 1.473640000000000006e-05
3.817000000000000000e+03 1.495350000000000006e-05
3.822000000000000000e+03 1.517770000000000039e-05
3.827000000000000000e+03 1.537589999999999961e-05
3.832000000000000000e+03 1.553850000000000039e-05
3.837000000000000000e+03 1.576600000000000118e-05
3.842000000000000000e+03 1.604120000000000152e-05
3.847000000000000000e+03 1.629750000000000109e-05
3.852000000000000000e+03 1.651560000000000159e-05
3.857000000000000000e+03 1.671430000000000021e-05
3.862000000000000000e+03 1.697100000000000065e-05
3.867000000000000000e+03 1.723570000000000169e-05
3.872000000000000000e+03 1.752019999999999871e-05
3.877000000000000000e+03 1.772779999999999991e-05
3.882000000000000000e+03 1.791249999999999833e-05
3.887000000000000000e+03 1.801299999999999847e-05
3.892000000000000000e+03 1.797220000000000049e-05
3.897000000000000000e+03 1.790120000000000066e-05
3.902000000000000000e+03 1.783219999999999844e-05
3.907000000000000000e+03 1.776210000000000058e-05
3.912000000000000000e+03 1.765900000000000152e-05
3.917000000000000000e+03 1.751849999999999837e-05
3.922000000000000000e+03 1.739920000000000106e-05
3.927000000000000000e+03 1.737770000000000135e-05
3.932000000000000000e+03 1.731459999999999851e-05
3.937000000000000000e+03 1.725649999999999987e-05
3.942000000000000000e+03 1.723100000000000155e-05
3.947000000000000000e+03 1.723980000000000052e-05
3.952000000000000000e+03 1.694079999999999881e-05
3.957000000000000000e+03 1.487480000000000029e-05
3.962000000000000000e+03 1.301290000000000038e-05
3.967000000000000000e+03 1.163910000000000008e-05
3.972000000000000000e+03 8.589200000000000705e-06
3.977000000000000000e+03 5.283429999999999659e-06
3.982000000000000000e+03 3.706920000000000162e-06
3.987000000000000000e+03 3.663930000000000172e-06
3.992000000000000000e+03 3.659549999999999970e-06
3.997000000000000000e+03 3.655049999999999844e-06
4.002000000000000000e+03 3.650169999999999816e-06
4.007000000000000000e+03 3.646139999999999958e-06
4.012000000000000000e+03 3.688529999999999903e-06
4.017000000000000000e+03 3.756499999999999948e-06
4.022000000000000000e+03 3.833010000000000254e-06
4.027000000000000000e+03 3.935060000000000403e-06
4.032000000000000000e+03 4.046509999999999989e-06
4.037000000000000000e+03 4.183629999999999618e-06
4.042000000000000000e+03 4.322760000000000097e-06
4.047000000000000000e+03 4.473290000000000161e-06
4.052000000000000000e+03 4.629050000000000174e-06
4.057000000000000000e+03 4.782879999999999852e-06
4.062000000000000000e+03 4.909830000000000390e-06
4.067000000000000000e+03 5.028479999999999669e-06
4.072000000000000000e+03 5.120060000000000069e-06
4.077000000000000000e+03 5.166730000000000420e-06
4.082000000000000000e+03 5.201579999999999756e-06
4.087000000000000000e+03 5.171290000000000085e-06
4.092000000000000000e+03 5.126490000000000108e-06
4.097000000000000000e+03 5.087929999999999582e-06
4.102000000000000000e+03 5.080550000000000002e-06
4.107000000000000000e+03 5.061049999999999596e-06
4.112000000000000000e+03 5.018879999999999795e-06
4.117000000000000000e+03 4.978420000000000185e-06
4.122000000000000000e+03 4.963869999999999622e-06
4.127000000000000000e+03 4.956640000000000370e-06
4.132000000000000000e+03 4.949389999999999720e-06
4.137000000000000000e+03 4.941969999999999882e-06
4.142000000000000000e+03 4.934540000000000192e-06
4.147000000000000000e+03 4.927140000000000060e-06
4.152000000000000000e+03 4.919759999999999632e-06
4.157000000000000000e+03 4.912329999999999942e-06
4.162000000000000000e+03 4.904819999999999738e-06
4.167000000000000000e+03 4.897310000000000381e-06
4.172000000000000000e+03 4.889829999999999734e-06
4.177000000000000000e+03 4.882349999999999935e-06
4.182000000000000000e+03 4.893209999999999861e-06
4.187000000000000000e+03 4.952649999999999922e-06
4.192000000000000000e+03 5.012260000000000017e-06
4.197000000000000000e+03 5.026909999999999953e-06
4.202000000000000000e+03 5.024749999999999621e-06
4.207000000000000000e+03 5.051600000000000051e-06
4.212000000000000000e+03 5.114600000000000125e-06
4.217000000000000000e+03 5.168920000000000310e-06
4.222000000000000000e+03 5.150919999999999804e-06
4.227000000000000000e+03 5.116129999999999583e-06
4.232000000000000000e+03 5.123069999999999724e-06
4.237000000000000000e+03 5.185509999999999587e-06
4.242000000000000000e+03 5.244840000000000423e-06
4.247000000000000000e+03 5.304820000000000143e-06
4.252000000000000000e+03 5.368239999999999953e-06
4.257000000000000000e+03 5.441999999999999735e-06
4.262000000000000000e+03 5.513460000000000402e-06
4.267000000000000000e+03 5.593059999999999606e-06
4.272000000000000000e+03 5.710279999999999646e-06
4.277000000000000000e+03 5.831840000000000054e-06
4.282000000000000000e+03 5.905920000000000199e-06
4.287000000000000000e+03 5.945509999999999933e-06
4.292000000000000000e+03 5.992049999999999661e-06
4.297000000000000000e+03 6.060719999999999970e-06
4.302000000000000000e+03 6.129779999999999611e-06
4.307000000000000000e+03 6.154469999999999708e-06
4.312000000000000000e+03 6.157430000000000100e-06
4.317000000000000000e+03 6.185349999999999995e-06
4.322000000000000000e+03 6.290720000000000309e-06
4.327000000000000000e+03 6.399570000000000123e-06
4.332000000000000000e+03 6.473229999999999685e-06
4.337000000000000000e+03 6.532549999999999822e-06
4.342000000000000000e+03 6.599679999999999974e-06
4.347000000000000000e+03 6.675370000000000091e-06
4.352000000000000000e+03 6.753750000000000347e-06
4.357000000000000000e+03 6.891059999999999715e-06
4.362000000000000000e+03 7.049040000000000022e-06
4.367000000000000000e+03 7.188279999999999725e-06
4.372000000000000000e+03 7.295569999999999676e-06
4.377000000000000000e+03 7.399219999999999945e-06
4.382000000000000000e+03 7.462940000000000413e-06
4.387000000000000000e+03 7.515040000000000304e-06
4.392000000000000000e+03 7.569850000000000038e-06
4.397000000000000000e+03 7.629379999999999619e-06
4.402000000000000000e+03 7.682490000000000708e-06
4.407000000000000000e+03 7.691219999999999860e-06
4.412000000000000000e+03 7.691939999999999406e-06
4.417000000000000000e+03 7.721790000000000484e-06
4.422000000000000000e+03 7.780399999999999233e-06
4.427000000000000000e+03 7.843070000000000786e-06
4.432000000000000000e+03 7.926359999999999781e-06
4.437000000000000000e+03 8.012430000000000127e-06
4.442000000000000000e+03 8.111709999999999624e-06
4.447000000000000000e+03 8.221520000000000526e-06
4.452000000000000000e+03 8.321770000000000116e-06
4.457000000000000000e+03 8.387710000000000031e-06
4.462000000000000000e+03 8.451469999999999908e-06
4.467000000000000000e+03 8.554579999999999671e-06
4.472000000000000000e+03 8.679049999999999515e-06
4.477000000000000000e+03 8.789599999999999667e-06
4.482000000000000000e+03 8.855269999999999328e-06
4.487000000000000000e+03 8.918230000000000840e-06
4.492000000000000000e+03 9.004369999999999307e-06
4.497000000000000000e+03 9.102669999999999704e-06
4.502000000000000000e+03 9.216729999999999761e-06
4.507000000000000000e+03 9.361210000000000112e-06
4.512000000000000000e+03 9.502769999999999482e-06
4.517000000000000000e+03 9.594420000000000544e-06
4.522000000000000000e+03 9.671060000000000203e-06
4.527000000000000000e+03 9.755260000000000176e-06
4.532000000000000000e+03 9.859359999999999739e-06
4.537000000000000000e+03 9.968309999999999771e-06
4.542000000000000000e+03 1.009739999999999924e-05
4.547000000000000000e+03 1.022770000000000035e-05
4.552000000000000000e+03 1.034329999999999972e-05
4.557000000000000000e+03 1.044049999999999940e-05
4.562000000000000000e+03 1.053559999999999955e-05
4.567000000000000000e+03 1.062849999999999997e-05
4.572000000000000000e+03 1.072429999999999997e-05
4.577000000000000000e+03 1.084599999999999916e-05
4.582000000000000000e+03 1.098570000000000055e-05
4.587000000000000000e+03 1.111909999999999998e-05
4.592000000000000000e+03 1.121810000000000022e-05
4.597000000000000000e+03 1.131160000000000025e-05
4.602000000000000000e+03 1.145279999999999985e-05
4.607000000000000000e+03 1.163439999999999994e-05
4.612000000000000000e+03 1.182049999999999974e-05
4.617000000000000000e+03 1.201569999999999915e-05
4.622000000000000000e+03 1.220989999999999977e-05
4.627000000000000000e+03 1.241619999999999981e-05
4.632000000000000000e+03 1.263769999999999930e-05
4.637000000000000000e+03 1.285220000000000038e-05
4.642000000000000000e+03 1.305540000000000040e-05
4.647000000000000000e+03 1.325710000000000052e-05
4.652000000000000000e+03 1.341579999999999952e-05
4.657000000000000000e+03 1.355850000000000071e-05
4.662000000000000000e+03 1.327700000000000011e-05
4.667000000000000000e+03 1.216259999999999939e-05
4.672000000000000000e+03 1.112460000000000018e-05
4.677000000000000000e+03 1.121500000000000020e-05
4.682000000000000000e+03 1.161390000000000073e-05
4.687000000000000000e+03 1.175009999999999953e-05
4.692000000000000000e+03 1.119529999999999935e-05
4.697000000000000000e+03 1.066960000000000030e-05
4.702000000000000000e+03 1.123140000000000058e-05
4.707000000000000000e+03 1.221880000000000065e-05
4.712000000000000000e+03 1.309950000000000053e-05
4.717000000000000000e+03 1.376940000000000068e-05
4.722000000000000000e+03 1.434669999999999937e-05
4.727000000000000000e+03 1.468780000000000022e-05
4.732000000000000000e+03 1.509379999999999938e-05
4.737000000000000000e+03 1.544790000000000163e-05
4.742000000000000000e+03 1.572459999999999849e-05
4.747000000000000000e+03 1.521119999999999931e-05
4.752000000000000000e+03 1.129739999999999961e-05
4.757000000000000000e+03 6.983239999999999737e-06
4.762000000000000000e+03 5.384830000000000077e-06
4.767000000000000000e+03 5.358460000000000192e-06
4.772000000000000000e+03 5.254050000000000120e-06
4.777000000000000000e+03 3.642620000000000202e-06
4.782000000000000000e+03 1.489390000000000024e-06
4.787000000000000000e+03 3.948989999999999947e-08
