3.747500000000000000e+03 0.000000000000000000e+00
3.755500000000000000e+03 5.114370000000000129e-06
3.763500000000000000e+03 3.289740000000000117e-05
3.771500000000000000e+03 6.152130000000000337e-05
3.779500000000000000e+03 8.421839999999999990e-05
3.787500000000000000e+03 1.047869999999999981e-04
3.795500000000000000e+03 1.146590000000000012e-04
3.803500000000000000e+03 1.163240000000000064e-04
3.811500000000000000e+03 1.163340000000000012e-04
3.819500000000000000e+03 1.254209999999999906e-04
3.827500000000000000e+03 1.468469999999999986e-04
3.835500000000000000e+03 1.597120000000000050e-04
3.843500000000000000e+03 1.632310000000000098e-04
3.851500000000000000e+03 1.675769999999999983e-04
3.859500000000000000e+03 1.711539999999999947e-04
3.867500000000000000e+03 1.737060000000000069e-04
3.875500000000000000e+03 1.765799999999999933e-04
3.883500000000000000e+03 1.798369999999999927e-04
3.891500000000000000e+03 1.822969999999999929e-04
3.899500000000000000e+03 1.845469999999999934e-04
3.907500000000000000e+03 1.865760000000000107e-04
3.915500000000000000e+03 1.886470000000000117e-04
3.923500000000000000e+03 1.893850000000000036e-04
3.931500000000000000e+03 1.890849999999999964e-04
3.939500000000000000e+03 1.892220000000000121e-04
3.947500000000000000e+03 1.899070000000000098e-04
3.955500000000000000e+03 1.903270000000000092e-04
3.963500000000000000e+03 1.921729999999999912e-04
3.971500000000000000e+03 1.950490000000000090e-04
3.979500000000000000e+03 1.998369999999999910e-04
3.987500000000000000e+03 2.051920000000000100e-04
3.995500000000000000e+03 2.103060000000000021e-04
4.003500000000000000e+03 2.149610000000000041e-04
4.011500000000000000e+03 2.187249999999999904e-04
4.019500000000000000e+03 2.224890000000000038e-04
4.027500000000000000e+03 2.269820000000000030e-04
4.035500000000000000e+03 2.311849999999999897e-04
4.043500000000000000e+03 2.352850000000000080e-04
4.051500000000000000e+03 2.385420000000000075e-04
4.059500000000000000e+03 2.406590000000000010e-04
4.067500000000000000e+03 2.427399999999999968e-04
4.075500000000000000e+03 2.456180000000000190e-04
4.083500000000000000e+03 2.508629999999999866e-04
4.091500000000000000e+03 2.575009999999999864e-04
4.099500000000000000e+03 2.651460000000000123e-04
4.107500000000000000e+03 2.732449999999999766e-04
4.115500000000000000e+03 2.816119999999999865e-04
4.123500000000000000e+03 2.887809999999999986e-04
4.131500000000000000e+03 2.955489999999999853e-04
4.139500000000000000e+03 3.000160000000000088e-04
4.147500000000000000e+03 3.043559999999999842e-04
4.155500000000000000e+03 3.069600000000000019e-04
4.163500000000000000e+03 3.104529999999999768e-04
4.171500000000000000e+03 3.153520000000000260e-04
4.179500000000000000e+03 3.219890000000000100e-04
4.187500000000000000e+03 3.297390000000000087e-04
4.195500000000000000e+03 3.374960000000000091e-04
4.203500000000000000e+03 3.446869999999999882e-04
4.211500000000000000e+03 3.510769999999999863e-04
4.219500000000000000e+03 3.575799999999999747e-04
4.227500000000000000e+03 3.651160000000000191e-04
4.235500000000000000e+03 3.742719999999999836e-04
4.243500000000000000e+03 3.843729999999999738e-04
4.251500000000000000e+03 3.946549999999999950e-04
4.259500000000000000e+03 4.048069999999999750e-04
4.267500000000000000e+03 4.167090000000000247e-04
4.275500000000000000e+03 4.291179999999999799e-04
4.283500000000000000e+03 4.413400000000000266e-04
4.291500000000000000e+03 4.546090000000000244e-04
4.299500000000000000e+03 4.684040000000000100e-04
4.307500000000000000e+03 4.812199999999999768e-04
4.315500000000000000e+03 4.928419999999999546e-04
4.323500000000000000e+03 5.032889999999999716e-04
4.331500000000000000e+03 5.132500000000000343e-04
4.339500000000000000e+03 5.256079999999999997e-04
4.347500000000000000e+03 5.382149999999999825e-04
4.355500000000000000e+03 5.519420000000000359e-04
4.363500000000000000e+03 5.666479999999999998e-04
4.371500000000000000e+03 5.826269999999999496e-04
4.379500000000000000e+03 5.870870000000000255e-04
4.387500000000000000e+03 5.727399999999999679e-04
4.395500000000000000e+03 5.636210000000000438e-04
4.403500000000000000e+03 5.524660000000000465e-04
4.411500000000000000e+03 5.521880000000000061e-04
4.419500000000000000e+03 5.662570000000000233e-04
4.427500000000000000e+03 6.121300000000000092e-04
4.435500000000000000e+03 6.691410000000000500e-04
4.443500000000000000e+03 7.299649999999999542e-04
4.451500000000000000e+03 7.841900000000000389e-04
4.459500000000000000e+03 8.207579999999999910e-04
4.467500000000000000e+03 8.599989999999999631e-04
4.475500000000000000e+03 8.989440000000000451e-04
4.483500000000000000e+03 9.463549999999999610e-04
4.491500000000000000e+03 1.000749999999999904e-03
4.499500000000000000e+03 1.073940000000000007e-03
4.507500000000000000e+03 1.155390000000000063e-03
4.515500000000000000e+03 1.239539999999999913e-03
4.523500000000000000e+03 1.328390000000000040e-03
4.531500000000000000e+03 1.427810000000000060e-03
4.539500000000000000e+03 1.536330000000000031e-03
4.547500000000000000e+03 1.660250000000000050e-03
4.555500000000000000e+03 1.802900000000000075e-03
4.563500000000000000e+03 1.975049999999999896e-03
4.571500000000000000e+03 2.259450000000000087e-03
4.579500000000000000e+03 2.663330000000000211e-03
4.587500000000000000e+03 3.079580000000000164e-03
4.595500000000000000e+03 3.495170000000000134e-03
4.603500000000000000e+03 4.174230000000000128e-03
4.611500000000000000e+03 5.061089999999999860e-03
4.619500000000000000e+03 5.914220000000000414e-03
4.627500000000000000e+03 6.735640000000000203e-03
4.635500000000000000e+03 7.698319999999999816e-03
4.643500000000000000e+03 8.878350000000000131e-03
4.651500000000000000e+03 1.027710000000000082e-02
4.659500000000000000e+03 1.200949999999999934e-02
4.667500000000000000e+03 1.404719999999999927e-02
4.675500000000000000e+03 1.666240000000000082e-02
4.683500000000000000e+03 1.975640000000000035e-02
4.691500000000000000e+03 2.363950000000000079e-02
4.699500000000000000e+03 2.839360000000000148e-02
4.707500000000000000e+03 3.435900000000000065e-02
4.715500000000000000e+03 4.198489999999999861e-02
4.723500000000000000e+03 5.140310000000000018e-02
4.731500000000000000e+03 6.354619999999999713e-02
4.739500000000000000e+03 7.816019999999999912e-02
4.747500000000000000e+03 9.668910000000000005e-02
4.755500000000000000e+03 1.182890000000000053e-01
4.763500000000000000e+03 1.447219999999999895e-01
4.771500000000000000e+03 1.747049999999999992e-01
4.779500000000000000e+03 2.097390000000000088e-01
4.787500000000000000e+03 2.474709999999999965e-01
4.795500000000000000e+03 2.891170000000000129e-01
4.803500000000000000e+03 3.318130000000000246e-01
4.811500000000000000e+03 3.763690000000000091e-01
4.819500000000000000e+03 4.203200000000000269e-01
4.827500000000000000e+03 4.640509999999999913e-01
4.835500000000000000e+03 5.057920000000000194e-01
4.843500000000000000e+03 5.476940000000000142e-01
4.851500000000000000e+03 5.888989999999999503e-01
4.859500000000000000e+03 6.297909999999999897e-01
4.867500000000000000e+03 6.699979999999999825e-01
4.875500000000000000e+03 7.072119999999999518e-01
4.883500000000000000e+03 7.404530000000000278e-01
4.891500000000000000e+03 7.699570000000000025e-01
4.899500000000000000e+03 7.961709999999999621e-01
4.907500000000000000e+03 8.222329999999999917e-01
4.915500000000000000e+03 8.460100000000000398e-01
4.923500000000000000e+03 8.693490000000000384e-01
4.931500000000000000e+03 8.913510000000000044e-01
4.939500000000000000e+03 9.111839999999999939e-01
4.947500000000000000e+03 9.271829999999999794e-01
4.955500000000000000e+03 9.359969999999999679e-01
4.963500000000000000e+03 9.420619999999999550e-01
4.971500000000000000e+03 9.501600000000000046e-01
4.979500000000000000e+03 9.576890000000000125e-01
4.987500000000000000e+03 9.632859999999999756e-01
4.995500000000000000e+03 9.652800000000000269e-01
5.003500000000000000e+03 9.599630000000000107e-01
5.011500000000000000e+03 9.544249999999999678e-01
5.019500000000000000e+03 9.512380000000000280e-01
5.027500000000000000e+03 9.475130000000000496e-01
5.035500000000000000e+03 9.444860000000000477e-01
5.043500000000000000e+03 9.397510000000000030e-01
5.051500000000000000e+03 9.338279999999999914e-01
5.059500000000000000e+03 9.272810000000000219e-01
5.067500000000000000e+03 9.204139999999999544e-01
5.075500000000000000e+03 9.140179999999999971e-01
5.083500000000000000e+03 9.100479999999999681e-01
5.091500000000000000e+03 9.088659999999999517e-01
5.099500000000000000e+03 9.142599999999999616e-01
5.107500000000000000e+03 9.237720000000000375e-01
5.115500000000000000e+03 9.412190000000000278e-01
5.123500000000000000e+03 9.605029999999999957e-01
5.131500000000000000e+03 9.803190000000000515e-01
5.139500000000000000e+03 9.948139999999999761e-01
5.147500000000000000e+03 1.000000000000000000e+00
5.155500000000000000e+03 9.999160000000000270e-01
5.163500000000000000e+03 9.922440000000000149e-01
5.171500000000000000e+03 9.822659999999999725e-01
5.179500000000000000e+03 9.701030000000000486e-01
5.187500000000000000e+03 9.588919999999999666e-01
5.195500000000000000e+03 9.469619999999999704e-01
5.203500000000000000e+03 9.353770000000000140e-01
5.211500000000000000e+03 9.264769999999999950e-01
5.219500000000000000e+03 9.202630000000000532e-01
5.227500000000000000e+03 9.165820000000000078e-01
5.235500000000000000e+03 9.109819999999999585e-01
5.243500000000000000e+03 9.060540000000000260e-01
5.251500000000000000e+03 8.998000000000000442e-01
5.259500000000000000e+03 8.916220000000000256e-01
5.267500000000000000e+03 8.828399999999999581e-01
5.275500000000000000e+03 8.717439999999999634e-01
5.283500000000000000e+03 8.597489999999999855e-01
5.291500000000000000e+03 8.494249999999999856e-01
5.299500000000000000e+03 8.378529999999999589e-01
5.307500000000000000e+03 8.245149999999999979e-01
5.315500000000000000e+03 8.058910000000000240e-01
5.323500000000000000e+03 7.804619999999999891e-01
5.331500000000000000e+03 7.503450000000000397e-01
5.339500000000000000e+03 7.145139999999999825e-01
5.347500000000000000e+03 6.792380000000000084e-01
5.355500000000000000e+03 6.439949999999999841e-01
5.363500000000000000e+03 6.131910000000000416e-01
5.371500000000000000e+03 5.849450000000000482e-01
5.379500000000000000e+03 5.572890000000000343e-01
5.387500000000000000e+03 5.295530000000000515e-01
5.395500000000000000e+03 5.074959999999999471e-01
5.403500000000000000e+03 4.895220000000000127e-01
5.411500000000000000e+03 4.757879999999999887e-01
5.419500000000000000e+03 4.663610000000000255e-01
5.427500000000000000e+03 4.631689999999999974e-01
5.435500000000000000e+03 4.610799999999999899e-01
5.443500000000000000e+03 4.597640000000000060e-01
5.451500000000000000e+03 4.558610000000000162e-01
5.459500000000000000e+03 4.470129999999999937e-01
5.467500000000000000e+03 4.400530000000000275e-01
5.475500000000000000e+03 4.308259999999999867e-01
5.483500000000000000e+03 4.219709999999999850e-01
5.491500000000000000e+03 4.131449999999999845e-01
5.499500000000000000e+03 4.054630000000000178e-01
5.507500000000000000e+03 3.962649999999999784e-01
5.515500000000000000e+03 3.883559999999999790e-01
5.523500000000000000e+03 3.797860000000000125e-01
5.531500000000000000e+03 3.704529999999999768e-01
5.539500000000000000e+03 3.600559999999999872e-01
5.547500000000000000e+03 3.496670000000000056e-01
5.555500000000000000e+03 3.443629999999999747e-01
5.563500000000000000e+03 3.410819999999999963e-01
5.571500000000000000e+03 3.384550000000000058e-01
5.579500000000000000e+03 3.364349999999999841e-01
5.587500000000000000e+03 3.340810000000000168e-01
5.595500000000000000e+03 3.317439999999999833e-01
5.603500000000000000e+03 3.284730000000000150e-01
5.611500000000000000e+03 3.226550000000000251e-01
5.619500000000000000e+03 3.159989999999999744e-01
5.627500000000000000e+03 3.080579999999999985e-01
5.635500000000000000e+03 2.989939999999999820e-01
5.643500000000000000e+03 2.908979999999999899e-01
5.651500000000000000e+03 2.821060000000000234e-01
5.659500000000000000e+03 2.718050000000000188e-01
5.667500000000000000e+03 2.602430000000000021e-01
5.675500000000000000e+03 2.481629999999999947e-01
5.683500000000000000e+03 2.354650000000000076e-01
5.691500000000000000e+03 2.229710000000000025e-01
5.699500000000000000e+03 2.100249999999999895e-01
5.707500000000000000e+03 1.965359999999999885e-01
5.715500000000000000e+03 1.828760000000000108e-01
5.723500000000000000e+03 1.693790000000000018e-01
5.731500000000000000e+03 1.570489999999999942e-01
5.739500000000000000e+03 1.459860000000000047e-01
5.747500000000000000e+03 1.359609999999999985e-01
5.755500000000000000e+03 1.269909999999999928e-01
5.763500000000000000e+03 1.189599999999999963e-01
5.771500000000000000e+03 1.117569999999999952e-01
5.779500000000000000e+03 1.049810000000000049e-01
5.787500000000000000e+03 9.885860000000000480e-02
5.795500000000000000e+03 9.314500000000000557e-02
5.803500000000000000e+03 8.779220000000000079e-02
5.811500000000000000e+03 8.263610000000000400e-02
5.819500000000000000e+03 7.765450000000000130e-02
5.827500000000000000e+03 7.276180000000000148e-02
5.835500000000000000e+03 6.793409999999999727e-02
5.843500000000000000e+03 6.322350000000000192e-02
5.851500000000000000e+03 5.856190000000000007e-02
5.859500000000000000e+03 5.395060000000000133e-02
5.867500000000000000e+03 4.938200000000000228e-02
5.875500000000000000e+03 4.485970000000000235e-02
5.883500000000000000e+03 4.055000000000000271e-02
5.891500000000000000e+03 3.638170000000000293e-02
5.899500000000000000e+03 3.108750000000000055e-02
5.907500000000000000e+03 2.534720000000000029e-02
5.915500000000000000e+03 2.170019999999999935e-02
5.923500000000000000e+03 1.822970000000000146e-02
5.931500000000000000e+03 1.461089999999999958e-02
5.939500000000000000e+03 1.226280000000000078e-02
5.947500000000000000e+03 9.921549999999999467e-03
5.955500000000000000e+03 8.347409999999999553e-03
5.963500000000000000e+03 7.281949999999999708e-03
5.971500000000000000e+03 6.228889999999999948e-03
5.979500000000000000e+03 5.285589999999999733e-03
5.987500000000000000e+03 4.402780000000000235e-03
5.995500000000000000e+03 2.835729999999999848e-03
6.003500000000000000e+03 8.453379999999999488e-04
6.011500000000000000e+03 1.641320000000000067e-05
