2.714500000000000000e+03 0.000000000000000000e+00
2.720500000000000000e+03 3.784109999999999862e-07
2.726500000000000000e+03 1.965670000000000104e-06
2.732500000000000000e+03 4.247319999999999680e-06
2.738500000000000000e+03 5.909329999999999883e-06
2.744500000000000000e+03 6.556619999999999746e-06
2.750500000000000000e+03 6.249679999999999937e-06
2.756500000000000000e+03 5.948689999999999622e-06
2.762500000000000000e+03 5.755709999999999650e-06
2.768500000000000000e+03 5.640640000000000089e-06
2.774500000000000000e+03 5.628829999999999774e-06
2.780500000000000000e+03 5.623259999999999758e-06
2.786500000000000000e+03 5.667539999999999781e-06
2.792500000000000000e+03 5.745560000000000264e-06
2.798500000000000000e+03 7.056500000000000116e-06
2.804500000000000000e+03 1.111119999999999960e-05
2.810500000000000000e+03 1.344659999999999929e-05
2.816500000000000000e+03 1.364550000000000005e-05
2.822500000000000000e+03 1.375700000000000059e-05
2.828500000000000000e+03 1.383769999999999967e-05
2.834500000000000000e+03 1.385960000000000025e-05
2.840500000000000000e+03 1.387569999999999998e-05
2.846500000000000000e+03 1.392060000000000018e-05
2.852500000000000000e+03 1.388019999999999968e-05
2.858500000000000000e+03 1.375860000000000071e-05
2.864500000000000000e+03 1.372670000000000022e-05
2.870500000000000000e+03 1.386110000000000015e-05
2.876500000000000000e+03 1.385350000000000043e-05
2.882500000000000000e+03 1.381700000000000002e-05
2.888500000000000000e+03 1.396829999999999974e-05
2.894500000000000000e+03 1.412209999999999986e-05
2.900500000000000000e+03 1.414880000000000080e-05
2.906500000000000000e+03 1.414860000000000037e-05
2.912500000000000000e+03 1.412080000000000040e-05
2.918500000000000000e+03 1.409230000000000058e-05
2.924500000000000000e+03 1.406339999999999989e-05
2.930500000000000000e+03 1.402410000000000012e-05
2.936500000000000000e+03 1.398630000000000024e-05
2.942500000000000000e+03 1.399630000000000015e-05
2.948500000000000000e+03 1.407799999999999972e-05
2.954500000000000000e+03 1.437989999999999932e-05
2.960500000000000000e+03 1.474440000000000066e-05
2.966500000000000000e+03 1.518480000000000071e-05
2.972500000000000000e+03 1.550419999999999972e-05
2.978500000000000000e+03 1.572169999999999891e-05
2.984500000000000000e+03 1.588879999999999939e-05
2.990500000000000000e+03 1.604649999999999959e-05
2.996500000000000000e+03 1.627850000000000008e-05
3.002500000000000000e+03 1.647360000000000098e-05
3.008500000000000000e+03 1.650369999999999921e-05
3.014500000000000000e+03 1.650539999999999955e-05
3.020500000000000000e+03 1.648150000000000136e-05
3.026500000000000000e+03 1.654800000000000148e-05
3.032500000000000000e+03 1.669280000000000050e-05
3.038500000000000000e+03 1.706759999999999902e-05
3.044500000000000000e+03 1.752839999999999975e-05
3.050500000000000000e+03 1.800829999999999833e-05
3.056500000000000000e+03 1.855879999999999924e-05
3.062500000000000000e+03 1.926760000000000167e-05
3.068500000000000000e+03 1.994420000000000126e-05
3.074500000000000000e+03 2.053300000000000145e-05
3.080500000000000000e+03 2.090309999999999982e-05
3.086500000000000000e+03 2.108369999999999941e-05
3.092500000000000000e+03 2.121710000000000054e-05
3.098500000000000000e+03 2.144010000000000162e-05
3.104500000000000000e+03 2.203269999999999998e-05
3.110500000000000000e+03 2.279050000000000143e-05
3.116500000000000000e+03 2.363260000000000138e-05
3.122500000000000000e+03 2.442919999999999982e-05
3.128500000000000000e+03 2.518060000000000079e-05
3.134500000000000000e+03 2.598619999999999863e-05
3.140500000000000000e+03 2.683380000000000048e-05
3.146500000000000000e+03 2.788790000000000111e-05
3.152500000000000000e+03 2.898610000000000018e-05
3.158500000000000000e+03 3.012939999999999989e-05
3.164500000000000000e+03 3.129340000000000095e-05
3.170500000000000000e+03 3.253680000000000331e-05
3.176500000000000000e+03 3.403949999999999825e-05
3.182500000000000000e+03 3.591779999999999685e-05
3.188500000000000000e+03 3.768770000000000171e-05
3.194500000000000000e+03 3.960779999999999710e-05
3.200500000000000000e+03 4.175959999999999910e-05
3.206500000000000000e+03 4.417760000000000203e-05
3.212500000000000000e+03 4.671919999999999816e-05
3.218500000000000000e+03 4.942289999999999737e-05
3.224500000000000000e+03 5.226550000000000298e-05
3.230500000000000000e+03 5.551960000000000288e-05
3.236500000000000000e+03 5.936320000000000111e-05
3.242500000000000000e+03 6.370660000000000428e-05
3.248500000000000000e+03 6.872090000000000132e-05
3.254500000000000000e+03 7.404069999999999738e-05
3.260500000000000000e+03 7.951839999999999408e-05
3.266500000000000000e+03 8.255140000000000383e-05
3.272500000000000000e+03 8.771030000000000623e-05
3.278500000000000000e+03 9.546980000000000537e-05
3.284500000000000000e+03 1.060529999999999958e-04
3.290500000000000000e+03 1.445379999999999907e-04
3.296500000000000000e+03 3.037219999999999764e-04
3.302500000000000000e+03 4.797840000000000264e-04
3.308500000000000000e+03 6.696490000000000255e-04
3.314500000000000000e+03 8.897889999999999879e-04
3.320500000000000000e+03 1.259310000000000030e-03
3.326500000000000000e+03 1.670169999999999901e-03
3.332500000000000000e+03 2.196930000000000150e-03
3.338500000000000000e+03 2.753740000000000181e-03
3.344500000000000000e+03 3.381079999999999849e-03
3.350500000000000000e+03 4.039369999999999593e-03
3.356500000000000000e+03 4.794470000000000329e-03
3.362500000000000000e+03 5.583010000000000229e-03
3.368500000000000000e+03 6.447289999999999618e-03
3.374500000000000000e+03 7.342640000000000104e-03
3.380500000000000000e+03 8.364689999999999279e-03
3.386500000000000000e+03 9.450079999999999592e-03
3.392500000000000000e+03 1.075369999999999972e-02
3.398500000000000000e+03 1.215530000000000083e-02
3.404500000000000000e+03 1.377139999999999961e-02
3.410500000000000000e+03 1.551179999999999920e-02
3.416500000000000000e+03 1.743199999999999958e-02
3.422500000000000000e+03 1.952979999999999994e-02
3.428500000000000000e+03 2.180090000000000153e-02
3.434500000000000000e+03 2.431780000000000053e-02
3.440500000000000000e+03 2.694260000000000058e-02
3.446500000000000000e+03 2.982809999999999975e-02
3.452500000000000000e+03 3.273369999999999752e-02
3.458500000000000000e+03 3.588949999999999779e-02
3.464500000000000000e+03 3.903670000000000057e-02
3.470500000000000000e+03 4.235730000000000051e-02
3.476500000000000000e+03 4.568259999999999682e-02
3.482500000000000000e+03 4.906869999999999982e-02
3.488500000000000000e+03 5.244109999999999744e-02
3.494500000000000000e+03 5.576450000000000157e-02
3.500500000000000000e+03 5.910699999999999982e-02
3.506500000000000000e+03 6.231060000000000071e-02
3.512500000000000000e+03 6.560920000000000640e-02
3.518500000000000000e+03 6.869110000000000493e-02
3.524500000000000000e+03 7.186410000000000020e-02
3.530500000000000000e+03 7.479260000000000075e-02
3.536500000000000000e+03 7.777480000000000504e-02
3.542500000000000000e+03 8.046799999999999786e-02
3.548500000000000000e+03 8.305980000000000307e-02
3.554500000000000000e+03 8.527529999999999832e-02
3.560500000000000000e+03 8.719540000000000624e-02
3.566500000000000000e+03 8.912340000000000539e-02
3.572500000000000000e+03 9.095240000000000269e-02
3.578500000000000000e+03 9.295770000000000421e-02
3.584500000000000000e+03 9.507540000000000435e-02
3.590500000000000000e+03 9.687129999999999352e-02
3.596500000000000000e+03 9.827519999999999312e-02
3.602500000000000000e+03 9.918570000000000164e-02
3.608500000000000000e+03 9.965820000000000234e-02
3.614500000000000000e+03 9.992750000000000243e-02
3.620500000000000000e+03 9.991339999999999943e-02
3.626500000000000000e+03 9.987169999999999381e-02
3.632500000000000000e+03 9.995089999999999530e-02
3.638500000000000000e+03 1.001149999999999957e-01
3.644500000000000000e+03 1.004440000000000055e-01
3.650500000000000000e+03 1.008460000000000051e-01
3.656500000000000000e+03 1.012539999999999968e-01
3.662500000000000000e+03 1.018509999999999971e-01
3.668500000000000000e+03 1.029550000000000048e-01
3.674500000000000000e+03 1.047190000000000065e-01
3.680500000000000000e+03 1.077400000000000024e-01
3.686500000000000000e+03 1.132200000000000012e-01
3.692500000000000000e+03 1.228080000000000005e-01
3.698500000000000000e+03 1.397069999999999979e-01
3.704500000000000000e+03 1.673280000000000045e-01
3.710500000000000000e+03 2.104930000000000134e-01
3.716500000000000000e+03 2.732010000000000272e-01
3.722500000000000000e+03 3.539950000000000041e-01
3.728500000000000000e+03 4.523519999999999763e-01
3.734500000000000000e+03 5.560159999999999547e-01
3.740500000000000000e+03 6.580799999999999983e-01
3.746500000000000000e+03 7.469160000000000244e-01
3.752500000000000000e+03 8.168100000000000360e-01
3.758500000000000000e+03 8.657730000000000148e-01
3.764500000000000000e+03 8.971109999999999918e-01
3.770500000000000000e+03 9.174069999999999725e-01
3.776500000000000000e+03 9.308959999999999457e-01
3.782500000000000000e+03 9.417259999999999520e-01
3.788500000000000000e+03 9.531730000000000480e-01
3.794500000000000000e+03 9.660029999999999450e-01
3.800500000000000000e+03 9.764190000000000369e-01
3.806500000000000000e+03 9.853819999999999801e-01
3.812500000000000000e+03 9.925159999999999538e-01
3.818500000000000000e+03 9.980320000000000302e-01
3.824500000000000000e+03 1.000000000000000000e+00
3.830500000000000000e+03 9.992199999999999971e-01
3.836500000000000000e+03 9.981039999999999912e-01
3.842500000000000000e+03 9.970529999999999671e-01
3.848500000000000000e+03 9.981700000000000017e-01
3.854500000000000000e+03 9.987449999999999939e-01
3.860500000000000000e+03 9.958479999999999555e-01
3.866500000000000000e+03 9.896019999999999817e-01
3.872500000000000000e+03 9.755359999999999587e-01
3.878500000000000000e+03 9.516729999999999912e-01
3.884500000000000000e+03 9.139620000000000521e-01
3.890500000000000000e+03 8.587380000000000013e-01
3.896500000000000000e+03 7.867189999999999461e-01
3.902500000000000000e+03 6.967609999999999637e-01
3.908500000000000000e+03 5.987660000000000204e-01
3.914500000000000000e+03 4.984230000000000049e-01
3.920500000000000000e+03 4.049590000000000134e-01
3.926500000000000000e+03 3.241100000000000092e-01
3.932500000000000000e+03 2.535419999999999896e-01
3.938500000000000000e+03 2.008429999999999938e-01
3.944500000000000000e+03 1.604200000000000070e-01
3.950500000000000000e+03 1.332750000000000046e-01
3.956500000000000000e+03 1.149740000000000067e-01
3.962500000000000000e+03 1.030810000000000060e-01
3.968500000000000000e+03 9.543379999999999919e-02
3.974500000000000000e+03 9.014129999999999365e-02
3.980500000000000000e+03 8.731600000000000472e-02
3.986500000000000000e+03 8.521720000000000683e-02
3.992500000000000000e+03 8.392729999999999635e-02
3.998500000000000000e+03 8.266709999999999336e-02
4.004500000000000000e+03 8.124950000000000228e-02
4.010500000000000000e+03 7.952729999999999522e-02
4.016500000000000000e+03 7.797419999999999352e-02
4.022500000000000000e+03 7.660799999999999554e-02
4.028500000000000000e+03 7.549680000000000279e-02
4.034500000000000000e+03 7.463440000000000352e-02
4.040500000000000000e+03 7.439020000000000354e-02
4.046500000000000000e+03 7.417390000000000094e-02
4.052500000000000000e+03 7.378260000000000374e-02
4.058500000000000000e+03 7.316440000000000443e-02
4.064500000000000000e+03 7.215639999999999554e-02
4.070500000000000000e+03 7.148599999999999399e-02
4.076500000000000000e+03 7.102060000000000317e-02
4.082500000000000000e+03 7.055229999999999835e-02
4.088500000000000000e+03 7.005970000000000253e-02
4.094500000000000000e+03 6.950820000000000609e-02
4.100500000000000000e+03 6.887540000000000329e-02
4.106500000000000000e+03 6.802329999999999488e-02
4.112500000000000000e+03 6.716320000000000623e-02
4.118500000000000000e+03 6.629110000000000558e-02
4.124500000000000000e+03 6.540500000000000480e-02
4.130500000000000000e+03 6.451250000000000040e-02
4.136500000000000000e+03 6.381009999999999460e-02
4.142500000000000000e+03 6.318410000000000692e-02
4.148500000000000000e+03 6.218309999999999810e-02
4.154500000000000000e+03 6.102919999999999873e-02
4.160500000000000000e+03 5.969599999999999906e-02
4.166500000000000000e+03 5.816980000000000067e-02
4.172500000000000000e+03 5.658610000000000029e-02
4.178500000000000000e+03 5.464009999999999700e-02
4.184500000000000000e+03 5.252570000000000155e-02
4.190500000000000000e+03 4.999830000000000246e-02
4.196500000000000000e+03 4.733400000000000107e-02
4.202500000000000000e+03 4.450400000000000189e-02
4.208500000000000000e+03 4.157820000000000266e-02
4.214500000000000000e+03 3.855920000000000181e-02
4.220500000000000000e+03 3.546269999999999978e-02
4.226500000000000000e+03 3.244969999999999799e-02
4.232500000000000000e+03 2.934909999999999949e-02
4.238500000000000000e+03 2.641769999999999882e-02
4.244500000000000000e+03 2.350369999999999890e-02
4.250500000000000000e+03 2.085930000000000076e-02
4.256500000000000000e+03 1.835279999999999898e-02
4.262500000000000000e+03 1.608690000000000120e-02
4.268500000000000000e+03 1.406010000000000072e-02
4.274500000000000000e+03 1.223229999999999977e-02
4.280500000000000000e+03 1.068090000000000012e-02
4.286500000000000000e+03 9.280530000000000376e-03
4.292500000000000000e+03 8.163010000000000058e-03
4.298500000000000000e+03 7.144610000000000023e-03
4.304500000000000000e+03 6.348269999999999608e-03
4.310500000000000000e+03 5.624589999999999625e-03
4.316500000000000000e+03 5.049650000000000145e-03
4.322500000000000000e+03 4.516290000000000061e-03
4.328500000000000000e+03 4.061770000000000137e-03
4.334500000000000000e+03 3.638510000000000182e-03
4.340500000000000000e+03 3.257550000000000116e-03
4.346500000000000000e+03 2.890540000000000036e-03
4.352500000000000000e+03 2.577579999999999889e-03
4.358500000000000000e+03 2.274809999999999940e-03
4.364500000000000000e+03 1.936950000000000000e-03
4.370500000000000000e+03 1.618599999999999987e-03
4.376500000000000000e+03 1.380600000000000056e-03
4.382500000000000000e+03 1.183880000000000002e-03
4.388500000000000000e+03 1.009850000000000071e-03
4.394500000000000000e+03 6.535210000000000064e-04
4.400500000000000000e+03 2.391220000000000053e-04
4.406500000000000000e+03 1.417769999999999946e-04
4.412500000000000000e+03 1.261169999999999989e-04
4.418500000000000000e+03 1.077450000000000060e-04
4.424500000000000000e+03 9.152060000000000598e-05
4.430500000000000000e+03 8.819489999999999817e-05
4.436500000000000000e+03 8.590880000000000662e-05
4.442500000000000000e+03 8.317299999999999802e-05
4.448500000000000000e+03 7.994909999999999658e-05
4.454500000000000000e+03 7.660560000000000394e-05
4.460500000000000000e+03 7.325219999999999637e-05
4.466500000000000000e+03 6.905180000000000183e-05
4.472500000000000000e+03 5.528100000000000147e-05
4.478500000000000000e+03 3.836249999999999735e-05
4.484500000000000000e+03 2.908540000000000108e-05
4.490500000000000000e+03 1.469609999999999978e-05
4.496500000000000000e+03 1.589090000000000103e-06
