1.149450000000000000e+04 0.000000000000000000e+00
1.151650000000000000e+04 2.634090000000000051e-05
1.153850000000000000e+04 1.384479999999999999e-04
1.156050000000000000e+04 2.944660000000000094e-04
1.158250000000000000e+04 5.164069999999999772e-04
1.160450000000000000e+04 9.410889999999999880e-04
1.162650000000000000e+04 1.567650000000000076e-03
1.164850000000000000e+04 2.391170000000000188e-03
1.167050000000000000e+04 3.714840000000000069e-03
1.169250000000000000e+04 5.889600000000000043e-03
1.171450000000000000e+04 9.524780000000000052e-03
1.173650000000000000e+04 1.528550000000000048e-02
1.175850000000000000e+04 2.408329999999999846e-02
1.178050000000000000e+04 3.432190000000000241e-02
1.180250000000000000e+04 4.822030000000000066e-02
1.182450000000000000e+04 6.674860000000000515e-02
1.184650000000000000e+04 8.989320000000000643e-02
1.186850000000000000e+04 1.146849999999999953e-01
1.189050000000000000e+04 1.342440000000000022e-01
1.191250000000000000e+04 1.522620000000000084e-01
1.193450000000000000e+04 1.783659999999999968e-01
1.195650000000000000e+04 2.074650000000000105e-01
1.197850000000000000e+04 2.319749999999999868e-01
1.200050000000000000e+04 2.615950000000000220e-01
1.202250000000000000e+04 3.017469999999999875e-01
1.204450000000000000e+04 3.360250000000000181e-01
1.206650000000000000e+04 3.701300000000000145e-01
1.208850000000000000e+04 4.028900000000000259e-01
1.211050000000000000e+04 4.288819999999999855e-01
1.213250000000000000e+04 4.507169999999999788e-01
1.215450000000000000e+04 4.667200000000000237e-01
1.217650000000000000e+04 4.792009999999999881e-01
1.219850000000000000e+04 4.943549999999999889e-01
1.222050000000000000e+04 5.150540000000000118e-01
1.224250000000000000e+04 5.322369999999999601e-01
1.226450000000000000e+04 5.501460000000000239e-01
1.228650000000000000e+04 5.819659999999999833e-01
1.230850000000000000e+04 6.098850000000000104e-01
1.233050000000000000e+04 6.353910000000000391e-01
1.235250000000000000e+04 6.613649999999999807e-01
1.237450000000000000e+04 6.875179999999999625e-01
1.239650000000000000e+04 7.068640000000000478e-01
1.241850000000000000e+04 7.282659999999999689e-01
1.244050000000000000e+04 7.482429999999999914e-01
1.246250000000000000e+04 7.467099999999999849e-01
1.248450000000000000e+04 7.419409999999999616e-01
1.250650000000000000e+04 7.437259999999999982e-01
1.252850000000000000e+04 7.524699999999999722e-01
1.255050000000000000e+04 7.635530000000000372e-01
1.257250000000000000e+04 7.770019999999999705e-01
1.259450000000000000e+04 7.978769999999999474e-01
1.261650000000000000e+04 8.247079999999999966e-01
1.263850000000000000e+04 8.544439999999999813e-01
1.266050000000000000e+04 8.794889999999999652e-01
1.268250000000000000e+04 8.938469999999999471e-01
1.270450000000000000e+04 9.069110000000000227e-01
1.272650000000000000e+04 9.182789999999999564e-01
1.274850000000000000e+04 9.282150000000000123e-01
1.277050000000000000e+04 9.305989999999999540e-01
1.279250000000000000e+04 9.258009999999999851e-01
1.281450000000000000e+04 9.208380000000000454e-01
1.283650000000000000e+04 9.210180000000000033e-01
1.285850000000000000e+04 9.286790000000000322e-01
1.288050000000000000e+04 9.332930000000000392e-01
1.290250000000000000e+04 9.381000000000000449e-01
1.292450000000000000e+04 9.490730000000000555e-01
1.294650000000000000e+04 9.629299999999999526e-01
1.296850000000000000e+04 9.763629999999999809e-01
1.299050000000000000e+04 9.852710000000000079e-01
1.301250000000000000e+04 9.914199999999999680e-01
1.303450000000000000e+04 9.971060000000000478e-01
1.305650000000000000e+04 9.995680000000000121e-01
1.307850000000000000e+04 1.000000000000000000e+00
1.310050000000000000e+04 9.960440000000000405e-01
1.312250000000000000e+04 9.913269999999999582e-01
1.314450000000000000e+04 9.861649999999999583e-01
1.316650000000000000e+04 9.810670000000000224e-01
1.318850000000000000e+04 9.786799999999999944e-01
1.321050000000000000e+04 9.760450000000000514e-01
1.323250000000000000e+04 9.736489999999999867e-01
1.325450000000000000e+04 9.717890000000000139e-01
1.327650000000000000e+04 9.726029999999999953e-01
1.329850000000000000e+04 9.763690000000000424e-01
1.332050000000000000e+04 9.792619999999999658e-01
1.334250000000000000e+04 9.790400000000000214e-01
1.336450000000000000e+04 9.781649999999999512e-01
1.338650000000000000e+04 9.787409999999999721e-01
1.340850000000000000e+04 9.791739999999999888e-01
1.343050000000000000e+04 9.791969999999999841e-01
1.345250000000000000e+04 9.787259999999999849e-01
1.347450000000000000e+04 9.769830000000000458e-01
1.349650000000000000e+04 9.752720000000000278e-01
1.351850000000000000e+04 9.745500000000000274e-01
1.354050000000000000e+04 9.744939999999999714e-01
1.356250000000000000e+04 9.739900000000000224e-01
1.358450000000000000e+04 9.725040000000000351e-01
1.360650000000000000e+04 9.699219999999999509e-01
1.362850000000000000e+04 9.666439999999999477e-01
1.365050000000000000e+04 9.635839999999999961e-01
1.367250000000000000e+04 9.573700000000000543e-01
1.369450000000000000e+04 9.463829999999999742e-01
1.371650000000000000e+04 9.324000000000000066e-01
1.373850000000000000e+04 9.164109999999999756e-01
1.376050000000000000e+04 8.950909999999999700e-01
1.378250000000000000e+04 8.691449999999999454e-01
1.380450000000000000e+04 8.416810000000000125e-01
1.382650000000000000e+04 8.122770000000000268e-01
1.384850000000000000e+04 7.810759999999999925e-01
1.387050000000000000e+04 7.512579999999999814e-01
1.389250000000000000e+04 7.236590000000000522e-01
1.391450000000000000e+04 6.982850000000000446e-01
1.393650000000000000e+04 6.721740000000000492e-01
1.395850000000000000e+04 6.477429999999999577e-01
1.398050000000000000e+04 6.244450000000000278e-01
1.400250000000000000e+04 5.988010000000000277e-01
1.402450000000000000e+04 5.740600000000000147e-01
1.404650000000000000e+04 5.489199999999999635e-01
1.406850000000000000e+04 5.196450000000000236e-01
1.409050000000000000e+04 4.864729999999999888e-01
1.411250000000000000e+04 4.560919999999999974e-01
1.413450000000000000e+04 4.288279999999999870e-01
1.415650000000000000e+04 4.028010000000000201e-01
1.417850000000000000e+04 3.748690000000000078e-01
1.420050000000000000e+04 3.501879999999999993e-01
1.422250000000000000e+04 3.296169999999999933e-01
1.424450000000000000e+04 3.120950000000000113e-01
1.426650000000000000e+04 2.968359999999999888e-01
1.428850000000000000e+04 2.834659999999999958e-01
1.431050000000000000e+04 2.733260000000000134e-01
1.433250000000000000e+04 2.649690000000000101e-01
1.435450000000000000e+04 2.575069999999999859e-01
1.437650000000000000e+04 2.510850000000000026e-01
1.439850000000000000e+04 2.458210000000000117e-01
1.442050000000000000e+04 2.368359999999999910e-01
1.444250000000000000e+04 2.225209999999999966e-01
1.446450000000000000e+04 2.070500000000000118e-01
1.448650000000000000e+04 1.913130000000000108e-01
1.450850000000000000e+04 1.759400000000000130e-01
1.453050000000000000e+04 1.611879999999999979e-01
1.455250000000000000e+04 1.476999999999999980e-01
1.457450000000000000e+04 1.364200000000000135e-01
1.459650000000000000e+04 1.276980000000000059e-01
1.461850000000000000e+04 1.207239999999999980e-01
1.464050000000000000e+04 1.148779999999999940e-01
1.466250000000000000e+04 1.104310000000000014e-01
1.468450000000000000e+04 1.078080000000000011e-01
1.470650000000000000e+04 1.060519999999999935e-01
1.472850000000000000e+04 1.038850000000000051e-01
1.475050000000000000e+04 1.020309999999999967e-01
1.477250000000000000e+04 1.004150000000000043e-01
1.479450000000000000e+04 9.686179999999999790e-02
1.481650000000000000e+04 8.992880000000000318e-02
1.483850000000000000e+04 8.248210000000000264e-02
1.486050000000000000e+04 7.431039999999999868e-02
1.488250000000000000e+04 6.589659999999999962e-02
1.490450000000000000e+04 5.571960000000000107e-02
1.492650000000000000e+04 4.488639999999999991e-02
1.494850000000000000e+04 3.517139999999999850e-02
1.497050000000000000e+04 2.616469999999999907e-02
1.499250000000000000e+04 1.927030000000000062e-02
1.501450000000000000e+04 1.344159999999999973e-02
1.503650000000000000e+04 9.190270000000000383e-03
1.505850000000000000e+04 6.014850000000000405e-03
1.508050000000000000e+04 4.180999999999999821e-03
1.510250000000000000e+04 2.976550000000000116e-03
1.512450000000000000e+04 2.012889999999999818e-03
1.514650000000000000e+04 1.128340000000000029e-03
1.516850000000000000e+04 5.567299999999999636e-04
1.519050000000000000e+04 3.779620000000000245e-04
1.521250000000000000e+04 3.066049999999999960e-04
1.523450000000000000e+04 2.322710000000000128e-04
1.525650000000000000e+04 1.136220000000000041e-04
1.527850000000000000e+04 1.100410000000000023e-05
