2.204500000000000000e+03 0.000000000000000000e+00
2.210500000000000000e+03 2.915669999999999903e-06
2.216500000000000000e+03 9.443410000000000782e-06
2.222500000000000000e+03 1.763700000000000071e-05
2.228500000000000000e+03 2.409870000000000019e-05
2.234500000000000000e+03 2.661580000000000020e-05
2.240500000000000000e+03 2.755280000000000156e-05
2.246500000000000000e+03 2.869799999999999866e-05
2.252500000000000000e+03 2.994849999999999964e-05
2.258500000000000000e+03 3.118820000000000067e-05
2.264500000000000000e+03 3.239889999999999909e-05
2.270500000000000000e+03 3.338550000000000079e-05
2.276500000000000000e+03 3.407729999999999982e-05
2.282500000000000000e+03 3.432739999999999934e-05
2.288500000000000000e+03 3.417619999999999984e-05
2.294500000000000000e+03 3.372900000000000182e-05
2.300500000000000000e+03 3.304970000000000309e-05
2.306500000000000000e+03 3.231610000000000049e-05
2.312500000000000000e+03 3.157540000000000265e-05
2.318500000000000000e+03 3.106830000000000203e-05
2.324500000000000000e+03 3.090589999999999830e-05
2.330500000000000000e+03 3.120690000000000101e-05
2.336500000000000000e+03 3.202139999999999804e-05
2.342500000000000000e+03 3.313729999999999866e-05
2.348500000000000000e+03 3.453059999999999767e-05
2.354500000000000000e+03 3.581049999999999875e-05
2.360500000000000000e+03 3.682459999999999976e-05
2.366500000000000000e+03 3.732399999999999704e-05
2.372500000000000000e+03 3.708520000000000197e-05
2.378500000000000000e+03 3.619140000000000047e-05
2.384500000000000000e+03 3.437410000000000010e-05
2.390500000000000000e+03 3.207000000000000296e-05
2.396500000000000000e+03 2.914659999999999975e-05
2.402500000000000000e+03 2.614780000000000061e-05
2.408500000000000000e+03 2.312060000000000018e-05
2.414500000000000000e+03 2.035079999999999835e-05
2.420500000000000000e+03 1.807470000000000162e-05
2.426500000000000000e+03 1.624340000000000105e-05
2.432500000000000000e+03 1.521110000000000078e-05
2.438500000000000000e+03 1.463019999999999928e-05
2.444500000000000000e+03 1.486160000000000015e-05
2.450500000000000000e+03 1.542270000000000059e-05
2.456500000000000000e+03 1.657230000000000056e-05
2.462500000000000000e+03 1.784840000000000008e-05
2.468500000000000000e+03 1.931259999999999870e-05
2.474500000000000000e+03 2.069330000000000057e-05
2.480500000000000000e+03 2.184869999999999971e-05
2.486500000000000000e+03 2.273180000000000147e-05
2.492500000000000000e+03 2.296269999999999955e-05
2.498500000000000000e+03 2.280489999999999912e-05
2.504500000000000000e+03 2.176440000000000121e-05
2.510500000000000000e+03 2.047599999999999843e-05
2.516500000000000000e+03 1.869609999999999875e-05
2.522500000000000000e+03 1.690010000000000104e-05
2.528500000000000000e+03 1.512929999999999929e-05
2.534500000000000000e+03 1.344330000000000053e-05
2.540500000000000000e+03 1.200029999999999927e-05
2.546500000000000000e+03 1.070469999999999934e-05
2.552500000000000000e+03 9.817829999999999816e-06
2.558500000000000000e+03 9.055290000000000507e-06
2.564500000000000000e+03 8.583979999999999763e-06
2.570500000000000000e+03 8.159010000000000001e-06
2.576500000000000000e+03 7.822800000000000725e-06
2.582500000000000000e+03 7.517589999999999966e-06
2.588500000000000000e+03 7.297250000000000310e-06
2.594500000000000000e+03 7.087529999999999885e-06
2.600500000000000000e+03 6.887920000000000284e-06
2.606500000000000000e+03 6.688439999999999612e-06
2.612500000000000000e+03 6.486789999999999603e-06
2.618500000000000000e+03 6.284099999999999685e-06
2.624500000000000000e+03 6.078330000000000298e-06
2.630500000000000000e+03 5.872100000000000072e-06
2.636500000000000000e+03 5.663639999999999700e-06
2.642500000000000000e+03 5.453539999999999797e-06
2.648500000000000000e+03 5.240289999999999763e-06
2.654500000000000000e+03 5.030589999999999891e-06
2.660500000000000000e+03 4.834250000000000344e-06
2.666500000000000000e+03 4.656939999999999665e-06
2.672500000000000000e+03 4.575120000000000167e-06
2.678500000000000000e+03 4.516830000000000087e-06
2.684500000000000000e+03 4.517769999999999776e-06
2.690500000000000000e+03 4.657229999999999623e-06
2.696500000000000000e+03 6.061649999999999807e-06
2.702500000000000000e+03 9.316109999999999477e-06
2.708500000000000000e+03 1.446990000000000015e-05
2.714500000000000000e+03 1.773489999999999854e-05
2.720500000000000000e+03 1.718090000000000012e-05
2.726500000000000000e+03 1.644669999999999959e-05
2.732500000000000000e+03 1.586849999999999893e-05
2.738500000000000000e+03 1.545490000000000004e-05
2.744500000000000000e+03 1.541180000000000040e-05
2.750500000000000000e+03 1.540310000000000165e-05
2.756500000000000000e+03 1.543070000000000119e-05
2.762500000000000000e+03 1.550519999999999852e-05
2.768500000000000000e+03 1.574159999999999850e-05
2.774500000000000000e+03 1.605839999999999858e-05
2.780500000000000000e+03 1.652890000000000026e-05
2.786500000000000000e+03 1.697870000000000060e-05
2.792500000000000000e+03 1.727489999999999955e-05
2.798500000000000000e+03 1.751480000000000043e-05
2.804500000000000000e+03 1.763070000000000045e-05
2.810500000000000000e+03 1.767270000000000107e-05
2.816500000000000000e+03 1.748509999999999968e-05
2.822500000000000000e+03 1.712829999999999998e-05
2.828500000000000000e+03 1.638390000000000080e-05
2.834500000000000000e+03 1.554370000000000163e-05
2.840500000000000000e+03 1.489500000000000054e-05
2.846500000000000000e+03 1.438389999999999962e-05
2.852500000000000000e+03 1.413509999999999956e-05
2.858500000000000000e+03 1.404500000000000021e-05
2.864500000000000000e+03 1.402330000000000006e-05
2.870500000000000000e+03 1.401469999999999984e-05
2.876500000000000000e+03 1.403549999999999970e-05
2.882500000000000000e+03 1.407900000000000022e-05
2.888500000000000000e+03 1.404830000000000067e-05
2.894500000000000000e+03 1.399309999999999991e-05
2.900500000000000000e+03 1.398449999999999968e-05
2.906500000000000000e+03 1.397770000000000002e-05
2.912500000000000000e+03 1.402069999999999944e-05
2.918500000000000000e+03 1.410799999999999943e-05
2.924500000000000000e+03 1.426290000000000027e-05
2.930500000000000000e+03 1.443150000000000066e-05
2.936500000000000000e+03 1.462370000000000027e-05
2.942500000000000000e+03 1.484759999999999994e-05
2.948500000000000000e+03 1.498630000000000083e-05
2.954500000000000000e+03 1.508270000000000045e-05
2.960500000000000000e+03 1.513089999999999941e-05
2.966500000000000000e+03 1.514230000000000069e-05
2.972500000000000000e+03 1.514809999999999986e-05
2.978500000000000000e+03 1.514859999999999926e-05
2.984500000000000000e+03 1.514910000000000036e-05
2.990500000000000000e+03 1.514949999999999954e-05
2.996500000000000000e+03 1.514980000000000020e-05
3.002500000000000000e+03 1.514949999999999954e-05
3.008500000000000000e+03 1.514879999999999970e-05
3.014500000000000000e+03 1.514809999999999986e-05
3.020500000000000000e+03 1.516349999999999975e-05
3.026500000000000000e+03 1.528289999999999898e-05
3.032500000000000000e+03 1.558299999999999971e-05
3.038500000000000000e+03 1.625929999999999864e-05
3.044500000000000000e+03 1.706639999999999977e-05
3.050500000000000000e+03 1.789040000000000069e-05
3.056500000000000000e+03 1.868810000000000154e-05
3.062500000000000000e+03 1.939129999999999847e-05
3.068500000000000000e+03 2.008310000000000089e-05
3.074500000000000000e+03 2.101709999999999906e-05
3.080500000000000000e+03 2.212110000000000069e-05
3.086500000000000000e+03 2.322280000000000066e-05
3.092500000000000000e+03 2.444279999999999915e-05
3.098500000000000000e+03 2.576030000000000136e-05
3.104500000000000000e+03 2.721649999999999937e-05
3.110500000000000000e+03 2.895740000000000163e-05
3.116500000000000000e+03 3.089919999999999717e-05
3.122500000000000000e+03 3.295839999999999940e-05
3.128500000000000000e+03 3.520630000000000206e-05
3.134500000000000000e+03 3.769909999999999960e-05
3.140500000000000000e+03 4.068240000000000202e-05
3.146500000000000000e+03 4.392450000000000271e-05
3.152500000000000000e+03 4.760019999999999871e-05
3.158500000000000000e+03 5.173900000000000048e-05
3.164500000000000000e+03 5.675409999999999928e-05
3.170500000000000000e+03 6.239629999999999753e-05
3.176500000000000000e+03 6.930729999999999964e-05
3.182500000000000000e+03 7.704679999999999558e-05
3.188500000000000000e+03 8.613839999999999507e-05
3.194500000000000000e+03 9.628420000000000218e-05
3.200500000000000000e+03 1.081450000000000022e-04
3.206500000000000000e+03 1.214330000000000010e-04
3.212500000000000000e+03 1.372500000000000022e-04
3.218500000000000000e+03 1.549079999999999880e-04
3.224500000000000000e+03 1.756320000000000017e-04
3.230500000000000000e+03 1.989840000000000044e-04
3.236500000000000000e+03 2.271809999999999921e-04
3.242500000000000000e+03 2.592480000000000088e-04
3.248500000000000000e+03 3.107210000000000224e-04
3.254500000000000000e+03 4.866380000000000120e-04
3.260500000000000000e+03 7.001870000000000099e-04
3.266500000000000000e+03 9.346149999999999684e-04
3.272500000000000000e+03 1.201409999999999978e-03
3.278500000000000000e+03 1.630189999999999894e-03
3.284500000000000000e+03 2.124399999999999813e-03
3.290500000000000000e+03 2.751959999999999910e-03
3.296500000000000000e+03 3.439010000000000157e-03
3.302500000000000000e+03 4.221439999999999915e-03
3.308500000000000000e+03 5.055419999999999706e-03
3.314500000000000000e+03 5.950519999999999941e-03
3.320500000000000000e+03 6.969649999999999977e-03
3.326500000000000000e+03 8.076740000000000655e-03
3.332500000000000000e+03 9.586000000000000770e-03
3.338500000000000000e+03 1.127060000000000041e-02
3.344500000000000000e+03 1.318500000000000054e-02
3.350500000000000000e+03 1.526250000000000002e-02
3.356500000000000000e+03 1.800219999999999945e-02
3.362500000000000000e+03 2.113059999999999938e-02
3.368500000000000000e+03 2.489780000000000118e-02
3.374500000000000000e+03 2.909070000000000059e-02
3.380500000000000000e+03 3.386039999999999883e-02
3.386500000000000000e+03 3.916839999999999905e-02
3.392500000000000000e+03 4.503920000000000146e-02
3.398500000000000000e+03 5.161589999999999928e-02
3.404500000000000000e+03 5.857969999999999844e-02
3.410500000000000000e+03 6.622290000000000121e-02
3.416500000000000000e+03 7.400859999999999383e-02
3.422500000000000000e+03 8.234260000000000190e-02
3.428500000000000000e+03 9.069739999999999747e-02
3.434500000000000000e+03 9.946080000000000199e-02
3.440500000000000000e+03 1.080740000000000034e-01
3.446500000000000000e+03 1.166169999999999984e-01
3.452500000000000000e+03 1.249439999999999995e-01
3.458500000000000000e+03 1.328969999999999874e-01
3.464500000000000000e+03 1.406330000000000080e-01
3.470500000000000000e+03 1.478269999999999862e-01
3.476500000000000000e+03 1.547929999999999862e-01
3.482500000000000000e+03 1.609790000000000110e-01
3.488500000000000000e+03 1.668759999999999966e-01
3.494500000000000000e+03 1.717660000000000020e-01
3.500500000000000000e+03 1.763339999999999907e-01
3.506500000000000000e+03 1.798599999999999921e-01
3.512500000000000000e+03 1.829870000000000108e-01
3.518500000000000000e+03 1.847139999999999893e-01
3.524500000000000000e+03 1.859169999999999989e-01
3.530500000000000000e+03 1.861740000000000061e-01
3.536500000000000000e+03 1.862620000000000109e-01
3.542500000000000000e+03 1.876609999999999945e-01
3.548500000000000000e+03 1.897729999999999972e-01
3.554500000000000000e+03 1.923779999999999935e-01
3.560500000000000000e+03 1.951100000000000056e-01
3.566500000000000000e+03 1.973850000000000049e-01
3.572500000000000000e+03 1.993060000000000109e-01
3.578500000000000000e+03 2.010840000000000127e-01
3.584500000000000000e+03 2.025440000000000018e-01
3.590500000000000000e+03 2.039930000000000077e-01
3.596500000000000000e+03 2.053879999999999872e-01
3.602500000000000000e+03 2.070099999999999996e-01
3.608500000000000000e+03 2.087729999999999864e-01
3.614500000000000000e+03 2.102489999999999915e-01
3.620500000000000000e+03 2.113730000000000053e-01
3.626500000000000000e+03 2.121820000000000095e-01
3.632500000000000000e+03 2.127570000000000017e-01
3.638500000000000000e+03 2.135289999999999966e-01
3.644500000000000000e+03 2.146500000000000075e-01
3.650500000000000000e+03 2.168130000000000057e-01
3.656500000000000000e+03 2.203589999999999993e-01
3.662500000000000000e+03 2.281690000000000107e-01
3.668500000000000000e+03 2.404340000000000088e-01
3.674500000000000000e+03 2.642180000000000084e-01
3.680500000000000000e+03 2.990909999999999958e-01
3.686500000000000000e+03 3.519849999999999923e-01
3.692500000000000000e+03 4.222920000000000007e-01
3.698500000000000000e+03 5.051660000000000039e-01
3.704500000000000000e+03 5.996380000000000043e-01
3.710500000000000000e+03 6.905810000000000004e-01
3.716500000000000000e+03 7.766859999999999875e-01
3.722500000000000000e+03 8.464869999999999894e-01
3.728500000000000000e+03 8.981890000000000152e-01
3.734500000000000000e+03 9.299230000000000551e-01
3.740500000000000000e+03 9.406320000000000237e-01
3.746500000000000000e+03 9.397419999999999662e-01
3.752500000000000000e+03 9.396489999999999565e-01
3.758500000000000000e+03 9.405149999999999899e-01
3.764500000000000000e+03 9.476170000000000426e-01
3.770500000000000000e+03 9.565150000000000041e-01
3.776500000000000000e+03 9.694800000000000084e-01
3.782500000000000000e+03 9.842969999999999775e-01
3.788500000000000000e+03 9.938350000000000239e-01
3.794500000000000000e+03 9.989689999999999959e-01
3.800500000000000000e+03 1.000000000000000000e+00
3.806500000000000000e+03 9.978799999999999892e-01
3.812500000000000000e+03 9.954549999999999788e-01
3.818500000000000000e+03 9.921799999999999509e-01
3.824500000000000000e+03 9.897920000000000051e-01
3.830500000000000000e+03 9.882050000000000001e-01
3.836500000000000000e+03 9.843319999999999848e-01
3.842500000000000000e+03 9.776650000000000063e-01
3.848500000000000000e+03 9.608769999999999811e-01
3.854500000000000000e+03 9.342899999999999539e-01
3.860500000000000000e+03 8.867500000000000382e-01
3.866500000000000000e+03 8.225780000000000314e-01
3.872500000000000000e+03 7.371950000000000447e-01
3.878500000000000000e+03 6.374959999999999516e-01
3.884500000000000000e+03 5.361040000000000250e-01
3.890500000000000000e+03 4.387670000000000181e-01
3.896500000000000000e+03 3.601469999999999949e-01
3.902500000000000000e+03 3.006559999999999788e-01
3.908500000000000000e+03 2.603420000000000178e-01
3.914500000000000000e+03 2.337629999999999986e-01
3.920500000000000000e+03 2.171019999999999894e-01
3.926500000000000000e+03 2.063830000000000109e-01
3.932500000000000000e+03 1.996779999999999944e-01
3.938500000000000000e+03 1.955570000000000086e-01
3.944500000000000000e+03 1.923140000000000127e-01
3.950500000000000000e+03 1.894500000000000073e-01
3.956500000000000000e+03 1.873229999999999895e-01
3.962500000000000000e+03 1.852910000000000112e-01
3.968500000000000000e+03 1.832610000000000072e-01
3.974500000000000000e+03 1.816220000000000057e-01
3.980500000000000000e+03 1.801659999999999928e-01
3.986500000000000000e+03 1.784689999999999888e-01
3.992500000000000000e+03 1.766669999999999907e-01
3.998500000000000000e+03 1.745450000000000057e-01
4.004500000000000000e+03 1.722460000000000102e-01
4.010500000000000000e+03 1.701409999999999867e-01
4.016500000000000000e+03 1.681429999999999869e-01
4.022500000000000000e+03 1.665349999999999886e-01
4.028500000000000000e+03 1.651859999999999995e-01
4.034500000000000000e+03 1.637840000000000129e-01
4.040500000000000000e+03 1.623259999999999981e-01
4.046500000000000000e+03 1.608199999999999907e-01
4.052500000000000000e+03 1.592359999999999887e-01
4.058500000000000000e+03 1.575409999999999866e-01
4.064500000000000000e+03 1.556269999999999876e-01
4.070500000000000000e+03 1.536909999999999943e-01
4.076500000000000000e+03 1.516969999999999985e-01
4.082500000000000000e+03 1.497819999999999985e-01
4.088500000000000000e+03 1.479129999999999889e-01
4.094500000000000000e+03 1.460500000000000131e-01
4.100500000000000000e+03 1.443560000000000121e-01
4.106500000000000000e+03 1.423520000000000063e-01
4.112500000000000000e+03 1.400790000000000091e-01
4.118500000000000000e+03 1.371070000000000066e-01
4.124500000000000000e+03 1.333149999999999891e-01
4.130500000000000000e+03 1.288370000000000071e-01
4.136500000000000000e+03 1.234539999999999943e-01
4.142500000000000000e+03 1.173560000000000020e-01
4.148500000000000000e+03 1.104070000000000051e-01
4.154500000000000000e+03 1.030120000000000063e-01
4.160500000000000000e+03 9.492420000000000024e-02
4.166500000000000000e+03 8.665319999999999967e-02
4.172500000000000000e+03 7.807310000000000638e-02
4.178500000000000000e+03 6.966110000000000357e-02
4.184500000000000000e+03 6.139290000000000025e-02
4.190500000000000000e+03 5.344979999999999870e-02
4.196500000000000000e+03 4.609459999999999946e-02
4.202500000000000000e+03 3.918970000000000092e-02
4.208500000000000000e+03 3.314249999999999835e-02
4.214500000000000000e+03 2.760790000000000119e-02
4.220500000000000000e+03 2.294500000000000012e-02
4.226500000000000000e+03 1.882090000000000152e-02
4.232500000000000000e+03 1.540189999999999962e-02
4.238500000000000000e+03 1.245809999999999973e-02
4.244500000000000000e+03 1.005340000000000053e-02
4.250500000000000000e+03 8.099810000000000690e-03
4.256500000000000000e+03 6.502840000000000183e-03
4.262500000000000000e+03 5.294840000000000310e-03
4.268500000000000000e+03 4.292520000000000190e-03
4.274500000000000000e+03 3.542190000000000182e-03
4.280500000000000000e+03 2.896109999999999917e-03
4.286500000000000000e+03 2.424359999999999970e-03
4.292500000000000000e+03 2.010790000000000147e-03
4.298500000000000000e+03 1.660639999999999903e-03
4.304500000000000000e+03 1.338910000000000013e-03
4.310500000000000000e+03 1.057970000000000091e-03
4.316500000000000000e+03 8.250249999999999554e-04
4.322500000000000000e+03 7.374820000000000247e-04
4.328500000000000000e+03 6.694659999999999630e-04
4.334500000000000000e+03 6.179249999999999630e-04
4.340500000000000000e+03 5.711759999999999537e-04
4.346500000000000000e+03 5.200750000000000511e-04
4.352500000000000000e+03 4.636209999999999984e-04
4.358500000000000000e+03 4.146719999999999898e-04
4.364500000000000000e+03 3.750429999999999801e-04
4.370500000000000000e+03 3.226840000000000025e-04
4.376500000000000000e+03 2.657919999999999922e-04
4.382500000000000000e+03 2.473040000000000026e-04
4.388500000000000000e+03 2.416560000000000051e-04
4.394500000000000000e+03 2.341789999999999952e-04
4.400500000000000000e+03 2.261700000000000114e-04
4.406500000000000000e+03 2.179279999999999911e-04
4.412500000000000000e+03 2.096119999999999982e-04
4.418500000000000000e+03 1.996420000000000106e-04
4.424500000000000000e+03 1.820969999999999880e-04
4.430500000000000000e+03 1.587969999999999909e-04
4.436500000000000000e+03 1.388419999999999965e-04
4.442500000000000000e+03 8.644659999999999324e-05
4.448500000000000000e+03 2.716689999999999904e-05
4.454500000000000000e+03 1.297169999999999983e-05
4.460500000000000000e+03 1.282060000000000054e-05
4.466500000000000000e+03 1.271029999999999925e-05
4.472500000000000000e+03 1.262190000000000023e-05
4.478500000000000000e+03 1.260449999999999934e-05
4.484500000000000000e+03 1.262849999999999945e-05
4.490500000000000000e+03 1.268310000000000059e-05
4.496500000000000000e+03 1.276989999999999949e-05
4.502500000000000000e+03 1.286109999999999956e-05
4.508500000000000000e+03 1.291149999999999996e-05
4.514500000000000000e+03 1.298570000000000003e-05
4.520500000000000000e+03 1.304729999999999958e-05
4.526500000000000000e+03 1.304049999999999991e-05
4.532500000000000000e+03 1.301840000000000058e-05
4.538500000000000000e+03 1.298409999999999991e-05
4.544500000000000000e+03 1.294710000000000010e-05
4.550500000000000000e+03 1.290979999999999962e-05
4.556500000000000000e+03 1.287179999999999931e-05
4.562500000000000000e+03 1.278670000000000075e-05
4.568500000000000000e+03 1.262570000000000009e-05
4.574500000000000000e+03 1.225769999999999955e-05
4.580500000000000000e+03 1.153960000000000044e-05
4.586500000000000000e+03 1.100379999999999958e-05
4.592500000000000000e+03 1.089009999999999929e-05
4.598500000000000000e+03 1.039990000000000016e-05
4.604500000000000000e+03 9.836469999999999353e-06
4.610500000000000000e+03 9.964819999999999573e-06
4.616500000000000000e+03 1.056130000000000000e-05
4.622500000000000000e+03 1.117839999999999956e-05
4.628500000000000000e+03 1.180850000000000053e-05
4.634500000000000000e+03 1.259449999999999944e-05
4.640500000000000000e+03 1.319360000000000019e-05
4.646500000000000000e+03 1.375489999999999938e-05
4.652500000000000000e+03 1.425850000000000079e-05
4.658500000000000000e+03 1.447450000000000008e-05
4.664500000000000000e+03 1.460779999999999929e-05
4.670500000000000000e+03 1.469250000000000036e-05
4.676500000000000000e+03 1.474180000000000004e-05
4.682500000000000000e+03 1.486000000000000003e-05
4.688500000000000000e+03 1.504119999999999924e-05
4.694500000000000000e+03 1.523149999999999977e-05
4.700500000000000000e+03 1.547029999999999993e-05
4.706500000000000000e+03 1.572019999999999901e-05
4.712500000000000000e+03 1.593019999999999869e-05
4.718500000000000000e+03 1.617459999999999926e-05
4.724500000000000000e+03 1.641689999999999862e-05
4.730500000000000000e+03 1.662620000000000016e-05
4.736500000000000000e+03 1.685319999999999985e-05
4.742500000000000000e+03 1.704599999999999909e-05
4.748500000000000000e+03 1.719210000000000096e-05
4.754500000000000000e+03 1.736779999999999997e-05
4.760500000000000000e+03 1.754669999999999922e-05
4.766500000000000000e+03 1.771420000000000058e-05
4.772500000000000000e+03 1.789820000000000085e-05
4.778500000000000000e+03 1.803590000000000125e-05
4.784500000000000000e+03 1.806869999999999863e-05
4.790500000000000000e+03 1.811890000000000028e-05
4.796500000000000000e+03 1.819180000000000089e-05
4.802500000000000000e+03 1.823439999999999943e-05
4.808500000000000000e+03 1.830730000000000004e-05
4.814500000000000000e+03 1.839219999999999985e-05
4.820500000000000000e+03 1.849480000000000121e-05
4.826500000000000000e+03 1.866079999999999928e-05
4.832500000000000000e+03 1.891909999999999984e-05
4.838500000000000000e+03 1.917969999999999866e-05
4.844500000000000000e+03 1.941629999999999908e-05
4.850500000000000000e+03 1.964580000000000086e-05
4.856500000000000000e+03 1.983100000000000037e-05
4.862500000000000000e+03 1.999699999999999845e-05
4.868500000000000000e+03 2.016020000000000054e-05
4.874500000000000000e+03 2.030250000000000086e-05
4.880500000000000000e+03 2.042620000000000105e-05
4.886500000000000000e+03 2.053159999999999838e-05
4.892500000000000000e+03 2.050610000000000006e-05
4.898500000000000000e+03 2.049479999999999900e-05
4.904500000000000000e+03 2.058560000000000159e-05
4.910500000000000000e+03 2.064189999999999967e-05
4.916500000000000000e+03 2.067030000000000096e-05
4.922500000000000000e+03 2.071950000000000042e-05
4.928500000000000000e+03 2.074199999999999894e-05
4.934500000000000000e+03 2.002770000000000139e-05
4.940500000000000000e+03 1.545990000000000084e-05
4.946500000000000000e+03 1.105120000000000017e-05
4.952500000000000000e+03 1.049570000000000015e-05
4.958500000000000000e+03 9.152080000000000303e-06
4.964500000000000000e+03 4.140100000000000392e-06
4.970500000000000000e+03 2.240790000000000043e-07
