2.222500000000000000e+03 0.000000000000000000e+00
2.228500000000000000e+03 2.246999999999999832e-06
2.234500000000000000e+03 1.185490000000000063e-05
2.240500000000000000e+03 2.082020000000000100e-05
2.246500000000000000e+03 2.476970000000000105e-05
2.252500000000000000e+03 3.074390000000000223e-05
2.258500000000000000e+03 3.538170000000000041e-05
2.264500000000000000e+03 3.679740000000000110e-05
2.270500000000000000e+03 3.823619999999999824e-05
2.276500000000000000e+03 3.983790000000000020e-05
2.282500000000000000e+03 4.137959999999999935e-05
2.288500000000000000e+03 4.281220000000000321e-05
2.294500000000000000e+03 4.370480000000000209e-05
2.300500000000000000e+03 4.432719999999999803e-05
2.306500000000000000e+03 4.441290000000000298e-05
2.312500000000000000e+03 4.404800000000000246e-05
2.318500000000000000e+03 4.344029999999999810e-05
2.324500000000000000e+03 4.254240000000000116e-05
2.330500000000000000e+03 4.168769999999999729e-05
2.336500000000000000e+03 4.085419999999999926e-05
2.342500000000000000e+03 4.058010000000000133e-05
2.348500000000000000e+03 4.065229999999999701e-05
2.354500000000000000e+03 4.129809999999999682e-05
2.360500000000000000e+03 4.251379999999999943e-05
2.366500000000000000e+03 4.393469999999999797e-05
2.372500000000000000e+03 4.565730000000000076e-05
2.378500000000000000e+03 4.694380000000000276e-05
2.384500000000000000e+03 4.793659999999999772e-05
2.390500000000000000e+03 4.814109999999999890e-05
2.396500000000000000e+03 4.750099999999999803e-05
2.402500000000000000e+03 4.593799999999999961e-05
2.408500000000000000e+03 4.336609999999999803e-05
2.414500000000000000e+03 4.032950000000000071e-05
2.420500000000000000e+03 3.663209999999999779e-05
2.426500000000000000e+03 3.291799999999999891e-05
2.432500000000000000e+03 2.920989999999999963e-05
2.438500000000000000e+03 2.594659999999999989e-05
2.444500000000000000e+03 2.324079999999999947e-05
2.450500000000000000e+03 2.120780000000000047e-05
2.456500000000000000e+03 2.001909999999999947e-05
2.462500000000000000e+03 1.953010000000000127e-05
2.468500000000000000e+03 1.985470000000000152e-05
2.474500000000000000e+03 2.071729999999999899e-05
2.480500000000000000e+03 2.211729999999999913e-05
2.486500000000000000e+03 2.373979999999999927e-05
2.492500000000000000e+03 2.547029999999999905e-05
2.498500000000000000e+03 2.711640000000000011e-05
2.504500000000000000e+03 2.848219999999999981e-05
2.510500000000000000e+03 2.933779999999999887e-05
2.516500000000000000e+03 2.949569999999999951e-05
2.522500000000000000e+03 2.901600000000000137e-05
2.528500000000000000e+03 2.774110000000000109e-05
2.534500000000000000e+03 2.601709999999999863e-05
2.540500000000000000e+03 2.402719999999999926e-05
2.546500000000000000e+03 2.175510000000000115e-05
2.552500000000000000e+03 1.956830000000000033e-05
2.558500000000000000e+03 1.747920000000000029e-05
2.564500000000000000e+03 1.563460000000000105e-05
2.570500000000000000e+03 1.408990000000000040e-05
2.576500000000000000e+03 1.294630000000000004e-05
2.582500000000000000e+03 1.201369999999999985e-05
2.588500000000000000e+03 1.121290000000000067e-05
2.594500000000000000e+03 1.066939999999999986e-05
2.600500000000000000e+03 1.022010000000000063e-05
2.606500000000000000e+03 9.844559999999999474e-06
2.612500000000000000e+03 9.539149999999999970e-06
2.618500000000000000e+03 9.264729999999999979e-06
2.624500000000000000e+03 8.958280000000000566e-06
2.630500000000000000e+03 8.694080000000000623e-06
2.636500000000000000e+03 8.472130000000000147e-06
2.642500000000000000e+03 8.216820000000000384e-06
2.648500000000000000e+03 7.914280000000000059e-06
2.654500000000000000e+03 7.639079999999999712e-06
2.660500000000000000e+03 7.408179999999999941e-06
2.666500000000000000e+03 7.147659999999999935e-06
2.672500000000000000e+03 6.836369999999999905e-06
2.678500000000000000e+03 6.554570000000000333e-06
2.684500000000000000e+03 6.343670000000000370e-06
2.690500000000000000e+03 6.145219999999999754e-06
2.696500000000000000e+03 6.016950000000000049e-06
2.702500000000000000e+03 6.338000000000000135e-06
2.708500000000000000e+03 8.287279999999999706e-06
2.714500000000000000e+03 1.088070000000000070e-05
2.720500000000000000e+03 1.179380000000000048e-05
2.726500000000000000e+03 1.153020000000000016e-05
2.732500000000000000e+03 1.110680000000000011e-05
2.738500000000000000e+03 1.065859999999999990e-05
2.744500000000000000e+03 1.045309999999999992e-05
2.750500000000000000e+03 1.036210000000000028e-05
2.756500000000000000e+03 1.026010000000000024e-05
2.762500000000000000e+03 1.021770000000000044e-05
2.768500000000000000e+03 1.027030000000000058e-05
2.774500000000000000e+03 1.038840000000000035e-05
2.780500000000000000e+03 1.057589999999999983e-05
2.786500000000000000e+03 1.081669999999999928e-05
2.792500000000000000e+03 1.095610000000000002e-05
2.798500000000000000e+03 1.099960000000000053e-05
2.804500000000000000e+03 1.104799999999999993e-05
2.810500000000000000e+03 1.107290000000000032e-05
2.816500000000000000e+03 1.102769999999999947e-05
2.822500000000000000e+03 1.093920000000000023e-05
2.828500000000000000e+03 1.077480000000000058e-05
2.834500000000000000e+03 1.047050000000000080e-05
2.840500000000000000e+03 1.015890000000000026e-05
2.846500000000000000e+03 9.895570000000000193e-06
2.852500000000000000e+03 9.612750000000000418e-06
2.858500000000000000e+03 9.360089999999999689e-06
2.864500000000000000e+03 9.212289999999999173e-06
2.870500000000000000e+03 9.118049999999999885e-06
2.876500000000000000e+03 8.940899999999999388e-06
2.882500000000000000e+03 8.759719999999999879e-06
2.888500000000000000e+03 8.728569999999999339e-06
2.894500000000000000e+03 8.786410000000000127e-06
2.900500000000000000e+03 8.791899999999999629e-06
2.906500000000000000e+03 8.759469999999999331e-06
2.912500000000000000e+03 8.751019999999999437e-06
2.918500000000000000e+03 8.706480000000000707e-06
2.924500000000000000e+03 8.705630000000000538e-06
2.930500000000000000e+03 8.789669999999999482e-06
2.936500000000000000e+03 8.831430000000000248e-06
2.942500000000000000e+03 8.853839999999999242e-06
2.948500000000000000e+03 9.019760000000000188e-06
2.954500000000000000e+03 9.304579999999999267e-06
2.960500000000000000e+03 9.551159999999999877e-06
2.966500000000000000e+03 9.745630000000000745e-06
2.972500000000000000e+03 9.951569999999999318e-06
2.978500000000000000e+03 1.010749999999999937e-05
2.984500000000000000e+03 1.021509999999999983e-05
2.990500000000000000e+03 1.029669999999999918e-05
2.996500000000000000e+03 1.033379999999999921e-05
3.002500000000000000e+03 1.034869999999999970e-05
3.008500000000000000e+03 1.035740000000000014e-05
3.014500000000000000e+03 1.036210000000000028e-05
3.020500000000000000e+03 1.036629999999999933e-05
3.026500000000000000e+03 1.037130000000000013e-05
3.032500000000000000e+03 1.038039999999999975e-05
3.038500000000000000e+03 1.048490000000000019e-05
3.044500000000000000e+03 1.073339999999999959e-05
3.050500000000000000e+03 1.103830000000000069e-05
3.056500000000000000e+03 1.139549999999999957e-05
3.062500000000000000e+03 1.184439999999999963e-05
3.068500000000000000e+03 1.225549999999999981e-05
3.074500000000000000e+03 1.267670000000000011e-05
3.080500000000000000e+03 1.325310000000000022e-05
3.086500000000000000e+03 1.398909999999999961e-05
3.092500000000000000e+03 1.471740000000000075e-05
3.098500000000000000e+03 1.537069999999999837e-05
3.104500000000000000e+03 1.602390000000000086e-05
3.110500000000000000e+03 1.680999999999999999e-05
3.116500000000000000e+03 1.774729999999999862e-05
3.122500000000000000e+03 1.888179999999999937e-05
3.128500000000000000e+03 2.012129999999999995e-05
3.134500000000000000e+03 2.154920000000000029e-05
3.140500000000000000e+03 2.317940000000000037e-05
3.146500000000000000e+03 2.503710000000000123e-05
3.152500000000000000e+03 2.700199999999999999e-05
3.158500000000000000e+03 2.920069999999999979e-05
3.164500000000000000e+03 3.164419999999999766e-05
3.170500000000000000e+03 3.450480000000000208e-05
3.176500000000000000e+03 3.777949999999999971e-05
3.182500000000000000e+03 4.158480000000000206e-05
3.188500000000000000e+03 4.583990000000000135e-05
3.194500000000000000e+03 5.089820000000000000e-05
3.200500000000000000e+03 5.657119999999999803e-05
3.206500000000000000e+03 6.323999999999999760e-05
3.212500000000000000e+03 7.086570000000000152e-05
3.218500000000000000e+03 7.998439999999999944e-05
3.224500000000000000e+03 9.023860000000000030e-05
3.230500000000000000e+03 1.022639999999999953e-04
3.236500000000000000e+03 1.159429999999999977e-04
3.242500000000000000e+03 1.322089999999999941e-04
3.248500000000000000e+03 1.507749999999999921e-04
3.254500000000000000e+03 1.727149999999999888e-04
3.260500000000000000e+03 1.977500000000000091e-04
3.266500000000000000e+03 2.275389999999999910e-04
3.272500000000000000e+03 3.330639999999999946e-04
3.278500000000000000e+03 5.118040000000000350e-04
3.284500000000000000e+03 7.208180000000000229e-04
3.290500000000000000e+03 1.049019999999999900e-03
3.296500000000000000e+03 1.503020000000000094e-03
3.302500000000000000e+03 2.197140000000000204e-03
3.308500000000000000e+03 3.111780000000000188e-03
3.314500000000000000e+03 4.264259999999999752e-03
3.320500000000000000e+03 5.535430000000000038e-03
3.326500000000000000e+03 7.123270000000000123e-03
3.332500000000000000e+03 8.946890000000000745e-03
3.338500000000000000e+03 1.106069999999999970e-02
3.344500000000000000e+03 1.337439999999999983e-02
3.350500000000000000e+03 1.581629999999999842e-02
3.356500000000000000e+03 1.838920000000000138e-02
3.362500000000000000e+03 2.109279999999999836e-02
3.368500000000000000e+03 2.392019999999999910e-02
3.374500000000000000e+03 2.683359999999999912e-02
3.380500000000000000e+03 2.986549999999999969e-02
3.386500000000000000e+03 3.298039999999999999e-02
3.392500000000000000e+03 3.623839999999999700e-02
3.398500000000000000e+03 3.959580000000000044e-02
3.404500000000000000e+03 4.314910000000000273e-02
3.410500000000000000e+03 4.680909999999999932e-02
3.416500000000000000e+03 5.069989999999999913e-02
3.422500000000000000e+03 5.470599999999999768e-02
3.428500000000000000e+03 5.888129999999999753e-02
3.434500000000000000e+03 6.319130000000000580e-02
3.440500000000000000e+03 6.767940000000000067e-02
3.446500000000000000e+03 7.225600000000000078e-02
3.452500000000000000e+03 7.692119999999999513e-02
3.458500000000000000e+03 8.164129999999999998e-02
3.464500000000000000e+03 8.630179999999999796e-02
3.470500000000000000e+03 9.093009999999999982e-02
3.476500000000000000e+03 9.539540000000000519e-02
3.482500000000000000e+03 9.968580000000000496e-02
3.488500000000000000e+03 1.037160000000000026e-01
3.494500000000000000e+03 1.074429999999999968e-01
3.500500000000000000e+03 1.106879999999999947e-01
3.506500000000000000e+03 1.135270000000000029e-01
3.512500000000000000e+03 1.158160000000000023e-01
3.518500000000000000e+03 1.175910000000000011e-01
3.524500000000000000e+03 1.187409999999999993e-01
3.530500000000000000e+03 1.193430000000000046e-01
3.536500000000000000e+03 1.192949999999999983e-01
3.542500000000000000e+03 1.189989999999999937e-01
3.548500000000000000e+03 1.189010000000000067e-01
3.554500000000000000e+03 1.189879999999999965e-01
3.560500000000000000e+03 1.191829999999999973e-01
3.566500000000000000e+03 1.194209999999999994e-01
3.572500000000000000e+03 1.195760000000000017e-01
3.578500000000000000e+03 1.196509999999999935e-01
3.584500000000000000e+03 1.197600000000000053e-01
3.590500000000000000e+03 1.198909999999999976e-01
3.596500000000000000e+03 1.200660000000000061e-01
3.602500000000000000e+03 1.202899999999999942e-01
3.608500000000000000e+03 1.206539999999999974e-01
3.614500000000000000e+03 1.211409999999999987e-01
3.620500000000000000e+03 1.215969999999999968e-01
3.626500000000000000e+03 1.220030000000000003e-01
3.632500000000000000e+03 1.222970000000000029e-01
3.638500000000000000e+03 1.224800000000000055e-01
3.644500000000000000e+03 1.226200000000000068e-01
3.650500000000000000e+03 1.227179999999999938e-01
3.656500000000000000e+03 1.228979999999999934e-01
3.662500000000000000e+03 1.232300000000000062e-01
3.668500000000000000e+03 1.237700000000000050e-01
3.674500000000000000e+03 1.245499999999999940e-01
3.680500000000000000e+03 1.256700000000000039e-01
3.686500000000000000e+03 1.279990000000000017e-01
3.692500000000000000e+03 1.317089999999999927e-01
3.698500000000000000e+03 1.388550000000000062e-01
3.704500000000000000e+03 1.502539999999999987e-01
3.710500000000000000e+03 1.711969999999999881e-01
3.716500000000000000e+03 2.025830000000000131e-01
3.722500000000000000e+03 2.513139999999999818e-01
3.728500000000000000e+03 3.148929999999999785e-01
3.734500000000000000e+03 3.951049999999999840e-01
3.740500000000000000e+03 4.829359999999999764e-01
3.746500000000000000e+03 5.741279999999999717e-01
3.752500000000000000e+03 6.582329999999999570e-01
3.758500000000000000e+03 7.379000000000000004e-01
3.764500000000000000e+03 8.049870000000000081e-01
3.770500000000000000e+03 8.623929999999999652e-01
3.776500000000000000e+03 9.075649999999999551e-01
3.782500000000000000e+03 9.388589999999999991e-01
3.788500000000000000e+03 9.619750000000000245e-01
3.794500000000000000e+03 9.770450000000000523e-01
3.800500000000000000e+03 9.881499999999999728e-01
3.806500000000000000e+03 9.942090000000000094e-01
3.812500000000000000e+03 9.984889999999999599e-01
3.818500000000000000e+03 9.997369999999999868e-01
3.824500000000000000e+03 1.000000000000000000e+00
3.830500000000000000e+03 9.994380000000000486e-01
3.836500000000000000e+03 9.981060000000000487e-01
3.842500000000000000e+03 9.974910000000000165e-01
3.848500000000000000e+03 9.969850000000000101e-01
3.854500000000000000e+03 9.962820000000000009e-01
3.860500000000000000e+03 9.937249999999999694e-01
3.866500000000000000e+03 9.885500000000000398e-01
3.872500000000000000e+03 9.771419999999999551e-01
3.878500000000000000e+03 9.557069999999999732e-01
3.884500000000000000e+03 9.241909999999999847e-01
3.890500000000000000e+03 8.799430000000000307e-01
3.896500000000000000e+03 8.234089999999999465e-01
3.902500000000000000e+03 7.555669999999999886e-01
3.908500000000000000e+03 6.753879999999999884e-01
3.914500000000000000e+03 5.931429999999999758e-01
3.920500000000000000e+03 5.131029999999999758e-01
3.926500000000000000e+03 4.404210000000000069e-01
3.932500000000000000e+03 3.745410000000000128e-01
3.938500000000000000e+03 3.194110000000000005e-01
3.944500000000000000e+03 2.729280000000000039e-01
3.950500000000000000e+03 2.344070000000000042e-01
3.956500000000000000e+03 2.020869999999999889e-01
3.962500000000000000e+03 1.765849999999999920e-01
3.968500000000000000e+03 1.587810000000000055e-01
3.974500000000000000e+03 1.468540000000000123e-01
3.980500000000000000e+03 1.382110000000000005e-01
3.986500000000000000e+03 1.330600000000000116e-01
3.992500000000000000e+03 1.287369999999999903e-01
3.998500000000000000e+03 1.253970000000000085e-01
4.004500000000000000e+03 1.229910000000000031e-01
4.010500000000000000e+03 1.213629999999999987e-01
4.016500000000000000e+03 1.198000000000000037e-01
4.022500000000000000e+03 1.183889999999999942e-01
4.028500000000000000e+03 1.171589999999999993e-01
4.034500000000000000e+03 1.160780000000000006e-01
4.040500000000000000e+03 1.149960000000000010e-01
4.046500000000000000e+03 1.139359999999999956e-01
4.052500000000000000e+03 1.128129999999999966e-01
4.058500000000000000e+03 1.116639999999999994e-01
4.064500000000000000e+03 1.105320000000000052e-01
4.070500000000000000e+03 1.094220000000000054e-01
4.076500000000000000e+03 1.083210000000000006e-01
4.082500000000000000e+03 1.072339999999999960e-01
4.088500000000000000e+03 1.062209999999999960e-01
4.094500000000000000e+03 1.052529999999999993e-01
4.100500000000000000e+03 1.044130000000000058e-01
4.106500000000000000e+03 1.037000000000000005e-01
4.112500000000000000e+03 1.030869999999999981e-01
4.118500000000000000e+03 1.024140000000000050e-01
4.124500000000000000e+03 1.017369999999999941e-01
4.130500000000000000e+03 1.008610000000000062e-01
4.136500000000000000e+03 9.985189999999999344e-02
4.142500000000000000e+03 9.853119999999999934e-02
4.148500000000000000e+03 9.698089999999999489e-02
4.154500000000000000e+03 9.493999999999999662e-02
4.160500000000000000e+03 9.241739999999999677e-02
4.166500000000000000e+03 8.937269999999999937e-02
4.172500000000000000e+03 8.581869999999999776e-02
4.178500000000000000e+03 8.180650000000000421e-02
4.184500000000000000e+03 7.723829999999999585e-02
4.190500000000000000e+03 7.232049999999999590e-02
4.196500000000000000e+03 6.707889999999999686e-02
4.202500000000000000e+03 6.155839999999999923e-02
4.208500000000000000e+03 5.584399999999999781e-02
4.214500000000000000e+03 5.003520000000000190e-02
4.220500000000000000e+03 4.433290000000000147e-02
4.226500000000000000e+03 3.885890000000000177e-02
4.232500000000000000e+03 3.371509999999999785e-02
4.238500000000000000e+03 2.893509999999999832e-02
4.244500000000000000e+03 2.459839999999999943e-02
4.250500000000000000e+03 2.075310000000000002e-02
4.256500000000000000e+03 1.734199999999999978e-02
4.262500000000000000e+03 1.446760000000000060e-02
4.268500000000000000e+03 1.198910000000000080e-02
4.274500000000000000e+03 9.974159999999999276e-03
4.280500000000000000e+03 8.257610000000000297e-03
4.286500000000000000e+03 6.890130000000000386e-03
4.292500000000000000e+03 5.737370000000000317e-03
4.298500000000000000e+03 4.808149999999999750e-03
4.304500000000000000e+03 4.013019999999999955e-03
4.310500000000000000e+03 3.371789999999999943e-03
4.316500000000000000e+03 2.833780000000000153e-03
4.322500000000000000e+03 2.409029999999999939e-03
4.328500000000000000e+03 2.055710000000000089e-03
4.334500000000000000e+03 1.730289999999999996e-03
4.340500000000000000e+03 1.415589999999999991e-03
4.346500000000000000e+03 1.189879999999999931e-03
4.352500000000000000e+03 1.004340000000000050e-03
4.358500000000000000e+03 7.959689999999999951e-04
4.364500000000000000e+03 6.279029999999999681e-04
4.370500000000000000e+03 5.044539999999999918e-04
4.376500000000000000e+03 3.214819999999999961e-04
4.382500000000000000e+03 1.504339999999999898e-04
4.388500000000000000e+03 7.992050000000000163e-05
4.394500000000000000e+03 7.540589999999999576e-05
4.400500000000000000e+03 7.136819999999999883e-05
4.406500000000000000e+03 6.768620000000000257e-05
4.412500000000000000e+03 6.446339999999999677e-05
4.418500000000000000e+03 6.154149999999999345e-05
4.424500000000000000e+03 5.852920000000000198e-05
4.430500000000000000e+03 5.535240000000000218e-05
4.436500000000000000e+03 5.244249999999999807e-05
4.442500000000000000e+03 4.989700000000000016e-05
4.448500000000000000e+03 4.296209999999999987e-05
4.454500000000000000e+03 2.874589999999999866e-05
4.460500000000000000e+03 1.905809999999999969e-05
4.466500000000000000e+03 1.837130000000000146e-05
4.472500000000000000e+03 1.794979999999999880e-05
4.478500000000000000e+03 1.754590000000000086e-05
4.484500000000000000e+03 1.726610000000000059e-05
4.490500000000000000e+03 1.704530000000000094e-05
4.496500000000000000e+03 1.690559999999999955e-05
4.502500000000000000e+03 1.679160000000000030e-05
4.508500000000000000e+03 1.665120000000000077e-05
4.514500000000000000e+03 1.654140000000000056e-05
4.520500000000000000e+03 1.650420000000000031e-05
4.526500000000000000e+03 1.652800000000000167e-05
4.532500000000000000e+03 1.662429999999999938e-05
4.538500000000000000e+03 1.674199999999999996e-05
4.544500000000000000e+03 1.680420000000000083e-05
4.550500000000000000e+03 1.680789999999999877e-05
4.556500000000000000e+03 1.682700000000000000e-05
4.562500000000000000e+03 1.684349999999999891e-05
4.568500000000000000e+03 1.688440000000000050e-05
4.574500000000000000e+03 1.691860000000000095e-05
4.580500000000000000e+03 1.689420000000000166e-05
4.586500000000000000e+03 1.685889999999999879e-05
4.592500000000000000e+03 1.681230000000000165e-05
4.598500000000000000e+03 1.675239999999999905e-05
4.604500000000000000e+03 1.660569999999999925e-05
4.610500000000000000e+03 1.632479999999999996e-05
4.616500000000000000e+03 1.563920000000000097e-05
4.622500000000000000e+03 1.458159999999999944e-05
4.628500000000000000e+03 1.393150000000000036e-05
4.634500000000000000e+03 1.386389999999999952e-05
4.640500000000000000e+03 1.390039999999999993e-05
4.646500000000000000e+03 1.394000000000000036e-05
4.652500000000000000e+03 1.394829999999999993e-05
4.658500000000000000e+03 1.418340000000000044e-05
4.664500000000000000e+03 1.494890000000000014e-05
4.670500000000000000e+03 1.589499999999999943e-05
4.676500000000000000e+03 1.656350000000000159e-05
4.682500000000000000e+03 1.687949999999999992e-05
4.688500000000000000e+03 1.724750000000000046e-05
4.694500000000000000e+03 1.771410000000000036e-05
4.700500000000000000e+03 1.820359999999999966e-05
4.706500000000000000e+03 1.875339999999999904e-05
4.712500000000000000e+03 1.911029999999999896e-05
4.718500000000000000e+03 1.926189999999999933e-05
4.724500000000000000e+03 1.940689999999999879e-05
4.730500000000000000e+03 1.956420000000000151e-05
4.736500000000000000e+03 1.981649999999999907e-05
4.742500000000000000e+03 2.017120000000000095e-05
4.748500000000000000e+03 2.050670000000000138e-05
4.754500000000000000e+03 2.076509999999999877e-05
4.760500000000000000e+03 2.097859999999999935e-05
4.766500000000000000e+03 2.118470000000000064e-05
4.772500000000000000e+03 2.142730000000000066e-05
4.778500000000000000e+03 2.177030000000000059e-05
4.784500000000000000e+03 2.211180000000000063e-05
4.790500000000000000e+03 2.237450000000000067e-05
4.796500000000000000e+03 2.258800000000000125e-05
4.802500000000000000e+03 2.274350000000000002e-05
4.808500000000000000e+03 2.290999999999999919e-05
4.814500000000000000e+03 2.315670000000000141e-05
4.820500000000000000e+03 2.337989999999999955e-05
4.826500000000000000e+03 2.348870000000000095e-05
4.832500000000000000e+03 2.352149999999999833e-05
4.838500000000000000e+03 2.352639999999999891e-05
4.844500000000000000e+03 2.357690000000000122e-05
4.850500000000000000e+03 2.375290000000000089e-05
4.856500000000000000e+03 2.400429999999999987e-05
4.862500000000000000e+03 2.420139999999999837e-05
4.868500000000000000e+03 2.441009999999999860e-05
4.874500000000000000e+03 2.464239999999999974e-05
4.880500000000000000e+03 2.488789999999999934e-05
4.886500000000000000e+03 2.517590000000000065e-05
4.892500000000000000e+03 2.542820000000000160e-05
4.898500000000000000e+03 2.563010000000000047e-05
4.904500000000000000e+03 2.579179999999999928e-05
4.910500000000000000e+03 2.599579999999999935e-05
4.916500000000000000e+03 2.623969999999999883e-05
4.922500000000000000e+03 2.648800000000000118e-05
4.928500000000000000e+03 2.670989999999999985e-05
4.934500000000000000e+03 2.673449999999999958e-05
4.940500000000000000e+03 2.661679999999999900e-05
4.946500000000000000e+03 2.657270000000000056e-05
4.952500000000000000e+03 2.663280000000000020e-05
4.958500000000000000e+03 2.683009999999999914e-05
4.964500000000000000e+03 2.712029999999999850e-05
4.970500000000000000e+03 2.723489999999999906e-05
4.976500000000000000e+03 2.642239999999999964e-05
4.982500000000000000e+03 2.187570000000000131e-05
4.988500000000000000e+03 1.431180000000000077e-05
4.994500000000000000e+03 9.752280000000000079e-06
5.000500000000000000e+03 9.008799999999999195e-06
5.006500000000000000e+03 9.077609999999999981e-06
5.012500000000000000e+03 9.091320000000000228e-06
5.018500000000000000e+03 7.201970000000000267e-06
5.024500000000000000e+03 2.750369999999999977e-06
5.030500000000000000e+03 2.560060000000000029e-08
