9.512500000000000000e+03 0.000000000000000000e+00
9.530500000000000000e+03 4.129049999999999879e-06
9.548500000000000000e+03 1.245939999999999967e-05
9.566500000000000000e+03 1.654229999999999915e-05
9.584500000000000000e+03 1.735679999999999957e-05
9.602500000000000000e+03 2.298389999999999860e-05
9.620500000000000000e+03 2.935880000000000087e-05
9.638500000000000000e+03 3.212079999999999916e-05
9.656500000000000000e+03 3.431799999999999906e-05
9.674500000000000000e+03 3.399820000000000256e-05
9.692500000000000000e+03 3.293059999999999943e-05
9.710500000000000000e+03 3.416619999999999824e-05
9.728500000000000000e+03 3.577510000000000244e-05
9.746500000000000000e+03 3.647489999999999869e-05
9.764500000000000000e+03 4.254159999999999940e-05
9.782500000000000000e+03 5.667120000000000046e-05
9.800500000000000000e+03 1.284470000000000121e-04
9.818500000000000000e+03 2.751249999999999789e-04
9.836500000000000000e+03 4.410430000000000123e-04
9.854500000000000000e+03 5.969779999999999618e-04
9.872500000000000000e+03 8.808559999999999567e-04
9.890500000000000000e+03 1.336390000000000017e-03
9.908500000000000000e+03 2.289129999999999898e-03
9.926500000000000000e+03 3.606649999999999873e-03
9.944500000000000000e+03 5.995480000000000080e-03
9.962500000000000000e+03 9.273550000000000196e-03
9.980500000000000000e+03 1.462070000000000036e-02
9.998500000000000000e+03 2.154889999999999931e-02
1.001650000000000000e+04 3.019519999999999843e-02
1.003450000000000000e+04 3.746830000000000299e-02
1.005250000000000000e+04 3.844709999999999794e-02
1.007050000000000000e+04 4.020800000000000068e-02
1.008850000000000000e+04 4.544369999999999660e-02
1.010650000000000000e+04 5.209359999999999685e-02
1.012450000000000000e+04 6.110369999999999691e-02
1.014250000000000000e+04 7.540969999999999618e-02
1.016050000000000000e+04 9.638810000000000433e-02
1.017850000000000000e+04 1.214149999999999952e-01
1.019650000000000000e+04 1.479910000000000114e-01
1.021450000000000000e+04 1.778919999999999946e-01
1.023250000000000000e+04 2.018389999999999906e-01
1.025050000000000000e+04 2.213019999999999987e-01
1.026850000000000000e+04 2.418669999999999987e-01
1.028650000000000000e+04 2.660739999999999772e-01
1.030450000000000000e+04 2.871850000000000236e-01
1.032250000000000000e+04 3.072420000000000151e-01
1.034050000000000000e+04 3.382029999999999759e-01
1.035850000000000000e+04 3.719839999999999813e-01
1.037650000000000000e+04 4.069820000000000104e-01
1.039450000000000000e+04 4.551439999999999930e-01
1.041250000000000000e+04 5.086380000000000345e-01
1.043050000000000000e+04 5.658159999999999856e-01
1.044850000000000000e+04 6.151250000000000329e-01
1.046650000000000000e+04 6.645830000000000348e-01
1.048450000000000000e+04 7.099320000000000075e-01
1.050250000000000000e+04 7.332379999999999454e-01
1.052050000000000000e+04 7.488879999999999981e-01
1.053850000000000000e+04 7.504520000000000080e-01
1.055650000000000000e+04 7.506629999999999692e-01
1.057450000000000000e+04 7.517380000000000173e-01
1.059250000000000000e+04 7.548629999999999507e-01
1.061050000000000000e+04 7.605060000000000153e-01
1.062850000000000000e+04 7.693130000000000246e-01
1.064650000000000000e+04 7.871320000000000539e-01
1.066450000000000000e+04 8.038340000000000485e-01
1.068250000000000000e+04 8.254000000000000226e-01
1.070050000000000000e+04 8.495719999999999938e-01
1.071850000000000000e+04 8.715530000000000221e-01
1.073650000000000000e+04 8.877230000000000398e-01
1.075450000000000000e+04 9.033170000000000366e-01
1.077250000000000000e+04 9.214980000000000393e-01
1.079050000000000000e+04 9.372770000000000268e-01
1.080850000000000000e+04 9.481739999999999613e-01
1.082650000000000000e+04 9.568600000000000438e-01
1.084450000000000000e+04 9.666690000000000005e-01
1.086250000000000000e+04 9.749900000000000233e-01
1.088050000000000000e+04 9.822710000000000052e-01
1.089850000000000000e+04 9.879000000000000004e-01
1.091650000000000000e+04 9.926949999999999941e-01
1.093450000000000000e+04 9.953340000000000520e-01
1.095250000000000000e+04 9.965779999999999639e-01
1.097050000000000000e+04 9.978780000000000427e-01
1.098850000000000000e+04 9.990569999999999729e-01
1.100650000000000000e+04 1.000000000000000000e+00
1.102450000000000000e+04 9.997129999999999628e-01
1.104250000000000000e+04 9.979770000000000030e-01
1.106050000000000000e+04 9.962250000000000272e-01
1.107850000000000000e+04 9.935469999999999580e-01
1.109650000000000000e+04 9.909520000000000550e-01
1.111450000000000000e+04 9.903809999999999558e-01
1.113250000000000000e+04 9.893750000000000044e-01
1.115050000000000000e+04 9.864509999999999668e-01
1.116850000000000000e+04 9.824960000000000360e-01
1.118650000000000000e+04 9.790459999999999718e-01
1.120450000000000000e+04 9.769320000000000226e-01
1.122250000000000000e+04 9.759839999999999627e-01
1.124050000000000000e+04 9.752720000000000278e-01
1.125850000000000000e+04 9.732089999999999907e-01
1.127650000000000000e+04 9.699520000000000364e-01
1.129450000000000000e+04 9.654300000000000104e-01
1.131250000000000000e+04 9.614230000000000276e-01
1.133050000000000000e+04 9.600980000000000070e-01
1.134850000000000000e+04 9.589189999999999658e-01
1.136650000000000000e+04 9.537029999999999674e-01
1.138450000000000000e+04 9.459710000000000063e-01
1.140250000000000000e+04 9.422599999999999865e-01
1.142050000000000000e+04 9.413759999999999906e-01
1.143850000000000000e+04 9.381819999999999604e-01
1.145650000000000000e+04 9.344689999999999941e-01
1.147450000000000000e+04 9.275430000000000064e-01
1.149250000000000000e+04 9.184620000000000006e-01
1.151050000000000000e+04 9.087070000000000425e-01
1.152850000000000000e+04 8.989920000000000133e-01
1.154650000000000000e+04 8.898639999999999883e-01
1.156450000000000000e+04 8.780890000000000084e-01
1.158250000000000000e+04 8.659630000000000383e-01
1.160050000000000000e+04 8.534990000000000077e-01
1.161850000000000000e+04 8.431760000000000366e-01
1.163650000000000000e+04 8.295580000000000176e-01
1.165450000000000000e+04 8.137990000000000501e-01
1.167250000000000000e+04 7.987480000000000135e-01
1.169050000000000000e+04 7.852470000000000283e-01
1.170850000000000000e+04 7.713119999999999976e-01
1.172650000000000000e+04 7.564149999999999485e-01
1.174450000000000000e+04 7.397000000000000242e-01
1.176250000000000000e+04 7.230750000000000233e-01
1.178050000000000000e+04 7.062279999999999669e-01
1.179850000000000000e+04 6.875660000000000105e-01
1.181650000000000000e+04 6.689460000000000406e-01
1.183450000000000000e+04 6.514600000000000390e-01
1.185250000000000000e+04 6.334800000000000431e-01
1.187050000000000000e+04 6.110179999999999501e-01
1.188850000000000000e+04 5.884880000000000111e-01
1.190650000000000000e+04 5.622439999999999660e-01
1.192450000000000000e+04 5.303069999999999729e-01
1.194250000000000000e+04 4.909680000000000155e-01
1.196050000000000000e+04 4.497570000000000179e-01
1.197850000000000000e+04 4.078539999999999943e-01
1.199650000000000000e+04 3.596989999999999910e-01
1.201450000000000000e+04 3.119399999999999951e-01
1.203250000000000000e+04 2.667280000000000206e-01
1.205050000000000000e+04 2.261239999999999917e-01
1.206850000000000000e+04 1.894540000000000113e-01
1.208650000000000000e+04 1.568029999999999979e-01
1.210450000000000000e+04 1.268029999999999990e-01
1.212250000000000000e+04 1.010759999999999992e-01
1.214050000000000000e+04 8.054319999999999535e-02
1.215850000000000000e+04 6.178720000000000045e-02
1.217650000000000000e+04 4.659379999999999772e-02
1.219450000000000000e+04 3.353710000000000024e-02
1.221250000000000000e+04 2.420179999999999901e-02
1.223050000000000000e+04 1.722730000000000095e-02
1.224850000000000000e+04 1.208719999999999933e-02
1.226650000000000000e+04 8.371009999999999909e-03
1.228450000000000000e+04 5.496860000000000114e-03
1.230250000000000000e+04 3.404969999999999785e-03
1.232050000000000000e+04 2.299760000000000085e-03
1.233850000000000000e+04 1.486420000000000016e-03
1.235650000000000000e+04 6.398740000000000200e-04
1.237450000000000000e+04 8.536949999999999639e-05
