8.055500000000000000e+03 0.000000000000000000e+00
8.071500000000000000e+03 4.351340000000000105e-07
8.087500000000000000e+03 6.220459999999999732e-06
8.103500000000000000e+03 1.278420000000000035e-05
8.119500000000000000e+03 1.410979999999999999e-05
8.135500000000000000e+03 1.418159999999999988e-05
8.151500000000000000e+03 1.305039999999999960e-05
8.167500000000000000e+03 1.261369999999999919e-05
8.183500000000000000e+03 1.421800000000000007e-05
8.199500000000000000e+03 1.529130000000000045e-05
8.215500000000000000e+03 1.537119999999999947e-05
8.231500000000000000e+03 1.534520000000000006e-05
8.247500000000000000e+03 1.523110000000000059e-05
8.263500000000000000e+03 1.522969999999999921e-05
8.279500000000000000e+03 1.533920000000000045e-05
8.295500000000000000e+03 1.627209999999999960e-05
8.311500000000000000e+03 1.729540000000000046e-05
8.327500000000000000e+03 1.637199999999999842e-05
8.343500000000000000e+03 1.530040000000000008e-05
8.359500000000000000e+03 1.581279999999999876e-05
8.375500000000000000e+03 1.643940000000000052e-05
8.391500000000000000e+03 1.672429999999999842e-05
8.407500000000000000e+03 1.716410000000000055e-05
8.423500000000000000e+03 1.796600000000000044e-05
8.439500000000000000e+03 1.879000000000000136e-05
8.455500000000000000e+03 1.963109999999999912e-05
8.471500000000000000e+03 2.353070000000000156e-05
8.487500000000000000e+03 3.364099999999999860e-05
8.503500000000000000e+03 4.815659999999999901e-05
8.519500000000000000e+03 7.359150000000000175e-05
8.535500000000000000e+03 1.384020000000000074e-04
8.551500000000000000e+03 2.048650000000000113e-04
8.567500000000000000e+03 3.085580000000000093e-04
8.583500000000000000e+03 4.974559999999999616e-04
8.599500000000000000e+03 8.288679999999999659e-04
8.615500000000000000e+03 1.349460000000000026e-03
8.631500000000000000e+03 2.302170000000000084e-03
8.647500000000000000e+03 3.850639999999999792e-03
8.663500000000000000e+03 6.355989999999999730e-03
8.679500000000000000e+03 1.063820000000000043e-02
8.695500000000000000e+03 1.679850000000000093e-02
8.711500000000000000e+03 2.533820000000000169e-02
8.727500000000000000e+03 3.690859999999999974e-02
8.743500000000000000e+03 5.328680000000000222e-02
8.759500000000000000e+03 7.219209999999999516e-02
8.775500000000000000e+03 9.424019999999999619e-02
8.791500000000000000e+03 1.197890000000000066e-01
8.807500000000000000e+03 1.404100000000000070e-01
8.823500000000000000e+03 1.548350000000000004e-01
8.839500000000000000e+03 1.730430000000000024e-01
8.855500000000000000e+03 1.926410000000000067e-01
8.871500000000000000e+03 2.097749999999999893e-01
8.887500000000000000e+03 2.284349999999999992e-01
8.903500000000000000e+03 2.524009999999999865e-01
8.919500000000000000e+03 2.759880000000000111e-01
8.935500000000000000e+03 2.981619999999999826e-01
8.951500000000000000e+03 3.199629999999999974e-01
8.967500000000000000e+03 3.364659999999999873e-01
8.983500000000000000e+03 3.546529999999999960e-01
8.999500000000000000e+03 3.689939999999999887e-01
9.015500000000000000e+03 3.784170000000000034e-01
9.031500000000000000e+03 3.860190000000000010e-01
9.047500000000000000e+03 3.946000000000000063e-01
9.063500000000000000e+03 4.019719999999999960e-01
9.079500000000000000e+03 4.085860000000000047e-01
9.095500000000000000e+03 4.191050000000000053e-01
9.111500000000000000e+03 4.303400000000000003e-01
9.127500000000000000e+03 4.411800000000000166e-01
9.143500000000000000e+03 4.556049999999999822e-01
9.159500000000000000e+03 4.722879999999999856e-01
9.175500000000000000e+03 4.908919999999999950e-01
9.191500000000000000e+03 5.107699999999999463e-01
9.207500000000000000e+03 5.329850000000000421e-01
9.223500000000000000e+03 5.583329999999999682e-01
9.239500000000000000e+03 5.847200000000000175e-01
9.255500000000000000e+03 6.159689999999999888e-01
9.271500000000000000e+03 6.494889999999999830e-01
9.287500000000000000e+03 6.856360000000000232e-01
9.303500000000000000e+03 7.205289999999999750e-01
9.319500000000000000e+03 7.548030000000000017e-01
9.335500000000000000e+03 7.886929999999999774e-01
9.351500000000000000e+03 8.209130000000000038e-01
9.367500000000000000e+03 8.516019999999999701e-01
9.383500000000000000e+03 8.800759999999999694e-01
9.399500000000000000e+03 9.051940000000000541e-01
9.415500000000000000e+03 9.263040000000000163e-01
9.431500000000000000e+03 9.445909999999999584e-01
9.447500000000000000e+03 9.606999999999999984e-01
9.463500000000000000e+03 9.720779999999999976e-01
9.479500000000000000e+03 9.770199999999999996e-01
9.495500000000000000e+03 9.810889999999999889e-01
9.511500000000000000e+03 9.839630000000000321e-01
9.527500000000000000e+03 9.851339999999999542e-01
9.543500000000000000e+03 9.865859999999999630e-01
9.559500000000000000e+03 9.910999999999999810e-01
9.575500000000000000e+03 9.958749999999999547e-01
9.591500000000000000e+03 9.970879999999999743e-01
9.607500000000000000e+03 9.984210000000000029e-01
9.623500000000000000e+03 1.000000000000000000e+00
9.639500000000000000e+03 9.999740000000000295e-01
9.655500000000000000e+03 9.993339999999999446e-01
9.671500000000000000e+03 9.982710000000000194e-01
9.687500000000000000e+03 9.950520000000000476e-01
9.703500000000000000e+03 9.884739999999999638e-01
9.719500000000000000e+03 9.775700000000000500e-01
9.735500000000000000e+03 9.609320000000000084e-01
9.751500000000000000e+03 9.416649999999999743e-01
9.767500000000000000e+03 9.191899999999999515e-01
9.783500000000000000e+03 8.981869999999999576e-01
9.799500000000000000e+03 8.762520000000000309e-01
9.815500000000000000e+03 8.572049999999999947e-01
9.831500000000000000e+03 8.407999999999999918e-01
9.847500000000000000e+03 8.268419999999999659e-01
9.863500000000000000e+03 8.131380000000000274e-01
9.879500000000000000e+03 7.996480000000000254e-01
9.895500000000000000e+03 7.863909999999999512e-01
9.911500000000000000e+03 7.725549999999999917e-01
9.927500000000000000e+03 7.574039999999999662e-01
9.943500000000000000e+03 7.408569999999999878e-01
9.959500000000000000e+03 7.223009999999999708e-01
9.975500000000000000e+03 7.008529999999999482e-01
9.991500000000000000e+03 6.778129999999999988e-01
1.000750000000000000e+04 6.580420000000000158e-01
1.002350000000000000e+04 6.425760000000000360e-01
1.003950000000000000e+04 6.305779999999999719e-01
1.005550000000000000e+04 6.177439999999999598e-01
1.007150000000000000e+04 6.077259999999999884e-01
1.008750000000000000e+04 6.001309999999999700e-01
1.010350000000000000e+04 5.908980000000000343e-01
1.011950000000000000e+04 5.849969999999999892e-01
1.013550000000000000e+04 5.826149999999999940e-01
1.015150000000000000e+04 5.794059999999999766e-01
1.016750000000000000e+04 5.712429999999999453e-01
1.018350000000000000e+04 5.605959999999999832e-01
1.019950000000000000e+04 5.440209999999999768e-01
1.021550000000000000e+04 5.223879999999999635e-01
1.023150000000000000e+04 4.904109999999999858e-01
1.024750000000000000e+04 4.474560000000000204e-01
1.026350000000000000e+04 4.032850000000000046e-01
1.027950000000000000e+04 3.624850000000000017e-01
1.029550000000000000e+04 3.248090000000000144e-01
1.031150000000000000e+04 2.911119999999999819e-01
1.032750000000000000e+04 2.629029999999999978e-01
1.034350000000000000e+04 2.365700000000000025e-01
1.035950000000000000e+04 2.120299999999999963e-01
1.037550000000000000e+04 1.858360000000000012e-01
1.039150000000000000e+04 1.606440000000000090e-01
1.040750000000000000e+04 1.361080000000000068e-01
1.042350000000000000e+04 1.150540000000000035e-01
1.043950000000000000e+04 9.802779999999999827e-02
1.045550000000000000e+04 8.471019999999999939e-02
1.047150000000000000e+04 7.334839999999999416e-02
1.048750000000000000e+04 6.426610000000000655e-02
1.050350000000000000e+04 5.552239999999999953e-02
1.051950000000000000e+04 4.779280000000000334e-02
1.053550000000000000e+04 4.156979999999999703e-02
1.055150000000000000e+04 3.619069999999999926e-02
1.056750000000000000e+04 3.270089999999999802e-02
1.058350000000000000e+04 2.970510000000000164e-02
1.059950000000000000e+04 2.785260000000000166e-02
1.061550000000000000e+04 2.610180000000000139e-02
1.063150000000000000e+04 2.473169999999999882e-02
1.064750000000000000e+04 2.209300000000000153e-02
1.066350000000000000e+04 1.833620000000000042e-02
1.067950000000000000e+04 1.466579999999999967e-02
1.069550000000000000e+04 1.114479999999999985e-02
1.071150000000000000e+04 8.165949999999999945e-03
1.072750000000000000e+04 5.777779999999999722e-03
1.074350000000000000e+04 3.926250000000000052e-03
1.075950000000000000e+04 2.707730000000000206e-03
1.077550000000000000e+04 1.800120000000000105e-03
1.079150000000000000e+04 1.290150000000000107e-03
1.080750000000000000e+04 8.094639999999999735e-04
1.082350000000000000e+04 3.568740000000000258e-04
1.083950000000000000e+04 8.698599999999999692e-05
1.085550000000000000e+04 7.195869999999999936e-05
1.087150000000000000e+04 6.229760000000000473e-05
1.088750000000000000e+04 6.036490000000000204e-05
1.090350000000000000e+04 5.938530000000000214e-05
1.091950000000000000e+04 5.843219999999999935e-05
1.093550000000000000e+04 5.696449999999999984e-05
1.095150000000000000e+04 5.569129999999999990e-05
1.096750000000000000e+04 5.520589999999999943e-05
1.098350000000000000e+04 5.527299999999999748e-05
1.099950000000000000e+04 5.450059999999999790e-05
1.101550000000000000e+04 5.182079999999999689e-05
1.103150000000000000e+04 4.685169999999999732e-05
1.104750000000000000e+04 3.346409999999999695e-05
1.106350000000000000e+04 2.033040000000000105e-05
1.107950000000000000e+04 1.772899999999999915e-05
1.109550000000000000e+04 1.765220000000000016e-05
1.111150000000000000e+04 1.712420000000000115e-05
1.112750000000000000e+04 1.658559999999999923e-05
1.114350000000000000e+04 1.622450000000000026e-05
1.115950000000000000e+04 1.602380000000000064e-05
1.117550000000000000e+04 1.643350000000000114e-05
1.119150000000000000e+04 1.677360000000000149e-05
1.120750000000000000e+04 1.649680000000000102e-05
1.122350000000000000e+04 1.635229999999999927e-05
1.123950000000000000e+04 1.711089999999999909e-05
1.125550000000000000e+04 1.776100000000000156e-05
1.127150000000000000e+04 1.745620000000000068e-05
1.128750000000000000e+04 1.697920000000000169e-05
1.130350000000000000e+04 1.624020000000000080e-05
1.131950000000000000e+04 1.431260000000000083e-05
1.133550000000000000e+04 7.183579999999999584e-06
1.135150000000000000e+04 7.034669999999999556e-07
