3.097000000000000000e+03 0.000000000000000000e+00
3.104000000000000000e+03 4.134979999999999880e-07
3.111000000000000000e+03 3.057110000000000195e-06
3.118000000000000000e+03 5.020520000000000172e-06
3.125000000000000000e+03 5.055809999999999795e-06
3.132000000000000000e+03 5.044039999999999737e-06
3.139000000000000000e+03 5.031979999999999720e-06
3.146000000000000000e+03 5.028649999999999703e-06
3.153000000000000000e+03 5.064970000000000229e-06
3.160000000000000000e+03 5.209420000000000176e-06
3.167000000000000000e+03 5.357870000000000423e-06
3.174000000000000000e+03 5.508750000000000408e-06
3.181000000000000000e+03 5.747470000000000047e-06
3.188000000000000000e+03 5.971549999999999603e-06
3.195000000000000000e+03 5.993589999999999819e-06
3.202000000000000000e+03 6.048360000000000143e-06
3.209000000000000000e+03 6.190929999999999864e-06
3.216000000000000000e+03 6.250899999999999732e-06
3.223000000000000000e+03 6.262439999999999794e-06
3.230000000000000000e+03 6.249849999999999971e-06
3.237000000000000000e+03 6.232619999999999968e-06
3.244000000000000000e+03 6.215399999999999818e-06
3.251000000000000000e+03 6.191870000000000400e-06
3.258000000000000000e+03 6.165910000000000398e-06
3.265000000000000000e+03 6.175079999999999838e-06
3.272000000000000000e+03 6.240120000000000320e-06
3.279000000000000000e+03 6.472649999999999769e-06
3.286000000000000000e+03 6.758800000000000409e-06
3.293000000000000000e+03 7.093030000000000087e-06
3.300000000000000000e+03 7.313440000000000404e-06
3.307000000000000000e+03 7.476009999999999933e-06
3.314000000000000000e+03 7.596710000000000319e-06
3.321000000000000000e+03 7.735069999999999449e-06
3.328000000000000000e+03 7.921249999999999757e-06
3.335000000000000000e+03 8.006079999999999756e-06
3.342000000000000000e+03 8.018909999999999428e-06
3.349000000000000000e+03 8.008479999999999936e-06
3.356000000000000000e+03 8.020310000000000804e-06
3.363000000000000000e+03 8.116649999999999614e-06
3.370000000000000000e+03 8.337520000000000770e-06
3.377000000000000000e+03 8.686790000000000562e-06
3.384000000000000000e+03 9.049110000000000169e-06
3.391000000000000000e+03 9.426060000000000008e-06
3.398000000000000000e+03 9.847840000000000228e-06
3.405000000000000000e+03 1.019910000000000032e-05
3.412000000000000000e+03 1.042049999999999959e-05
3.419000000000000000e+03 1.048040000000000049e-05
3.426000000000000000e+03 1.044630000000000025e-05
3.433000000000000000e+03 1.038140000000000025e-05
3.440000000000000000e+03 1.040109999999999940e-05
3.447000000000000000e+03 1.064960000000000049e-05
3.454000000000000000e+03 1.095630000000000045e-05
3.461000000000000000e+03 1.130090000000000051e-05
3.468000000000000000e+03 1.160370000000000039e-05
3.475000000000000000e+03 1.189410000000000018e-05
3.482000000000000000e+03 1.218679999999999994e-05
3.489000000000000000e+03 1.253679999999999998e-05
3.496000000000000000e+03 1.296520000000000082e-05
3.503000000000000000e+03 1.335450000000000063e-05
3.510000000000000000e+03 1.371729999999999994e-05
3.517000000000000000e+03 1.402980000000000076e-05
3.524000000000000000e+03 1.444319999999999921e-05
3.531000000000000000e+03 1.508759999999999934e-05
3.538000000000000000e+03 1.560769999999999966e-05
3.545000000000000000e+03 1.603859999999999921e-05
3.552000000000000000e+03 1.650809999999999870e-05
3.559000000000000000e+03 1.696289999999999983e-05
3.566000000000000000e+03 1.733989999999999978e-05
3.573000000000000000e+03 1.765430000000000138e-05
3.580000000000000000e+03 1.791119999999999887e-05
3.587000000000000000e+03 1.831619999999999922e-05
3.594000000000000000e+03 1.881029999999999844e-05
3.601000000000000000e+03 1.945469999999999857e-05
3.608000000000000000e+03 2.010099999999999948e-05
3.615000000000000000e+03 2.068609999999999834e-05
3.622000000000000000e+03 1.941900000000000161e-05
3.629000000000000000e+03 1.727850000000000067e-05
3.636000000000000000e+03 1.691039999999999991e-05
3.643000000000000000e+03 1.729929999999999885e-05
3.650000000000000000e+03 1.868269999999999987e-05
3.657000000000000000e+03 2.151009999999999926e-05
3.664000000000000000e+03 2.553130000000000067e-05
3.671000000000000000e+03 2.833780000000000167e-05
3.678000000000000000e+03 3.061110000000000241e-05
3.685000000000000000e+03 3.233800000000000108e-05
3.692000000000000000e+03 3.395080000000000027e-05
3.699000000000000000e+03 3.549159999999999744e-05
3.706000000000000000e+03 3.749920000000000174e-05
3.713000000000000000e+03 3.980800000000000240e-05
3.720000000000000000e+03 4.258129999999999836e-05
3.727000000000000000e+03 4.992359999999999750e-05
3.734000000000000000e+03 7.980209999999999951e-05
3.741000000000000000e+03 1.158079999999999998e-04
3.748000000000000000e+03 1.576919999999999939e-04
3.755000000000000000e+03 2.091890000000000058e-04
3.762000000000000000e+03 2.643349999999999823e-04
3.769000000000000000e+03 3.169110000000000156e-04
3.776000000000000000e+03 3.836569999999999759e-04
3.783000000000000000e+03 4.533340000000000069e-04
3.790000000000000000e+03 5.176599999999999735e-04
3.797000000000000000e+03 5.855219999999999956e-04
3.804000000000000000e+03 6.682030000000000261e-04
3.811000000000000000e+03 7.594190000000000012e-04
3.818000000000000000e+03 8.717970000000000016e-04
3.825000000000000000e+03 9.979290000000000469e-04
3.832000000000000000e+03 1.153759999999999985e-03
3.839000000000000000e+03 1.333219999999999978e-03
3.846000000000000000e+03 1.554519999999999990e-03
3.853000000000000000e+03 1.809370000000000032e-03
3.860000000000000000e+03 2.140319999999999809e-03
3.867000000000000000e+03 2.539309999999999918e-03
3.874000000000000000e+03 3.061710000000000039e-03
3.881000000000000000e+03 3.643809999999999931e-03
3.888000000000000000e+03 4.430199999999999590e-03
3.895000000000000000e+03 5.378280000000000040e-03
3.902000000000000000e+03 6.695880000000000408e-03
3.909000000000000000e+03 8.336939999999999282e-03
3.916000000000000000e+03 1.065050000000000024e-02
3.923000000000000000e+03 1.348710000000000013e-02
3.930000000000000000e+03 1.723370000000000110e-02
3.937000000000000000e+03 2.147090000000000110e-02
3.944000000000000000e+03 2.650900000000000131e-02
3.951000000000000000e+03 3.170730000000000076e-02
3.958000000000000000e+03 3.726000000000000145e-02
3.965000000000000000e+03 4.254430000000000017e-02
3.972000000000000000e+03 4.797280000000000294e-02
3.979000000000000000e+03 5.333779999999999771e-02
3.986000000000000000e+03 5.882640000000000091e-02
3.993000000000000000e+03 6.406760000000000232e-02
4.000000000000000000e+03 6.924199999999999799e-02
4.007000000000000000e+03 7.418629999999999669e-02
4.014000000000000000e+03 7.867269999999999819e-02
4.021000000000000000e+03 8.284239999999999660e-02
4.028000000000000000e+03 8.647340000000000582e-02
4.035000000000000000e+03 8.990439999999999543e-02
4.042000000000000000e+03 9.270789999999999587e-02
4.049000000000000000e+03 9.540769999999999806e-02
4.056000000000000000e+03 9.767950000000000244e-02
4.063000000000000000e+03 9.974449999999999983e-02
4.070000000000000000e+03 1.014319999999999944e-01
4.077000000000000000e+03 1.031060000000000032e-01
4.084000000000000000e+03 1.047310000000000046e-01
4.091000000000000000e+03 1.064350000000000018e-01
4.098000000000000000e+03 1.088910000000000017e-01
4.105000000000000000e+03 1.126250000000000029e-01
4.112000000000000000e+03 1.193670000000000009e-01
4.119000000000000000e+03 1.302039999999999864e-01
4.126000000000000000e+03 1.486480000000000024e-01
4.133000000000000000e+03 1.756020000000000081e-01
4.140000000000000000e+03 2.157270000000000021e-01
4.147000000000000000e+03 2.660009999999999875e-01
4.154000000000000000e+03 3.299019999999999730e-01
4.161000000000000000e+03 4.014460000000000250e-01
4.168000000000000000e+03 4.790639999999999898e-01
4.175000000000000000e+03 5.566990000000000549e-01
4.182000000000000000e+03 6.318129999999999580e-01
4.189000000000000000e+03 7.026040000000000063e-01
4.196000000000000000e+03 7.654900000000000038e-01
4.203000000000000000e+03 8.212270000000000403e-01
4.210000000000000000e+03 8.657089999999999508e-01
4.217000000000000000e+03 9.050390000000000379e-01
4.224000000000000000e+03 9.354890000000000150e-01
4.231000000000000000e+03 9.591129999999999933e-01
4.238000000000000000e+03 9.769219999999999571e-01
4.245000000000000000e+03 9.886430000000000495e-01
4.252000000000000000e+03 9.955789999999999917e-01
4.259000000000000000e+03 9.987639999999999851e-01
4.266000000000000000e+03 9.999259999999999815e-01
4.273000000000000000e+03 1.000000000000000000e+00
4.280000000000000000e+03 9.983319999999999972e-01
4.287000000000000000e+03 9.940080000000000027e-01
4.294000000000000000e+03 9.864500000000000490e-01
4.301000000000000000e+03 9.767360000000000486e-01
4.308000000000000000e+03 9.599250000000000282e-01
4.315000000000000000e+03 9.361779999999999546e-01
4.322000000000000000e+03 9.003560000000000452e-01
4.329000000000000000e+03 8.548299999999999788e-01
4.336000000000000000e+03 7.952099999999999724e-01
4.343000000000000000e+03 7.273650000000000393e-01
4.350000000000000000e+03 6.498490000000000100e-01
4.357000000000000000e+03 5.712760000000000060e-01
4.364000000000000000e+03 4.923690000000000011e-01
4.371000000000000000e+03 4.194069999999999743e-01
4.378000000000000000e+03 3.533549999999999747e-01
4.385000000000000000e+03 2.947879999999999945e-01
4.392000000000000000e+03 2.460990000000000122e-01
4.399000000000000000e+03 2.046219999999999983e-01
4.406000000000000000e+03 1.670550000000000090e-01
4.413000000000000000e+03 1.348290000000000044e-01
4.420000000000000000e+03 1.104740000000000028e-01
4.427000000000000000e+03 9.233729999999999716e-02
4.434000000000000000e+03 7.931739999999999624e-02
4.441000000000000000e+03 6.985149999999999693e-02
4.448000000000000000e+03 6.300100000000000144e-02
4.455000000000000000e+03 5.894549999999999790e-02
4.462000000000000000e+03 5.632340000000000263e-02
4.469000000000000000e+03 5.426729999999999748e-02
4.476000000000000000e+03 5.274430000000000091e-02
4.483000000000000000e+03 5.207370000000000054e-02
4.490000000000000000e+03 5.173110000000000208e-02
4.497000000000000000e+03 5.137200000000000100e-02
4.504000000000000000e+03 5.095899999999999735e-02
4.511000000000000000e+03 5.032500000000000168e-02
4.518000000000000000e+03 4.993050000000000266e-02
4.525000000000000000e+03 4.974979999999999680e-02
4.532000000000000000e+03 4.958180000000000226e-02
4.539000000000000000e+03 4.927750000000000186e-02
4.546000000000000000e+03 4.870189999999999936e-02
4.553000000000000000e+03 4.716240000000000016e-02
4.560000000000000000e+03 4.520369999999999944e-02
4.567000000000000000e+03 4.295999999999999819e-02
4.574000000000000000e+03 4.072259999999999769e-02
4.581000000000000000e+03 3.842659999999999826e-02
4.588000000000000000e+03 3.642829999999999679e-02
4.595000000000000000e+03 3.469160000000000299e-02
4.602000000000000000e+03 3.293309999999999987e-02
4.609000000000000000e+03 3.112370000000000067e-02
4.616000000000000000e+03 2.942540000000000086e-02
4.623000000000000000e+03 2.760220000000000035e-02
4.630000000000000000e+03 2.586650000000000060e-02
4.637000000000000000e+03 2.393079999999999860e-02
4.644000000000000000e+03 2.192449999999999954e-02
4.651000000000000000e+03 1.979200000000000056e-02
4.658000000000000000e+03 1.765090000000000062e-02
4.665000000000000000e+03 1.569939999999999877e-02
4.672000000000000000e+03 1.381029999999999931e-02
4.679000000000000000e+03 1.216680000000000018e-02
4.686000000000000000e+03 1.065729999999999976e-02
4.693000000000000000e+03 9.390350000000000433e-03
4.700000000000000000e+03 8.244579999999999617e-03
4.707000000000000000e+03 7.293739999999999946e-03
4.714000000000000000e+03 6.488579999999999869e-03
4.721000000000000000e+03 5.814899999999999583e-03
4.728000000000000000e+03 5.247139999999999964e-03
4.735000000000000000e+03 4.758809999999999603e-03
4.742000000000000000e+03 4.348870000000000340e-03
4.749000000000000000e+03 3.989760000000000181e-03
4.756000000000000000e+03 3.679289999999999991e-03
4.763000000000000000e+03 3.399790000000000190e-03
4.770000000000000000e+03 3.150109999999999803e-03
4.777000000000000000e+03 2.918769999999999785e-03
4.784000000000000000e+03 2.704289999999999819e-03
4.791000000000000000e+03 2.502330000000000092e-03
4.798000000000000000e+03 2.312129999999999914e-03
4.805000000000000000e+03 2.129770000000000014e-03
4.812000000000000000e+03 1.946669999999999954e-03
4.819000000000000000e+03 1.758019999999999895e-03
4.826000000000000000e+03 1.578259999999999949e-03
4.833000000000000000e+03 1.405060000000000076e-03
4.840000000000000000e+03 1.234470000000000098e-03
4.847000000000000000e+03 1.066639999999999993e-03
4.854000000000000000e+03 9.006729999999999467e-04
4.861000000000000000e+03 7.510940000000000021e-04
4.868000000000000000e+03 6.263040000000000534e-04
4.875000000000000000e+03 4.121109999999999986e-04
4.882000000000000000e+03 9.870880000000000604e-05
4.889000000000000000e+03 5.258180000000000197e-06
4.896000000000000000e+03 5.302419999999999963e-06
4.903000000000000000e+03 5.299010000000000279e-06
4.910000000000000000e+03 5.058470000000000376e-06
4.917000000000000000e+03 4.910300000000000234e-06
4.924000000000000000e+03 4.931919999999999868e-06
4.931000000000000000e+03 4.988800000000000415e-06
4.938000000000000000e+03 5.076269999999999596e-06
4.945000000000000000e+03 5.265439999999999853e-06
4.952000000000000000e+03 5.454670000000000072e-06
4.959000000000000000e+03 5.556359999999999602e-06
4.966000000000000000e+03 5.886179999999999944e-06
4.973000000000000000e+03 6.552040000000000376e-06
4.980000000000000000e+03 6.809799999999999582e-06
4.987000000000000000e+03 6.511829999999999621e-06
4.994000000000000000e+03 3.295550000000000152e-06
5.001000000000000000e+03 2.231779999999999885e-07
