1.808950000000000000e+04 0.000000000000000000e+00
1.812550000000000000e+04 3.687340000000000088e-06
1.816150000000000000e+04 7.557800000000000043e-05
1.819750000000000000e+04 1.691700000000000083e-04
1.823350000000000000e+04 2.059510000000000073e-04
1.826950000000000000e+04 3.027869999999999997e-04
1.830550000000000000e+04 9.641730000000000265e-04
1.834150000000000000e+04 1.905189999999999965e-03
1.837750000000000000e+04 4.379179999999999878e-03
1.841350000000000000e+04 7.742360000000000214e-03
1.844950000000000000e+04 1.324370000000000061e-02
1.848550000000000000e+04 2.018199999999999855e-02
1.852150000000000000e+04 2.901240000000000069e-02
1.855750000000000000e+04 3.910949999999999843e-02
1.859350000000000000e+04 5.152190000000000242e-02
1.862950000000000000e+04 6.437180000000000679e-02
1.866550000000000000e+04 7.789350000000000440e-02
1.870150000000000000e+04 9.094950000000000256e-02
1.873750000000000000e+04 1.019589999999999941e-01
1.877350000000000000e+04 1.117839999999999945e-01
1.880950000000000000e+04 1.202779999999999960e-01
1.884550000000000000e+04 1.279139999999999999e-01
1.888150000000000000e+04 1.349869999999999959e-01
1.891750000000000000e+04 1.428550000000000098e-01
1.895350000000000000e+04 1.493720000000000048e-01
1.898950000000000000e+04 1.580179999999999918e-01
1.902550000000000000e+04 1.668930000000000136e-01
1.906150000000000000e+04 1.762219999999999898e-01
1.909750000000000000e+04 1.868559999999999943e-01
1.913350000000000000e+04 1.964200000000000113e-01
1.916950000000000000e+04 2.057479999999999865e-01
1.920550000000000000e+04 2.132860000000000034e-01
1.924150000000000000e+04 2.198120000000000074e-01
1.927750000000000000e+04 2.248920000000000086e-01
1.931350000000000000e+04 2.316680000000000128e-01
1.934950000000000000e+04 2.406679999999999930e-01
1.938550000000000000e+04 2.579830000000000179e-01
1.942150000000000000e+04 2.818700000000000094e-01
1.945750000000000000e+04 3.234580000000000233e-01
1.949350000000000000e+04 3.718090000000000006e-01
1.952950000000000000e+04 4.292079999999999784e-01
1.956550000000000000e+04 4.872529999999999917e-01
1.960150000000000000e+04 5.316410000000000302e-01
1.963750000000000000e+04 5.689640000000000253e-01
1.967350000000000000e+04 5.861260000000000359e-01
1.970950000000000000e+04 5.964270000000000405e-01
1.974550000000000000e+04 5.984220000000000095e-01
1.978150000000000000e+04 6.021760000000000446e-01
1.981750000000000000e+04 6.091879999999999518e-01
1.985350000000000000e+04 6.268880000000000008e-01
1.988950000000000000e+04 6.551569999999999894e-01
1.992550000000000000e+04 6.889480000000000048e-01
1.996150000000000000e+04 7.297679999999999723e-01
1.999750000000000000e+04 7.636610000000000342e-01
2.003350000000000000e+04 7.933580000000000076e-01
2.006950000000000000e+04 8.132139999999999924e-01
2.010550000000000000e+04 8.241600000000000037e-01
2.014150000000000000e+04 8.298039999999999861e-01
2.017750000000000000e+04 8.288320000000000132e-01
2.021350000000000000e+04 8.271249999999999991e-01
2.024950000000000000e+04 8.234380000000000033e-01
2.028550000000000000e+04 8.219560000000000199e-01
2.032150000000000000e+04 8.219990000000000352e-01
2.035750000000000000e+04 8.245930000000000204e-01
2.039350000000000000e+04 8.298010000000000108e-01
2.042950000000000000e+04 8.362220000000000208e-01
2.046550000000000000e+04 8.445399999999999574e-01
2.050150000000000000e+04 8.522119999999999695e-01
2.053750000000000000e+04 8.598080000000000167e-01
2.057350000000000000e+04 8.660069999999999713e-01
2.060950000000000000e+04 8.713210000000000122e-01
2.064550000000000000e+04 8.753269999999999662e-01
2.068150000000000000e+04 8.780259999999999732e-01
2.071750000000000000e+04 8.805399999999999894e-01
2.075350000000000000e+04 8.824929999999999719e-01
2.078950000000000000e+04 8.860360000000000458e-01
2.082550000000000000e+04 8.904670000000000085e-01
2.086150000000000000e+04 8.965009999999999923e-01
2.089750000000000000e+04 9.034940000000000193e-01
2.093350000000000000e+04 9.095389999999999864e-01
2.096950000000000000e+04 9.149119999999999475e-01
2.100550000000000000e+04 9.179840000000000222e-01
2.104150000000000000e+04 9.195910000000000473e-01
2.107750000000000000e+04 9.184360000000000301e-01
2.111350000000000000e+04 9.159049999999999692e-01
2.114950000000000000e+04 9.128030000000000310e-01
2.118550000000000000e+04 9.105140000000000455e-01
2.122150000000000000e+04 9.106410000000000338e-01
2.125750000000000000e+04 9.128279999999999728e-01
2.129350000000000000e+04 9.176879999999999482e-01
2.132950000000000000e+04 9.236050000000000093e-01
2.136550000000000000e+04 9.318739999999999801e-01
2.140150000000000000e+04 9.397130000000000205e-01
2.143750000000000000e+04 9.476670000000000371e-01
2.147350000000000000e+04 9.545179999999999776e-01
2.150950000000000000e+04 9.602979999999999849e-01
2.154550000000000000e+04 9.655780000000000474e-01
2.158150000000000000e+04 9.697930000000000161e-01
2.161750000000000000e+04 9.735890000000000377e-01
2.165350000000000000e+04 9.753450000000000175e-01
2.168950000000000000e+04 9.767109999999999959e-01
2.172550000000000000e+04 9.766569999999999974e-01
2.176150000000000000e+04 9.764549999999999619e-01
2.179750000000000000e+04 9.775209999999999733e-01
2.183350000000000000e+04 9.791779999999999928e-01
2.186950000000000000e+04 9.816610000000000058e-01
2.190550000000000000e+04 9.848099999999999632e-01
2.194150000000000000e+04 9.876340000000000119e-01
2.197750000000000000e+04 9.907000000000000250e-01
2.201350000000000000e+04 9.942750000000000199e-01
2.204950000000000000e+04 9.968329999999999691e-01
2.208550000000000000e+04 9.990660000000000096e-01
2.212150000000000000e+04 1.000000000000000000e+00
2.215750000000000000e+04 9.995039999999999480e-01
2.219350000000000000e+04 9.989980000000000526e-01
2.222950000000000000e+04 9.981290000000000440e-01
2.226550000000000000e+04 9.967260000000000009e-01
2.230150000000000000e+04 9.945230000000000459e-01
2.233750000000000000e+04 9.915329999999999977e-01
2.237350000000000000e+04 9.885779999999999568e-01
2.240950000000000000e+04 9.851490000000000524e-01
2.244550000000000000e+04 9.821170000000000178e-01
2.248150000000000000e+04 9.800689999999999680e-01
2.251750000000000000e+04 9.780999999999999694e-01
2.255350000000000000e+04 9.772720000000000296e-01
2.258950000000000000e+04 9.764650000000000274e-01
2.262550000000000000e+04 9.761790000000000189e-01
2.266150000000000000e+04 9.766010000000000524e-01
2.269750000000000000e+04 9.779900000000000260e-01
2.273350000000000000e+04 9.799660000000000037e-01
2.276950000000000000e+04 9.822480000000000100e-01
2.280550000000000000e+04 9.849360000000000337e-01
2.284150000000000000e+04 9.862800000000000455e-01
2.287750000000000000e+04 9.868259999999999810e-01
2.291350000000000000e+04 9.863499999999999490e-01
2.294950000000000000e+04 9.856420000000000181e-01
2.298550000000000000e+04 9.844070000000000320e-01
2.302150000000000000e+04 9.829170000000000407e-01
2.305750000000000000e+04 9.815819999999999546e-01
2.309350000000000000e+04 9.803800000000000292e-01
2.312950000000000000e+04 9.795220000000000038e-01
2.316550000000000000e+04 9.786700000000000399e-01
2.320150000000000000e+04 9.776240000000000485e-01
2.323750000000000000e+04 9.772939999999999960e-01
2.327350000000000000e+04 9.768769999999999953e-01
2.330950000000000000e+04 9.764350000000000529e-01
2.334550000000000000e+04 9.752319999999999878e-01
2.338150000000000000e+04 9.734859999999999625e-01
2.341750000000000000e+04 9.714129999999999709e-01
2.345350000000000000e+04 9.679630000000000178e-01
2.348950000000000000e+04 9.646879999999999900e-01
2.352550000000000000e+04 9.611619999999999608e-01
2.356150000000000000e+04 9.574829999999999730e-01
2.359750000000000000e+04 9.538450000000000539e-01
2.363350000000000000e+04 9.492939999999999712e-01
2.366950000000000000e+04 9.441009999999999680e-01
2.370550000000000000e+04 9.390699999999999603e-01
2.374150000000000000e+04 9.327619999999999800e-01
2.377750000000000000e+04 9.276929999999999898e-01
2.381350000000000000e+04 9.211989999999999901e-01
2.384950000000000000e+04 9.137690000000000534e-01
2.388550000000000000e+04 9.027469999999999661e-01
2.392150000000000000e+04 8.869169999999999554e-01
2.395750000000000000e+04 8.624119999999999564e-01
2.399350000000000000e+04 8.275630000000000486e-01
2.402950000000000000e+04 7.802109999999999879e-01
2.406550000000000000e+04 7.169029999999999569e-01
2.410150000000000000e+04 6.523010000000000197e-01
2.413750000000000000e+04 5.842870000000000008e-01
2.417350000000000000e+04 5.264379999999999615e-01
2.420950000000000000e+04 4.784019999999999939e-01
2.424550000000000000e+04 4.414500000000000091e-01
2.428150000000000000e+04 4.155940000000000190e-01
2.431750000000000000e+04 3.971270000000000078e-01
2.435350000000000000e+04 3.843099999999999850e-01
2.438950000000000000e+04 3.749190000000000023e-01
2.442550000000000000e+04 3.663259999999999850e-01
2.446150000000000000e+04 3.541000000000000258e-01
2.449750000000000000e+04 3.371439999999999992e-01
2.453350000000000000e+04 3.092940000000000134e-01
2.456950000000000000e+04 2.696959999999999913e-01
2.460550000000000000e+04 2.278860000000000052e-01
2.464150000000000000e+04 1.834590000000000110e-01
2.467750000000000000e+04 1.459219999999999962e-01
2.471350000000000000e+04 1.179980000000000057e-01
2.474950000000000000e+04 9.572219999999999340e-02
2.478550000000000000e+04 8.153119999999999812e-02
2.482150000000000000e+04 7.226299999999999391e-02
2.485750000000000000e+04 6.601859999999999673e-02
2.489350000000000000e+04 6.148390000000000105e-02
2.492950000000000000e+04 5.192850000000000243e-02
2.496550000000000000e+04 4.073319999999999719e-02
2.500150000000000000e+04 2.908600000000000074e-02
2.503750000000000000e+04 1.731119999999999881e-02
2.507350000000000000e+04 1.027840000000000004e-02
2.510950000000000000e+04 6.266439999999999858e-03
2.514550000000000000e+04 3.330469999999999871e-03
2.518150000000000000e+04 1.290050000000000051e-03
2.521750000000000000e+04 2.401120000000000077e-04
2.525350000000000000e+04 2.317569999999999971e-04
2.528950000000000000e+04 2.208710000000000068e-04
2.532550000000000000e+04 1.646910000000000127e-04
2.536150000000000000e+04 6.090979999999999745e-05
2.539750000000000000e+04 4.890629999999999794e-06
