9.674500000000000000e+03 0.000000000000000000e+00
9.692500000000000000e+03 7.284189999999999795e-05
9.710500000000000000e+03 5.058019999999999660e-04
9.728500000000000000e+03 1.242290000000000061e-03
9.746500000000000000e+03 2.046940000000000131e-03
9.764500000000000000e+03 2.988670000000000129e-03
9.782500000000000000e+03 4.608130000000000212e-03
9.800500000000000000e+03 7.626929999999999647e-03
9.818500000000000000e+03 1.292970000000000057e-02
9.836500000000000000e+03 2.125200000000000006e-02
9.854500000000000000e+03 3.440420000000000283e-02
9.872500000000000000e+03 5.440319999999999878e-02
9.890500000000000000e+03 8.288919999999999622e-02
9.908500000000000000e+03 1.203609999999999958e-01
9.926500000000000000e+03 1.621430000000000093e-01
9.944500000000000000e+03 1.785160000000000080e-01
9.962500000000000000e+03 1.770110000000000017e-01
9.980500000000000000e+03 1.909150000000000014e-01
9.998500000000000000e+03 2.124639999999999862e-01
1.001650000000000000e+04 2.360700000000000021e-01
1.003450000000000000e+04 2.673229999999999773e-01
1.005250000000000000e+04 3.249500000000000166e-01
1.007050000000000000e+04 3.885060000000000180e-01
1.008850000000000000e+04 4.435149999999999926e-01
1.010650000000000000e+04 4.870399999999999729e-01
1.012450000000000000e+04 5.021189999999999820e-01
1.014250000000000000e+04 5.073990000000000444e-01
1.016050000000000000e+04 5.028500000000000192e-01
1.017850000000000000e+04 4.914620000000000100e-01
1.019650000000000000e+04 4.660509999999999931e-01
1.021450000000000000e+04 4.398150000000000115e-01
1.023250000000000000e+04 4.177810000000000135e-01
1.025050000000000000e+04 4.154269999999999907e-01
1.026850000000000000e+04 4.415459999999999940e-01
1.028650000000000000e+04 4.752569999999999850e-01
1.030450000000000000e+04 5.106760000000000188e-01
1.032250000000000000e+04 5.597710000000000186e-01
1.034050000000000000e+04 6.068780000000000285e-01
1.035850000000000000e+04 6.178679999999999728e-01
1.037650000000000000e+04 6.223940000000000028e-01
1.039450000000000000e+04 6.383229999999999738e-01
1.041250000000000000e+04 6.542170000000000485e-01
1.043050000000000000e+04 6.719239999999999657e-01
1.044850000000000000e+04 6.960520000000000040e-01
1.046650000000000000e+04 7.413100000000000245e-01
1.048450000000000000e+04 7.864079999999999959e-01
1.050250000000000000e+04 8.279309999999999725e-01
1.052050000000000000e+04 8.633960000000000523e-01
1.053850000000000000e+04 8.841480000000000450e-01
1.055650000000000000e+04 9.027680000000000149e-01
1.057450000000000000e+04 9.171160000000000423e-01
1.059250000000000000e+04 9.281509999999999483e-01
1.061050000000000000e+04 9.243679999999999675e-01
1.062850000000000000e+04 9.180409999999999959e-01
1.064650000000000000e+04 9.069779999999999509e-01
1.066450000000000000e+04 8.989509999999999446e-01
1.068250000000000000e+04 9.066980000000000040e-01
1.070050000000000000e+04 9.144590000000000218e-01
1.071850000000000000e+04 9.188429999999999653e-01
1.073650000000000000e+04 9.246050000000000102e-01
1.075450000000000000e+04 9.374839999999999840e-01
1.077250000000000000e+04 9.509819999999999940e-01
1.079050000000000000e+04 9.595270000000000188e-01
1.080850000000000000e+04 9.661939999999999973e-01
1.082650000000000000e+04 9.685599999999999765e-01
1.084450000000000000e+04 9.694300000000000139e-01
1.086250000000000000e+04 9.676320000000000476e-01
1.088050000000000000e+04 9.679320000000000146e-01
1.089850000000000000e+04 9.731319999999999970e-01
1.091650000000000000e+04 9.762509999999999799e-01
1.093450000000000000e+04 9.750830000000000330e-01
1.095250000000000000e+04 9.739670000000000272e-01
1.097050000000000000e+04 9.761060000000000292e-01
1.098850000000000000e+04 9.840839999999999588e-01
1.100650000000000000e+04 9.942109999999999559e-01
1.102450000000000000e+04 9.992330000000000378e-01
1.104250000000000000e+04 9.999139999999999695e-01
1.106050000000000000e+04 1.000000000000000000e+00
1.107850000000000000e+04 9.994079999999999631e-01
1.109650000000000000e+04 9.980419999999999847e-01
1.111450000000000000e+04 9.957960000000000145e-01
1.113250000000000000e+04 9.937030000000000030e-01
1.115050000000000000e+04 9.920820000000000194e-01
1.116850000000000000e+04 9.908409999999999718e-01
1.118650000000000000e+04 9.893830000000000124e-01
1.120450000000000000e+04 9.890360000000000262e-01
1.122250000000000000e+04 9.897970000000000379e-01
1.124050000000000000e+04 9.884469999999999645e-01
1.125850000000000000e+04 9.853159999999999696e-01
1.127650000000000000e+04 9.835779999999999523e-01
1.129450000000000000e+04 9.808850000000000069e-01
1.131250000000000000e+04 9.781050000000000022e-01
1.133050000000000000e+04 9.793420000000000458e-01
1.134850000000000000e+04 9.831509999999999971e-01
1.136650000000000000e+04 9.808719999999999661e-01
1.138450000000000000e+04 9.743479999999999919e-01
1.140250000000000000e+04 9.688459999999999850e-01
1.142050000000000000e+04 9.647280000000000300e-01
1.143850000000000000e+04 9.644549999999999512e-01
1.145650000000000000e+04 9.624930000000000430e-01
1.147450000000000000e+04 9.579699999999999882e-01
1.149250000000000000e+04 9.491849999999999454e-01
1.151050000000000000e+04 9.234499999999999931e-01
1.152850000000000000e+04 8.805929999999999591e-01
1.154650000000000000e+04 8.377339999999999787e-01
1.156450000000000000e+04 7.899559999999999915e-01
1.158250000000000000e+04 7.336439999999999628e-01
1.160050000000000000e+04 6.781909999999999883e-01
1.161850000000000000e+04 6.287279999999999536e-01
1.163650000000000000e+04 5.848630000000000217e-01
1.165450000000000000e+04 5.476529999999999454e-01
1.167250000000000000e+04 5.158989999999999965e-01
1.169050000000000000e+04 4.834309999999999996e-01
1.170850000000000000e+04 4.527950000000000030e-01
1.172650000000000000e+04 4.281869999999999843e-01
1.174450000000000000e+04 4.081919999999999993e-01
1.176250000000000000e+04 3.933710000000000262e-01
1.178050000000000000e+04 3.808000000000000274e-01
1.179850000000000000e+04 3.755640000000000089e-01
1.181650000000000000e+04 3.729979999999999962e-01
1.183450000000000000e+04 3.709729999999999972e-01
1.185250000000000000e+04 3.674169999999999936e-01
1.187050000000000000e+04 3.641989999999999950e-01
1.188850000000000000e+04 3.619330000000000047e-01
1.190650000000000000e+04 3.586320000000000063e-01
1.192450000000000000e+04 3.532250000000000112e-01
1.194250000000000000e+04 3.482390000000000208e-01
1.196050000000000000e+04 3.433999999999999830e-01
1.197850000000000000e+04 3.274349999999999761e-01
1.199650000000000000e+04 2.996159999999999934e-01
1.201450000000000000e+04 2.698169999999999735e-01
1.203250000000000000e+04 2.385339999999999960e-01
1.205050000000000000e+04 2.071860000000000090e-01
1.206850000000000000e+04 1.772859999999999991e-01
1.208650000000000000e+04 1.500070000000000014e-01
1.210450000000000000e+04 1.268130000000000090e-01
1.212250000000000000e+04 1.076119999999999993e-01
1.214050000000000000e+04 9.332949999999999580e-02
1.215850000000000000e+04 8.165000000000000036e-02
1.217650000000000000e+04 7.279889999999999972e-02
1.219450000000000000e+04 6.628240000000000520e-02
1.221250000000000000e+04 6.307020000000000681e-02
1.223050000000000000e+04 6.054029999999999828e-02
1.224850000000000000e+04 5.875819999999999654e-02
1.226650000000000000e+04 5.727750000000000202e-02
1.228450000000000000e+04 5.617350000000000121e-02
1.230250000000000000e+04 5.534710000000000324e-02
1.232050000000000000e+04 5.489539999999999698e-02
1.233850000000000000e+04 5.434429999999999816e-02
1.235650000000000000e+04 5.381269999999999804e-02
1.237450000000000000e+04 5.357039999999999719e-02
1.239250000000000000e+04 5.372439999999999855e-02
1.241050000000000000e+04 5.392860000000000015e-02
1.242850000000000000e+04 5.408129999999999882e-02
1.244650000000000000e+04 5.415119999999999656e-02
1.246450000000000000e+04 5.420980000000000243e-02
1.248250000000000000e+04 5.423589999999999661e-02
1.250050000000000000e+04 5.423220000000000124e-02
1.251850000000000000e+04 5.403850000000000320e-02
1.253650000000000000e+04 5.380429999999999935e-02
1.255450000000000000e+04 5.348830000000000251e-02
1.257250000000000000e+04 5.313969999999999805e-02
1.259050000000000000e+04 5.278820000000000040e-02
1.260850000000000000e+04 5.243420000000000025e-02
1.262650000000000000e+04 5.213509999999999672e-02
1.264450000000000000e+04 5.193219999999999781e-02
1.266250000000000000e+04 5.178909999999999764e-02
1.268050000000000000e+04 5.185120000000000007e-02
1.269850000000000000e+04 5.195559999999999762e-02
1.271650000000000000e+04 5.224960000000000021e-02
1.273450000000000000e+04 5.258670000000000011e-02
1.275250000000000000e+04 5.300250000000000100e-02
1.277050000000000000e+04 5.345210000000000239e-02
1.278850000000000000e+04 5.395559999999999939e-02
1.280650000000000000e+04 5.450680000000000108e-02
1.282450000000000000e+04 5.496670000000000028e-02
1.284250000000000000e+04 5.525309999999999944e-02
1.286050000000000000e+04 5.552089999999999803e-02
1.287850000000000000e+04 5.573290000000000188e-02
1.289650000000000000e+04 5.592479999999999674e-02
1.291450000000000000e+04 5.599029999999999979e-02
1.293250000000000000e+04 5.602270000000000166e-02
1.295050000000000000e+04 5.592819999999999736e-02
1.296850000000000000e+04 5.577440000000000175e-02
1.298650000000000000e+04 5.557120000000000115e-02
1.300450000000000000e+04 5.531950000000000062e-02
1.302250000000000000e+04 5.507039999999999852e-02
1.304050000000000000e+04 5.482689999999999786e-02
1.305850000000000000e+04 5.460670000000000107e-02
1.307650000000000000e+04 5.448329999999999840e-02
1.309450000000000000e+04 5.437349999999999822e-02
1.311250000000000000e+04 5.429219999999999879e-02
1.313050000000000000e+04 5.421650000000000080e-02
1.314850000000000000e+04 5.407900000000000207e-02
1.316650000000000000e+04 5.391030000000000127e-02
1.318450000000000000e+04 5.367910000000000043e-02
1.320250000000000000e+04 5.338079999999999908e-02
1.322050000000000000e+04 5.304430000000000256e-02
1.323850000000000000e+04 5.262239999999999973e-02
1.325650000000000000e+04 5.218219999999999803e-02
1.327450000000000000e+04 5.167250000000000315e-02
1.329250000000000000e+04 5.117510000000000114e-02
1.331050000000000000e+04 5.090549999999999936e-02
1.332850000000000000e+04 5.070550000000000057e-02
1.334650000000000000e+04 5.087119999999999836e-02
1.336450000000000000e+04 5.123869999999999814e-02
1.338250000000000000e+04 5.170090000000000102e-02
1.340050000000000000e+04 5.227480000000000321e-02
1.341850000000000000e+04 5.265910000000000035e-02
1.343650000000000000e+04 5.258329999999999949e-02
1.345450000000000000e+04 5.213700000000000279e-02
1.347250000000000000e+04 4.994730000000000003e-02
1.349050000000000000e+04 4.728489999999999777e-02
1.350850000000000000e+04 4.173009999999999914e-02
1.352650000000000000e+04 3.530889999999999723e-02
1.354450000000000000e+04 2.842209999999999875e-02
1.356250000000000000e+04 2.125689999999999871e-02
1.358050000000000000e+04 1.520829999999999925e-02
1.359850000000000000e+04 1.059949999999999955e-02
1.361650000000000000e+04 6.686769999999999867e-03
1.363450000000000000e+04 4.587700000000000111e-03
1.365250000000000000e+04 2.757219999999999897e-03
1.367050000000000000e+04 1.874170000000000089e-03
1.368850000000000000e+04 1.158289999999999971e-03
1.370650000000000000e+04 7.876489999999999663e-04
1.372450000000000000e+04 5.294370000000000066e-04
1.374250000000000000e+04 3.645139999999999730e-04
1.376050000000000000e+04 2.603980000000000097e-04
1.377850000000000000e+04 1.793920000000000063e-04
1.379650000000000000e+04 1.309380000000000125e-04
1.381450000000000000e+04 9.005199999999999772e-05
1.383250000000000000e+04 7.013920000000000094e-05
1.385050000000000000e+04 5.400289999999999756e-05
1.386850000000000000e+04 5.280860000000000122e-05
1.388650000000000000e+04 5.412550000000000211e-05
1.390450000000000000e+04 5.581079999999999765e-05
1.392250000000000000e+04 5.751520000000000119e-05
1.394050000000000000e+04 4.273400000000000115e-05
1.395850000000000000e+04 1.626030000000000083e-05
1.397650000000000000e+04 1.725150000000000066e-07
