6.557500000000000000e+03 0.000000000000000000e+00
6.569500000000000000e+03 3.645520000000000208e-07
6.581500000000000000e+03 2.708049999999999932e-05
6.593500000000000000e+03 6.953199999999999767e-05
6.605500000000000000e+03 8.782229999999999431e-05
6.617500000000000000e+03 8.997119999999999673e-05
6.629500000000000000e+03 8.669209999999999622e-05
6.641500000000000000e+03 7.943640000000000401e-05
6.653500000000000000e+03 8.163640000000000328e-05
6.665500000000000000e+03 1.009960000000000068e-04
6.677500000000000000e+03 1.249730000000000112e-04
6.689500000000000000e+03 1.345890000000000085e-04
6.701500000000000000e+03 1.441749999999999943e-04
6.713500000000000000e+03 1.582630000000000126e-04
6.725500000000000000e+03 1.676460000000000005e-04
6.737500000000000000e+03 1.734600000000000096e-04
6.749500000000000000e+03 1.828330000000000027e-04
6.761500000000000000e+03 1.971619999999999937e-04
6.773500000000000000e+03 2.083619999999999949e-04
6.785500000000000000e+03 2.173400000000000028e-04
6.797500000000000000e+03 2.401129999999999964e-04
6.809500000000000000e+03 2.776270000000000170e-04
6.821500000000000000e+03 3.373650000000000065e-04
6.833500000000000000e+03 4.132319999999999765e-04
6.845500000000000000e+03 5.613659999999999917e-04
6.857500000000000000e+03 7.593149999999999900e-04
6.869500000000000000e+03 1.106549999999999982e-03
6.881500000000000000e+03 1.573650000000000005e-03
6.893500000000000000e+03 2.326359999999999973e-03
6.905500000000000000e+03 3.403999999999999908e-03
6.917500000000000000e+03 4.993479999999999794e-03
6.929500000000000000e+03 7.609949999999999874e-03
6.941500000000000000e+03 1.118779999999999948e-02
6.953500000000000000e+03 1.707859999999999934e-02
6.965500000000000000e+03 2.427230000000000013e-02
6.977500000000000000e+03 3.356479999999999880e-02
6.989500000000000000e+03 4.261759999999999854e-02
7.001500000000000000e+03 4.763309999999999766e-02
7.013500000000000000e+03 5.062549999999999689e-02
7.025500000000000000e+03 4.958629999999999982e-02
7.037500000000000000e+03 4.898279999999999995e-02
7.049500000000000000e+03 4.963669999999999888e-02
7.061500000000000000e+03 5.168749999999999734e-02
7.073500000000000000e+03 5.533049999999999774e-02
7.085500000000000000e+03 5.932099999999999873e-02
7.097500000000000000e+03 6.522360000000000657e-02
7.109500000000000000e+03 6.852690000000000170e-02
7.121500000000000000e+03 7.912719999999999476e-02
7.133500000000000000e+03 9.817729999999999513e-02
7.145500000000000000e+03 1.319079999999999975e-01
7.157500000000000000e+03 1.703659999999999897e-01
7.169500000000000000e+03 2.129830000000000056e-01
7.181500000000000000e+03 2.508040000000000269e-01
7.193500000000000000e+03 2.840539999999999732e-01
7.205500000000000000e+03 3.188389999999999835e-01
7.217500000000000000e+03 3.499099999999999988e-01
7.229500000000000000e+03 3.835009999999999808e-01
7.241500000000000000e+03 4.071779999999999844e-01
7.253500000000000000e+03 4.311349999999999905e-01
7.265500000000000000e+03 4.571459999999999968e-01
7.277500000000000000e+03 4.860369999999999968e-01
7.289500000000000000e+03 5.175560000000000160e-01
7.301500000000000000e+03 5.512200000000000433e-01
7.313500000000000000e+03 5.880619999999999736e-01
7.325500000000000000e+03 6.261090000000000266e-01
7.337500000000000000e+03 6.686189999999999634e-01
7.349500000000000000e+03 7.177930000000000144e-01
7.361500000000000000e+03 7.531280000000000197e-01
7.373500000000000000e+03 7.676370000000000138e-01
7.385500000000000000e+03 7.861219999999999875e-01
7.397500000000000000e+03 8.051770000000000316e-01
7.409500000000000000e+03 8.254610000000000003e-01
7.421500000000000000e+03 8.463490000000000180e-01
7.433500000000000000e+03 8.699989999999999668e-01
7.445500000000000000e+03 8.968859999999999610e-01
7.457500000000000000e+03 9.148669999999999858e-01
7.469500000000000000e+03 9.249760000000000204e-01
7.481500000000000000e+03 9.359060000000000157e-01
7.493500000000000000e+03 9.431329999999999991e-01
7.505500000000000000e+03 9.477900000000000214e-01
7.517500000000000000e+03 9.558980000000000254e-01
7.529500000000000000e+03 9.644989999999999952e-01
7.541500000000000000e+03 9.712870000000000115e-01
7.553500000000000000e+03 9.761649999999999494e-01
7.565500000000000000e+03 9.810579999999999856e-01
7.577500000000000000e+03 9.848780000000000312e-01
7.589500000000000000e+03 9.879200000000000204e-01
7.601500000000000000e+03 9.892530000000000490e-01
7.613500000000000000e+03 9.890409999999999480e-01
7.625500000000000000e+03 9.875190000000000357e-01
7.637500000000000000e+03 9.869339999999999780e-01
7.649500000000000000e+03 9.864730000000000443e-01
7.661500000000000000e+03 9.843579999999999552e-01
7.673500000000000000e+03 9.848710000000000520e-01
7.685500000000000000e+03 9.863840000000000385e-01
7.697500000000000000e+03 9.860470000000000068e-01
7.709500000000000000e+03 9.843610000000000415e-01
7.721500000000000000e+03 9.823939999999999895e-01
7.733500000000000000e+03 9.818989999999999663e-01
7.745500000000000000e+03 9.839360000000000328e-01
7.757500000000000000e+03 9.888460000000000027e-01
7.769500000000000000e+03 9.938639999999999697e-01
7.781500000000000000e+03 9.994079999999999631e-01
7.793500000000000000e+03 1.000000000000000000e+00
7.805500000000000000e+03 9.891609999999999570e-01
7.817500000000000000e+03 9.790940000000000198e-01
7.829500000000000000e+03 9.797069999999999945e-01
7.841500000000000000e+03 9.788090000000000401e-01
7.853500000000000000e+03 9.678820000000000201e-01
7.865500000000000000e+03 9.588670000000000249e-01
7.877500000000000000e+03 9.543899999999999606e-01
7.889500000000000000e+03 9.500750000000000028e-01
7.901500000000000000e+03 9.382300000000000084e-01
7.913500000000000000e+03 9.196360000000000090e-01
7.925500000000000000e+03 8.836030000000000273e-01
7.937500000000000000e+03 8.442049999999999832e-01
7.949500000000000000e+03 7.981740000000000501e-01
7.961500000000000000e+03 7.524640000000000217e-01
7.973500000000000000e+03 7.154399999999999649e-01
7.985500000000000000e+03 6.858539999999999637e-01
7.997500000000000000e+03 6.675140000000000517e-01
8.009500000000000000e+03 6.505060000000000286e-01
8.021500000000000000e+03 6.388570000000000082e-01
8.033500000000000000e+03 6.254250000000000087e-01
8.045500000000000000e+03 6.118609999999999882e-01
8.057500000000000000e+03 5.977930000000000188e-01
8.069500000000000000e+03 5.806999999999999940e-01
8.081500000000000000e+03 5.650469999999999660e-01
8.093500000000000000e+03 5.480899999999999661e-01
8.105500000000000000e+03 5.311430000000000318e-01
8.117500000000000000e+03 5.121559999999999446e-01
8.129500000000000000e+03 4.900920000000000276e-01
8.141500000000000000e+03 4.623869999999999925e-01
8.153500000000000000e+03 4.297799999999999954e-01
8.165500000000000000e+03 3.840049999999999852e-01
8.177500000000000000e+03 3.326859999999999817e-01
8.189500000000000000e+03 2.857870000000000132e-01
8.201500000000000000e+03 2.450140000000000096e-01
8.213500000000000000e+03 2.085950000000000026e-01
8.225500000000000000e+03 1.781669999999999920e-01
8.237500000000000000e+03 1.503140000000000032e-01
8.249500000000000000e+03 1.259019999999999861e-01
8.261500000000000000e+03 1.037430000000000019e-01
8.273500000000000000e+03 8.233179999999999665e-02
8.285500000000000000e+03 6.444769999999999666e-02
8.297500000000000000e+03 4.811880000000000324e-02
8.309500000000000000e+03 3.531999999999999723e-02
8.321500000000000000e+03 2.507929999999999882e-02
8.333500000000000000e+03 1.687599999999999864e-02
8.345500000000000000e+03 1.183110000000000064e-02
8.357500000000000000e+03 7.746839999999999629e-03
8.369500000000000000e+03 5.115569999999999840e-03
8.381500000000000000e+03 3.086719999999999828e-03
8.393500000000000000e+03 2.421110000000000189e-03
8.405500000000000000e+03 1.914190000000000075e-03
8.417500000000000000e+03 1.426460000000000054e-03
8.429500000000000000e+03 1.014090000000000043e-03
8.441500000000000000e+03 8.809389999999999625e-04
8.453500000000000000e+03 7.884230000000000101e-04
8.465500000000000000e+03 6.770199999999999656e-04
8.477500000000000000e+03 5.668459999999999731e-04
8.489500000000000000e+03 4.567099999999999827e-04
8.501500000000000000e+03 3.549369999999999934e-04
8.513500000000000000e+03 3.227349999999999924e-04
8.525500000000000000e+03 3.060930000000000118e-04
8.537500000000000000e+03 2.954410000000000196e-04
8.549500000000000000e+03 2.928189999999999894e-04
8.561500000000000000e+03 2.790059999999999914e-04
8.573500000000000000e+03 2.553440000000000137e-04
8.585500000000000000e+03 2.448160000000000223e-04
8.597500000000000000e+03 2.454800000000000146e-04
8.609500000000000000e+03 2.451150000000000139e-04
8.621500000000000000e+03 2.427929999999999910e-04
8.633500000000000000e+03 2.387900000000000092e-04
8.645500000000000000e+03 2.199779999999999867e-04
8.657500000000000000e+03 1.918920000000000120e-04
8.669500000000000000e+03 1.677240000000000089e-04
8.681500000000000000e+03 1.553190000000000083e-04
8.693500000000000000e+03 1.584819999999999914e-04
8.705500000000000000e+03 1.607579999999999947e-04
8.717500000000000000e+03 1.596740000000000030e-04
8.729500000000000000e+03 1.609009999999999965e-04
8.741500000000000000e+03 1.677129999999999984e-04
8.753500000000000000e+03 1.730380000000000058e-04
8.765500000000000000e+03 1.722050000000000089e-04
8.777500000000000000e+03 1.646340000000000097e-04
8.789500000000000000e+03 1.483439999999999878e-04
8.801500000000000000e+03 1.223189999999999922e-04
8.813500000000000000e+03 7.116350000000000399e-05
8.825500000000000000e+03 1.873029999999999921e-05
8.837500000000000000e+03 3.038929999999999803e-08
