3.272000000000000000e+03 0.000000000000000000e+00
3.279000000000000000e+03 3.871959999999999686e-08
3.286000000000000000e+03 1.469920000000000023e-06
3.293000000000000000e+03 4.004860000000000142e-06
3.300000000000000000e+03 6.787530000000000217e-06
3.307000000000000000e+03 8.993279999999999384e-06
3.314000000000000000e+03 1.473529999999999934e-05
3.321000000000000000e+03 2.230309999999999996e-05
3.328000000000000000e+03 2.483689999999999932e-05
3.335000000000000000e+03 2.402820000000000146e-05
3.342000000000000000e+03 2.319259999999999882e-05
3.349000000000000000e+03 2.236690000000000095e-05
3.356000000000000000e+03 2.183179999999999992e-05
3.363000000000000000e+03 2.182699999999999956e-05
3.370000000000000000e+03 2.214870000000000022e-05
3.377000000000000000e+03 2.740609999999999837e-05
3.384000000000000000e+03 3.929190000000000238e-05
3.391000000000000000e+03 4.855330000000000149e-05
3.398000000000000000e+03 5.431459999999999663e-05
3.405000000000000000e+03 6.462910000000000096e-05
3.412000000000000000e+03 7.939690000000000549e-05
3.419000000000000000e+03 8.819529999999999904e-05
3.426000000000000000e+03 8.947380000000000383e-05
3.433000000000000000e+03 8.998029999999999635e-05
3.440000000000000000e+03 9.049280000000000203e-05
3.447000000000000000e+03 9.087089999999999762e-05
3.454000000000000000e+03 9.150279999999999406e-05
3.461000000000000000e+03 9.268669999999999470e-05
3.468000000000000000e+03 9.347100000000000005e-05
3.475000000000000000e+03 9.381909999999999761e-05
3.482000000000000000e+03 9.475789999999999615e-05
3.489000000000000000e+03 9.619430000000000157e-05
3.496000000000000000e+03 9.738219999999999743e-05
3.503000000000000000e+03 9.781809999999999778e-05
3.510000000000000000e+03 9.825270000000000206e-05
3.517000000000000000e+03 9.884980000000000351e-05
3.524000000000000000e+03 9.918480000000000623e-05
3.531000000000000000e+03 9.914780000000000641e-05
3.538000000000000000e+03 9.896390000000000297e-05
3.545000000000000000e+03 9.876380000000000467e-05
3.552000000000000000e+03 9.868490000000000107e-05
3.559000000000000000e+03 9.902470000000000076e-05
3.566000000000000000e+03 9.989940000000000105e-05
3.573000000000000000e+03 1.012280000000000005e-04
3.580000000000000000e+03 1.030439999999999980e-04
3.587000000000000000e+03 1.050430000000000038e-04
3.594000000000000000e+03 1.074259999999999977e-04
3.601000000000000000e+03 1.099729999999999989e-04
3.608000000000000000e+03 1.125210000000000023e-04
3.615000000000000000e+03 1.149080000000000050e-04
3.622000000000000000e+03 1.167089999999999968e-04
3.629000000000000000e+03 1.179430000000000056e-04
3.636000000000000000e+03 1.188649999999999944e-04
3.643000000000000000e+03 1.198169999999999948e-04
3.650000000000000000e+03 1.208110000000000059e-04
3.657000000000000000e+03 1.216419999999999985e-04
3.664000000000000000e+03 1.227079999999999913e-04
3.671000000000000000e+03 1.243010000000000013e-04
3.678000000000000000e+03 1.262649999999999981e-04
3.685000000000000000e+03 1.289010000000000047e-04
3.692000000000000000e+03 1.324119999999999919e-04
3.699000000000000000e+03 1.366480000000000103e-04
3.706000000000000000e+03 1.408129999999999950e-04
3.713000000000000000e+03 1.445010000000000044e-04
3.720000000000000000e+03 1.479850000000000002e-04
3.727000000000000000e+03 1.512150000000000083e-04
3.734000000000000000e+03 1.538330000000000025e-04
3.741000000000000000e+03 1.561789999999999966e-04
3.748000000000000000e+03 1.585360000000000014e-04
3.755000000000000000e+03 1.606590000000000080e-04
3.762000000000000000e+03 1.630980000000000027e-04
3.769000000000000000e+03 1.663059999999999896e-04
3.776000000000000000e+03 1.704990000000000086e-04
3.783000000000000000e+03 1.753539999999999884e-04
3.790000000000000000e+03 1.805760000000000004e-04
3.797000000000000000e+03 1.861049999999999944e-04
3.804000000000000000e+03 1.916099999999999900e-04
3.811000000000000000e+03 1.973750000000000135e-04
3.818000000000000000e+03 2.034159999999999918e-04
3.825000000000000000e+03 2.098450000000000077e-04
3.832000000000000000e+03 2.171010000000000073e-04
3.839000000000000000e+03 2.252909999999999950e-04
3.846000000000000000e+03 2.337089999999999947e-04
3.853000000000000000e+03 2.420920000000000125e-04
3.860000000000000000e+03 2.512789999999999772e-04
3.867000000000000000e+03 2.616489999999999745e-04
3.874000000000000000e+03 2.728620000000000177e-04
3.881000000000000000e+03 2.836849999999999919e-04
3.888000000000000000e+03 2.952170000000000163e-04
3.895000000000000000e+03 3.074460000000000105e-04
3.902000000000000000e+03 3.212840000000000227e-04
3.909000000000000000e+03 3.359869999999999936e-04
3.916000000000000000e+03 3.522600000000000189e-04
3.923000000000000000e+03 3.694820000000000244e-04
3.930000000000000000e+03 3.882250000000000176e-04
3.937000000000000000e+03 4.038320000000000191e-04
3.944000000000000000e+03 4.172080000000000211e-04
3.951000000000000000e+03 4.360240000000000253e-04
3.958000000000000000e+03 4.604659999999999786e-04
3.965000000000000000e+03 4.888940000000000256e-04
3.972000000000000000e+03 5.194960000000000419e-04
3.979000000000000000e+03 5.614489999999999975e-04
3.986000000000000000e+03 6.168319999999999923e-04
3.993000000000000000e+03 6.828459999999999738e-04
4.000000000000000000e+03 7.568790000000000153e-04
4.007000000000000000e+03 8.466660000000000418e-04
4.014000000000000000e+03 9.466950000000000018e-04
4.021000000000000000e+03 1.060229999999999896e-03
4.028000000000000000e+03 1.180499999999999909e-03
4.035000000000000000e+03 1.319070000000000095e-03
4.042000000000000000e+03 1.489950000000000085e-03
4.049000000000000000e+03 1.783730000000000081e-03
4.056000000000000000e+03 2.148719999999999797e-03
4.063000000000000000e+03 2.662579999999999895e-03
4.070000000000000000e+03 3.250569999999999935e-03
4.077000000000000000e+03 4.166989999999999757e-03
4.084000000000000000e+03 5.556379999999999653e-03
4.091000000000000000e+03 7.381369999999999945e-03
4.098000000000000000e+03 9.632530000000000259e-03
4.105000000000000000e+03 1.236680000000000071e-02
4.112000000000000000e+03 1.601090000000000152e-02
4.119000000000000000e+03 2.012960000000000096e-02
4.126000000000000000e+03 2.526449999999999876e-02
4.133000000000000000e+03 3.099239999999999981e-02
4.140000000000000000e+03 3.775499999999999690e-02
4.147000000000000000e+03 4.520740000000000175e-02
4.154000000000000000e+03 5.355610000000000231e-02
4.161000000000000000e+03 6.285350000000000659e-02
4.168000000000000000e+03 7.284440000000000359e-02
4.175000000000000000e+03 8.389030000000000098e-02
4.182000000000000000e+03 9.540329999999999644e-02
4.189000000000000000e+03 1.077550000000000036e-01
4.196000000000000000e+03 1.204699999999999938e-01
4.203000000000000000e+03 1.337889999999999913e-01
4.210000000000000000e+03 1.476590000000000125e-01
4.217000000000000000e+03 1.616589999999999971e-01
4.224000000000000000e+03 1.764070000000000082e-01
4.231000000000000000e+03 1.913370000000000071e-01
4.238000000000000000e+03 2.074870000000000048e-01
4.245000000000000000e+03 2.242010000000000114e-01
4.252000000000000000e+03 2.425630000000000008e-01
4.259000000000000000e+03 2.620250000000000079e-01
4.266000000000000000e+03 2.829840000000000133e-01
4.273000000000000000e+03 3.051380000000000203e-01
4.280000000000000000e+03 3.280310000000000170e-01
4.287000000000000000e+03 3.517560000000000131e-01
4.294000000000000000e+03 3.754239999999999799e-01
4.301000000000000000e+03 4.000759999999999872e-01
4.308000000000000000e+03 4.243480000000000030e-01
4.315000000000000000e+03 4.486089999999999800e-01
4.322000000000000000e+03 4.723720000000000141e-01
4.329000000000000000e+03 4.945049999999999724e-01
4.336000000000000000e+03 5.160050000000000470e-01
4.343000000000000000e+03 5.373620000000000063e-01
4.350000000000000000e+03 5.580239999999999645e-01
4.357000000000000000e+03 5.779269999999999685e-01
4.364000000000000000e+03 5.963619999999999477e-01
4.371000000000000000e+03 6.128130000000000521e-01
4.378000000000000000e+03 6.276699999999999502e-01
4.385000000000000000e+03 6.413780000000000037e-01
4.392000000000000000e+03 6.537720000000000198e-01
4.399000000000000000e+03 6.654050000000000242e-01
4.406000000000000000e+03 6.755809999999999871e-01
4.413000000000000000e+03 6.842449999999999921e-01
4.420000000000000000e+03 6.919039999999999635e-01
4.427000000000000000e+03 6.980720000000000258e-01
4.434000000000000000e+03 7.033970000000000500e-01
4.441000000000000000e+03 7.071849999999999525e-01
4.448000000000000000e+03 7.094749999999999668e-01
4.455000000000000000e+03 7.108550000000000146e-01
4.462000000000000000e+03 7.115690000000000071e-01
4.469000000000000000e+03 7.121180000000000287e-01
4.476000000000000000e+03 7.126289999999999569e-01
4.483000000000000000e+03 7.143850000000000477e-01
4.490000000000000000e+03 7.182169999999999943e-01
4.497000000000000000e+03 7.257449999999999735e-01
4.504000000000000000e+03 7.412170000000000147e-01
4.511000000000000000e+03 7.618040000000000367e-01
4.518000000000000000e+03 7.946900000000000075e-01
4.525000000000000000e+03 8.315979999999999484e-01
4.532000000000000000e+03 8.727620000000000378e-01
4.539000000000000000e+03 9.134870000000000489e-01
4.546000000000000000e+03 9.436849999999999961e-01
4.553000000000000000e+03 9.681840000000000446e-01
4.560000000000000000e+03 9.831889999999999796e-01
4.567000000000000000e+03 9.909700000000000175e-01
4.574000000000000000e+03 9.952140000000000430e-01
4.581000000000000000e+03 9.864650000000000363e-01
4.588000000000000000e+03 9.731039999999999690e-01
4.595000000000000000e+03 9.619990000000000485e-01
4.602000000000000000e+03 9.555740000000000345e-01
4.609000000000000000e+03 9.546580000000000066e-01
4.616000000000000000e+03 9.573650000000000215e-01
4.623000000000000000e+03 9.640509999999999913e-01
4.630000000000000000e+03 9.772830000000000128e-01
4.637000000000000000e+03 9.896420000000000217e-01
4.644000000000000000e+03 9.972159999999999913e-01
4.651000000000000000e+03 1.000000000000000000e+00
4.658000000000000000e+03 9.977899999999999547e-01
4.665000000000000000e+03 9.937780000000000502e-01
4.672000000000000000e+03 9.894640000000000102e-01
4.679000000000000000e+03 9.861569999999999503e-01
4.686000000000000000e+03 9.848820000000000352e-01
4.693000000000000000e+03 9.836570000000000036e-01
4.700000000000000000e+03 9.811490000000000489e-01
4.707000000000000000e+03 9.769139999999999491e-01
4.714000000000000000e+03 9.678889999999999993e-01
4.721000000000000000e+03 9.564529999999999976e-01
4.728000000000000000e+03 9.339490000000000292e-01
4.735000000000000000e+03 9.053780000000000161e-01
4.742000000000000000e+03 8.626789999999999736e-01
4.749000000000000000e+03 8.105529999999999680e-01
4.756000000000000000e+03 7.567380000000000217e-01
4.763000000000000000e+03 7.021709999999999896e-01
4.770000000000000000e+03 6.555370000000000363e-01
4.777000000000000000e+03 6.197449999999999903e-01
4.784000000000000000e+03 5.902519999999999989e-01
4.791000000000000000e+03 5.722099999999999964e-01
4.798000000000000000e+03 5.573179999999999801e-01
4.805000000000000000e+03 5.463230000000000031e-01
4.812000000000000000e+03 5.374809999999999865e-01
4.819000000000000000e+03 5.314790000000000347e-01
4.826000000000000000e+03 5.259719999999999951e-01
4.833000000000000000e+03 5.193900000000000183e-01
4.840000000000000000e+03 5.128979999999999650e-01
4.847000000000000000e+03 5.067920000000000202e-01
4.854000000000000000e+03 5.003959999999999519e-01
4.861000000000000000e+03 4.924720000000000208e-01
4.868000000000000000e+03 4.839589999999999725e-01
4.875000000000000000e+03 4.751489999999999880e-01
4.882000000000000000e+03 4.666509999999999825e-01
4.889000000000000000e+03 4.573180000000000023e-01
4.896000000000000000e+03 4.466120000000000090e-01
4.903000000000000000e+03 4.360419999999999852e-01
4.910000000000000000e+03 4.265189999999999815e-01
4.917000000000000000e+03 4.192540000000000155e-01
4.924000000000000000e+03 4.121759999999999868e-01
4.931000000000000000e+03 4.050059999999999771e-01
4.938000000000000000e+03 3.971189999999999998e-01
4.945000000000000000e+03 3.874500000000000166e-01
4.952000000000000000e+03 3.779420000000000002e-01
4.959000000000000000e+03 3.691599999999999882e-01
4.966000000000000000e+03 3.612870000000000248e-01
4.973000000000000000e+03 3.528089999999999837e-01
4.980000000000000000e+03 3.441520000000000135e-01
4.987000000000000000e+03 3.360199999999999854e-01
4.994000000000000000e+03 3.282740000000000102e-01
5.001000000000000000e+03 3.205569999999999808e-01
5.008000000000000000e+03 3.124720000000000275e-01
5.015000000000000000e+03 3.053139999999999743e-01
5.022000000000000000e+03 2.987520000000000175e-01
5.029000000000000000e+03 2.932029999999999914e-01
5.036000000000000000e+03 2.880909999999999860e-01
5.043000000000000000e+03 2.824860000000000149e-01
5.050000000000000000e+03 2.750750000000000139e-01
5.057000000000000000e+03 2.664980000000000127e-01
5.064000000000000000e+03 2.567269999999999830e-01
5.071000000000000000e+03 2.462920000000000109e-01
5.078000000000000000e+03 2.350099999999999967e-01
5.085000000000000000e+03 2.225930000000000131e-01
5.092000000000000000e+03 2.093069999999999931e-01
5.099000000000000000e+03 1.954150000000000054e-01
5.106000000000000000e+03 1.813879999999999937e-01
5.113000000000000000e+03 1.675810000000000077e-01
5.120000000000000000e+03 1.542139999999999900e-01
5.127000000000000000e+03 1.414209999999999912e-01
5.134000000000000000e+03 1.291390000000000038e-01
5.141000000000000000e+03 1.176689999999999958e-01
5.148000000000000000e+03 1.067239999999999994e-01
5.155000000000000000e+03 9.667359999999999842e-02
5.162000000000000000e+03 8.731269999999999309e-02
5.169000000000000000e+03 7.891399999999999804e-02
5.176000000000000000e+03 7.134659999999999613e-02
5.183000000000000000e+03 6.450169999999999515e-02
5.190000000000000000e+03 5.844259999999999733e-02
5.197000000000000000e+03 5.293490000000000001e-02
5.204000000000000000e+03 4.818850000000000217e-02
5.211000000000000000e+03 4.389069999999999777e-02
5.218000000000000000e+03 4.020350000000000312e-02
5.225000000000000000e+03 3.685320000000000262e-02
5.232000000000000000e+03 3.385919999999999902e-02
5.239000000000000000e+03 3.107489999999999905e-02
5.246000000000000000e+03 2.853330000000000102e-02
5.253000000000000000e+03 2.619720000000000035e-02
5.260000000000000000e+03 2.395649999999999863e-02
5.267000000000000000e+03 2.178439999999999890e-02
5.274000000000000000e+03 1.968280000000000030e-02
5.281000000000000000e+03 1.768480000000000052e-02
5.288000000000000000e+03 1.579809999999999895e-02
5.295000000000000000e+03 1.387000000000000038e-02
5.302000000000000000e+03 1.163579999999999996e-02
5.309000000000000000e+03 9.474750000000000533e-03
5.316000000000000000e+03 7.725649999999999705e-03
5.323000000000000000e+03 6.476570000000000070e-03
5.330000000000000000e+03 5.355310000000000278e-03
5.337000000000000000e+03 4.145219999999999808e-03
5.344000000000000000e+03 2.954109999999999809e-03
5.351000000000000000e+03 1.591799999999999986e-03
5.358000000000000000e+03 6.935869999999999579e-04
5.365000000000000000e+03 4.431150000000000019e-04
5.372000000000000000e+03 4.241709999999999882e-04
5.379000000000000000e+03 4.149940000000000183e-04
5.386000000000000000e+03 4.039809999999999799e-04
5.393000000000000000e+03 3.861770000000000263e-04
5.400000000000000000e+03 3.534200000000000145e-04
5.407000000000000000e+03 3.212630000000000173e-04
5.414000000000000000e+03 2.930459999999999858e-04
5.421000000000000000e+03 2.594070000000000186e-04
5.428000000000000000e+03 2.357460000000000024e-04
5.435000000000000000e+03 2.123390000000000011e-04
5.442000000000000000e+03 1.515540000000000062e-04
5.449000000000000000e+03 8.120579999999999422e-05
5.456000000000000000e+03 4.000160000000000000e-05
5.463000000000000000e+03 1.324269999999999943e-05
5.470000000000000000e+03 2.294649999999999970e-07
