8.002000000000000000e+03 0.000000000000000000e+00
8.017000000000000000e+03 5.331690000000000278e-07
8.032000000000000000e+03 1.788369999999999955e-05
8.047000000000000000e+03 5.117990000000000104e-05
8.062000000000000000e+03 7.579139999999999402e-05
8.077000000000000000e+03 8.480530000000000609e-05
8.092000000000000000e+03 8.295149999999999345e-05
8.107000000000000000e+03 7.783079999999999350e-05
8.122000000000000000e+03 7.825859999999999642e-05
8.137000000000000000e+03 8.482709999999999968e-05
8.152000000000000000e+03 9.018389999999999556e-05
8.167000000000000000e+03 9.203439999999999419e-05
8.182000000000000000e+03 9.193449999999999875e-05
8.197000000000000000e+03 9.147660000000000437e-05
8.212000000000000000e+03 9.131290000000000457e-05
8.227000000000000000e+03 9.178059999999999333e-05
8.242000000000000000e+03 9.539949999999999353e-05
8.257000000000000000e+03 1.008020000000000015e-04
8.272000000000000000e+03 1.004270000000000060e-04
8.287000000000000000e+03 9.528019999999999621e-05
8.302000000000000000e+03 9.354890000000000145e-05
8.317000000000000000e+03 9.593949999999999852e-05
8.332000000000000000e+03 9.870280000000000644e-05
8.347000000000000000e+03 1.013379999999999977e-04
8.362000000000000000e+03 1.107850000000000040e-04
8.377000000000000000e+03 1.233130000000000033e-04
8.392000000000000000e+03 1.367189999999999898e-04
8.407000000000000000e+03 1.489940000000000036e-04
8.422000000000000000e+03 1.570769999999999870e-04
8.437000000000000000e+03 1.801270000000000052e-04
8.452000000000000000e+03 2.271320000000000066e-04
8.467000000000000000e+03 2.783519999999999940e-04
8.482000000000000000e+03 3.276420000000000048e-04
8.497000000000000000e+03 3.773609999999999942e-04
8.512000000000000000e+03 4.445529999999999838e-04
8.527000000000000000e+03 5.488409999999999990e-04
8.542000000000000000e+03 7.091079999999999606e-04
8.557000000000000000e+03 9.054100000000000472e-04
8.572000000000000000e+03 1.187120000000000059e-03
8.587000000000000000e+03 1.568450000000000096e-03
8.602000000000000000e+03 2.148329999999999945e-03
8.617000000000000000e+03 2.956999999999999993e-03
8.632000000000000000e+03 4.204549999999999607e-03
8.647000000000000000e+03 6.108640000000000250e-03
8.662000000000000000e+03 9.519130000000000646e-03
8.677000000000000000e+03 1.506990000000000066e-02
8.692000000000000000e+03 2.496160000000000045e-02
8.707000000000000000e+03 3.992799999999999822e-02
8.722000000000000000e+03 6.322560000000000680e-02
8.737000000000000000e+03 9.269070000000000087e-02
8.752000000000000000e+03 1.267979999999999940e-01
8.767000000000000000e+03 1.611549999999999927e-01
8.782000000000000000e+03 1.902999999999999969e-01
8.797000000000000000e+03 2.134749999999999981e-01
8.812000000000000000e+03 2.297869999999999913e-01
8.827000000000000000e+03 2.406230000000000036e-01
8.842000000000000000e+03 2.468420000000000059e-01
8.857000000000000000e+03 2.501280000000000170e-01
8.872000000000000000e+03 2.519170000000000020e-01
8.887000000000000000e+03 2.527460000000000262e-01
8.902000000000000000e+03 2.529129999999999989e-01
8.917000000000000000e+03 2.535879999999999801e-01
8.932000000000000000e+03 2.568440000000000167e-01
8.947000000000000000e+03 2.613309999999999800e-01
8.962000000000000000e+03 2.669790000000000219e-01
8.977000000000000000e+03 2.722200000000000175e-01
8.992000000000000000e+03 2.786170000000000035e-01
9.007000000000000000e+03 2.878299999999999748e-01
9.022000000000000000e+03 3.012110000000000065e-01
9.037000000000000000e+03 3.182530000000000081e-01
9.052000000000000000e+03 3.367160000000000153e-01
9.067000000000000000e+03 3.540639999999999898e-01
9.082000000000000000e+03 3.680610000000000270e-01
9.097000000000000000e+03 3.858750000000000235e-01
9.112000000000000000e+03 4.090900000000000092e-01
9.127000000000000000e+03 4.399410000000000265e-01
9.142000000000000000e+03 4.730900000000000105e-01
9.157000000000000000e+03 5.135769999999999502e-01
9.172000000000000000e+03 5.589880000000000404e-01
9.187000000000000000e+03 6.112079999999999735e-01
9.202000000000000000e+03 6.658969999999999612e-01
9.217000000000000000e+03 7.187670000000000448e-01
9.232000000000000000e+03 7.670109999999999983e-01
9.247000000000000000e+03 8.119849999999999568e-01
9.262000000000000000e+03 8.518679999999999586e-01
9.277000000000000000e+03 8.872879999999999656e-01
9.292000000000000000e+03 9.158450000000000202e-01
9.307000000000000000e+03 9.378800000000000470e-01
9.322000000000000000e+03 9.538750000000000284e-01
9.337000000000000000e+03 9.647790000000000532e-01
9.352000000000000000e+03 9.711030000000000495e-01
9.367000000000000000e+03 9.762229999999999519e-01
9.382000000000000000e+03 9.822419999999999485e-01
9.397000000000000000e+03 9.867730000000000112e-01
9.412000000000000000e+03 9.903030000000000443e-01
9.427000000000000000e+03 9.925519999999999898e-01
9.442000000000000000e+03 9.900590000000000224e-01
9.457000000000000000e+03 9.879860000000000309e-01
9.472000000000000000e+03 9.909379999999999855e-01
9.487000000000000000e+03 9.962290000000000312e-01
9.502000000000000000e+03 1.000000000000000000e+00
9.517000000000000000e+03 9.990449999999999608e-01
9.532000000000000000e+03 9.933309999999999640e-01
9.547000000000000000e+03 9.898139999999999716e-01
9.562000000000000000e+03 9.917380000000000084e-01
9.577000000000000000e+03 9.916829999999999812e-01
9.592000000000000000e+03 9.869529999999999692e-01
9.607000000000000000e+03 9.810240000000000071e-01
9.622000000000000000e+03 9.768219999999999681e-01
9.637000000000000000e+03 9.694500000000000339e-01
9.652000000000000000e+03 9.585219999999999851e-01
9.667000000000000000e+03 9.388570000000000526e-01
9.682000000000000000e+03 9.136640000000000317e-01
9.697000000000000000e+03 8.823189999999999644e-01
9.712000000000000000e+03 8.488599999999999479e-01
9.727000000000000000e+03 8.195449999999999680e-01
9.742000000000000000e+03 7.954170000000000407e-01
9.757000000000000000e+03 7.792799999999999727e-01
9.772000000000000000e+03 7.673560000000000381e-01
9.787000000000000000e+03 7.602670000000000261e-01
9.802000000000000000e+03 7.546859999999999680e-01
9.817000000000000000e+03 7.470080000000000053e-01
9.832000000000000000e+03 7.382419999999999538e-01
9.847000000000000000e+03 7.348609999999999864e-01
9.862000000000000000e+03 7.335749999999999771e-01
9.877000000000000000e+03 7.328459999999999974e-01
9.892000000000000000e+03 7.317789999999999573e-01
9.907000000000000000e+03 7.281710000000000127e-01
9.922000000000000000e+03 7.247120000000000228e-01
9.937000000000000000e+03 7.248080000000000078e-01
9.952000000000000000e+03 7.266580000000000261e-01
9.967000000000000000e+03 7.289989999999999526e-01
9.982000000000000000e+03 7.315549999999999553e-01
9.997000000000000000e+03 7.290440000000000254e-01
1.001200000000000000e+04 7.199520000000000364e-01
1.002700000000000000e+04 7.114549999999999486e-01
1.004200000000000000e+04 7.044519999999999671e-01
1.005700000000000000e+04 6.902220000000000022e-01
1.007200000000000000e+04 6.647739999999999760e-01
1.008700000000000000e+04 6.369590000000000529e-01
1.010200000000000000e+04 6.048120000000000163e-01
1.011700000000000000e+04 5.687910000000000466e-01
1.013200000000000000e+04 5.366309999999999691e-01
1.014700000000000000e+04 5.049609999999999932e-01
1.016200000000000000e+04 4.639229999999999743e-01
1.017700000000000000e+04 4.170869999999999855e-01
1.019200000000000000e+04 3.676710000000000256e-01
1.020700000000000000e+04 3.192130000000000245e-01
1.022200000000000000e+04 2.752640000000000087e-01
1.023700000000000000e+04 2.329469999999999874e-01
1.025200000000000000e+04 1.977919999999999956e-01
1.026700000000000000e+04 1.640689999999999926e-01
1.028200000000000000e+04 1.351710000000000134e-01
1.029700000000000000e+04 1.088979999999999948e-01
1.031200000000000000e+04 8.604879999999999474e-02
1.032700000000000000e+04 6.741419999999999357e-02
1.034200000000000000e+04 5.372210000000000180e-02
1.035700000000000000e+04 4.522570000000000062e-02
1.037200000000000000e+04 3.981520000000000198e-02
1.038700000000000000e+04 3.667750000000000177e-02
1.040200000000000000e+04 3.483619999999999772e-02
1.041700000000000000e+04 3.323050000000000309e-02
1.043200000000000000e+04 3.132050000000000112e-02
1.044700000000000000e+04 3.002499999999999961e-02
1.046200000000000000e+04 2.897250000000000172e-02
1.047700000000000000e+04 2.783599999999999963e-02
1.049200000000000000e+04 2.445009999999999892e-02
1.050700000000000000e+04 2.039470000000000172e-02
1.052200000000000000e+04 1.642000000000000057e-02
1.053700000000000000e+04 1.248980000000000055e-02
1.055200000000000000e+04 9.302750000000000255e-03
1.056700000000000000e+04 6.612790000000000334e-03
1.058200000000000000e+04 4.565340000000000197e-03
1.059700000000000000e+04 3.198120000000000043e-03
1.061200000000000000e+04 2.136949999999999874e-03
1.062700000000000000e+04 1.569749999999999965e-03
1.064200000000000000e+04 1.021420000000000097e-03
1.065700000000000000e+04 5.067560000000000250e-04
1.067200000000000000e+04 9.686870000000000311e-05
1.068700000000000000e+04 6.199239999999999959e-05
1.070200000000000000e+04 6.176850000000000331e-05
1.071700000000000000e+04 6.282380000000000657e-05
1.073200000000000000e+04 6.294950000000000437e-05
1.074700000000000000e+04 6.153399999999999734e-05
1.076200000000000000e+04 6.081030000000000289e-05
1.077700000000000000e+04 6.234769999999999939e-05
1.079200000000000000e+04 6.426039999999999888e-05
1.080700000000000000e+04 6.406259999999999884e-05
1.082200000000000000e+04 6.278480000000000237e-05
1.083700000000000000e+04 6.061230000000000242e-05
1.085200000000000000e+04 5.725240000000000092e-05
1.086700000000000000e+04 4.165830000000000059e-05
1.088200000000000000e+04 2.474419999999999934e-05
1.089700000000000000e+04 2.127920000000000118e-05
1.091200000000000000e+04 2.054309999999999988e-05
1.092700000000000000e+04 1.962080000000000025e-05
1.094200000000000000e+04 1.453899999999999920e-05
1.095700000000000000e+04 5.251829999999999826e-06
1.097200000000000000e+04 1.991250000000000046e-08
