1.827000000000000000e+03 0.000000000000000000e+00
1.832000000000000000e+03 7.026290000000000113e-07
1.837000000000000000e+03 5.565879999999999809e-06
1.842000000000000000e+03 1.404639999999999989e-05
1.847000000000000000e+03 1.992309999999999904e-05
1.852000000000000000e+03 2.178939999999999843e-05
1.857000000000000000e+03 2.254089999999999962e-05
1.862000000000000000e+03 2.349460000000000033e-05
1.867000000000000000e+03 2.452980000000000018e-05
1.872000000000000000e+03 2.557320000000000106e-05
1.877000000000000000e+03 2.658230000000000128e-05
1.882000000000000000e+03 2.750349999999999849e-05
1.887000000000000000e+03 2.811449999999999992e-05
1.892000000000000000e+03 2.838570000000000166e-05
1.897000000000000000e+03 2.829179999999999906e-05
1.902000000000000000e+03 2.792660000000000127e-05
1.907000000000000000e+03 2.737409999999999936e-05
1.912000000000000000e+03 2.673929999999999994e-05
1.917000000000000000e+03 2.611919999999999888e-05
1.922000000000000000e+03 2.560009999999999906e-05
1.927000000000000000e+03 2.542729999999999963e-05
1.932000000000000000e+03 2.562639999999999913e-05
1.937000000000000000e+03 2.626560000000000141e-05
1.942000000000000000e+03 2.721829999999999993e-05
1.947000000000000000e+03 2.836579999999999869e-05
1.952000000000000000e+03 2.953040000000000105e-05
1.957000000000000000e+03 3.040940000000000060e-05
1.962000000000000000e+03 3.090420000000000135e-05
1.967000000000000000e+03 3.076699999999999867e-05
1.972000000000000000e+03 3.006610000000000001e-05
1.977000000000000000e+03 2.862389999999999881e-05
1.982000000000000000e+03 2.664609999999999887e-05
1.987000000000000000e+03 2.424519999999999955e-05
1.992000000000000000e+03 2.168299999999999891e-05
1.997000000000000000e+03 1.915669999999999905e-05
2.002000000000000000e+03 1.680390000000000017e-05
2.007000000000000000e+03 1.486930000000000009e-05
2.012000000000000000e+03 1.334810000000000015e-05
2.017000000000000000e+03 1.243520000000000081e-05
2.022000000000000000e+03 1.199499999999999950e-05
2.027000000000000000e+03 1.213970000000000000e-05
2.032000000000000000e+03 1.267070000000000051e-05
2.037000000000000000e+03 1.359950000000000083e-05
2.042000000000000000e+03 1.472679999999999934e-05
2.047000000000000000e+03 1.594640000000000033e-05
2.052000000000000000e+03 1.712240000000000059e-05
2.057000000000000000e+03 1.810429999999999876e-05
2.062000000000000000e+03 1.885209999999999862e-05
2.067000000000000000e+03 1.909120000000000112e-05
2.072000000000000000e+03 1.889150000000000031e-05
2.077000000000000000e+03 1.806670000000000102e-05
2.082000000000000000e+03 1.686630000000000147e-05
2.087000000000000000e+03 1.538410000000000065e-05
2.092000000000000000e+03 1.386229999999999940e-05
2.097000000000000000e+03 1.238299999999999986e-05
2.102000000000000000e+03 1.099090000000000009e-05
2.107000000000000000e+03 9.781699999999999876e-06
2.112000000000000000e+03 8.727380000000000795e-06
2.117000000000000000e+03 7.975020000000000429e-06
2.122000000000000000e+03 7.421260000000000161e-06
2.127000000000000000e+03 7.040000000000000359e-06
2.132000000000000000e+03 6.697159999999999759e-06
2.137000000000000000e+03 6.416929999999999902e-06
2.142000000000000000e+03 6.175089999999999690e-06
2.147000000000000000e+03 5.992020000000000103e-06
2.152000000000000000e+03 5.834580000000000303e-06
2.157000000000000000e+03 5.674530000000000031e-06
2.162000000000000000e+03 5.496549999999999915e-06
2.167000000000000000e+03 5.324709999999999880e-06
2.172000000000000000e+03 5.168499999999999727e-06
2.177000000000000000e+03 5.002619999999999886e-06
2.182000000000000000e+03 4.819030000000000344e-06
2.187000000000000000e+03 4.641110000000000191e-06
2.192000000000000000e+03 4.478659999999999739e-06
2.197000000000000000e+03 4.307020000000000142e-06
2.202000000000000000e+03 4.119600000000000334e-06
2.207000000000000000e+03 3.950199999999999889e-06
2.212000000000000000e+03 3.815390000000000074e-06
2.217000000000000000e+03 3.750060000000000057e-06
2.222000000000000000e+03 3.719689999999999872e-06
2.227000000000000000e+03 3.727480000000000182e-06
2.232000000000000000e+03 3.738490000000000014e-06
2.237000000000000000e+03 3.771009999999999831e-06
2.242000000000000000e+03 4.721860000000000223e-06
2.247000000000000000e+03 6.837150000000000260e-06
2.252000000000000000e+03 9.579179999999999992e-06
2.257000000000000000e+03 1.135929999999999981e-05
2.262000000000000000e+03 1.136449999999999936e-05
2.267000000000000000e+03 1.096809999999999922e-05
2.272000000000000000e+03 1.063550000000000007e-05
2.277000000000000000e+03 1.041669999999999973e-05
2.282000000000000000e+03 1.036120000000000000e-05
2.287000000000000000e+03 1.034959999999999998e-05
2.292000000000000000e+03 1.035779999999999932e-05
2.297000000000000000e+03 1.037590000000000005e-05
2.302000000000000000e+03 1.047420000000000045e-05
2.307000000000000000e+03 1.066709999999999990e-05
2.312000000000000000e+03 1.094170000000000063e-05
2.317000000000000000e+03 1.123539999999999919e-05
2.322000000000000000e+03 1.144690000000000047e-05
2.327000000000000000e+03 1.159179999999999971e-05
2.332000000000000000e+03 1.167529999999999984e-05
2.337000000000000000e+03 1.167219999999999982e-05
2.342000000000000000e+03 1.155229999999999949e-05
2.347000000000000000e+03 1.120570000000000013e-05
2.352000000000000000e+03 1.069929999999999936e-05
2.357000000000000000e+03 1.014730000000000024e-05
2.362000000000000000e+03 9.716359999999999583e-06
2.367000000000000000e+03 9.454590000000000224e-06
2.372000000000000000e+03 9.289970000000000435e-06
2.377000000000000000e+03 9.263949999999999624e-06
2.382000000000000000e+03 9.284880000000000116e-06
2.387000000000000000e+03 9.332520000000000561e-06
2.392000000000000000e+03 9.356459999999999861e-06
2.397000000000000000e+03 9.316959999999999646e-06
2.402000000000000000e+03 9.262140000000000059e-06
2.407000000000000000e+03 9.244520000000000726e-06
2.412000000000000000e+03 9.267550000000000741e-06
2.417000000000000000e+03 9.338339999999999431e-06
2.422000000000000000e+03 9.410370000000000163e-06
2.427000000000000000e+03 9.538530000000000644e-06
2.432000000000000000e+03 9.705280000000000360e-06
2.437000000000000000e+03 9.901399999999999763e-06
2.442000000000000000e+03 1.007439999999999963e-05
2.447000000000000000e+03 1.016890000000000017e-05
2.452000000000000000e+03 1.023240000000000049e-05
2.457000000000000000e+03 1.024509999999999954e-05
2.462000000000000000e+03 1.025219999999999986e-05
2.467000000000000000e+03 1.025349999999999932e-05
2.472000000000000000e+03 1.025490000000000070e-05
2.477000000000000000e+03 1.025640000000000060e-05
2.482000000000000000e+03 1.025800000000000072e-05
2.487000000000000000e+03 1.025950000000000062e-05
2.492000000000000000e+03 1.026090000000000030e-05
2.497000000000000000e+03 1.026190000000000080e-05
2.502000000000000000e+03 1.026390000000000010e-05
2.507000000000000000e+03 1.027929999999999999e-05
2.512000000000000000e+03 1.031040000000000042e-05
2.517000000000000000e+03 1.049720000000000006e-05
2.522000000000000000e+03 1.081970000000000078e-05
2.527000000000000000e+03 1.133119999999999919e-05
2.532000000000000000e+03 1.192009999999999960e-05
2.537000000000000000e+03 1.248789999999999948e-05
2.542000000000000000e+03 1.301869999999999955e-05
2.547000000000000000e+03 1.352750000000000050e-05
2.552000000000000000e+03 1.405849999999999931e-05
2.557000000000000000e+03 1.470860000000000009e-05
2.562000000000000000e+03 1.547570000000000160e-05
2.567000000000000000e+03 1.639020000000000106e-05
2.572000000000000000e+03 1.735290000000000118e-05
2.577000000000000000e+03 1.847180000000000160e-05
2.582000000000000000e+03 1.967459999999999964e-05
2.587000000000000000e+03 2.102159999999999877e-05
2.592000000000000000e+03 2.246600000000000140e-05
2.597000000000000000e+03 2.402790000000000080e-05
2.602000000000000000e+03 2.573649999999999999e-05
2.607000000000000000e+03 2.777330000000000055e-05
2.612000000000000000e+03 3.006099999999999899e-05
2.617000000000000000e+03 3.271929999999999690e-05
2.622000000000000000e+03 3.563860000000000129e-05
2.627000000000000000e+03 3.912319999999999839e-05
2.632000000000000000e+03 4.311180000000000285e-05
2.637000000000000000e+03 4.800109999999999685e-05
2.642000000000000000e+03 5.355539999999999888e-05
2.647000000000000000e+03 6.023689999999999920e-05
2.652000000000000000e+03 6.762850000000000480e-05
2.657000000000000000e+03 7.639660000000000645e-05
2.662000000000000000e+03 8.613120000000000639e-05
2.667000000000000000e+03 9.777409999999999617e-05
2.672000000000000000e+03 1.107499999999999950e-04
2.677000000000000000e+03 1.262849999999999878e-04
2.682000000000000000e+03 1.435909999999999877e-04
2.687000000000000000e+03 1.646720000000000117e-04
2.692000000000000000e+03 1.884660000000000079e-04
2.697000000000000000e+03 2.180580000000000051e-04
2.702000000000000000e+03 2.577419999999999863e-04
2.707000000000000000e+03 4.006920000000000186e-04
2.712000000000000000e+03 5.865659999999999537e-04
2.717000000000000000e+03 8.897869999999999564e-04
2.722000000000000000e+03 1.256649999999999998e-03
2.727000000000000000e+03 1.870010000000000075e-03
2.732000000000000000e+03 2.566670000000000063e-03
2.737000000000000000e+03 3.510609999999999946e-03
2.742000000000000000e+03 4.563430000000000264e-03
2.747000000000000000e+03 5.919599999999999689e-03
2.752000000000000000e+03 7.378250000000000260e-03
2.757000000000000000e+03 9.047170000000000212e-03
2.762000000000000000e+03 1.084910000000000041e-02
2.767000000000000000e+03 1.281290000000000033e-02
2.772000000000000000e+03 1.492319999999999931e-02
2.777000000000000000e+03 1.718760000000000079e-02
2.782000000000000000e+03 1.974470000000000044e-02
2.787000000000000000e+03 2.267759999999999915e-02
2.792000000000000000e+03 2.600649999999999837e-02
2.797000000000000000e+03 2.963839999999999877e-02
2.802000000000000000e+03 3.376819999999999822e-02
2.807000000000000000e+03 3.846360000000000057e-02
2.812000000000000000e+03 4.371830000000000160e-02
2.817000000000000000e+03 4.950849999999999695e-02
2.822000000000000000e+03 5.584650000000000031e-02
2.827000000000000000e+03 6.268579999999999985e-02
2.832000000000000000e+03 6.991290000000000004e-02
2.837000000000000000e+03 7.751570000000000682e-02
2.842000000000000000e+03 8.534490000000000132e-02
2.847000000000000000e+03 9.340160000000000129e-02
2.852000000000000000e+03 1.015479999999999994e-01
2.857000000000000000e+03 1.097410000000000052e-01
2.862000000000000000e+03 1.178069999999999951e-01
2.867000000000000000e+03 1.255910000000000082e-01
2.872000000000000000e+03 1.331110000000000071e-01
2.877000000000000000e+03 1.401999999999999913e-01
2.882000000000000000e+03 1.469530000000000003e-01
2.887000000000000000e+03 1.531460000000000043e-01
2.892000000000000000e+03 1.589289999999999869e-01
2.897000000000000000e+03 1.640560000000000074e-01
2.902000000000000000e+03 1.687079999999999969e-01
2.907000000000000000e+03 1.727049999999999974e-01
2.912000000000000000e+03 1.762769999999999893e-01
2.917000000000000000e+03 1.792449999999999877e-01
2.922000000000000000e+03 1.817910000000000081e-01
2.927000000000000000e+03 1.836430000000000007e-01
2.932000000000000000e+03 1.850249999999999950e-01
2.937000000000000000e+03 1.862439999999999929e-01
2.942000000000000000e+03 1.874939999999999940e-01
2.947000000000000000e+03 1.893610000000000015e-01
2.952000000000000000e+03 1.918130000000000113e-01
2.957000000000000000e+03 1.944170000000000065e-01
2.962000000000000000e+03 1.970339999999999869e-01
2.967000000000000000e+03 1.993810000000000027e-01
2.972000000000000000e+03 2.015089999999999937e-01
2.977000000000000000e+03 2.035140000000000005e-01
2.982000000000000000e+03 2.054050000000000042e-01
2.987000000000000000e+03 2.072549999999999948e-01
2.992000000000000000e+03 2.089439999999999908e-01
2.997000000000000000e+03 2.107209999999999916e-01
3.002000000000000000e+03 2.126780000000000059e-01
3.007000000000000000e+03 2.145980000000000110e-01
3.012000000000000000e+03 2.163420000000000065e-01
3.017000000000000000e+03 2.182189999999999963e-01
3.022000000000000000e+03 2.202659999999999896e-01
3.027000000000000000e+03 2.229490000000000083e-01
3.032000000000000000e+03 2.265600000000000114e-01
3.037000000000000000e+03 2.321219999999999950e-01
3.042000000000000000e+03 2.402710000000000123e-01
3.047000000000000000e+03 2.531640000000000001e-01
3.052000000000000000e+03 2.719239999999999990e-01
3.057000000000000000e+03 3.006269999999999776e-01
3.062000000000000000e+03 3.399249999999999772e-01
3.067000000000000000e+03 3.921810000000000018e-01
3.072000000000000000e+03 4.575989999999999780e-01
3.077000000000000000e+03 5.321460000000000079e-01
3.082000000000000000e+03 6.150240000000000151e-01
3.087000000000000000e+03 6.985930000000000195e-01
3.092000000000000000e+03 7.773550000000000182e-01
3.097000000000000000e+03 8.449280000000000124e-01
3.102000000000000000e+03 8.957680000000000087e-01
3.107000000000000000e+03 9.276060000000000416e-01
3.112000000000000000e+03 9.466419999999999835e-01
3.117000000000000000e+03 9.534230000000000205e-01
3.122000000000000000e+03 9.587299999999999711e-01
3.127000000000000000e+03 9.630400000000000071e-01
3.132000000000000000e+03 9.681039999999999646e-01
3.137000000000000000e+03 9.738809999999999967e-01
3.142000000000000000e+03 9.812570000000000459e-01
3.147000000000000000e+03 9.891010000000000080e-01
3.152000000000000000e+03 9.944680000000000186e-01
3.157000000000000000e+03 9.979550000000000365e-01
3.162000000000000000e+03 9.995349999999999513e-01
3.167000000000000000e+03 9.999240000000000350e-01
3.172000000000000000e+03 1.000000000000000000e+00
3.177000000000000000e+03 9.985199999999999632e-01
3.182000000000000000e+03 9.964570000000000372e-01
3.187000000000000000e+03 9.925509999999999611e-01
3.192000000000000000e+03 9.869059999999999500e-01
3.197000000000000000e+03 9.760130000000000194e-01
3.202000000000000000e+03 9.585810000000000164e-01
3.207000000000000000e+03 9.281920000000000170e-01
3.212000000000000000e+03 8.847089999999999677e-01
3.217000000000000000e+03 8.267090000000000272e-01
3.222000000000000000e+03 7.579719999999999791e-01
3.227000000000000000e+03 6.791730000000000267e-01
3.232000000000000000e+03 6.001579999999999693e-01
3.237000000000000000e+03 5.184819999999999984e-01
3.242000000000000000e+03 4.455859999999999821e-01
3.247000000000000000e+03 3.821390000000000065e-01
3.252000000000000000e+03 3.310549999999999882e-01
3.257000000000000000e+03 2.931420000000000137e-01
3.262000000000000000e+03 2.652430000000000065e-01
3.267000000000000000e+03 2.464639999999999886e-01
3.272000000000000000e+03 2.343149999999999955e-01
3.277000000000000000e+03 2.260759999999999992e-01
3.282000000000000000e+03 2.198259999999999936e-01
3.287000000000000000e+03 2.161200000000000065e-01
3.292000000000000000e+03 2.137670000000000126e-01
3.297000000000000000e+03 2.113710000000000033e-01
3.302000000000000000e+03 2.093190000000000051e-01
3.307000000000000000e+03 2.076689999999999925e-01
3.312000000000000000e+03 2.060299999999999909e-01
3.317000000000000000e+03 2.043800000000000061e-01
3.322000000000000000e+03 2.026529999999999998e-01
3.327000000000000000e+03 2.006960000000000133e-01
3.332000000000000000e+03 1.986890000000000045e-01
3.337000000000000000e+03 1.969940000000000024e-01
3.342000000000000000e+03 1.954930000000000001e-01
3.347000000000000000e+03 1.942059999999999897e-01
3.352000000000000000e+03 1.930749999999999966e-01
3.357000000000000000e+03 1.919349999999999945e-01
3.362000000000000000e+03 1.907129999999999936e-01
3.367000000000000000e+03 1.892969999999999930e-01
3.372000000000000000e+03 1.876009999999999900e-01
3.377000000000000000e+03 1.855060000000000042e-01
3.382000000000000000e+03 1.829000000000000070e-01
3.387000000000000000e+03 1.797050000000000036e-01
3.392000000000000000e+03 1.758419999999999983e-01
3.397000000000000000e+03 1.715009999999999868e-01
3.402000000000000000e+03 1.667540000000000133e-01
3.407000000000000000e+03 1.615719999999999934e-01
3.412000000000000000e+03 1.561700000000000033e-01
3.417000000000000000e+03 1.502340000000000064e-01
3.422000000000000000e+03 1.439249999999999974e-01
3.427000000000000000e+03 1.371159999999999879e-01
3.432000000000000000e+03 1.298759999999999915e-01
3.437000000000000000e+03 1.223439999999999944e-01
3.442000000000000000e+03 1.145550000000000040e-01
3.447000000000000000e+03 1.066150000000000014e-01
3.452000000000000000e+03 9.860499999999999821e-02
3.457000000000000000e+03 9.056599999999999373e-02
3.462000000000000000e+03 8.262849999999999362e-02
3.467000000000000000e+03 7.485590000000000299e-02
3.472000000000000000e+03 6.721900000000000097e-02
3.477000000000000000e+03 5.996540000000000203e-02
3.482000000000000000e+03 5.298019999999999813e-02
3.487000000000000000e+03 4.650060000000000304e-02
3.492000000000000000e+03 4.043370000000000297e-02
3.497000000000000000e+03 3.492510000000000059e-02
3.502000000000000000e+03 2.991190000000000168e-02
3.507000000000000000e+03 2.544920000000000168e-02
3.512000000000000000e+03 2.148359999999999853e-02
3.517000000000000000e+03 1.802969999999999920e-02
3.522000000000000000e+03 1.504789999999999947e-02
3.527000000000000000e+03 1.249609999999999957e-02
3.532000000000000000e+03 1.036469999999999926e-02
3.537000000000000000e+03 8.585310000000000510e-03
3.542000000000000000e+03 7.131539999999999581e-03
3.547000000000000000e+03 5.940459999999999838e-03
3.552000000000000000e+03 4.977470000000000332e-03
3.557000000000000000e+03 4.184130000000000314e-03
3.562000000000000000e+03 3.533759999999999939e-03
3.567000000000000000e+03 2.992369999999999839e-03
3.572000000000000000e+03 2.545089999999999852e-03
3.577000000000000000e+03 2.160280000000000099e-03
3.582000000000000000e+03 1.830650000000000072e-03
3.587000000000000000e+03 1.507220000000000087e-03
3.592000000000000000e+03 1.252789999999999937e-03
3.597000000000000000e+03 1.056419999999999972e-03
3.602000000000000000e+03 8.723119999999999789e-04
3.607000000000000000e+03 7.391070000000000235e-04
3.612000000000000000e+03 6.025559999999999684e-04
3.617000000000000000e+03 4.878279999999999921e-04
3.622000000000000000e+03 4.358780000000000033e-04
3.627000000000000000e+03 3.906030000000000005e-04
3.632000000000000000e+03 3.518090000000000193e-04
3.637000000000000000e+03 3.117489999999999996e-04
3.642000000000000000e+03 2.793760000000000167e-04
3.647000000000000000e+03 2.596780000000000030e-04
3.652000000000000000e+03 2.465349999999999833e-04
3.657000000000000000e+03 2.339069999999999951e-04
3.662000000000000000e+03 2.216730000000000035e-04
3.667000000000000000e+03 2.040199999999999880e-04
3.672000000000000000e+03 1.808099999999999985e-04
3.677000000000000000e+03 1.472950000000000051e-04
3.682000000000000000e+03 9.992859999999999731e-05
3.687000000000000000e+03 6.839220000000000564e-05
3.692000000000000000e+03 5.154220000000000264e-05
3.697000000000000000e+03 3.010020000000000024e-05
3.702000000000000000e+03 1.498370000000000021e-05
3.707000000000000000e+03 1.041809999999999941e-05
3.712000000000000000e+03 1.038440000000000005e-05
3.717000000000000000e+03 1.038700000000000067e-05
3.722000000000000000e+03 1.041819999999999963e-05
3.727000000000000000e+03 1.048079999999999967e-05
3.732000000000000000e+03 1.059119999999999949e-05
3.737000000000000000e+03 1.066420000000000032e-05
3.742000000000000000e+03 1.073370000000000025e-05
3.747000000000000000e+03 1.078390000000000021e-05
3.752000000000000000e+03 1.077289999999999980e-05
3.757000000000000000e+03 1.075339999999999940e-05
3.762000000000000000e+03 1.072390000000000078e-05
3.767000000000000000e+03 1.069329999999999975e-05
3.772000000000000000e+03 1.066270000000000042e-05
3.777000000000000000e+03 1.063149999999999977e-05
3.782000000000000000e+03 1.059959999999999928e-05
3.787000000000000000e+03 1.050469999999999956e-05
3.792000000000000000e+03 1.036820000000000010e-05
3.797000000000000000e+03 9.936400000000000275e-06
3.802000000000000000e+03 9.253890000000000604e-06
3.807000000000000000e+03 8.879940000000000568e-06
3.812000000000000000e+03 8.408329999999999166e-06
3.817000000000000000e+03 7.991019999999999937e-06
3.822000000000000000e+03 8.055270000000000212e-06
3.827000000000000000e+03 8.413040000000000007e-06
3.832000000000000000e+03 8.930969999999999298e-06
3.837000000000000000e+03 9.492359999999999695e-06
3.842000000000000000e+03 1.032600000000000075e-05
3.847000000000000000e+03 1.096689999999999998e-05
3.852000000000000000e+03 1.144840000000000037e-05
3.857000000000000000e+03 1.185030000000000070e-05
3.862000000000000000e+03 1.194019999999999962e-05
3.867000000000000000e+03 1.201940000000000049e-05
3.872000000000000000e+03 1.208549999999999974e-05
3.877000000000000000e+03 1.214050000000000006e-05
3.882000000000000000e+03 1.223970000000000074e-05
3.887000000000000000e+03 1.237180000000000071e-05
3.892000000000000000e+03 1.250620000000000064e-05
3.897000000000000000e+03 1.268279999999999993e-05
3.902000000000000000e+03 1.291899999999999947e-05
3.907000000000000000e+03 1.312590000000000082e-05
3.912000000000000000e+03 1.335479999999999960e-05
3.917000000000000000e+03 1.356370000000000026e-05
3.922000000000000000e+03 1.370430000000000023e-05
3.927000000000000000e+03 1.386639999999999992e-05
3.932000000000000000e+03 1.402449999999999930e-05
3.937000000000000000e+03 1.416299999999999975e-05
3.942000000000000000e+03 1.433320000000000026e-05
3.947000000000000000e+03 1.449100000000000068e-05
3.952000000000000000e+03 1.461140000000000041e-05
3.957000000000000000e+03 1.474680000000000084e-05
3.962000000000000000e+03 1.487410000000000045e-05
3.967000000000000000e+03 1.494089999999999954e-05
3.972000000000000000e+03 1.499520000000000002e-05
3.977000000000000000e+03 1.504839999999999978e-05
3.982000000000000000e+03 1.502839999999999997e-05
3.987000000000000000e+03 1.505069999999999974e-05
3.992000000000000000e+03 1.511639999999999981e-05
3.997000000000000000e+03 1.520109999999999918e-05
4.002000000000000000e+03 1.537089999999999881e-05
4.007000000000000000e+03 1.557710000000000033e-05
4.012000000000000000e+03 1.580930000000000125e-05
4.017000000000000000e+03 1.602260000000000140e-05
4.022000000000000000e+03 1.623609999999999859e-05
4.027000000000000000e+03 1.641229999999999870e-05
4.032000000000000000e+03 1.652730000000000014e-05
4.037000000000000000e+03 1.664729999999999899e-05
4.042000000000000000e+03 1.673040000000000163e-05
4.047000000000000000e+03 1.682079999999999996e-05
4.052000000000000000e+03 1.695009999999999887e-05
4.057000000000000000e+03 1.699150000000000156e-05
4.062000000000000000e+03 1.698500000000000086e-05
4.067000000000000000e+03 1.702490000000000025e-05
4.072000000000000000e+03 1.697769999999999840e-05
4.077000000000000000e+03 1.696040000000000113e-05
4.082000000000000000e+03 1.705320000000000132e-05
4.087000000000000000e+03 1.711300000000000031e-05
4.092000000000000000e+03 1.721190000000000033e-05
4.097000000000000000e+03 1.490759999999999937e-05
4.102000000000000000e+03 1.059759999999999998e-05
4.107000000000000000e+03 8.520839999999999212e-06
4.112000000000000000e+03 5.322299999999999847e-06
4.117000000000000000e+03 1.147979999999999934e-06
