4.279000000000000000e+03 0.000000000000000000e+00
4.288000000000000000e+03 1.047269999999999927e-06
4.297000000000000000e+03 5.827980000000000230e-06
4.306000000000000000e+03 9.267710000000000076e-06
4.315000000000000000e+03 9.343569999999999380e-06
4.324000000000000000e+03 9.324090000000000373e-06
4.333000000000000000e+03 9.301860000000000418e-06
4.342000000000000000e+03 9.292189999999999882e-06
4.351000000000000000e+03 9.302279999999999306e-06
4.360000000000000000e+03 9.499510000000000126e-06
4.369000000000000000e+03 9.758490000000000821e-06
4.378000000000000000e+03 1.001039999999999991e-05
4.387000000000000000e+03 1.030480000000000000e-05
4.396000000000000000e+03 1.075579999999999958e-05
4.405000000000000000e+03 1.106830000000000040e-05
4.414000000000000000e+03 1.107399999999999934e-05
4.423000000000000000e+03 1.119110000000000031e-05
4.432000000000000000e+03 1.143930000000000074e-05
4.441000000000000000e+03 1.154779999999999979e-05
4.450000000000000000e+03 1.157089999999999962e-05
4.459000000000000000e+03 1.155459999999999945e-05
4.468000000000000000e+03 1.152490000000000040e-05
4.477000000000000000e+03 1.149529999999999987e-05
4.486000000000000000e+03 1.146160000000000051e-05
4.495000000000000000e+03 1.141350000000000007e-05
4.504000000000000000e+03 1.139110000000000009e-05
4.513000000000000000e+03 1.142319999999999932e-05
4.522000000000000000e+03 1.164240000000000054e-05
4.531000000000000000e+03 1.206900000000000083e-05
4.540000000000000000e+03 1.259280000000000079e-05
4.549000000000000000e+03 1.316069999999999920e-05
4.558000000000000000e+03 1.352220000000000074e-05
4.567000000000000000e+03 1.380369999999999965e-05
4.576000000000000000e+03 1.401350000000000059e-05
4.585000000000000000e+03 1.423610000000000080e-05
4.594000000000000000e+03 1.455159999999999973e-05
4.603000000000000000e+03 1.477849999999999920e-05
4.612000000000000000e+03 1.481019999999999925e-05
4.621000000000000000e+03 1.481080000000000057e-05
4.630000000000000000e+03 1.478499999999999990e-05
4.639000000000000000e+03 1.488550000000000004e-05
4.648000000000000000e+03 1.508079999999999967e-05
4.657000000000000000e+03 1.557870000000000045e-05
4.666000000000000000e+03 1.618189999999999833e-05
4.675000000000000000e+03 1.680910000000000141e-05
4.684000000000000000e+03 1.746189999999999963e-05
4.693000000000000000e+03 1.819040000000000121e-05
4.702000000000000000e+03 1.881079999999999954e-05
4.711000000000000000e+03 1.919979999999999869e-05
4.720000000000000000e+03 1.937660000000000012e-05
4.729000000000000000e+03 1.932430000000000063e-05
4.738000000000000000e+03 1.922799999999999954e-05
4.747000000000000000e+03 1.913229999999999976e-05
4.756000000000000000e+03 1.944220000000000166e-05
4.765000000000000000e+03 1.990530000000000066e-05
4.774000000000000000e+03 2.048249999999999913e-05
4.783000000000000000e+03 2.106019999999999870e-05
4.792000000000000000e+03 2.156500000000000105e-05
4.801000000000000000e+03 2.206520000000000009e-05
4.810000000000000000e+03 2.256900000000000025e-05
4.819000000000000000e+03 2.318440000000000117e-05
4.828000000000000000e+03 2.392270000000000052e-05
4.837000000000000000e+03 2.459820000000000108e-05
4.846000000000000000e+03 2.523099999999999949e-05
4.855000000000000000e+03 2.578200000000000150e-05
4.864000000000000000e+03 2.637220000000000138e-05
4.873000000000000000e+03 2.741050000000000124e-05
4.882000000000000000e+03 2.845229999999999862e-05
4.891000000000000000e+03 2.921190000000000063e-05
4.900000000000000000e+03 2.997589999999999874e-05
4.909000000000000000e+03 3.079880000000000063e-05
4.918000000000000000e+03 3.153530000000000281e-05
4.927000000000000000e+03 3.217210000000000322e-05
4.936000000000000000e+03 3.267880000000000296e-05
4.945000000000000000e+03 3.312549999999999989e-05
4.954000000000000000e+03 3.383400000000000166e-05
4.963000000000000000e+03 3.466929999999999686e-05
4.972000000000000000e+03 3.576409999999999865e-05
4.981000000000000000e+03 3.688919999999999911e-05
4.990000000000000000e+03 3.795149999999999739e-05
4.999000000000000000e+03 3.734200000000000263e-05
5.008000000000000000e+03 3.336720000000000132e-05
5.017000000000000000e+03 3.123500000000000164e-05
5.026000000000000000e+03 3.127770000000000040e-05
5.035000000000000000e+03 3.284309999999999731e-05
5.044000000000000000e+03 3.552740000000000141e-05
5.053000000000000000e+03 4.148630000000000292e-05
5.062000000000000000e+03 4.822049999999999682e-05
5.071000000000000000e+03 5.427459999999999701e-05
5.080000000000000000e+03 6.373060000000000270e-05
5.089000000000000000e+03 7.134770000000000131e-05
5.098000000000000000e+03 7.479059999999999506e-05
5.107000000000000000e+03 7.752020000000000362e-05
5.116000000000000000e+03 8.007539999999999569e-05
5.125000000000000000e+03 8.876699999999999901e-05
5.134000000000000000e+03 1.017990000000000057e-04
5.143000000000000000e+03 1.122750000000000050e-04
5.152000000000000000e+03 1.271289999999999953e-04
5.161000000000000000e+03 1.402390000000000103e-04
5.170000000000000000e+03 1.504590000000000040e-04
5.179000000000000000e+03 1.621159999999999908e-04
5.188000000000000000e+03 1.751690000000000029e-04
5.197000000000000000e+03 1.951699999999999898e-04
5.206000000000000000e+03 2.214890000000000066e-04
5.215000000000000000e+03 2.540120000000000203e-04
5.224000000000000000e+03 2.992779999999999898e-04
5.233000000000000000e+03 3.546080000000000174e-04
5.242000000000000000e+03 4.147530000000000184e-04
5.251000000000000000e+03 4.964639999999999548e-04
5.260000000000000000e+03 6.477380000000000247e-04
5.269000000000000000e+03 8.401549999999999817e-04
5.278000000000000000e+03 1.084069999999999912e-03
5.287000000000000000e+03 1.402119999999999972e-03
5.296000000000000000e+03 1.878279999999999967e-03
5.305000000000000000e+03 2.523749999999999952e-03
5.314000000000000000e+03 3.499529999999999828e-03
5.323000000000000000e+03 4.858320000000000173e-03
5.332000000000000000e+03 6.964739999999999646e-03
5.341000000000000000e+03 9.911579999999999696e-03
5.350000000000000000e+03 1.422370000000000058e-02
5.359000000000000000e+03 1.957829999999999987e-02
5.368000000000000000e+03 2.668809999999999932e-02
5.377000000000000000e+03 3.333889999999999770e-02
5.386000000000000000e+03 4.029579999999999967e-02
5.395000000000000000e+03 4.633860000000000062e-02
5.404000000000000000e+03 5.137629999999999975e-02
5.413000000000000000e+03 5.726830000000000115e-02
5.422000000000000000e+03 6.382680000000000298e-02
5.431000000000000000e+03 7.285310000000000397e-02
5.440000000000000000e+03 8.609050000000000036e-02
5.449000000000000000e+03 1.025480000000000003e-01
5.458000000000000000e+03 1.229620000000000019e-01
5.467000000000000000e+03 1.440919999999999979e-01
5.476000000000000000e+03 1.670929999999999915e-01
5.485000000000000000e+03 1.902200000000000002e-01
5.494000000000000000e+03 2.121730000000000005e-01
5.503000000000000000e+03 2.352490000000000137e-01
5.512000000000000000e+03 2.595439999999999969e-01
5.521000000000000000e+03 2.854019999999999890e-01
5.530000000000000000e+03 3.166939999999999755e-01
5.539000000000000000e+03 3.496790000000000176e-01
5.548000000000000000e+03 3.843179999999999930e-01
5.557000000000000000e+03 4.236110000000000153e-01
5.566000000000000000e+03 4.627709999999999879e-01
5.575000000000000000e+03 5.032830000000000359e-01
5.584000000000000000e+03 5.428600000000000092e-01
5.593000000000000000e+03 5.823509999999999520e-01
5.602000000000000000e+03 6.176500000000000323e-01
5.611000000000000000e+03 6.480380000000000029e-01
5.620000000000000000e+03 6.732320000000000526e-01
5.629000000000000000e+03 6.973209999999999686e-01
5.638000000000000000e+03 7.241729999999999556e-01
5.647000000000000000e+03 7.540780000000000260e-01
5.656000000000000000e+03 7.846100000000000296e-01
5.665000000000000000e+03 8.155799999999999716e-01
5.674000000000000000e+03 8.440689999999999582e-01
5.683000000000000000e+03 8.691149999999999709e-01
5.692000000000000000e+03 8.918249999999999789e-01
5.701000000000000000e+03 9.086199999999999832e-01
5.710000000000000000e+03 9.220329999999999915e-01
5.719000000000000000e+03 9.334719999999999684e-01
5.728000000000000000e+03 9.407149999999999679e-01
5.737000000000000000e+03 9.466189999999999882e-01
5.746000000000000000e+03 9.524930000000000341e-01
5.755000000000000000e+03 9.586540000000000061e-01
5.764000000000000000e+03 9.671359999999999957e-01
5.773000000000000000e+03 9.749160000000000048e-01
5.782000000000000000e+03 9.827430000000000332e-01
5.791000000000000000e+03 9.884089999999999820e-01
5.800000000000000000e+03 9.905380000000000296e-01
5.809000000000000000e+03 9.905739999999999545e-01
5.818000000000000000e+03 9.895199999999999552e-01
5.827000000000000000e+03 9.889029999999999765e-01
5.836000000000000000e+03 9.880539999999999878e-01
5.845000000000000000e+03 9.862959999999999505e-01
5.854000000000000000e+03 9.841330000000000355e-01
5.863000000000000000e+03 9.836949999999999861e-01
5.872000000000000000e+03 9.843650000000000455e-01
5.881000000000000000e+03 9.849069999999999769e-01
5.890000000000000000e+03 9.851339999999999542e-01
5.899000000000000000e+03 9.844110000000000360e-01
5.908000000000000000e+03 9.836040000000000338e-01
5.917000000000000000e+03 9.826230000000000242e-01
5.926000000000000000e+03 9.816219999999999946e-01
5.935000000000000000e+03 9.799590000000000245e-01
5.944000000000000000e+03 9.791570000000000551e-01
5.953000000000000000e+03 9.801130000000000120e-01
5.962000000000000000e+03 9.819529999999999648e-01
5.971000000000000000e+03 9.850010000000000154e-01
5.980000000000000000e+03 9.883380000000000498e-01
5.989000000000000000e+03 9.914420000000000455e-01
5.998000000000000000e+03 9.942980000000000151e-01
6.007000000000000000e+03 9.956549999999999567e-01
6.016000000000000000e+03 9.968350000000000266e-01
6.025000000000000000e+03 9.977439999999999642e-01
6.034000000000000000e+03 9.993060000000000276e-01
6.043000000000000000e+03 1.000000000000000000e+00
6.052000000000000000e+03 9.981029999999999625e-01
6.061000000000000000e+03 9.962520000000000264e-01
6.070000000000000000e+03 9.930170000000000385e-01
6.079000000000000000e+03 9.866340000000000110e-01
6.088000000000000000e+03 9.775819999999999510e-01
6.097000000000000000e+03 9.690149999999999597e-01
6.106000000000000000e+03 9.582359999999999767e-01
6.115000000000000000e+03 9.461800000000000210e-01
6.124000000000000000e+03 9.345419999999999838e-01
6.133000000000000000e+03 9.191190000000000193e-01
6.142000000000000000e+03 9.044309999999999850e-01
6.151000000000000000e+03 8.923050000000000148e-01
6.160000000000000000e+03 8.801510000000000167e-01
6.169000000000000000e+03 8.701440000000000285e-01
6.178000000000000000e+03 8.597890000000000255e-01
6.187000000000000000e+03 8.475679999999999881e-01
6.196000000000000000e+03 8.321499999999999453e-01
6.205000000000000000e+03 8.127100000000000435e-01
6.214000000000000000e+03 7.900709999999999678e-01
6.223000000000000000e+03 7.646279999999999744e-01
6.232000000000000000e+03 7.362119999999999775e-01
6.241000000000000000e+03 7.082760000000000167e-01
6.250000000000000000e+03 6.821430000000000549e-01
6.259000000000000000e+03 6.561829999999999607e-01
6.268000000000000000e+03 6.301339999999999719e-01
6.277000000000000000e+03 6.001400000000000068e-01
6.286000000000000000e+03 5.648050000000000015e-01
6.295000000000000000e+03 5.281400000000000539e-01
6.304000000000000000e+03 4.905519999999999881e-01
6.313000000000000000e+03 4.528630000000000155e-01
6.322000000000000000e+03 4.119129999999999736e-01
6.331000000000000000e+03 3.723779999999999868e-01
6.340000000000000000e+03 3.342319999999999736e-01
6.349000000000000000e+03 2.999780000000000224e-01
6.358000000000000000e+03 2.677419999999999800e-01
6.367000000000000000e+03 2.378379999999999939e-01
6.376000000000000000e+03 2.117479999999999918e-01
6.385000000000000000e+03 1.884959999999999969e-01
6.394000000000000000e+03 1.692670000000000008e-01
6.403000000000000000e+03 1.528279999999999916e-01
6.412000000000000000e+03 1.390049999999999897e-01
6.421000000000000000e+03 1.261130000000000029e-01
6.430000000000000000e+03 1.129320000000000046e-01
6.439000000000000000e+03 9.887110000000000343e-02
6.448000000000000000e+03 8.488990000000000424e-02
6.457000000000000000e+03 7.185779999999999945e-02
6.466000000000000000e+03 5.947050000000000253e-02
6.475000000000000000e+03 4.865200000000000080e-02
6.484000000000000000e+03 3.937759999999999871e-02
6.493000000000000000e+03 3.217570000000000152e-02
6.502000000000000000e+03 2.638630000000000142e-02
6.511000000000000000e+03 2.190680000000000058e-02
6.520000000000000000e+03 1.840539999999999884e-02
6.529000000000000000e+03 1.567589999999999956e-02
6.538000000000000000e+03 1.341739999999999947e-02
6.547000000000000000e+03 1.165910000000000037e-02
6.556000000000000000e+03 1.027360000000000079e-02
6.565000000000000000e+03 9.249280000000000349e-03
6.574000000000000000e+03 8.311179999999999610e-03
6.583000000000000000e+03 7.501970000000000166e-03
6.592000000000000000e+03 6.768389999999999997e-03
6.601000000000000000e+03 6.116840000000000124e-03
6.610000000000000000e+03 5.578579999999999650e-03
6.619000000000000000e+03 5.092069999999999756e-03
6.628000000000000000e+03 4.685250000000000178e-03
6.637000000000000000e+03 4.289229999999999779e-03
6.646000000000000000e+03 3.929529999999999655e-03
6.655000000000000000e+03 3.571060000000000033e-03
6.664000000000000000e+03 3.239399999999999918e-03
6.673000000000000000e+03 2.923649999999999860e-03
6.682000000000000000e+03 2.619670000000000158e-03
6.691000000000000000e+03 2.318629999999999910e-03
6.700000000000000000e+03 2.020860000000000191e-03
6.709000000000000000e+03 1.731230000000000052e-03
6.718000000000000000e+03 1.488079999999999915e-03
6.727000000000000000e+03 1.259240000000000012e-03
6.736000000000000000e+03 7.782149999999999615e-04
6.745000000000000000e+03 2.756219999999999981e-04
6.754000000000000000e+03 1.815460000000000131e-04
6.763000000000000000e+03 1.697430000000000043e-04
6.772000000000000000e+03 1.618930000000000033e-04
6.781000000000000000e+03 1.450389999999999915e-04
6.790000000000000000e+03 1.249830000000000060e-04
6.799000000000000000e+03 1.140389999999999969e-04
6.808000000000000000e+03 1.127969999999999976e-04
6.817000000000000000e+03 1.109090000000000049e-04
6.826000000000000000e+03 1.090749999999999950e-04
6.835000000000000000e+03 1.091170000000000058e-04
6.844000000000000000e+03 1.093640000000000053e-04
6.853000000000000000e+03 1.084399999999999985e-04
6.862000000000000000e+03 1.075119999999999966e-04
6.871000000000000000e+03 1.064330000000000023e-04
6.880000000000000000e+03 1.061509999999999938e-04
6.889000000000000000e+03 1.042640000000000033e-04
6.898000000000000000e+03 1.016639999999999943e-04
6.907000000000000000e+03 1.031779999999999937e-04
6.916000000000000000e+03 1.047299999999999951e-04
6.925000000000000000e+03 1.004260000000000038e-04
6.934000000000000000e+03 8.603370000000000266e-05
6.943000000000000000e+03 7.260089999999999805e-05
6.952000000000000000e+03 7.101180000000000339e-05
6.961000000000000000e+03 6.994780000000000138e-05
6.970000000000000000e+03 6.411039999999999523e-05
6.979000000000000000e+03 5.825629999999999990e-05
6.988000000000000000e+03 4.677680000000000249e-05
6.997000000000000000e+03 3.959410000000000094e-05
7.006000000000000000e+03 4.073470000000000151e-05
7.015000000000000000e+03 4.260899999999999811e-05
7.024000000000000000e+03 4.528060000000000147e-05
7.033000000000000000e+03 4.767910000000000231e-05
7.042000000000000000e+03 4.358249999999999819e-05
7.051000000000000000e+03 3.451599999999999953e-05
7.060000000000000000e+03 1.940620000000000065e-05
7.069000000000000000e+03 4.515989999999999769e-06
7.078000000000000000e+03 6.691859999999999678e-08
