2.192500000000000000e+03 0.000000000000000000e+00
2.198500000000000000e+03 3.195679999999999933e-07
2.204500000000000000e+03 4.211429999999999589e-06
2.210500000000000000e+03 1.157040000000000022e-05
2.216500000000000000e+03 2.488439999999999844e-05
2.222500000000000000e+03 3.708140000000000042e-05
2.228500000000000000e+03 4.057299999999999931e-05
2.234500000000000000e+03 4.189390000000000220e-05
2.240500000000000000e+03 4.366730000000000118e-05
2.246500000000000000e+03 4.557170000000000280e-05
2.252500000000000000e+03 4.747470000000000135e-05
2.258500000000000000e+03 4.933270000000000287e-05
2.264500000000000000e+03 5.084819999999999878e-05
2.270500000000000000e+03 5.207390000000000299e-05
2.276500000000000000e+03 5.241990000000000272e-05
2.282500000000000000e+03 5.234250000000000241e-05
2.288500000000000000e+03 5.161910000000000185e-05
2.294500000000000000e+03 5.063900000000000085e-05
2.300500000000000000e+03 4.950190000000000119e-05
2.306500000000000000e+03 4.835699999999999797e-05
2.312500000000000000e+03 4.760329999999999873e-05
2.318500000000000000e+03 4.716079999999999746e-05
2.324500000000000000e+03 4.770290000000000028e-05
2.330500000000000000e+03 4.874929999999999758e-05
2.336500000000000000e+03 5.052810000000000163e-05
2.342500000000000000e+03 5.259729999999999869e-05
2.348500000000000000e+03 5.454119999999999883e-05
2.354500000000000000e+03 5.628439999999999935e-05
2.360500000000000000e+03 5.691139999999999860e-05
2.366500000000000000e+03 5.686849999999999940e-05
2.372500000000000000e+03 5.529209999999999870e-05
2.378500000000000000e+03 5.287869999999999908e-05
2.384500000000000000e+03 4.916719999999999912e-05
2.390500000000000000e+03 4.483699999999999779e-05
2.396500000000000000e+03 4.020670000000000250e-05
2.402500000000000000e+03 3.549879999999999968e-05
2.408500000000000000e+03 3.136750000000000080e-05
2.414500000000000000e+03 2.762700000000000163e-05
2.420500000000000000e+03 2.504099999999999962e-05
2.426500000000000000e+03 2.313780000000000063e-05
2.432500000000000000e+03 2.249099999999999862e-05
2.438500000000000000e+03 2.256089999999999943e-05
2.444500000000000000e+03 2.361090000000000123e-05
2.450500000000000000e+03 2.520179999999999984e-05
2.456500000000000000e+03 2.723199999999999948e-05
2.462500000000000000e+03 2.947940000000000103e-05
2.468500000000000000e+03 3.153490000000000194e-05
2.474500000000000000e+03 3.343449999999999981e-05
2.480500000000000000e+03 3.458979999999999873e-05
2.486500000000000000e+03 3.525610000000000283e-05
2.492500000000000000e+03 3.471840000000000288e-05
2.498500000000000000e+03 3.344500000000000250e-05
2.504500000000000000e+03 3.128210000000000327e-05
2.510500000000000000e+03 2.859870000000000115e-05
2.516500000000000000e+03 2.584859999999999846e-05
2.522500000000000000e+03 2.307859999999999957e-05
2.528500000000000000e+03 2.057920000000000111e-05
2.534500000000000000e+03 1.826329999999999843e-05
2.540500000000000000e+03 1.642359999999999976e-05
2.546500000000000000e+03 1.488650000000000053e-05
2.552500000000000000e+03 1.383280000000000078e-05
2.558500000000000000e+03 1.309030000000000069e-05
2.564500000000000000e+03 1.247229999999999915e-05
2.570500000000000000e+03 1.192769999999999932e-05
2.576500000000000000e+03 1.149219999999999985e-05
2.582500000000000000e+03 1.112739999999999954e-05
2.588500000000000000e+03 1.081069999999999968e-05
2.594500000000000000e+03 1.052939999999999951e-05
2.600500000000000000e+03 1.022269999999999955e-05
2.606500000000000000e+03 9.891330000000000044e-06
2.612500000000000000e+03 9.579450000000000245e-06
2.618500000000000000e+03 9.288590000000000458e-06
2.624500000000000000e+03 8.972250000000000367e-06
2.630500000000000000e+03 8.629590000000000500e-06
2.636500000000000000e+03 8.305530000000000760e-06
2.642500000000000000e+03 8.004520000000000740e-06
2.648500000000000000e+03 7.690169999999999252e-06
2.654500000000000000e+03 7.356590000000000152e-06
2.660500000000000000e+03 7.123460000000000234e-06
2.666500000000000000e+03 6.967310000000000044e-06
2.672500000000000000e+03 6.900369999999999631e-06
2.678500000000000000e+03 6.903420000000000389e-06
2.684500000000000000e+03 6.913289999999999670e-06
2.690500000000000000e+03 7.649509999999999204e-06
2.696500000000000000e+03 9.625200000000000612e-06
2.702500000000000000e+03 1.140459999999999919e-05
2.708500000000000000e+03 1.169909999999999951e-05
2.714500000000000000e+03 1.121680000000000076e-05
2.720500000000000000e+03 1.082529999999999951e-05
2.726500000000000000e+03 1.058569999999999929e-05
2.732500000000000000e+03 1.050169999999999976e-05
2.738500000000000000e+03 1.050980000000000058e-05
2.744500000000000000e+03 1.051340000000000000e-05
2.750500000000000000e+03 1.052980000000000039e-05
2.756500000000000000e+03 1.055920000000000048e-05
2.762500000000000000e+03 1.061930000000000012e-05
2.768500000000000000e+03 1.071680000000000046e-05
2.774500000000000000e+03 1.080359999999999936e-05
2.780500000000000000e+03 1.088460000000000078e-05
2.786500000000000000e+03 1.097250000000000040e-05
2.792500000000000000e+03 1.104379999999999919e-05
2.798500000000000000e+03 1.108840000000000043e-05
2.804500000000000000e+03 1.107280000000000010e-05
2.810500000000000000e+03 1.098519999999999945e-05
2.816500000000000000e+03 1.071019999999999954e-05
2.822500000000000000e+03 1.029319999999999998e-05
2.828500000000000000e+03 9.862289999999999726e-06
2.834500000000000000e+03 9.397630000000000011e-06
2.840500000000000000e+03 9.072159999999999889e-06
2.846500000000000000e+03 8.927879999999999977e-06
2.852500000000000000e+03 8.850810000000000730e-06
2.858500000000000000e+03 8.778629999999999669e-06
2.864500000000000000e+03 8.770899999999999321e-06
2.870500000000000000e+03 8.873969999999999675e-06
2.876500000000000000e+03 8.924470000000000292e-06
2.882500000000000000e+03 8.897590000000000306e-06
2.888500000000000000e+03 8.867209999999999421e-06
2.894500000000000000e+03 8.802280000000000705e-06
2.900500000000000000e+03 8.806579999999999969e-06
2.906500000000000000e+03 8.935819999999999768e-06
2.912500000000000000e+03 9.129050000000000288e-06
2.918500000000000000e+03 9.326429999999999744e-06
2.924500000000000000e+03 9.581630000000000282e-06
2.930500000000000000e+03 9.953130000000000028e-06
2.936500000000000000e+03 1.027149999999999983e-05
2.942500000000000000e+03 1.050299999999999922e-05
2.948500000000000000e+03 1.065350000000000058e-05
2.954500000000000000e+03 1.070830000000000046e-05
2.960500000000000000e+03 1.073249999999999931e-05
2.966500000000000000e+03 1.074300000000000031e-05
2.972500000000000000e+03 1.075010000000000063e-05
2.978500000000000000e+03 1.075710000000000074e-05
2.984500000000000000e+03 1.076400000000000062e-05
2.990500000000000000e+03 1.077090000000000050e-05
2.996500000000000000e+03 1.077749999999999973e-05
3.002500000000000000e+03 1.078400000000000043e-05
3.008500000000000000e+03 1.080119999999999918e-05
3.014500000000000000e+03 1.082650000000000044e-05
3.020500000000000000e+03 1.097010000000000022e-05
3.026500000000000000e+03 1.128140000000000010e-05
3.032500000000000000e+03 1.175229999999999927e-05
3.038500000000000000e+03 1.236790000000000063e-05
3.044500000000000000e+03 1.301089999999999938e-05
3.050500000000000000e+03 1.357620000000000056e-05
3.056500000000000000e+03 1.411770000000000037e-05
3.062500000000000000e+03 1.477980000000000035e-05
3.068500000000000000e+03 1.554340000000000097e-05
3.074500000000000000e+03 1.628660000000000090e-05
3.080500000000000000e+03 1.713800000000000092e-05
3.086500000000000000e+03 1.811709999999999972e-05
3.092500000000000000e+03 1.927030000000000081e-05
3.098500000000000000e+03 2.070740000000000100e-05
3.104500000000000000e+03 2.234789999999999994e-05
3.110500000000000000e+03 2.412520000000000070e-05
3.116500000000000000e+03 2.602620000000000164e-05
3.122500000000000000e+03 2.808120000000000145e-05
3.128500000000000000e+03 3.042500000000000093e-05
3.134500000000000000e+03 3.302899999999999836e-05
3.140500000000000000e+03 3.597729999999999857e-05
3.146500000000000000e+03 3.940069999999999700e-05
3.152500000000000000e+03 4.340659999999999874e-05
3.158500000000000000e+03 4.803199999999999684e-05
3.164500000000000000e+03 5.351179999999999815e-05
3.170500000000000000e+03 5.994959999999999943e-05
3.176500000000000000e+03 6.750620000000000091e-05
3.182500000000000000e+03 7.630679999999999928e-05
3.188500000000000000e+03 8.651479999999999370e-05
3.194500000000000000e+03 9.839389999999999996e-05
3.200500000000000000e+03 1.122370000000000030e-04
3.206500000000000000e+03 1.282129999999999869e-04
3.212500000000000000e+03 1.466790000000000097e-04
3.218500000000000000e+03 1.681560000000000075e-04
3.224500000000000000e+03 1.933670000000000072e-04
3.230500000000000000e+03 2.228850000000000048e-04
3.236500000000000000e+03 2.578610000000000168e-04
3.242500000000000000e+03 3.442610000000000028e-04
3.248500000000000000e+03 6.241890000000000372e-04
3.254500000000000000e+03 1.035939999999999951e-03
3.260500000000000000e+03 1.566689999999999923e-03
3.266500000000000000e+03 2.230999999999999910e-03
3.272500000000000000e+03 3.217789999999999886e-03
3.278500000000000000e+03 4.613250000000000163e-03
3.284500000000000000e+03 6.424149999999999999e-03
3.290500000000000000e+03 8.487559999999999896e-03
3.296500000000000000e+03 1.085470000000000011e-02
3.302500000000000000e+03 1.361730000000000058e-02
3.308500000000000000e+03 1.667360000000000023e-02
3.314500000000000000e+03 2.004979999999999957e-02
3.320500000000000000e+03 2.364190000000000041e-02
3.326500000000000000e+03 2.743649999999999908e-02
3.332500000000000000e+03 3.131950000000000012e-02
3.338500000000000000e+03 3.534299999999999942e-02
3.344500000000000000e+03 3.947210000000000302e-02
3.350500000000000000e+03 4.375319999999999904e-02
3.356500000000000000e+03 4.813339999999999980e-02
3.362500000000000000e+03 5.266699999999999854e-02
3.368500000000000000e+03 5.727190000000000059e-02
3.374500000000000000e+03 6.200510000000000049e-02
3.380500000000000000e+03 6.685019999999999851e-02
3.386500000000000000e+03 7.187449999999999395e-02
3.392500000000000000e+03 7.705549999999999899e-02
3.398500000000000000e+03 8.234760000000000690e-02
3.404500000000000000e+03 8.771039999999999393e-02
3.410500000000000000e+03 9.313050000000000495e-02
3.416500000000000000e+03 9.861440000000000483e-02
3.422500000000000000e+03 1.041330000000000033e-01
3.428500000000000000e+03 1.096710000000000046e-01
3.434500000000000000e+03 1.150800000000000017e-01
3.440500000000000000e+03 1.203619999999999968e-01
3.446500000000000000e+03 1.253869999999999985e-01
3.452500000000000000e+03 1.301120000000000054e-01
3.458500000000000000e+03 1.345409999999999939e-01
3.464500000000000000e+03 1.386689999999999867e-01
3.470500000000000000e+03 1.424340000000000050e-01
3.476500000000000000e+03 1.458029999999999882e-01
3.482500000000000000e+03 1.489360000000000128e-01
3.488500000000000000e+03 1.517219999999999958e-01
3.494500000000000000e+03 1.544909999999999894e-01
3.500500000000000000e+03 1.568839999999999957e-01
3.506500000000000000e+03 1.590219999999999967e-01
3.512500000000000000e+03 1.605229999999999990e-01
3.518500000000000000e+03 1.613900000000000057e-01
3.524500000000000000e+03 1.619520000000000126e-01
3.530500000000000000e+03 1.624500000000000111e-01
3.536500000000000000e+03 1.632639999999999925e-01
3.542500000000000000e+03 1.642699999999999994e-01
3.548500000000000000e+03 1.653320000000000067e-01
3.554500000000000000e+03 1.663370000000000126e-01
3.560500000000000000e+03 1.671999999999999875e-01
3.566500000000000000e+03 1.679819999999999924e-01
3.572500000000000000e+03 1.685470000000000024e-01
3.578500000000000000e+03 1.690290000000000126e-01
3.584500000000000000e+03 1.694479999999999875e-01
3.590500000000000000e+03 1.699360000000000037e-01
3.596500000000000000e+03 1.704960000000000087e-01
3.602500000000000000e+03 1.710990000000000011e-01
3.608500000000000000e+03 1.716409999999999880e-01
3.614500000000000000e+03 1.721409999999999885e-01
3.620500000000000000e+03 1.725690000000000002e-01
3.626500000000000000e+03 1.731890000000000096e-01
3.632500000000000000e+03 1.739050000000000040e-01
3.638500000000000000e+03 1.748029999999999862e-01
3.644500000000000000e+03 1.761089999999999878e-01
3.650500000000000000e+03 1.784419999999999895e-01
3.656500000000000000e+03 1.825120000000000076e-01
3.662500000000000000e+03 1.896660000000000013e-01
3.668500000000000000e+03 2.021270000000000011e-01
3.674500000000000000e+03 2.208839999999999970e-01
3.680500000000000000e+03 2.499609999999999888e-01
3.686500000000000000e+03 2.867799999999999794e-01
3.692500000000000000e+03 3.349099999999999855e-01
3.698500000000000000e+03 3.888519999999999754e-01
3.704500000000000000e+03 4.518670000000000186e-01
3.710500000000000000e+03 5.166009999999999769e-01
3.716500000000000000e+03 5.889550000000000063e-01
3.722500000000000000e+03 6.601050000000000528e-01
3.728500000000000000e+03 7.318419999999999925e-01
3.734500000000000000e+03 7.993419999999999970e-01
3.740500000000000000e+03 8.562790000000000123e-01
3.746500000000000000e+03 9.040040000000000298e-01
3.752500000000000000e+03 9.373909999999999743e-01
3.758500000000000000e+03 9.617369999999999530e-01
3.764500000000000000e+03 9.775749999999999718e-01
3.770500000000000000e+03 9.885460000000000358e-01
3.776500000000000000e+03 9.962210000000000232e-01
3.782500000000000000e+03 9.995020000000000016e-01
3.788500000000000000e+03 1.000000000000000000e+00
3.794500000000000000e+03 9.995290000000000008e-01
3.800500000000000000e+03 9.993859999999999966e-01
3.806500000000000000e+03 9.982980000000000187e-01
3.812500000000000000e+03 9.974640000000000173e-01
3.818500000000000000e+03 9.959369999999999612e-01
3.824500000000000000e+03 9.920130000000000337e-01
3.830500000000000000e+03 9.847190000000000110e-01
3.836500000000000000e+03 9.714289999999999869e-01
3.842500000000000000e+03 9.531619999999999537e-01
3.848500000000000000e+03 9.283369999999999678e-01
3.854500000000000000e+03 8.949599999999999778e-01
3.860500000000000000e+03 8.525310000000000388e-01
3.866500000000000000e+03 7.980559999999999876e-01
3.872500000000000000e+03 7.372159999999999824e-01
3.878500000000000000e+03 6.692329999999999668e-01
3.884500000000000000e+03 5.985780000000000545e-01
3.890500000000000000e+03 5.288640000000000008e-01
3.896500000000000000e+03 4.595400000000000040e-01
3.902500000000000000e+03 3.998470000000000080e-01
3.908500000000000000e+03 3.432870000000000088e-01
3.914500000000000000e+03 2.965389999999999970e-01
3.920500000000000000e+03 2.589819999999999900e-01
3.926500000000000000e+03 2.325750000000000040e-01
3.932500000000000000e+03 2.132699999999999874e-01
3.938500000000000000e+03 2.007710000000000050e-01
3.944500000000000000e+03 1.928229999999999944e-01
3.950500000000000000e+03 1.878009999999999957e-01
3.956500000000000000e+03 1.840029999999999999e-01
3.962500000000000000e+03 1.809260000000000035e-01
3.968500000000000000e+03 1.786179999999999990e-01
3.974500000000000000e+03 1.767910000000000037e-01
3.980500000000000000e+03 1.748840000000000117e-01
3.986500000000000000e+03 1.727710000000000079e-01
3.992500000000000000e+03 1.706959999999999866e-01
3.998500000000000000e+03 1.687079999999999969e-01
4.004500000000000000e+03 1.669249999999999901e-01
4.010500000000000000e+03 1.653699999999999892e-01
4.016500000000000000e+03 1.639269999999999894e-01
4.022500000000000000e+03 1.625340000000000118e-01
4.028500000000000000e+03 1.610989999999999922e-01
4.034500000000000000e+03 1.596819999999999906e-01
4.040500000000000000e+03 1.581789999999999863e-01
4.046500000000000000e+03 1.563829999999999942e-01
4.052500000000000000e+03 1.539339999999999875e-01
4.058500000000000000e+03 1.514210000000000000e-01
4.064500000000000000e+03 1.488220000000000098e-01
4.070500000000000000e+03 1.464090000000000114e-01
4.076500000000000000e+03 1.441580000000000084e-01
4.082500000000000000e+03 1.422710000000000086e-01
4.088500000000000000e+03 1.404569999999999985e-01
4.094500000000000000e+03 1.387519999999999865e-01
4.100500000000000000e+03 1.367970000000000019e-01
4.106500000000000000e+03 1.345480000000000009e-01
4.112500000000000000e+03 1.317949999999999955e-01
4.118500000000000000e+03 1.284089999999999954e-01
4.124500000000000000e+03 1.243019999999999958e-01
4.130500000000000000e+03 1.194100000000000023e-01
4.136500000000000000e+03 1.138060000000000044e-01
4.142500000000000000e+03 1.075200000000000045e-01
4.148500000000000000e+03 1.006429999999999964e-01
4.154500000000000000e+03 9.331570000000000142e-02
4.160500000000000000e+03 8.583269999999999789e-02
4.166500000000000000e+03 7.821259999999999324e-02
4.172500000000000000e+03 7.061789999999999734e-02
4.178500000000000000e+03 6.310540000000000593e-02
4.184500000000000000e+03 5.585509999999999781e-02
4.190500000000000000e+03 4.898799999999999683e-02
4.196500000000000000e+03 4.260110000000000285e-02
4.202500000000000000e+03 3.680239999999999900e-02
4.208500000000000000e+03 3.156130000000000047e-02
4.214500000000000000e+03 2.695250000000000076e-02
4.220500000000000000e+03 2.281829999999999969e-02
4.226500000000000000e+03 1.927140000000000103e-02
4.232500000000000000e+03 1.615279999999999841e-02
4.238500000000000000e+03 1.356839999999999956e-02
4.244500000000000000e+03 1.133550000000000009e-02
4.250500000000000000e+03 9.523329999999999990e-03
4.256500000000000000e+03 7.967600000000000030e-03
4.262500000000000000e+03 6.714679999999999781e-03
4.268500000000000000e+03 5.648320000000000077e-03
4.274500000000000000e+03 4.781050000000000230e-03
4.280500000000000000e+03 4.032080000000000386e-03
4.286500000000000000e+03 3.417869999999999936e-03
4.292500000000000000e+03 2.891079999999999865e-03
4.298500000000000000e+03 2.401180000000000155e-03
4.304500000000000000e+03 1.917150000000000061e-03
4.310500000000000000e+03 1.541639999999999937e-03
4.316500000000000000e+03 1.259120000000000074e-03
4.322500000000000000e+03 1.026210000000000056e-03
4.328500000000000000e+03 8.460609999999999485e-04
4.334500000000000000e+03 7.058280000000000326e-04
4.340500000000000000e+03 4.989550000000000365e-04
4.346500000000000000e+03 2.833010000000000172e-04
4.352500000000000000e+03 1.666869999999999984e-04
4.358500000000000000e+03 1.268580000000000109e-04
4.364500000000000000e+03 1.105560000000000033e-04
4.370500000000000000e+03 1.038399999999999951e-04
4.376500000000000000e+03 1.004490000000000000e-04
4.382500000000000000e+03 9.696850000000000510e-05
4.388500000000000000e+03 9.362510000000000591e-05
4.394500000000000000e+03 9.017260000000000466e-05
4.400500000000000000e+03 8.679129999999999690e-05
4.406500000000000000e+03 8.331950000000000077e-05
4.412500000000000000e+03 7.999079999999999992e-05
4.418500000000000000e+03 7.084850000000000446e-05
4.424500000000000000e+03 5.656410000000000279e-05
4.430500000000000000e+03 4.067219999999999999e-05
4.436500000000000000e+03 2.887640000000000020e-05
4.442500000000000000e+03 2.303430000000000069e-05
4.448500000000000000e+03 1.978099999999999916e-05
4.454500000000000000e+03 1.943400000000000062e-05
4.460500000000000000e+03 1.932049999999999908e-05
4.466500000000000000e+03 1.928590000000000114e-05
4.472500000000000000e+03 1.929360000000000108e-05
4.478500000000000000e+03 1.935050000000000049e-05
4.484500000000000000e+03 1.945090000000000041e-05
4.490500000000000000e+03 1.955760000000000059e-05
4.496500000000000000e+03 1.971609999999999915e-05
4.502500000000000000e+03 1.987389999999999957e-05
4.508500000000000000e+03 1.994749999999999833e-05
4.514500000000000000e+03 1.994909999999999845e-05
4.520500000000000000e+03 1.990919999999999905e-05
4.526500000000000000e+03 1.985710000000000001e-05
4.532500000000000000e+03 1.980020000000000060e-05
4.538500000000000000e+03 1.974280000000000010e-05
4.544500000000000000e+03 1.965719999999999875e-05
4.550500000000000000e+03 1.950670000000000079e-05
4.556500000000000000e+03 1.922769999999999888e-05
4.562500000000000000e+03 1.863309999999999953e-05
4.568500000000000000e+03 1.807410000000000031e-05
4.574500000000000000e+03 1.771160000000000166e-05
4.580500000000000000e+03 1.677529999999999844e-05
4.586500000000000000e+03 1.558540000000000159e-05
4.592500000000000000e+03 1.507379999999999957e-05
4.598500000000000000e+03 1.537180000000000078e-05
4.604500000000000000e+03 1.596230000000000131e-05
4.610500000000000000e+03 1.664510000000000094e-05
4.616500000000000000e+03 1.767789999999999892e-05
4.622500000000000000e+03 1.879359999999999909e-05
4.628500000000000000e+03 2.003550000000000155e-05
4.634500000000000000e+03 2.115589999999999848e-05
4.640500000000000000e+03 2.183210000000000058e-05
4.646500000000000000e+03 2.219510000000000032e-05
4.652500000000000000e+03 2.231059999999999947e-05
4.658500000000000000e+03 2.237709999999999960e-05
4.664500000000000000e+03 2.250920000000000126e-05
4.670500000000000000e+03 2.272860000000000123e-05
4.676500000000000000e+03 2.297740000000000128e-05
4.682500000000000000e+03 2.325949999999999982e-05
4.688500000000000000e+03 2.356529999999999950e-05
4.694500000000000000e+03 2.387559999999999889e-05
4.700500000000000000e+03 2.427439999999999920e-05
4.706500000000000000e+03 2.469820000000000012e-05
4.712500000000000000e+03 2.509189999999999942e-05
4.718500000000000000e+03 2.545469999999999872e-05
4.724500000000000000e+03 2.572930000000000114e-05
4.730500000000000000e+03 2.595630000000000083e-05
4.736500000000000000e+03 2.622030000000000034e-05
4.742500000000000000e+03 2.651349999999999950e-05
4.748500000000000000e+03 2.681400000000000111e-05
4.754500000000000000e+03 2.710639999999999851e-05
4.760500000000000000e+03 2.732190000000000009e-05
4.766500000000000000e+03 2.744659999999999908e-05
4.772500000000000000e+03 2.759080000000000018e-05
4.778500000000000000e+03 2.775820000000000132e-05
4.784500000000000000e+03 2.786719999999999977e-05
4.790500000000000000e+03 2.795219999999999980e-05
4.796500000000000000e+03 2.798490000000000035e-05
4.802500000000000000e+03 2.804090000000000117e-05
4.808500000000000000e+03 2.821289999999999885e-05
4.814500000000000000e+03 2.850229999999999984e-05
4.820500000000000000e+03 2.886999999999999972e-05
4.826500000000000000e+03 2.923380000000000122e-05
4.832500000000000000e+03 2.961970000000000035e-05
4.838500000000000000e+03 2.997960000000000007e-05
4.844500000000000000e+03 3.031639999999999997e-05
4.850500000000000000e+03 3.062739999999999750e-05
4.856500000000000000e+03 3.084900000000000229e-05
4.862500000000000000e+03 3.102979999999999893e-05
4.868500000000000000e+03 3.115969999999999916e-05
4.874500000000000000e+03 3.120710000000000145e-05
4.880500000000000000e+03 3.132259999999999721e-05
4.886500000000000000e+03 3.151449999999999786e-05
4.892500000000000000e+03 3.159269999999999993e-05
4.898500000000000000e+03 3.159320000000000102e-05
4.904500000000000000e+03 3.153959999999999869e-05
4.910500000000000000e+03 3.149659999999999927e-05
4.916500000000000000e+03 3.068389999999999941e-05
4.922500000000000000e+03 2.707800000000000061e-05
4.928500000000000000e+03 2.417369999999999862e-05
4.934500000000000000e+03 2.378840000000000080e-05
4.940500000000000000e+03 1.947199999999999924e-05
4.946500000000000000e+03 1.115940000000000025e-05
4.952500000000000000e+03 3.769249999999999953e-06
4.958500000000000000e+03 3.271509999999999891e-07
