6.110000000000000000e+03 0.000000000000000000e+00
6.121000000000000000e+03 6.615399999999999800e-07
6.132000000000000000e+03 1.317079999999999933e-05
6.143000000000000000e+03 4.001609999999999792e-05
6.154000000000000000e+03 6.480029999999999688e-05
6.165000000000000000e+03 8.412180000000000493e-05
6.176000000000000000e+03 1.031140000000000024e-04
6.187000000000000000e+03 1.239240000000000014e-04
6.198000000000000000e+03 1.462289999999999987e-04
6.209000000000000000e+03 1.732650000000000021e-04
6.220000000000000000e+03 2.080899999999999948e-04
6.231000000000000000e+03 2.529559999999999816e-04
6.242000000000000000e+03 3.571649999999999998e-04
6.253000000000000000e+03 4.847659999999999730e-04
6.264000000000000000e+03 6.234510000000000182e-04
6.275000000000000000e+03 8.709079999999999903e-04
6.286000000000000000e+03 1.257789999999999950e-03
6.297000000000000000e+03 1.945990000000000089e-03
6.308000000000000000e+03 2.994020000000000015e-03
6.319000000000000000e+03 5.067010000000000264e-03
6.330000000000000000e+03 7.967739999999999198e-03
6.341000000000000000e+03 1.247949999999999927e-02
6.352000000000000000e+03 1.838029999999999872e-02
6.363000000000000000e+03 2.605460000000000068e-02
6.374000000000000000e+03 3.577679999999999749e-02
6.385000000000000000e+03 4.763780000000000098e-02
6.396000000000000000e+03 6.305429999999999369e-02
6.407000000000000000e+03 8.198740000000000194e-02
6.418000000000000000e+03 1.060979999999999979e-01
6.429000000000000000e+03 1.327979999999999994e-01
6.440000000000000000e+03 1.583080000000000043e-01
6.451000000000000000e+03 1.816550000000000109e-01
6.462000000000000000e+03 2.003159999999999941e-01
6.473000000000000000e+03 2.174679999999999946e-01
6.484000000000000000e+03 2.334640000000000049e-01
6.495000000000000000e+03 2.506800000000000139e-01
6.506000000000000000e+03 2.678840000000000110e-01
6.517000000000000000e+03 2.847189999999999999e-01
6.528000000000000000e+03 2.989189999999999903e-01
6.539000000000000000e+03 3.080309999999999993e-01
6.550000000000000000e+03 3.154910000000000214e-01
6.561000000000000000e+03 3.295109999999999983e-01
6.572000000000000000e+03 3.510829999999999784e-01
6.583000000000000000e+03 3.793279999999999985e-01
6.594000000000000000e+03 4.067459999999999964e-01
6.605000000000000000e+03 4.278179999999999761e-01
6.616000000000000000e+03 4.490410000000000235e-01
6.627000000000000000e+03 4.697020000000000084e-01
6.638000000000000000e+03 4.958569999999999922e-01
6.649000000000000000e+03 5.227260000000000240e-01
6.660000000000000000e+03 5.530460000000000376e-01
6.671000000000000000e+03 5.807870000000000532e-01
6.682000000000000000e+03 6.025340000000000140e-01
6.693000000000000000e+03 6.215110000000000356e-01
6.704000000000000000e+03 6.403780000000000028e-01
6.715000000000000000e+03 6.634879999999999667e-01
6.726000000000000000e+03 6.890420000000000433e-01
6.737000000000000000e+03 7.138240000000000141e-01
6.748000000000000000e+03 7.378829999999999556e-01
6.759000000000000000e+03 7.588899999999999535e-01
6.770000000000000000e+03 7.744090000000000140e-01
6.781000000000000000e+03 7.908349999999999547e-01
6.792000000000000000e+03 8.042449999999999877e-01
6.803000000000000000e+03 8.179030000000000467e-01
6.814000000000000000e+03 8.336320000000000396e-01
6.825000000000000000e+03 8.419590000000000130e-01
6.836000000000000000e+03 8.495949999999999891e-01
6.847000000000000000e+03 8.593560000000000088e-01
6.858000000000000000e+03 8.697749999999999648e-01
6.869000000000000000e+03 8.812330000000000441e-01
6.880000000000000000e+03 8.920000000000000151e-01
6.891000000000000000e+03 9.022540000000000004e-01
6.902000000000000000e+03 9.094410000000000549e-01
6.913000000000000000e+03 9.141860000000000541e-01
6.924000000000000000e+03 9.177340000000000497e-01
6.935000000000000000e+03 9.224200000000000177e-01
6.946000000000000000e+03 9.262200000000000433e-01
6.957000000000000000e+03 9.307490000000000485e-01
6.968000000000000000e+03 9.353439999999999532e-01
6.979000000000000000e+03 9.389560000000000128e-01
6.990000000000000000e+03 9.422380000000000200e-01
7.001000000000000000e+03 9.437449999999999450e-01
7.012000000000000000e+03 9.459189999999999543e-01
7.023000000000000000e+03 9.482800000000000118e-01
7.034000000000000000e+03 9.502059999999999951e-01
7.045000000000000000e+03 9.525569999999999871e-01
7.056000000000000000e+03 9.540419999999999456e-01
7.067000000000000000e+03 9.557790000000000452e-01
7.078000000000000000e+03 9.599170000000000202e-01
7.089000000000000000e+03 9.653340000000000254e-01
7.100000000000000000e+03 9.698780000000000179e-01
7.111000000000000000e+03 9.748080000000000078e-01
7.122000000000000000e+03 9.795869999999999855e-01
7.133000000000000000e+03 9.825880000000000170e-01
7.144000000000000000e+03 9.849240000000000217e-01
7.155000000000000000e+03 9.864349999999999508e-01
7.166000000000000000e+03 9.882840000000000513e-01
7.177000000000000000e+03 9.907150000000000123e-01
7.188000000000000000e+03 9.925349999999999451e-01
7.199000000000000000e+03 9.948150000000000048e-01
7.210000000000000000e+03 9.977749999999999675e-01
7.221000000000000000e+03 9.996429999999999483e-01
7.232000000000000000e+03 1.000000000000000000e+00
7.243000000000000000e+03 9.980019999999999447e-01
7.254000000000000000e+03 9.928970000000000296e-01
7.265000000000000000e+03 9.810750000000000304e-01
7.276000000000000000e+03 9.633340000000000236e-01
7.287000000000000000e+03 9.396130000000000315e-01
7.298000000000000000e+03 9.110230000000000272e-01
7.309000000000000000e+03 8.781780000000000141e-01
7.320000000000000000e+03 8.403469999999999551e-01
7.331000000000000000e+03 8.002610000000000001e-01
7.342000000000000000e+03 7.600400000000000489e-01
7.353000000000000000e+03 7.233420000000000405e-01
7.364000000000000000e+03 6.846449999999999481e-01
7.375000000000000000e+03 6.479679999999999884e-01
7.386000000000000000e+03 6.089599999999999458e-01
7.397000000000000000e+03 5.714519999999999600e-01
7.408000000000000000e+03 5.375250000000000306e-01
7.419000000000000000e+03 5.083739999999999926e-01
7.430000000000000000e+03 4.814439999999999831e-01
7.441000000000000000e+03 4.553699999999999970e-01
7.452000000000000000e+03 4.292639999999999789e-01
7.463000000000000000e+03 4.010719999999999841e-01
7.474000000000000000e+03 3.706550000000000122e-01
7.485000000000000000e+03 3.344249999999999723e-01
7.496000000000000000e+03 2.979640000000000066e-01
7.507000000000000000e+03 2.585410000000000208e-01
7.518000000000000000e+03 2.209770000000000068e-01
7.529000000000000000e+03 1.839939999999999909e-01
7.540000000000000000e+03 1.497699999999999865e-01
7.551000000000000000e+03 1.195110000000000061e-01
7.562000000000000000e+03 9.290550000000000197e-02
7.573000000000000000e+03 7.073450000000000570e-02
7.584000000000000000e+03 5.209350000000000092e-02
7.595000000000000000e+03 3.822980000000000128e-02
7.606000000000000000e+03 2.706470000000000056e-02
7.617000000000000000e+03 1.901469999999999896e-02
7.628000000000000000e+03 1.293079999999999924e-02
7.639000000000000000e+03 8.982979999999999784e-03
7.650000000000000000e+03 6.225340000000000214e-03
7.661000000000000000e+03 4.294069999999999658e-03
7.672000000000000000e+03 2.956279999999999932e-03
7.683000000000000000e+03 2.066549999999999897e-03
7.694000000000000000e+03 1.564960000000000006e-03
7.705000000000000000e+03 1.196989999999999990e-03
7.716000000000000000e+03 9.237839999999999767e-04
7.727000000000000000e+03 7.361579999999999947e-04
7.738000000000000000e+03 6.375550000000000444e-04
7.749000000000000000e+03 5.445600000000000310e-04
7.760000000000000000e+03 4.558830000000000261e-04
7.771000000000000000e+03 3.799939999999999807e-04
7.782000000000000000e+03 3.205869999999999987e-04
7.793000000000000000e+03 2.855099999999999956e-04
7.804000000000000000e+03 2.707419999999999770e-04
7.815000000000000000e+03 2.543840000000000229e-04
7.826000000000000000e+03 2.398380000000000032e-04
7.837000000000000000e+03 2.251309999999999965e-04
7.848000000000000000e+03 2.069569999999999906e-04
7.859000000000000000e+03 1.948399999999999980e-04
7.870000000000000000e+03 1.795939999999999885e-04
7.881000000000000000e+03 1.538300000000000095e-04
7.892000000000000000e+03 1.389560000000000025e-04
7.903000000000000000e+03 1.252190000000000085e-04
7.914000000000000000e+03 1.052919999999999941e-04
7.925000000000000000e+03 9.361879999999999887e-05
7.936000000000000000e+03 8.645200000000000508e-05
7.947000000000000000e+03 7.503589999999999761e-05
7.958000000000000000e+03 6.635510000000000442e-05
7.969000000000000000e+03 6.309859999999999926e-05
7.980000000000000000e+03 6.059129999999999703e-05
7.991000000000000000e+03 5.671740000000000012e-05
8.002000000000000000e+03 5.295519999999999741e-05
8.013000000000000000e+03 5.170840000000000115e-05
8.024000000000000000e+03 5.310840000000000130e-05
8.035000000000000000e+03 5.432229999999999996e-05
8.046000000000000000e+03 5.239899999999999755e-05
8.057000000000000000e+03 4.370599999999999794e-05
8.068000000000000000e+03 3.571850000000000030e-05
8.079000000000000000e+03 3.440429999999999855e-05
8.090000000000000000e+03 3.348009999999999815e-05
8.101000000000000000e+03 2.662469999999999938e-05
8.112000000000000000e+03 1.935579999999999855e-05
8.123000000000000000e+03 1.842990000000000120e-05
8.134000000000000000e+03 1.849490000000000143e-05
8.145000000000000000e+03 1.793720000000000167e-05
8.156000000000000000e+03 1.395320000000000051e-05
8.167000000000000000e+03 8.068660000000000095e-06
8.178000000000000000e+03 3.188750000000000175e-06
8.189000000000000000e+03 1.092180000000000056e-07
