1.689500000000000000e+03 0.000000000000000000e+00
1.693500000000000000e+03 1.758579999999999965e-11
1.697500000000000000e+03 3.995490000000000231e-10
1.701500000000000000e+03 1.160910000000000078e-09
1.705500000000000000e+03 2.156770000000000194e-09
1.709500000000000000e+03 2.531109999999999958e-09
1.713500000000000000e+03 2.470870000000000175e-09
1.717500000000000000e+03 1.873619999999999988e-09
1.721500000000000000e+03 1.266800000000000009e-09
1.725500000000000000e+03 5.680659999999999489e-10
1.729500000000000000e+03 1.653999999999999924e-10
1.733500000000000000e+03 6.979510000000000418e-13
1.737500000000000000e+03 8.069129999999999566e-13
1.741500000000000000e+03 9.136010000000000367e-13
1.745500000000000000e+03 1.017290000000000000e-12
1.749500000000000000e+03 1.119310000000000004e-12
1.753500000000000000e+03 1.219789999999999996e-12
1.757500000000000000e+03 1.318310000000000064e-12
1.761500000000000000e+03 1.415819999999999919e-12
1.765500000000000000e+03 1.512129999999999939e-12
1.769500000000000000e+03 1.607060000000000021e-12
1.773500000000000000e+03 1.701239999999999928e-12
1.777500000000000000e+03 1.794419999999999941e-12
1.781500000000000000e+03 1.886600000000000059e-12
1.785500000000000000e+03 1.979069999999999967e-12
1.789500000000000000e+03 2.077259999999999976e-12
1.793500000000000000e+03 2.179169999999999892e-12
1.797500000000000000e+03 4.381250000000000272e-08
1.801500000000000000e+03 2.776069999999999791e-07
1.805500000000000000e+03 6.229759999999999795e-07
1.809500000000000000e+03 1.117439999999999926e-06
1.813500000000000000e+03 1.770389999999999960e-06
1.817500000000000000e+03 2.536369999999999994e-06
1.821500000000000000e+03 3.317819999999999940e-06
1.825500000000000000e+03 4.083140000000000178e-06
1.829500000000000000e+03 4.840060000000000209e-06
1.833500000000000000e+03 5.592260000000000393e-06
1.837500000000000000e+03 6.348390000000000216e-06
1.841500000000000000e+03 7.117130000000000415e-06
1.845500000000000000e+03 7.922860000000000576e-06
1.849500000000000000e+03 8.768729999999999984e-06
1.853500000000000000e+03 9.638690000000000715e-06
1.857500000000000000e+03 1.054770000000000067e-05
1.861500000000000000e+03 1.149080000000000016e-05
1.865500000000000000e+03 1.250889999999999979e-05
1.869500000000000000e+03 1.379729999999999917e-05
1.873500000000000000e+03 1.526060000000000090e-05
1.877500000000000000e+03 1.690819999999999847e-05
1.881500000000000000e+03 1.869789999999999931e-05
1.885500000000000000e+03 2.063389999999999907e-05
1.889500000000000000e+03 2.242830000000000005e-05
1.893500000000000000e+03 2.388300000000000156e-05
1.897500000000000000e+03 2.515300000000000126e-05
1.901500000000000000e+03 2.621659999999999900e-05
1.905500000000000000e+03 2.712160000000000135e-05
1.909500000000000000e+03 2.790780000000000070e-05
1.913500000000000000e+03 2.870149999999999956e-05
1.917500000000000000e+03 2.950220000000000021e-05
1.921500000000000000e+03 3.030460000000000120e-05
1.925500000000000000e+03 3.109580000000000135e-05
1.929500000000000000e+03 3.187689999999999968e-05
1.933500000000000000e+03 3.266049999999999672e-05
1.937500000000000000e+03 3.349899999999999894e-05
1.941500000000000000e+03 3.436850000000000137e-05
1.945500000000000000e+03 3.527400000000000143e-05
1.949500000000000000e+03 3.618910000000000220e-05
1.953500000000000000e+03 3.713229999999999683e-05
1.957500000000000000e+03 3.807150000000000302e-05
1.961500000000000000e+03 3.900609999999999912e-05
1.965500000000000000e+03 3.993480000000000261e-05
1.969500000000000000e+03 4.090230000000000309e-05
1.973500000000000000e+03 4.193750000000000293e-05
1.977500000000000000e+03 4.301180000000000042e-05
1.981500000000000000e+03 4.419779999999999889e-05
1.985500000000000000e+03 4.550030000000000209e-05
1.989500000000000000e+03 4.688120000000000102e-05
1.993500000000000000e+03 4.829930000000000020e-05
1.997500000000000000e+03 4.975230000000000136e-05
2.001500000000000000e+03 5.124810000000000151e-05
2.005500000000000000e+03 5.290500000000000253e-05
2.009500000000000000e+03 5.466409999999999726e-05
2.013500000000000000e+03 5.667830000000000247e-05
2.017500000000000000e+03 5.938729999999999975e-05
2.021500000000000000e+03 6.255310000000000254e-05
2.025500000000000000e+03 6.554889999999999849e-05
2.029500000000000000e+03 6.701719999999999932e-05
2.033500000000000000e+03 6.797180000000000539e-05
2.037500000000000000e+03 6.775480000000000391e-05
2.041500000000000000e+03 6.679410000000000479e-05
2.045500000000000000e+03 6.478709999999999504e-05
2.049500000000000000e+03 6.239919999999999712e-05
2.053500000000000000e+03 5.970340000000000168e-05
2.057500000000000000e+03 5.676150000000000195e-05
2.061500000000000000e+03 5.296670000000000230e-05
2.065500000000000000e+03 4.836800000000000176e-05
2.069500000000000000e+03 4.338960000000000213e-05
2.073500000000000000e+03 3.951440000000000236e-05
2.077500000000000000e+03 3.639379999999999704e-05
2.081500000000000000e+03 3.398170000000000026e-05
2.085500000000000000e+03 3.231259999999999959e-05
2.089500000000000000e+03 3.157130000000000044e-05
2.093500000000000000e+03 3.132230000000000333e-05
2.097500000000000000e+03 3.112120000000000283e-05
2.101500000000000000e+03 3.094080000000000029e-05
2.105500000000000000e+03 3.076860000000000218e-05
2.109500000000000000e+03 3.056100000000000098e-05
2.113500000000000000e+03 3.035929999999999917e-05
2.117500000000000000e+03 3.016080000000000098e-05
2.121500000000000000e+03 2.999639999999999964e-05
2.125500000000000000e+03 2.982789999999999948e-05
2.129500000000000000e+03 2.974879999999999883e-05
2.133500000000000000e+03 2.975420000000000050e-05
2.137500000000000000e+03 2.982050000000000019e-05
2.141500000000000000e+03 2.989490000000000070e-05
2.145500000000000000e+03 2.996539999999999943e-05
2.149500000000000000e+03 3.006190000000000096e-05
2.153500000000000000e+03 3.022029999999999931e-05
2.157500000000000000e+03 3.041080000000000028e-05
2.161500000000000000e+03 3.066010000000000144e-05
2.165500000000000000e+03 3.104320000000000121e-05
2.169500000000000000e+03 3.152349999999999727e-05
2.173500000000000000e+03 3.210769999999999754e-05
2.177500000000000000e+03 3.275530000000000130e-05
2.181500000000000000e+03 3.347550000000000162e-05
2.185500000000000000e+03 3.434859999999999839e-05
2.189500000000000000e+03 3.541940000000000176e-05
2.193500000000000000e+03 3.660099999999999736e-05
2.197500000000000000e+03 3.800429999999999797e-05
2.201500000000000000e+03 3.956670000000000185e-05
2.205500000000000000e+03 4.131530000000000066e-05
2.209500000000000000e+03 4.334610000000000161e-05
2.213500000000000000e+03 4.558839999999999876e-05
2.217500000000000000e+03 4.805860000000000096e-05
2.221500000000000000e+03 5.111830000000000150e-05
2.225500000000000000e+03 5.458189999999999998e-05
2.229500000000000000e+03 5.854380000000000011e-05
2.233500000000000000e+03 6.339840000000000612e-05
2.237500000000000000e+03 6.881229999999999845e-05
2.241500000000000000e+03 7.518719999999999733e-05
2.245500000000000000e+03 8.288529999999999737e-05
2.249500000000000000e+03 9.142720000000000447e-05
2.253500000000000000e+03 1.017660000000000011e-04
2.257500000000000000e+03 1.141369999999999950e-04
2.261500000000000000e+03 1.279379999999999938e-04
2.265500000000000000e+03 1.453880000000000114e-04
2.269500000000000000e+03 1.663079999999999940e-04
2.273500000000000000e+03 1.901209999999999912e-04
2.277500000000000000e+03 2.229979999999999951e-04
2.281500000000000000e+03 2.635359999999999786e-04
2.285500000000000000e+03 3.187619999999999950e-04
2.289500000000000000e+03 4.095179999999999914e-04
2.293500000000000000e+03 5.046150000000000331e-04
2.297500000000000000e+03 6.149330000000000161e-04
2.301500000000000000e+03 7.720309999999999543e-04
2.305500000000000000e+03 9.566620000000000505e-04
2.309500000000000000e+03 1.188089999999999936e-03
2.313500000000000000e+03 1.504289999999999924e-03
2.317500000000000000e+03 1.868770000000000066e-03
2.321500000000000000e+03 2.334259999999999894e-03
2.325500000000000000e+03 2.923709999999999937e-03
2.329500000000000000e+03 3.592829999999999982e-03
2.333500000000000000e+03 4.423340000000000431e-03
2.337500000000000000e+03 5.398649999999999630e-03
2.341500000000000000e+03 6.480340000000000232e-03
2.345500000000000000e+03 7.757219999999999567e-03
2.349500000000000000e+03 9.154739999999999753e-03
2.353500000000000000e+03 1.066549999999999963e-02
2.357500000000000000e+03 1.230529999999999992e-02
2.361500000000000000e+03 1.399509999999999990e-02
2.365500000000000000e+03 1.575249999999999914e-02
2.369500000000000000e+03 1.749730000000000035e-02
2.373500000000000000e+03 1.921449999999999894e-02
2.377500000000000000e+03 2.089620000000000019e-02
2.381500000000000000e+03 2.243119999999999836e-02
2.385500000000000000e+03 2.388289999999999857e-02
2.389500000000000000e+03 2.518679999999999877e-02
2.393500000000000000e+03 2.628979999999999859e-02
2.397500000000000000e+03 2.728360000000000160e-02
2.401500000000000000e+03 2.808959999999999929e-02
2.405500000000000000e+03 2.875370000000000009e-02
2.409500000000000000e+03 2.932049999999999934e-02
2.413500000000000000e+03 2.974749999999999964e-02
2.417500000000000000e+03 3.011600000000000041e-02
2.421500000000000000e+03 3.043030000000000040e-02
2.425500000000000000e+03 3.069039999999999963e-02
2.429500000000000000e+03 3.094699999999999881e-02
2.433500000000000000e+03 3.118989999999999957e-02
2.437500000000000000e+03 3.142969999999999792e-02
2.441500000000000000e+03 3.167330000000000145e-02
2.445500000000000000e+03 3.191549999999999943e-02
2.449500000000000000e+03 3.215139999999999665e-02
2.453500000000000000e+03 3.238169999999999937e-02
2.457500000000000000e+03 3.260729999999999879e-02
2.461500000000000000e+03 3.281259999999999732e-02
2.465500000000000000e+03 3.300720000000000043e-02
2.469500000000000000e+03 3.318159999999999860e-02
2.473500000000000000e+03 3.336070000000000008e-02
2.477500000000000000e+03 3.365400000000000336e-02
2.481500000000000000e+03 3.411659999999999693e-02
2.485500000000000000e+03 3.464590000000000031e-02
2.489500000000000000e+03 3.523960000000000287e-02
2.493500000000000000e+03 3.599360000000000059e-02
2.497500000000000000e+03 3.700149999999999967e-02
2.501500000000000000e+03 3.821870000000000128e-02
2.505500000000000000e+03 3.969170000000000337e-02
2.509500000000000000e+03 4.135219999999999868e-02
2.513500000000000000e+03 4.321450000000000291e-02
2.517500000000000000e+03 4.522949999999999887e-02
2.521500000000000000e+03 4.738570000000000282e-02
2.525500000000000000e+03 4.964289999999999675e-02
2.529500000000000000e+03 5.197439999999999699e-02
2.533500000000000000e+03 5.433620000000000116e-02
2.537500000000000000e+03 5.671269999999999784e-02
2.541500000000000000e+03 5.908030000000000226e-02
2.545500000000000000e+03 6.140489999999999837e-02
2.549500000000000000e+03 6.363459999999999950e-02
2.553500000000000000e+03 6.574779999999999514e-02
2.557500000000000000e+03 6.774170000000000191e-02
2.561500000000000000e+03 6.960929999999999895e-02
2.565500000000000000e+03 7.134139999999999926e-02
2.569500000000000000e+03 7.295780000000000320e-02
2.573500000000000000e+03 7.444560000000000066e-02
2.577500000000000000e+03 7.582339999999999913e-02
2.581500000000000000e+03 7.706029999999999824e-02
2.585500000000000000e+03 7.819800000000000362e-02
2.589500000000000000e+03 7.922189999999999788e-02
2.593500000000000000e+03 8.020230000000000414e-02
2.597500000000000000e+03 8.116279999999999328e-02
2.601500000000000000e+03 8.211849999999999705e-02
2.605500000000000000e+03 8.306360000000000132e-02
2.609500000000000000e+03 8.398229999999999584e-02
2.613500000000000000e+03 8.483380000000000087e-02
2.617500000000000000e+03 8.559959999999999791e-02
2.621500000000000000e+03 8.629950000000000121e-02
2.625500000000000000e+03 8.703310000000000213e-02
2.629500000000000000e+03 8.778450000000000142e-02
2.633500000000000000e+03 8.849619999999999709e-02
2.637500000000000000e+03 8.913980000000000514e-02
2.641500000000000000e+03 8.968470000000000608e-02
2.645500000000000000e+03 9.014410000000000478e-02
2.649500000000000000e+03 9.055149999999999311e-02
2.653500000000000000e+03 9.088640000000000607e-02
2.657500000000000000e+03 9.115739999999999954e-02
2.661500000000000000e+03 9.137370000000000214e-02
2.665500000000000000e+03 9.162670000000000536e-02
2.669500000000000000e+03 9.201779999999999682e-02
2.673500000000000000e+03 9.256319999999999826e-02
2.677500000000000000e+03 9.327140000000000430e-02
2.681500000000000000e+03 9.428459999999999619e-02
2.685500000000000000e+03 9.567100000000000604e-02
2.689500000000000000e+03 9.759690000000000032e-02
2.693500000000000000e+03 1.000909999999999994e-01
2.697500000000000000e+03 1.036770000000000053e-01
2.701500000000000000e+03 1.089959999999999957e-01
2.705500000000000000e+03 1.175810000000000050e-01
2.709500000000000000e+03 1.299939999999999984e-01
2.713500000000000000e+03 1.500299999999999967e-01
2.717500000000000000e+03 1.769650000000000112e-01
2.721500000000000000e+03 2.165009999999999990e-01
2.725500000000000000e+03 2.665980000000000016e-01
2.729500000000000000e+03 3.287669999999999759e-01
2.733500000000000000e+03 4.013280000000000181e-01
2.737500000000000000e+03 4.807460000000000067e-01
2.741500000000000000e+03 5.631699999999999484e-01
2.745500000000000000e+03 6.456190000000000540e-01
2.749500000000000000e+03 7.220910000000000384e-01
2.753500000000000000e+03 7.904449999999999532e-01
2.757500000000000000e+03 8.475249999999999728e-01
2.761500000000000000e+03 8.911710000000000464e-01
2.765500000000000000e+03 9.238629999999999898e-01
2.769500000000000000e+03 9.453179999999999916e-01
2.773500000000000000e+03 9.587350000000000039e-01
2.777500000000000000e+03 9.663599999999999968e-01
2.781500000000000000e+03 9.716879999999999962e-01
2.785500000000000000e+03 9.760659999999999892e-01
2.789500000000000000e+03 9.801520000000000232e-01
2.793500000000000000e+03 9.839849999999999985e-01
2.797500000000000000e+03 9.880710000000000326e-01
2.801500000000000000e+03 9.921079999999999899e-01
2.805500000000000000e+03 9.950670000000000348e-01
2.809500000000000000e+03 9.969649999999999901e-01
2.813500000000000000e+03 9.977770000000000250e-01
2.817500000000000000e+03 9.984060000000000157e-01
2.821500000000000000e+03 9.992630000000000123e-01
2.825500000000000000e+03 1.000000000000000000e+00
2.829500000000000000e+03 9.998240000000000460e-01
2.833500000000000000e+03 9.974870000000000125e-01
2.837500000000000000e+03 9.929869999999999530e-01
2.841500000000000000e+03 9.832640000000000269e-01
2.845500000000000000e+03 9.673979999999999801e-01
2.849500000000000000e+03 9.416900000000000270e-01
2.853500000000000000e+03 9.058779999999999610e-01
2.857500000000000000e+03 8.593309999999999560e-01
2.861500000000000000e+03 8.009629999999999805e-01
2.865500000000000000e+03 7.327029999999999932e-01
2.869500000000000000e+03 6.571700000000000319e-01
2.873500000000000000e+03 5.765139999999999709e-01
2.877500000000000000e+03 4.965800000000000214e-01
2.881500000000000000e+03 4.185929999999999929e-01
2.885500000000000000e+03 3.474050000000000193e-01
2.889500000000000000e+03 2.850349999999999828e-01
2.893500000000000000e+03 2.334839999999999971e-01
2.897500000000000000e+03 1.936819999999999931e-01
2.901500000000000000e+03 1.640840000000000076e-01
2.905500000000000000e+03 1.434620000000000062e-01
2.909500000000000000e+03 1.290399999999999880e-01
2.913500000000000000e+03 1.195490000000000025e-01
2.917500000000000000e+03 1.128849999999999992e-01
2.921500000000000000e+03 1.088559999999999944e-01
2.925500000000000000e+03 1.062700000000000033e-01
2.929500000000000000e+03 1.046620000000000050e-01
2.933500000000000000e+03 1.033150000000000041e-01
2.937500000000000000e+03 1.023099999999999982e-01
2.941500000000000000e+03 1.017600000000000032e-01
2.945500000000000000e+03 1.015070000000000000e-01
2.949500000000000000e+03 1.012839999999999990e-01
2.953500000000000000e+03 1.009520000000000001e-01
2.957500000000000000e+03 1.006029999999999980e-01
2.961500000000000000e+03 1.003519999999999968e-01
2.965500000000000000e+03 1.001810000000000062e-01
2.969500000000000000e+03 1.000280000000000058e-01
2.973500000000000000e+03 9.993340000000000556e-02
2.977500000000000000e+03 9.989119999999999944e-02
2.981500000000000000e+03 9.990079999999999794e-02
2.985500000000000000e+03 9.995610000000000606e-02
2.989500000000000000e+03 9.995479999999999643e-02
2.993500000000000000e+03 9.985189999999999344e-02
2.997500000000000000e+03 9.956569999999999310e-02
3.001500000000000000e+03 9.909859999999999502e-02
3.005500000000000000e+03 9.828320000000000112e-02
3.009500000000000000e+03 9.716289999999999649e-02
3.013500000000000000e+03 9.560069999999999679e-02
3.017500000000000000e+03 9.370530000000000526e-02
3.021500000000000000e+03 9.132319999999999327e-02
3.025500000000000000e+03 8.869059999999999444e-02
3.029500000000000000e+03 8.569390000000000340e-02
3.033500000000000000e+03 8.250799999999999801e-02
3.037500000000000000e+03 7.915079999999999338e-02
3.041500000000000000e+03 7.575149999999999939e-02
3.045500000000000000e+03 7.235840000000000327e-02
3.049500000000000000e+03 6.902759999999999452e-02
3.053500000000000000e+03 6.585380000000000400e-02
3.057500000000000000e+03 6.283339999999999759e-02
3.061500000000000000e+03 6.000620000000000259e-02
3.065500000000000000e+03 5.736770000000000064e-02
3.069500000000000000e+03 5.493569999999999703e-02
3.073500000000000000e+03 5.266509999999999941e-02
3.077500000000000000e+03 5.056039999999999840e-02
3.081500000000000000e+03 4.863100000000000062e-02
3.085500000000000000e+03 4.679830000000000101e-02
3.089500000000000000e+03 4.507780000000000120e-02
3.093500000000000000e+03 4.345639999999999920e-02
3.097500000000000000e+03 4.191750000000000337e-02
3.101500000000000000e+03 4.040219999999999922e-02
3.105500000000000000e+03 3.900830000000000269e-02
3.109500000000000000e+03 3.763819999999999666e-02
3.113500000000000000e+03 3.632849999999999968e-02
3.117500000000000000e+03 3.509570000000000051e-02
3.121500000000000000e+03 3.393729999999999664e-02
3.125500000000000000e+03 3.282249999999999751e-02
3.129500000000000000e+03 3.180920000000000275e-02
3.133500000000000000e+03 3.086639999999999870e-02
3.137500000000000000e+03 2.999939999999999898e-02
3.141500000000000000e+03 2.918979999999999839e-02
3.145500000000000000e+03 2.846560000000000062e-02
3.149500000000000000e+03 2.778119999999999895e-02
3.153500000000000000e+03 2.712780000000000052e-02
3.157500000000000000e+03 2.650900000000000131e-02
3.161500000000000000e+03 2.590349999999999944e-02
3.165500000000000000e+03 2.527319999999999914e-02
3.169500000000000000e+03 2.462330000000000074e-02
3.173500000000000000e+03 2.395459999999999950e-02
3.177500000000000000e+03 2.321720000000000034e-02
3.181500000000000000e+03 2.241879999999999915e-02
3.185500000000000000e+03 2.159060000000000146e-02
3.189500000000000000e+03 2.067369999999999972e-02
3.193500000000000000e+03 1.968989999999999976e-02
3.197500000000000000e+03 1.868500000000000022e-02
3.201500000000000000e+03 1.760300000000000059e-02
3.205500000000000000e+03 1.647950000000000109e-02
3.209500000000000000e+03 1.535390000000000019e-02
3.213500000000000000e+03 1.419740000000000064e-02
3.217500000000000000e+03 1.303250000000000068e-02
3.221500000000000000e+03 1.189669999999999964e-02
3.225500000000000000e+03 1.078430000000000014e-02
3.229500000000000000e+03 9.694750000000000242e-03
3.233500000000000000e+03 8.662019999999999442e-03
3.237500000000000000e+03 7.699229999999999616e-03
3.241500000000000000e+03 6.773760000000000198e-03
3.245500000000000000e+03 5.928890000000000028e-03
3.249500000000000000e+03 5.174240000000000089e-03
3.253500000000000000e+03 4.461200000000000235e-03
3.257500000000000000e+03 3.836949999999999996e-03
3.261500000000000000e+03 3.300219999999999976e-03
3.265500000000000000e+03 2.794679999999999907e-03
3.269500000000000000e+03 2.361509999999999825e-03
3.273500000000000000e+03 1.980200000000000102e-03
3.277500000000000000e+03 1.626929999999999956e-03
3.281500000000000000e+03 1.354460000000000039e-03
3.285500000000000000e+03 1.131260000000000035e-03
3.289500000000000000e+03 9.304979999999999805e-04
3.293500000000000000e+03 7.766999999999999599e-04
3.297500000000000000e+03 6.460609999999999660e-04
3.301500000000000000e+03 5.289819999999999982e-04
3.305500000000000000e+03 4.415789999999999950e-04
3.309500000000000000e+03 3.659509999999999933e-04
3.313500000000000000e+03 3.000109999999999843e-04
3.317500000000000000e+03 2.519679999999999837e-04
3.321500000000000000e+03 2.095490000000000091e-04
3.325500000000000000e+03 1.738450000000000000e-04
3.329500000000000000e+03 1.476829999999999885e-04
3.333500000000000000e+03 1.243240000000000111e-04
3.337500000000000000e+03 1.054690000000000027e-04
3.341500000000000000e+03 9.163120000000000455e-05
3.345500000000000000e+03 7.919020000000000627e-05
3.349500000000000000e+03 6.978439999999999546e-05
3.353500000000000000e+03 6.292970000000000161e-05
3.357500000000000000e+03 5.675250000000000254e-05
3.361500000000000000e+03 5.244269999999999851e-05
3.365500000000000000e+03 4.940920000000000121e-05
3.369500000000000000e+03 4.676839999999999763e-05
3.373500000000000000e+03 4.514440000000000098e-05
3.377500000000000000e+03 4.404690000000000005e-05
3.381500000000000000e+03 4.294470000000000237e-05
3.385500000000000000e+03 4.216920000000000276e-05
3.389500000000000000e+03 4.147559999999999978e-05
3.393500000000000000e+03 4.074609999999999940e-05
3.397500000000000000e+03 4.001599999999999770e-05
3.401500000000000000e+03 3.921120000000000161e-05
3.405500000000000000e+03 3.813739999999999844e-05
3.409500000000000000e+03 3.682329999999999691e-05
3.413500000000000000e+03 3.541350000000000238e-05
3.417500000000000000e+03 3.385699999999999788e-05
3.421500000000000000e+03 3.210759999999999732e-05
3.425500000000000000e+03 3.031960000000000021e-05
3.429500000000000000e+03 2.838789999999999971e-05
3.433500000000000000e+03 2.632319999999999896e-05
3.437500000000000000e+03 2.431119999999999858e-05
3.441500000000000000e+03 2.233689999999999954e-05
3.445500000000000000e+03 2.040730000000000026e-05
3.449500000000000000e+03 1.862470000000000144e-05
3.453500000000000000e+03 1.700739999999999915e-05
3.457500000000000000e+03 1.549119999999999832e-05
3.461500000000000000e+03 1.410160000000000065e-05
3.465500000000000000e+03 1.295250000000000008e-05
3.469500000000000000e+03 1.194210000000000040e-05
3.473500000000000000e+03 1.110290000000000003e-05
3.477500000000000000e+03 1.050459999999999934e-05
3.481500000000000000e+03 1.000850000000000082e-05
3.485500000000000000e+03 9.608179999999999206e-06
3.489500000000000000e+03 9.372779999999999732e-06
3.493500000000000000e+03 9.166769999999999649e-06
3.497500000000000000e+03 9.020350000000000804e-06
3.501500000000000000e+03 8.965010000000000416e-06
3.505500000000000000e+03 8.927720000000000642e-06
3.509500000000000000e+03 8.903530000000000794e-06
3.513500000000000000e+03 8.896079999999999705e-06
3.517500000000000000e+03 8.890749999999999538e-06
3.521500000000000000e+03 8.884699999999999824e-06
3.525500000000000000e+03 8.898950000000000577e-06
3.529500000000000000e+03 8.996930000000000611e-06
3.533500000000000000e+03 9.152100000000000008e-06
3.537500000000000000e+03 9.343420000000000745e-06
3.541500000000000000e+03 9.548399999999999924e-06
3.545500000000000000e+03 9.828130000000000378e-06
3.549500000000000000e+03 1.014779999999999964e-05
3.553500000000000000e+03 1.054099999999999953e-05
3.557500000000000000e+03 1.101670000000000076e-05
3.561500000000000000e+03 1.150219999999999975e-05
3.565500000000000000e+03 1.195210000000000031e-05
3.569500000000000000e+03 1.241069999999999961e-05
3.573500000000000000e+03 1.281660000000000024e-05
3.577500000000000000e+03 1.316280000000000042e-05
3.581500000000000000e+03 1.346870000000000032e-05
3.585500000000000000e+03 1.372729999999999984e-05
3.589500000000000000e+03 1.387820000000000038e-05
3.593500000000000000e+03 1.391499999999999976e-05
3.597500000000000000e+03 1.383009999999999994e-05
3.601500000000000000e+03 1.359450000000000003e-05
3.605500000000000000e+03 1.327420000000000074e-05
3.609500000000000000e+03 1.298910000000000071e-05
3.613500000000000000e+03 1.261280000000000060e-05
3.617500000000000000e+03 1.221720000000000053e-05
3.621500000000000000e+03 1.184400000000000044e-05
3.625500000000000000e+03 1.147250000000000070e-05
3.629500000000000000e+03 1.110209999999999997e-05
3.633500000000000000e+03 1.080069999999999978e-05
3.637500000000000000e+03 1.058809999999999947e-05
3.641500000000000000e+03 1.041429999999999954e-05
3.645500000000000000e+03 1.026739999999999931e-05
3.649500000000000000e+03 1.018239999999999927e-05
3.653500000000000000e+03 1.010710000000000018e-05
3.657500000000000000e+03 1.004959999999999946e-05
3.661500000000000000e+03 1.002729999999999969e-05
3.665500000000000000e+03 1.001700000000000082e-05
3.669500000000000000e+03 1.000680000000000048e-05
3.673500000000000000e+03 9.996519999999999625e-06
3.677500000000000000e+03 9.986249999999999467e-06
3.681500000000000000e+03 9.975970000000000304e-06
3.685500000000000000e+03 9.965689999999999447e-06
3.689500000000000000e+03 9.955410000000000284e-06
3.693500000000000000e+03 9.945109999999999722e-06
3.697500000000000000e+03 9.934610000000000416e-06
3.701500000000000000e+03 9.923729999999999937e-06
3.705500000000000000e+03 9.915160000000000119e-06
3.709500000000000000e+03 9.941240000000000046e-06
3.713500000000000000e+03 1.001789999999999941e-05
3.717500000000000000e+03 1.012430000000000063e-05
3.721500000000000000e+03 1.026359999999999945e-05
3.725500000000000000e+03 1.044579999999999916e-05
3.729500000000000000e+03 1.068309999999999941e-05
3.733500000000000000e+03 1.092559999999999921e-05
3.737500000000000000e+03 1.119679999999999925e-05
3.741500000000000000e+03 1.151909999999999954e-05
3.745500000000000000e+03 1.185470000000000019e-05
3.749500000000000000e+03 1.219950000000000068e-05
3.753500000000000000e+03 1.255000000000000012e-05
3.757500000000000000e+03 1.287889999999999963e-05
3.761500000000000000e+03 1.319039999999999995e-05
3.765500000000000000e+03 1.346439999999999936e-05
3.769500000000000000e+03 1.368280000000000052e-05
3.773500000000000000e+03 1.384740000000000061e-05
3.777500000000000000e+03 1.395369999999999991e-05
3.781500000000000000e+03 1.399880000000000055e-05
3.785500000000000000e+03 1.395979999999999973e-05
3.789500000000000000e+03 1.392140000000000024e-05
3.793500000000000000e+03 1.390949999999999956e-05
3.797500000000000000e+03 1.384679999999999929e-05
3.801500000000000000e+03 1.376819999999999974e-05
3.805500000000000000e+03 1.369830000000000063e-05
3.809500000000000000e+03 1.363839999999999973e-05
3.813500000000000000e+03 1.355939999999999930e-05
3.817500000000000000e+03 1.349389999999999967e-05
3.821500000000000000e+03 1.346100000000000038e-05
3.825500000000000000e+03 1.344379999999999993e-05
3.829500000000000000e+03 1.342659999999999949e-05
3.833500000000000000e+03 1.340930000000000052e-05
3.837500000000000000e+03 1.339210000000000007e-05
3.841500000000000000e+03 1.337469999999999919e-05
3.845500000000000000e+03 1.335730000000000000e-05
3.849500000000000000e+03 1.333990000000000081e-05
3.853500000000000000e+03 1.332239999999999970e-05
3.857500000000000000e+03 1.330480000000000008e-05
3.861500000000000000e+03 1.328730000000000067e-05
3.865500000000000000e+03 1.327539999999999999e-05
3.869500000000000000e+03 1.330340000000000039e-05
3.873500000000000000e+03 1.337399999999999935e-05
3.877500000000000000e+03 1.346059999999999950e-05
3.881500000000000000e+03 1.351529999999999916e-05
3.885500000000000000e+03 1.355479999999999938e-05
3.889500000000000000e+03 1.361809999999999926e-05
3.893500000000000000e+03 1.369869999999999981e-05
3.897500000000000000e+03 1.378059999999999982e-05
3.901500000000000000e+03 1.385360000000000065e-05
3.905500000000000000e+03 1.389869999999999959e-05
3.909500000000000000e+03 1.391910000000000028e-05
3.913500000000000000e+03 1.393140000000000014e-05
3.917500000000000000e+03 1.398679999999999965e-05
3.921500000000000000e+03 1.404229999999999937e-05
3.925500000000000000e+03 1.413339999999999922e-05
3.929500000000000000e+03 1.425629999999999935e-05
3.933500000000000000e+03 1.441990000000000063e-05
3.937500000000000000e+03 1.455950000000000011e-05
3.941500000000000000e+03 1.467880000000000081e-05
3.945500000000000000e+03 1.484289999999999980e-05
3.949500000000000000e+03 1.505810000000000072e-05
3.953500000000000000e+03 1.529409999999999982e-05
3.957500000000000000e+03 1.552310000000000050e-05
3.961500000000000000e+03 1.572189999999999935e-05
3.965500000000000000e+03 1.589560000000000075e-05
3.969500000000000000e+03 1.605610000000000031e-05
3.973500000000000000e+03 1.621139999999999864e-05
3.977500000000000000e+03 1.635049999999999872e-05
3.981500000000000000e+03 1.646539999999999994e-05
3.985500000000000000e+03 1.656610000000000051e-05
3.989500000000000000e+03 1.665029999999999879e-05
3.993500000000000000e+03 1.674270000000000150e-05
3.997500000000000000e+03 1.688879999999999998e-05
4.001500000000000000e+03 1.704949999999999998e-05
4.005500000000000000e+03 1.721840000000000103e-05
4.009500000000000000e+03 1.737290000000000099e-05
4.013500000000000000e+03 1.756780000000000144e-05
4.017500000000000000e+03 1.773740000000000063e-05
4.021500000000000000e+03 1.788120000000000085e-05
4.025500000000000000e+03 1.804170000000000041e-05
4.029500000000000000e+03 1.829949999999999988e-05
4.033500000000000000e+03 1.860849999999999980e-05
4.037500000000000000e+03 1.890939999999999890e-05
4.041500000000000000e+03 1.918240000000000120e-05
4.045500000000000000e+03 1.946380000000000159e-05
4.049500000000000000e+03 1.974310000000000076e-05
4.053500000000000000e+03 1.993810000000000143e-05
4.057500000000000000e+03 2.009110000000000149e-05
4.061500000000000000e+03 2.024520000000000058e-05
4.065500000000000000e+03 2.044389999999999920e-05
4.069500000000000000e+03 2.059039999999999856e-05
4.073500000000000000e+03 2.069030000000000077e-05
4.077500000000000000e+03 2.077720000000000158e-05
4.081500000000000000e+03 2.085530000000000004e-05
4.085500000000000000e+03 2.091829999999999926e-05
4.089500000000000000e+03 2.098830000000000029e-05
4.093500000000000000e+03 2.107990000000000124e-05
4.097500000000000000e+03 2.120810000000000113e-05
4.101500000000000000e+03 2.136270000000000131e-05
4.105500000000000000e+03 2.155550000000000055e-05
4.109500000000000000e+03 2.175419999999999917e-05
4.113500000000000000e+03 2.196099999999999862e-05
4.117500000000000000e+03 2.218640000000000157e-05
4.121500000000000000e+03 2.238880000000000153e-05
4.125500000000000000e+03 2.257189999999999983e-05
4.129500000000000000e+03 2.276980000000000009e-05
4.133500000000000000e+03 2.301799999999999883e-05
4.137500000000000000e+03 2.326229999999999918e-05
4.141500000000000000e+03 2.348390000000000059e-05
4.145500000000000000e+03 2.368579999999999945e-05
4.149500000000000000e+03 2.390110000000000059e-05
4.153500000000000000e+03 2.410469999999999979e-05
4.157500000000000000e+03 2.429340000000000020e-05
4.161500000000000000e+03 2.448520000000000064e-05
4.165500000000000000e+03 2.473260000000000101e-05
4.169500000000000000e+03 2.503009999999999944e-05
4.173500000000000000e+03 2.533109999999999876e-05
4.177500000000000000e+03 2.558380000000000059e-05
4.181500000000000000e+03 2.580370000000000165e-05
4.185500000000000000e+03 2.604169999999999836e-05
4.189500000000000000e+03 2.627819999999999855e-05
4.193500000000000000e+03 2.650210000000000161e-05
4.197500000000000000e+03 2.672300000000000147e-05
4.201500000000000000e+03 2.700659999999999991e-05
4.205500000000000000e+03 2.731199999999999871e-05
4.209500000000000000e+03 2.759600000000000142e-05
4.213500000000000000e+03 2.783360000000000063e-05
4.217500000000000000e+03 2.808039999999999969e-05
4.221500000000000000e+03 2.832889999999999909e-05
4.225500000000000000e+03 2.855540000000000107e-05
4.229500000000000000e+03 2.876990000000000046e-05
4.233500000000000000e+03 2.902289999999999956e-05
4.237500000000000000e+03 2.932920000000000034e-05
4.241500000000000000e+03 2.962470000000000115e-05
4.245500000000000000e+03 2.989269999999999926e-05
4.249500000000000000e+03 3.014040000000000030e-05
4.253500000000000000e+03 3.042279999999999949e-05
4.257500000000000000e+03 3.073490000000000282e-05
4.261500000000000000e+03 3.106379999999999894e-05
4.265500000000000000e+03 3.141889999999999830e-05
4.269500000000000000e+03 3.181950000000000257e-05
4.273500000000000000e+03 3.225210000000000246e-05
4.277500000000000000e+03 3.271949999999999734e-05
4.281500000000000000e+03 3.317709999999999784e-05
4.285500000000000000e+03 3.364069999999999794e-05
4.289500000000000000e+03 3.412649999999999928e-05
4.293500000000000000e+03 3.461409999999999780e-05
4.297500000000000000e+03 3.509299999999999757e-05
4.301500000000000000e+03 3.554149999999999844e-05
4.305500000000000000e+03 3.596139999999999759e-05
4.309500000000000000e+03 3.617650000000000168e-05
4.313500000000000000e+03 3.562549999999999967e-05
4.317500000000000000e+03 3.437750000000000078e-05
4.321500000000000000e+03 3.300320000000000277e-05
4.325500000000000000e+03 3.237049999999999780e-05
4.329500000000000000e+03 3.238800000000000229e-05
4.333500000000000000e+03 3.196200000000000332e-05
4.337500000000000000e+03 3.127429999999999972e-05
4.341500000000000000e+03 3.063540000000000149e-05
4.345500000000000000e+03 3.083600000000000089e-05
4.349500000000000000e+03 3.117119999999999727e-05
4.353500000000000000e+03 3.150710000000000197e-05
4.357500000000000000e+03 3.231700000000000246e-05
4.361500000000000000e+03 3.367320000000000144e-05
4.365500000000000000e+03 3.539200000000000267e-05
4.369500000000000000e+03 3.706559999999999965e-05
4.373500000000000000e+03 3.817199999999999977e-05
4.377500000000000000e+03 3.904990000000000029e-05
4.381500000000000000e+03 3.995610000000000188e-05
4.385500000000000000e+03 4.112019999999999976e-05
4.389500000000000000e+03 4.119520000000000159e-05
4.393500000000000000e+03 3.833569999999999957e-05
4.397500000000000000e+03 3.326510000000000106e-05
4.401500000000000000e+03 2.782379999999999947e-05
4.405500000000000000e+03 2.420060000000000001e-05
4.409500000000000000e+03 2.195349999999999911e-05
4.413500000000000000e+03 1.829670000000000051e-05
4.417500000000000000e+03 1.445980000000000003e-05
4.421500000000000000e+03 1.121740000000000038e-05
4.425500000000000000e+03 9.687789999999999957e-06
4.429500000000000000e+03 6.825749999999999827e-06
4.433500000000000000e+03 3.103810000000000104e-06
4.437500000000000000e+03 6.863250000000000527e-07
