2.052000000000000000e+03 0.000000000000000000e+00
2.057000000000000000e+03 6.658680000000000171e-07
2.062000000000000000e+03 5.145459999999999860e-06
2.067000000000000000e+03 1.070220000000000063e-05
2.072000000000000000e+03 1.516269999999999969e-05
2.077000000000000000e+03 2.002849999999999975e-05
2.082000000000000000e+03 2.488880000000000131e-05
2.087000000000000000e+03 3.136830000000000255e-05
2.092000000000000000e+03 3.687409999999999988e-05
2.097000000000000000e+03 3.895150000000000137e-05
2.102000000000000000e+03 4.024199999999999858e-05
2.107000000000000000e+03 4.165129999999999880e-05
2.112000000000000000e+03 4.313010000000000232e-05
2.117000000000000000e+03 4.435040000000000146e-05
2.122000000000000000e+03 4.543429999999999968e-05
2.127000000000000000e+03 4.621030000000000038e-05
2.132000000000000000e+03 4.663549999999999759e-05
2.137000000000000000e+03 4.683029999999999783e-05
2.142000000000000000e+03 4.656600000000000105e-05
2.147000000000000000e+03 4.609229999999999914e-05
2.152000000000000000e+03 4.544760000000000173e-05
2.157000000000000000e+03 4.464559999999999823e-05
2.162000000000000000e+03 4.410280000000000065e-05
2.167000000000000000e+03 4.364870000000000105e-05
2.172000000000000000e+03 4.354879999999999884e-05
2.177000000000000000e+03 4.385060000000000330e-05
2.182000000000000000e+03 4.440409999999999724e-05
2.187000000000000000e+03 4.542970000000000314e-05
2.192000000000000000e+03 4.667390000000000048e-05
2.197000000000000000e+03 4.784079999999999773e-05
2.202000000000000000e+03 4.913110000000000128e-05
2.207000000000000000e+03 4.987159999999999868e-05
2.212000000000000000e+03 5.030590000000000230e-05
2.217000000000000000e+03 5.009729999999999891e-05
2.222000000000000000e+03 4.903840000000000130e-05
2.227000000000000000e+03 4.748239999999999790e-05
2.232000000000000000e+03 4.515100000000000190e-05
2.237000000000000000e+03 4.231899999999999920e-05
2.242000000000000000e+03 3.924929999999999706e-05
2.247000000000000000e+03 3.574330000000000047e-05
2.252000000000000000e+03 3.253630000000000221e-05
2.257000000000000000e+03 2.936970000000000105e-05
2.262000000000000000e+03 2.665610000000000047e-05
2.267000000000000000e+03 2.449079999999999936e-05
2.272000000000000000e+03 2.278990000000000012e-05
2.277000000000000000e+03 2.184740000000000025e-05
2.282000000000000000e+03 2.144809999999999883e-05
2.287000000000000000e+03 2.161930000000000153e-05
2.292000000000000000e+03 2.239130000000000024e-05
2.297000000000000000e+03 2.337880000000000052e-05
2.302000000000000000e+03 2.480530000000000118e-05
2.307000000000000000e+03 2.623039999999999877e-05
2.312000000000000000e+03 2.770349999999999996e-05
2.317000000000000000e+03 2.903250000000000028e-05
2.322000000000000000e+03 2.991670000000000107e-05
2.327000000000000000e+03 3.053459999999999730e-05
2.332000000000000000e+03 3.050260000000000167e-05
2.337000000000000000e+03 3.000160000000000088e-05
2.342000000000000000e+03 2.913719999999999947e-05
2.347000000000000000e+03 2.768789999999999964e-05
2.352000000000000000e+03 2.603850000000000150e-05
2.357000000000000000e+03 2.411590000000000063e-05
2.362000000000000000e+03 2.204029999999999970e-05
2.367000000000000000e+03 2.009080000000000083e-05
2.372000000000000000e+03 1.820690000000000012e-05
2.377000000000000000e+03 1.661919999999999836e-05
2.382000000000000000e+03 1.522080000000000003e-05
2.387000000000000000e+03 1.400519999999999933e-05
2.392000000000000000e+03 1.302559999999999943e-05
2.397000000000000000e+03 1.220770000000000003e-05
2.402000000000000000e+03 1.157200000000000034e-05
2.407000000000000000e+03 1.111460000000000028e-05
2.412000000000000000e+03 1.072029999999999966e-05
2.417000000000000000e+03 1.037879999999999963e-05
2.422000000000000000e+03 1.004250000000000083e-05
2.427000000000000000e+03 9.755739999999999874e-06
2.432000000000000000e+03 9.493399999999999604e-06
2.437000000000000000e+03 9.255519999999999435e-06
2.442000000000000000e+03 9.015360000000000704e-06
2.447000000000000000e+03 8.755340000000000101e-06
2.452000000000000000e+03 8.492530000000000833e-06
2.457000000000000000e+03 8.243489999999999233e-06
2.462000000000000000e+03 8.000910000000000617e-06
2.467000000000000000e+03 7.742660000000000167e-06
2.472000000000000000e+03 7.470260000000000031e-06
2.477000000000000000e+03 7.217180000000000414e-06
2.482000000000000000e+03 6.984180000000000273e-06
2.487000000000000000e+03 6.797329999999999682e-06
2.492000000000000000e+03 6.640160000000000135e-06
2.497000000000000000e+03 6.492490000000000243e-06
2.502000000000000000e+03 6.378749999999999702e-06
2.507000000000000000e+03 6.318269999999999732e-06
2.512000000000000000e+03 6.262969999999999601e-06
2.517000000000000000e+03 6.240460000000000387e-06
2.522000000000000000e+03 6.171600000000000339e-06
2.527000000000000000e+03 6.080829999999999851e-06
2.532000000000000000e+03 6.302859999999999993e-06
2.537000000000000000e+03 7.542879999999999685e-06
2.542000000000000000e+03 8.758780000000000190e-06
2.547000000000000000e+03 8.911880000000000469e-06
2.552000000000000000e+03 8.700830000000000177e-06
2.557000000000000000e+03 8.483499999999999329e-06
2.562000000000000000e+03 8.311770000000000212e-06
2.567000000000000000e+03 8.200500000000000514e-06
2.572000000000000000e+03 8.185600000000000029e-06
2.577000000000000000e+03 8.158970000000000591e-06
2.582000000000000000e+03 8.110309999999999942e-06
2.587000000000000000e+03 8.292149999999999882e-06
2.592000000000000000e+03 1.091589999999999996e-05
2.597000000000000000e+03 1.438229999999999950e-05
2.602000000000000000e+03 1.664470000000000007e-05
2.607000000000000000e+03 1.795540000000000092e-05
2.612000000000000000e+03 1.807160000000000160e-05
2.617000000000000000e+03 1.809110000000000031e-05
2.622000000000000000e+03 1.812899999999999871e-05
2.627000000000000000e+03 1.815630000000000098e-05
2.632000000000000000e+03 1.827159999999999969e-05
2.637000000000000000e+03 1.835900000000000159e-05
2.642000000000000000e+03 1.846720000000000167e-05
2.647000000000000000e+03 1.858910000000000130e-05
2.652000000000000000e+03 1.869210000000000015e-05
2.657000000000000000e+03 1.877519999999999940e-05
2.662000000000000000e+03 1.872140000000000002e-05
2.667000000000000000e+03 1.863019999999999994e-05
2.672000000000000000e+03 1.863090000000000148e-05
2.677000000000000000e+03 1.875560000000000047e-05
2.682000000000000000e+03 1.884909999999999881e-05
2.687000000000000000e+03 1.890759999999999834e-05
2.692000000000000000e+03 1.885059999999999872e-05
2.697000000000000000e+03 1.880619999999999962e-05
2.702000000000000000e+03 1.883320000000000122e-05
2.707000000000000000e+03 1.886110000000000141e-05
2.712000000000000000e+03 1.883999999999999919e-05
2.717000000000000000e+03 1.883389999999999937e-05
2.722000000000000000e+03 1.889729999999999947e-05
2.727000000000000000e+03 1.905329999999999933e-05
2.732000000000000000e+03 1.945499999999999923e-05
2.737000000000000000e+03 1.997650000000000093e-05
2.742000000000000000e+03 2.066890000000000128e-05
2.747000000000000000e+03 2.133089999999999935e-05
2.752000000000000000e+03 2.187570000000000131e-05
2.757000000000000000e+03 2.239600000000000038e-05
2.762000000000000000e+03 2.278799999999999934e-05
2.767000000000000000e+03 2.311999999999999887e-05
2.772000000000000000e+03 2.346499999999999980e-05
2.777000000000000000e+03 2.377239999999999960e-05
2.782000000000000000e+03 2.393159999999999970e-05
2.787000000000000000e+03 2.403540000000000030e-05
2.792000000000000000e+03 2.404010000000000044e-05
2.797000000000000000e+03 2.405130000000000129e-05
2.802000000000000000e+03 2.414749999999999877e-05
2.807000000000000000e+03 2.431619999999999938e-05
2.812000000000000000e+03 2.474050000000000140e-05
2.817000000000000000e+03 2.524720000000000114e-05
2.822000000000000000e+03 2.588690000000000113e-05
2.827000000000000000e+03 2.662370000000000058e-05
2.832000000000000000e+03 2.742999999999999996e-05
2.837000000000000000e+03 2.823260000000000138e-05
2.842000000000000000e+03 2.891670000000000048e-05
2.847000000000000000e+03 2.965420000000000146e-05
2.852000000000000000e+03 3.016390000000000100e-05
2.857000000000000000e+03 3.062719999999999706e-05
2.862000000000000000e+03 3.099169999999999670e-05
2.867000000000000000e+03 3.140760000000000063e-05
2.872000000000000000e+03 3.206280000000000073e-05
2.877000000000000000e+03 3.283189999999999985e-05
2.882000000000000000e+03 3.398959999999999726e-05
2.887000000000000000e+03 3.524090000000000339e-05
2.892000000000000000e+03 3.654319999999999937e-05
2.897000000000000000e+03 3.790750000000000255e-05
2.902000000000000000e+03 3.933029999999999849e-05
2.907000000000000000e+03 4.086889999999999761e-05
2.912000000000000000e+03 4.259429999999999976e-05
2.917000000000000000e+03 4.457789999999999886e-05
2.922000000000000000e+03 4.663269999999999823e-05
2.927000000000000000e+03 4.888140000000000264e-05
2.932000000000000000e+03 5.114910000000000127e-05
2.937000000000000000e+03 5.369119999999999850e-05
2.942000000000000000e+03 5.673889999999999983e-05
2.947000000000000000e+03 6.007199999999999676e-05
2.952000000000000000e+03 6.377199999999999861e-05
2.957000000000000000e+03 6.766419999999999499e-05
2.962000000000000000e+03 7.228179999999999631e-05
2.967000000000000000e+03 7.717010000000000167e-05
2.972000000000000000e+03 8.291839999999999541e-05
2.977000000000000000e+03 8.917379999999999654e-05
2.982000000000000000e+03 9.624920000000000675e-05
2.987000000000000000e+03 1.043450000000000047e-04
2.992000000000000000e+03 1.134629999999999943e-04
2.997000000000000000e+03 1.243220000000000067e-04
3.002000000000000000e+03 1.362009999999999924e-04
3.007000000000000000e+03 1.505619999999999994e-04
3.012000000000000000e+03 1.660520000000000019e-04
3.017000000000000000e+03 1.838110000000000058e-04
3.022000000000000000e+03 2.011050000000000066e-04
3.027000000000000000e+03 2.282359999999999879e-04
3.032000000000000000e+03 3.090839999999999972e-04
3.037000000000000000e+03 4.051619999999999809e-04
3.042000000000000000e+03 5.350510000000000379e-04
3.047000000000000000e+03 7.457899999999999729e-04
3.052000000000000000e+03 1.098390000000000087e-03
3.057000000000000000e+03 1.518830000000000093e-03
3.062000000000000000e+03 2.009550000000000138e-03
3.067000000000000000e+03 2.659799999999999925e-03
3.072000000000000000e+03 3.445689999999999951e-03
3.077000000000000000e+03 4.381160000000000262e-03
3.082000000000000000e+03 5.423289999999999882e-03
3.087000000000000000e+03 6.640209999999999689e-03
3.092000000000000000e+03 7.935479999999999964e-03
3.097000000000000000e+03 9.356569999999999818e-03
3.102000000000000000e+03 1.082609999999999996e-02
3.107000000000000000e+03 1.236920000000000033e-02
3.112000000000000000e+03 1.394929999999999955e-02
3.117000000000000000e+03 1.556729999999999919e-02
3.122000000000000000e+03 1.732289999999999872e-02
3.127000000000000000e+03 1.914849999999999886e-02
3.132000000000000000e+03 2.102209999999999843e-02
3.137000000000000000e+03 2.291450000000000084e-02
3.142000000000000000e+03 2.493120000000000058e-02
3.147000000000000000e+03 2.708450000000000094e-02
3.152000000000000000e+03 2.936739999999999837e-02
3.157000000000000000e+03 3.178519999999999956e-02
3.162000000000000000e+03 3.432430000000000203e-02
3.167000000000000000e+03 3.699380000000000029e-02
3.172000000000000000e+03 3.980319999999999692e-02
3.177000000000000000e+03 4.271609999999999990e-02
3.182000000000000000e+03 4.580710000000000337e-02
3.187000000000000000e+03 4.900399999999999895e-02
3.192000000000000000e+03 5.233220000000000233e-02
3.197000000000000000e+03 5.576049999999999757e-02
3.202000000000000000e+03 5.926259999999999861e-02
3.207000000000000000e+03 6.282989999999999409e-02
3.212000000000000000e+03 6.639839999999999631e-02
3.217000000000000000e+03 7.003130000000000466e-02
3.222000000000000000e+03 7.363029999999999575e-02
3.227000000000000000e+03 7.716389999999999361e-02
3.232000000000000000e+03 8.061889999999999334e-02
3.237000000000000000e+03 8.396620000000000472e-02
3.242000000000000000e+03 8.720669999999999811e-02
3.247000000000000000e+03 9.032250000000000001e-02
3.252000000000000000e+03 9.341939999999999966e-02
3.257000000000000000e+03 9.638209999999999833e-02
3.262000000000000000e+03 9.939059999999999562e-02
3.267000000000000000e+03 1.023329999999999934e-01
3.272000000000000000e+03 1.053660000000000013e-01
3.277000000000000000e+03 1.083790000000000031e-01
3.282000000000000000e+03 1.115460000000000063e-01
3.287000000000000000e+03 1.147569999999999979e-01
3.292000000000000000e+03 1.181399999999999950e-01
3.297000000000000000e+03 1.214029999999999970e-01
3.302000000000000000e+03 1.246939999999999993e-01
3.307000000000000000e+03 1.277260000000000062e-01
3.312000000000000000e+03 1.305030000000000079e-01
3.317000000000000000e+03 1.331569999999999976e-01
3.322000000000000000e+03 1.358479999999999965e-01
3.327000000000000000e+03 1.382929999999999993e-01
3.332000000000000000e+03 1.404199999999999893e-01
3.337000000000000000e+03 1.423290000000000111e-01
3.342000000000000000e+03 1.437529999999999919e-01
3.347000000000000000e+03 1.448679999999999968e-01
3.352000000000000000e+03 1.456909999999999872e-01
3.357000000000000000e+03 1.463079999999999936e-01
3.362000000000000000e+03 1.467320000000000013e-01
3.367000000000000000e+03 1.471300000000000108e-01
3.372000000000000000e+03 1.475140000000000062e-01
3.377000000000000000e+03 1.481470000000000009e-01
3.382000000000000000e+03 1.489270000000000038e-01
3.387000000000000000e+03 1.498259999999999870e-01
3.392000000000000000e+03 1.508520000000000139e-01
3.397000000000000000e+03 1.520229999999999915e-01
3.402000000000000000e+03 1.534419999999999951e-01
3.407000000000000000e+03 1.552250000000000019e-01
3.412000000000000000e+03 1.580259999999999998e-01
3.417000000000000000e+03 1.620600000000000096e-01
3.422000000000000000e+03 1.683699999999999919e-01
3.427000000000000000e+03 1.781860000000000110e-01
3.432000000000000000e+03 1.932810000000000084e-01
3.437000000000000000e+03 2.157789999999999986e-01
3.442000000000000000e+03 2.487399999999999889e-01
3.447000000000000000e+03 2.938040000000000096e-01
3.452000000000000000e+03 3.519010000000000193e-01
3.457000000000000000e+03 4.245329999999999937e-01
3.462000000000000000e+03 5.044530000000000403e-01
3.467000000000000000e+03 5.922150000000000469e-01
3.472000000000000000e+03 6.771359999999999602e-01
3.477000000000000000e+03 7.554699999999999749e-01
3.482000000000000000e+03 8.233740000000000503e-01
3.487000000000000000e+03 8.772410000000000485e-01
3.492000000000000000e+03 9.170399999999999663e-01
3.497000000000000000e+03 9.434979999999999478e-01
3.502000000000000000e+03 9.565740000000000354e-01
3.507000000000000000e+03 9.627289999999999459e-01
3.512000000000000000e+03 9.643960000000000310e-01
3.517000000000000000e+03 9.670889999999999764e-01
3.522000000000000000e+03 9.711579999999999657e-01
3.527000000000000000e+03 9.767120000000000246e-01
3.532000000000000000e+03 9.839259999999999673e-01
3.537000000000000000e+03 9.911590000000000122e-01
3.542000000000000000e+03 9.963100000000000289e-01
3.547000000000000000e+03 9.995249999999999968e-01
3.552000000000000000e+03 1.000000000000000000e+00
3.557000000000000000e+03 9.981640000000000512e-01
3.562000000000000000e+03 9.940630000000000299e-01
3.567000000000000000e+03 9.891499999999999737e-01
3.572000000000000000e+03 9.849930000000000074e-01
3.577000000000000000e+03 9.820330000000000448e-01
3.582000000000000000e+03 9.793169999999999931e-01
3.587000000000000000e+03 9.763760000000000217e-01
3.592000000000000000e+03 9.697869999999999546e-01
3.597000000000000000e+03 9.572249999999999925e-01
3.602000000000000000e+03 9.389979999999999993e-01
3.607000000000000000e+03 9.109660000000000535e-01
3.612000000000000000e+03 8.729609999999999870e-01
3.617000000000000000e+03 8.215419999999999945e-01
3.622000000000000000e+03 7.593910000000000382e-01
3.627000000000000000e+03 6.846569999999999601e-01
3.632000000000000000e+03 6.041530000000000511e-01
3.637000000000000000e+03 5.185570000000000457e-01
3.642000000000000000e+03 4.383389999999999787e-01
3.647000000000000000e+03 3.656519999999999770e-01
3.652000000000000000e+03 3.046699999999999964e-01
3.657000000000000000e+03 2.549569999999999892e-01
3.662000000000000000e+03 2.185870000000000035e-01
3.667000000000000000e+03 1.913030000000000008e-01
3.672000000000000000e+03 1.727960000000000051e-01
3.677000000000000000e+03 1.595570000000000044e-01
3.682000000000000000e+03 1.507699999999999874e-01
3.687000000000000000e+03 1.448879999999999890e-01
3.692000000000000000e+03 1.403000000000000080e-01
3.697000000000000000e+03 1.365730000000000000e-01
3.702000000000000000e+03 1.331749999999999878e-01
3.707000000000000000e+03 1.300209999999999977e-01
3.712000000000000000e+03 1.271430000000000060e-01
3.717000000000000000e+03 1.245460000000000039e-01
3.722000000000000000e+03 1.221060000000000062e-01
3.727000000000000000e+03 1.202119999999999994e-01
3.732000000000000000e+03 1.185719999999999968e-01
3.737000000000000000e+03 1.175449999999999967e-01
3.742000000000000000e+03 1.169160000000000060e-01
3.747000000000000000e+03 1.161439999999999972e-01
3.752000000000000000e+03 1.154170000000000057e-01
3.757000000000000000e+03 1.142539999999999945e-01
3.762000000000000000e+03 1.129509999999999958e-01
3.767000000000000000e+03 1.119070000000000065e-01
3.772000000000000000e+03 1.109190000000000037e-01
3.777000000000000000e+03 1.100909999999999944e-01
3.782000000000000000e+03 1.093879999999999991e-01
3.787000000000000000e+03 1.087100000000000011e-01
3.792000000000000000e+03 1.079910000000000037e-01
3.797000000000000000e+03 1.071550000000000002e-01
3.802000000000000000e+03 1.062300000000000050e-01
3.807000000000000000e+03 1.052489999999999953e-01
3.812000000000000000e+03 1.041969999999999980e-01
3.817000000000000000e+03 1.030620000000000008e-01
3.822000000000000000e+03 1.019250000000000017e-01
3.827000000000000000e+03 1.008880000000000055e-01
3.832000000000000000e+03 9.978549999999999920e-02
3.837000000000000000e+03 9.840930000000000510e-02
3.842000000000000000e+03 9.692599999999999827e-02
3.847000000000000000e+03 9.526439999999999908e-02
3.852000000000000000e+03 9.328889999999999405e-02
3.857000000000000000e+03 9.113129999999999842e-02
3.862000000000000000e+03 8.866970000000000407e-02
3.867000000000000000e+03 8.579050000000000564e-02
3.872000000000000000e+03 8.268129999999999924e-02
3.877000000000000000e+03 7.911809999999999676e-02
3.882000000000000000e+03 7.517200000000000271e-02
3.887000000000000000e+03 7.101920000000000455e-02
3.892000000000000000e+03 6.665920000000000178e-02
3.897000000000000000e+03 6.215079999999999910e-02
3.902000000000000000e+03 5.760730000000000017e-02
3.907000000000000000e+03 5.304770000000000318e-02
3.912000000000000000e+03 4.854259999999999825e-02
3.917000000000000000e+03 4.414740000000000331e-02
3.922000000000000000e+03 3.992770000000000347e-02
3.927000000000000000e+03 3.588990000000000236e-02
3.932000000000000000e+03 3.210230000000000028e-02
3.937000000000000000e+03 2.857919999999999905e-02
3.942000000000000000e+03 2.536650000000000016e-02
3.947000000000000000e+03 2.246029999999999902e-02
3.952000000000000000e+03 1.985009999999999900e-02
3.957000000000000000e+03 1.756840000000000138e-02
3.962000000000000000e+03 1.554939999999999968e-02
3.967000000000000000e+03 1.380359999999999920e-02
3.972000000000000000e+03 1.227520000000000000e-02
3.977000000000000000e+03 1.093990000000000067e-02
3.982000000000000000e+03 9.807099999999999151e-03
3.987000000000000000e+03 8.792339999999999184e-03
3.992000000000000000e+03 7.946869999999999976e-03
3.997000000000000000e+03 7.187370000000000217e-03
4.002000000000000000e+03 6.525659999999999968e-03
4.007000000000000000e+03 5.933510000000000346e-03
4.012000000000000000e+03 5.379550000000000304e-03
4.017000000000000000e+03 4.860030000000000426e-03
4.022000000000000000e+03 4.372280000000000090e-03
4.027000000000000000e+03 3.944800000000000043e-03
4.032000000000000000e+03 3.509949999999999962e-03
4.037000000000000000e+03 3.073890000000000129e-03
4.042000000000000000e+03 2.651070000000000162e-03
4.047000000000000000e+03 2.275849999999999835e-03
4.052000000000000000e+03 1.979390000000000142e-03
4.057000000000000000e+03 1.711939999999999903e-03
4.062000000000000000e+03 1.409400000000000106e-03
4.067000000000000000e+03 9.676689999999999944e-04
4.072000000000000000e+03 5.929299999999999762e-04
4.077000000000000000e+03 4.275269999999999743e-04
4.082000000000000000e+03 2.385569999999999997e-04
4.087000000000000000e+03 1.291490000000000064e-04
4.092000000000000000e+03 1.187900000000000062e-04
4.097000000000000000e+03 1.019460000000000028e-04
4.102000000000000000e+03 8.527169999999999878e-05
4.107000000000000000e+03 7.885389999999999392e-05
4.112000000000000000e+03 7.660409999999999388e-05
4.117000000000000000e+03 7.291150000000000148e-05
4.122000000000000000e+03 6.568590000000000073e-05
4.127000000000000000e+03 5.989560000000000299e-05
4.132000000000000000e+03 5.793729999999999838e-05
4.137000000000000000e+03 5.606509999999999960e-05
4.142000000000000000e+03 5.396919999999999821e-05
4.147000000000000000e+03 5.195379999999999714e-05
4.152000000000000000e+03 5.016759999999999720e-05
4.157000000000000000e+03 4.829909999999999976e-05
4.162000000000000000e+03 3.929440000000000108e-05
4.167000000000000000e+03 2.631780000000000068e-05
4.172000000000000000e+03 1.814919999999999896e-05
4.177000000000000000e+03 1.784199999999999960e-05
4.182000000000000000e+03 1.775819999999999881e-05
4.187000000000000000e+03 1.772220000000000118e-05
4.192000000000000000e+03 1.771740000000000082e-05
4.197000000000000000e+03 1.769580000000000090e-05
4.202000000000000000e+03 1.769260000000000065e-05
4.207000000000000000e+03 1.771770000000000148e-05
4.212000000000000000e+03 1.774380000000000111e-05
4.217000000000000000e+03 1.775859999999999968e-05
4.222000000000000000e+03 1.779829999999999864e-05
4.227000000000000000e+03 1.783050000000000149e-05
4.232000000000000000e+03 1.785899999999999960e-05
4.237000000000000000e+03 1.790379999999999958e-05
4.242000000000000000e+03 1.793019999999999987e-05
4.247000000000000000e+03 1.790219999999999946e-05
4.252000000000000000e+03 1.781150000000000048e-05
4.257000000000000000e+03 1.766429999999999959e-05
4.262000000000000000e+03 1.733659999999999932e-05
4.267000000000000000e+03 1.675889999999999975e-05
4.272000000000000000e+03 1.626200000000000117e-05
4.277000000000000000e+03 1.614069999999999947e-05
4.282000000000000000e+03 1.599020000000000150e-05
4.287000000000000000e+03 1.570240000000000063e-05
4.292000000000000000e+03 1.549119999999999832e-05
4.297000000000000000e+03 1.550869999999999942e-05
4.302000000000000000e+03 1.561979999999999909e-05
4.307000000000000000e+03 1.591219999999999988e-05
4.312000000000000000e+03 1.609930000000000017e-05
4.317000000000000000e+03 1.609000000000000011e-05
4.322000000000000000e+03 1.604819999999999993e-05
4.327000000000000000e+03 1.637859999999999934e-05
4.332000000000000000e+03 1.687090000000000139e-05
4.337000000000000000e+03 1.732650000000000089e-05
4.342000000000000000e+03 1.769619999999999838e-05
4.347000000000000000e+03 1.827099999999999837e-05
4.352000000000000000e+03 1.884680000000000055e-05
4.357000000000000000e+03 1.934460000000000110e-05
4.362000000000000000e+03 1.985720000000000023e-05
4.367000000000000000e+03 2.031689999999999855e-05
4.372000000000000000e+03 2.054810000000000067e-05
4.377000000000000000e+03 2.077949999999999985e-05
4.382000000000000000e+03 2.099960000000000135e-05
4.387000000000000000e+03 2.117720000000000114e-05
4.392000000000000000e+03 2.135940000000000085e-05
4.397000000000000000e+03 2.159560000000000039e-05
4.402000000000000000e+03 2.182029999999999842e-05
4.407000000000000000e+03 2.203610000000000066e-05
4.412000000000000000e+03 2.230129999999999941e-05
4.417000000000000000e+03 2.258539999999999894e-05
4.422000000000000000e+03 2.282499999999999915e-05
4.427000000000000000e+03 2.309340000000000153e-05
4.432000000000000000e+03 2.337689999999999975e-05
4.437000000000000000e+03 2.361479999999999962e-05
4.442000000000000000e+03 2.383679999999999851e-05
4.447000000000000000e+03 2.407730000000000070e-05
4.452000000000000000e+03 2.425569999999999885e-05
4.457000000000000000e+03 2.435990000000000033e-05
4.462000000000000000e+03 2.449170000000000134e-05
4.467000000000000000e+03 2.463670000000000080e-05
4.472000000000000000e+03 2.476170000000000045e-05
4.477000000000000000e+03 2.490420000000000120e-05
4.482000000000000000e+03 2.507880000000000119e-05
4.487000000000000000e+03 2.521999999999999909e-05
4.492000000000000000e+03 2.535299999999999934e-05
4.497000000000000000e+03 2.554889999999999860e-05
4.502000000000000000e+03 2.577959999999999963e-05
4.507000000000000000e+03 2.595940000000000086e-05
4.512000000000000000e+03 2.612780000000000080e-05
4.517000000000000000e+03 2.628939999999999939e-05
4.522000000000000000e+03 2.643060000000000068e-05
4.527000000000000000e+03 2.657839999999999950e-05
4.532000000000000000e+03 2.678989999999999909e-05
4.537000000000000000e+03 2.703200000000000139e-05
4.542000000000000000e+03 2.727519999999999934e-05
4.547000000000000000e+03 2.751479999999999955e-05
4.552000000000000000e+03 2.774990000000000006e-05
4.557000000000000000e+03 2.787759999999999885e-05
4.562000000000000000e+03 2.794520000000000139e-05
4.567000000000000000e+03 2.805630000000000106e-05
4.572000000000000000e+03 2.818849999999999955e-05
4.577000000000000000e+03 2.827390000000000046e-05
4.582000000000000000e+03 2.840380000000000069e-05
4.587000000000000000e+03 2.853670000000000073e-05
4.592000000000000000e+03 2.857730000000000166e-05
4.597000000000000000e+03 2.799320000000000161e-05
4.602000000000000000e+03 2.491770000000000031e-05
4.607000000000000000e+03 2.093529999999999927e-05
4.612000000000000000e+03 1.911140000000000137e-05
4.617000000000000000e+03 1.898420000000000028e-05
4.622000000000000000e+03 1.748080000000000041e-05
4.627000000000000000e+03 1.534169999999999916e-05
4.632000000000000000e+03 1.396599999999999978e-05
4.637000000000000000e+03 1.214230000000000062e-05
4.642000000000000000e+03 1.015009999999999960e-05
4.647000000000000000e+03 9.643990000000000478e-06
4.652000000000000000e+03 8.404210000000000635e-06
4.657000000000000000e+03 4.585730000000000393e-06
4.662000000000000000e+03 9.325210000000000160e-07
