3.335000000000000000e+03 0.000000000000000000e+00
3.342000000000000000e+03 4.971220000000000491e-07
3.349000000000000000e+03 2.808970000000000145e-06
3.356000000000000000e+03 5.013949999999999657e-06
3.363000000000000000e+03 7.448679999999999807e-06
3.370000000000000000e+03 1.201410000000000073e-05
3.377000000000000000e+03 1.503369999999999974e-05
3.384000000000000000e+03 1.476799999999999989e-05
3.391000000000000000e+03 1.524640000000000026e-05
3.398000000000000000e+03 1.593329999999999871e-05
3.405000000000000000e+03 1.576789999999999857e-05
3.412000000000000000e+03 1.553949999999999920e-05
3.419000000000000000e+03 1.543469999999999979e-05
3.426000000000000000e+03 1.539370000000000137e-05
3.433000000000000000e+03 1.541589999999999923e-05
3.440000000000000000e+03 1.578809999999999881e-05
3.447000000000000000e+03 1.823709999999999858e-05
3.454000000000000000e+03 2.187260000000000129e-05
3.461000000000000000e+03 2.564619999999999850e-05
3.468000000000000000e+03 2.826770000000000042e-05
3.475000000000000000e+03 2.895309999999999898e-05
3.482000000000000000e+03 3.254560000000000227e-05
3.489000000000000000e+03 3.791590000000000064e-05
3.496000000000000000e+03 3.990439999999999694e-05
3.503000000000000000e+03 3.974769999999999893e-05
3.510000000000000000e+03 3.960829999999999820e-05
3.517000000000000000e+03 3.936530000000000069e-05
3.524000000000000000e+03 3.899569999999999664e-05
3.531000000000000000e+03 3.891480000000000221e-05
3.538000000000000000e+03 3.911749999999999944e-05
3.545000000000000000e+03 3.926579999999999936e-05
3.552000000000000000e+03 3.950379999999999945e-05
3.559000000000000000e+03 3.987240000000000131e-05
3.566000000000000000e+03 4.043399999999999946e-05
3.573000000000000000e+03 4.085570000000000255e-05
3.580000000000000000e+03 4.089830000000000109e-05
3.587000000000000000e+03 4.097890000000000164e-05
3.594000000000000000e+03 4.119069999999999850e-05
3.601000000000000000e+03 4.130700000000000279e-05
3.608000000000000000e+03 4.128530000000000264e-05
3.615000000000000000e+03 4.122940000000000204e-05
3.622000000000000000e+03 4.117189999999999793e-05
3.629000000000000000e+03 4.119689999999999854e-05
3.636000000000000000e+03 4.139999999999999664e-05
3.643000000000000000e+03 4.174490000000000075e-05
3.650000000000000000e+03 4.225009999999999720e-05
3.657000000000000000e+03 4.278980000000000153e-05
3.664000000000000000e+03 4.334970000000000273e-05
3.671000000000000000e+03 4.404400000000000047e-05
3.678000000000000000e+03 4.480100000000000017e-05
3.685000000000000000e+03 4.567900000000000091e-05
3.692000000000000000e+03 4.654410000000000047e-05
3.699000000000000000e+03 4.713679999999999905e-05
3.706000000000000000e+03 4.759679999999999803e-05
3.713000000000000000e+03 4.784230000000000101e-05
3.720000000000000000e+03 4.810190000000000104e-05
3.727000000000000000e+03 4.850899999999999922e-05
3.734000000000000000e+03 4.889700000000000296e-05
3.741000000000000000e+03 4.935420000000000258e-05
3.748000000000000000e+03 4.987389999999999695e-05
3.755000000000000000e+03 5.060099999999999884e-05
3.762000000000000000e+03 5.161040000000000311e-05
3.769000000000000000e+03 5.279940000000000138e-05
3.776000000000000000e+03 5.431509999999999772e-05
3.783000000000000000e+03 5.621390000000000062e-05
3.790000000000000000e+03 5.783140000000000334e-05
3.797000000000000000e+03 5.925530000000000169e-05
3.804000000000000000e+03 6.068870000000000053e-05
3.811000000000000000e+03 6.202130000000000197e-05
3.818000000000000000e+03 6.328139999999999351e-05
3.825000000000000000e+03 6.469270000000000489e-05
3.832000000000000000e+03 6.619589999999999416e-05
3.839000000000000000e+03 6.759799999999999891e-05
3.846000000000000000e+03 6.900639999999999715e-05
3.853000000000000000e+03 7.066239999999999620e-05
3.860000000000000000e+03 7.266639999999999937e-05
3.867000000000000000e+03 7.489849999999999449e-05
3.874000000000000000e+03 7.753539999999999629e-05
3.881000000000000000e+03 8.037119999999999377e-05
3.888000000000000000e+03 8.323080000000000278e-05
3.895000000000000000e+03 8.612199999999999977e-05
3.902000000000000000e+03 8.929670000000000175e-05
3.909000000000000000e+03 9.297680000000000061e-05
3.916000000000000000e+03 9.712839999999999658e-05
3.923000000000000000e+03 1.015229999999999968e-04
3.930000000000000000e+03 1.063979999999999933e-04
3.937000000000000000e+03 1.114650000000000043e-04
3.944000000000000000e+03 1.169699999999999999e-04
3.951000000000000000e+03 1.234139999999999944e-04
3.958000000000000000e+03 1.304789999999999954e-04
3.965000000000000000e+03 1.377580000000000048e-04
3.972000000000000000e+03 1.455999999999999883e-04
3.979000000000000000e+03 1.543500000000000113e-04
3.986000000000000000e+03 1.638210000000000024e-04
3.993000000000000000e+03 1.746279999999999957e-04
4.000000000000000000e+03 1.865620000000000071e-04
4.007000000000000000e+03 1.998199999999999944e-04
4.014000000000000000e+03 2.132550000000000038e-04
4.021000000000000000e+03 2.271039999999999994e-04
4.028000000000000000e+03 2.430230000000000075e-04
4.035000000000000000e+03 2.610980000000000267e-04
4.042000000000000000e+03 2.840419999999999751e-04
4.049000000000000000e+03 3.115419999999999930e-04
4.056000000000000000e+03 3.428610000000000230e-04
4.063000000000000000e+03 3.769569999999999757e-04
4.070000000000000000e+03 4.187339999999999791e-04
4.077000000000000000e+03 4.686620000000000065e-04
4.084000000000000000e+03 5.258749999999999753e-04
4.091000000000000000e+03 5.918920000000000041e-04
4.098000000000000000e+03 6.701889999999999627e-04
4.105000000000000000e+03 7.615849999999999530e-04
4.112000000000000000e+03 8.649499999999999637e-04
4.119000000000000000e+03 1.015540000000000106e-03
4.126000000000000000e+03 1.229569999999999925e-03
4.133000000000000000e+03 1.470270000000000084e-03
4.140000000000000000e+03 1.839520000000000087e-03
4.147000000000000000e+03 2.500860000000000149e-03
4.154000000000000000e+03 3.345680000000000182e-03
4.161000000000000000e+03 4.269049999999999928e-03
4.168000000000000000e+03 5.374789999999999950e-03
4.175000000000000000e+03 6.948669999999999673e-03
4.182000000000000000e+03 8.856789999999999802e-03
4.189000000000000000e+03 1.113270000000000058e-02
4.196000000000000000e+03 1.378270000000000016e-02
4.203000000000000000e+03 1.685839999999999908e-02
4.210000000000000000e+03 2.043379999999999849e-02
4.217000000000000000e+03 2.442300000000000026e-02
4.224000000000000000e+03 2.903149999999999828e-02
4.231000000000000000e+03 3.404159999999999825e-02
4.238000000000000000e+03 3.963749999999999912e-02
4.245000000000000000e+03 4.566470000000000251e-02
4.252000000000000000e+03 5.212230000000000335e-02
4.259000000000000000e+03 5.899250000000000327e-02
4.266000000000000000e+03 6.615749999999999409e-02
4.273000000000000000e+03 7.378049999999999886e-02
4.280000000000000000e+03 8.152399999999999924e-02
4.287000000000000000e+03 8.950940000000000285e-02
4.294000000000000000e+03 9.760199999999999432e-02
4.301000000000000000e+03 1.057950000000000002e-01
4.308000000000000000e+03 1.140729999999999938e-01
4.315000000000000000e+03 1.223280000000000062e-01
4.322000000000000000e+03 1.307180000000000009e-01
4.329000000000000000e+03 1.390629999999999922e-01
4.336000000000000000e+03 1.476320000000000132e-01
4.343000000000000000e+03 1.561950000000000005e-01
4.350000000000000000e+03 1.650919999999999888e-01
4.357000000000000000e+03 1.740410000000000013e-01
4.364000000000000000e+03 1.835259999999999947e-01
4.371000000000000000e+03 1.929780000000000106e-01
4.378000000000000000e+03 2.028270000000000073e-01
4.385000000000000000e+03 2.131730000000000014e-01
4.392000000000000000e+03 2.234730000000000050e-01
4.399000000000000000e+03 2.338220000000000021e-01
4.406000000000000000e+03 2.455179999999999862e-01
4.413000000000000000e+03 2.579230000000000134e-01
4.420000000000000000e+03 2.711009999999999809e-01
4.427000000000000000e+03 2.842259999999999787e-01
4.434000000000000000e+03 2.961260000000000003e-01
4.441000000000000000e+03 3.069259999999999766e-01
4.448000000000000000e+03 3.162110000000000198e-01
4.455000000000000000e+03 3.240649999999999920e-01
4.462000000000000000e+03 3.313119999999999954e-01
4.469000000000000000e+03 3.374730000000000230e-01
4.476000000000000000e+03 3.428729999999999833e-01
4.483000000000000000e+03 3.476750000000000118e-01
4.490000000000000000e+03 3.514499999999999846e-01
4.497000000000000000e+03 3.544649999999999745e-01
4.504000000000000000e+03 3.558939999999999881e-01
4.511000000000000000e+03 3.566369999999999818e-01
4.518000000000000000e+03 3.576360000000000094e-01
4.525000000000000000e+03 3.586739999999999928e-01
4.532000000000000000e+03 3.596489999999999965e-01
4.539000000000000000e+03 3.607460000000000111e-01
4.546000000000000000e+03 3.603140000000000231e-01
4.553000000000000000e+03 3.602029999999999954e-01
4.560000000000000000e+03 3.625309999999999921e-01
4.567000000000000000e+03 3.672500000000000209e-01
4.574000000000000000e+03 3.772190000000000265e-01
4.581000000000000000e+03 3.897470000000000101e-01
4.588000000000000000e+03 4.092339999999999867e-01
4.595000000000000000e+03 4.319069999999999854e-01
4.602000000000000000e+03 4.581200000000000272e-01
4.609000000000000000e+03 4.886800000000000033e-01
4.616000000000000000e+03 5.211430000000000229e-01
4.623000000000000000e+03 5.558619999999999672e-01
4.630000000000000000e+03 5.963650000000000340e-01
4.637000000000000000e+03 6.380050000000000443e-01
4.644000000000000000e+03 6.902350000000000430e-01
4.651000000000000000e+03 7.375380000000000269e-01
4.658000000000000000e+03 7.826049999999999951e-01
4.665000000000000000e+03 8.282030000000000225e-01
4.672000000000000000e+03 8.691360000000000197e-01
4.679000000000000000e+03 9.070869999999999767e-01
4.686000000000000000e+03 9.353110000000000035e-01
4.693000000000000000e+03 9.541730000000000489e-01
4.700000000000000000e+03 9.708459999999999868e-01
4.707000000000000000e+03 9.831710000000000171e-01
4.714000000000000000e+03 9.913309999999999622e-01
4.721000000000000000e+03 9.962680000000000424e-01
4.728000000000000000e+03 9.978960000000000052e-01
4.735000000000000000e+03 9.981769999999999810e-01
4.742000000000000000e+03 9.993239999999999901e-01
4.749000000000000000e+03 9.995319999999999760e-01
4.756000000000000000e+03 9.998259999999999925e-01
4.763000000000000000e+03 1.000000000000000000e+00
4.770000000000000000e+03 9.988780000000000436e-01
4.777000000000000000e+03 9.973319999999999963e-01
4.784000000000000000e+03 9.931999999999999718e-01
4.791000000000000000e+03 9.862579999999999680e-01
4.798000000000000000e+03 9.730130000000000168e-01
4.805000000000000000e+03 9.506170000000000453e-01
4.812000000000000000e+03 9.197539999999999605e-01
4.819000000000000000e+03 8.741419999999999746e-01
4.826000000000000000e+03 8.220619999999999594e-01
4.833000000000000000e+03 7.598000000000000309e-01
4.840000000000000000e+03 6.936999999999999833e-01
4.847000000000000000e+03 6.248240000000000460e-01
4.854000000000000000e+03 5.563069999999999959e-01
4.861000000000000000e+03 4.927590000000000026e-01
4.868000000000000000e+03 4.328099999999999725e-01
4.875000000000000000e+03 3.838469999999999938e-01
4.882000000000000000e+03 3.437700000000000200e-01
4.889000000000000000e+03 3.137969999999999926e-01
4.896000000000000000e+03 2.937690000000000023e-01
4.903000000000000000e+03 2.805449999999999888e-01
4.910000000000000000e+03 2.716379999999999906e-01
4.917000000000000000e+03 2.656620000000000092e-01
4.924000000000000000e+03 2.627360000000000251e-01
4.931000000000000000e+03 2.600520000000000054e-01
4.938000000000000000e+03 2.571370000000000045e-01
4.945000000000000000e+03 2.538869999999999738e-01
4.952000000000000000e+03 2.502719999999999945e-01
4.959000000000000000e+03 2.471859999999999891e-01
4.966000000000000000e+03 2.443430000000000046e-01
4.973000000000000000e+03 2.417120000000000102e-01
4.980000000000000000e+03 2.387539999999999940e-01
4.987000000000000000e+03 2.356499999999999984e-01
4.994000000000000000e+03 2.321779999999999955e-01
5.001000000000000000e+03 2.281829999999999969e-01
5.008000000000000000e+03 2.240600000000000092e-01
5.015000000000000000e+03 2.200390000000000124e-01
5.022000000000000000e+03 2.161140000000000005e-01
5.029000000000000000e+03 2.128309999999999924e-01
5.036000000000000000e+03 2.094280000000000030e-01
5.043000000000000000e+03 2.056630000000000125e-01
5.050000000000000000e+03 2.013260000000000050e-01
5.057000000000000000e+03 1.960560000000000080e-01
5.064000000000000000e+03 1.914790000000000103e-01
5.071000000000000000e+03 1.869119999999999948e-01
5.078000000000000000e+03 1.824860000000000093e-01
5.085000000000000000e+03 1.781069999999999875e-01
5.092000000000000000e+03 1.739410000000000123e-01
5.099000000000000000e+03 1.699579999999999980e-01
5.106000000000000000e+03 1.658880000000000077e-01
5.113000000000000000e+03 1.618739999999999901e-01
5.120000000000000000e+03 1.577409999999999923e-01
5.127000000000000000e+03 1.530769999999999909e-01
5.134000000000000000e+03 1.481619999999999882e-01
5.141000000000000000e+03 1.429539999999999977e-01
5.148000000000000000e+03 1.375689999999999968e-01
5.155000000000000000e+03 1.317280000000000117e-01
5.162000000000000000e+03 1.251770000000000105e-01
5.169000000000000000e+03 1.184639999999999999e-01
5.176000000000000000e+03 1.114499999999999935e-01
5.183000000000000000e+03 1.044680000000000053e-01
5.190000000000000000e+03 9.761200000000000432e-02
5.197000000000000000e+03 9.057690000000000186e-02
5.204000000000000000e+03 8.372720000000000162e-02
5.211000000000000000e+03 7.672180000000000666e-02
5.218000000000000000e+03 7.011720000000000452e-02
5.225000000000000000e+03 6.377099999999999436e-02
5.232000000000000000e+03 5.781320000000000209e-02
5.239000000000000000e+03 5.228309999999999902e-02
5.246000000000000000e+03 4.706799999999999873e-02
5.253000000000000000e+03 4.245580000000000187e-02
5.260000000000000000e+03 3.811049999999999854e-02
5.267000000000000000e+03 3.422279999999999767e-02
5.274000000000000000e+03 3.068579999999999919e-02
5.281000000000000000e+03 2.755020000000000038e-02
5.288000000000000000e+03 2.480730000000000088e-02
5.295000000000000000e+03 2.235590000000000147e-02
5.302000000000000000e+03 2.028020000000000170e-02
5.309000000000000000e+03 1.840160000000000060e-02
5.316000000000000000e+03 1.675199999999999953e-02
5.323000000000000000e+03 1.527749999999999941e-02
5.330000000000000000e+03 1.399650000000000026e-02
5.337000000000000000e+03 1.286280000000000062e-02
5.344000000000000000e+03 1.180029999999999968e-02
5.351000000000000000e+03 1.080730000000000059e-02
5.358000000000000000e+03 9.905860000000000706e-03
5.365000000000000000e+03 9.082969999999999239e-03
5.372000000000000000e+03 8.336359999999999257e-03
5.379000000000000000e+03 7.624500000000000201e-03
5.386000000000000000e+03 6.922420000000000309e-03
5.393000000000000000e+03 6.261090000000000405e-03
5.400000000000000000e+03 5.634799999999999705e-03
5.407000000000000000e+03 4.880800000000000242e-03
5.414000000000000000e+03 4.103210000000000364e-03
5.421000000000000000e+03 3.543639999999999811e-03
5.428000000000000000e+03 2.937289999999999953e-03
5.435000000000000000e+03 2.369099999999999852e-03
5.442000000000000000e+03 2.012260000000000090e-03
5.449000000000000000e+03 1.722549999999999993e-03
5.456000000000000000e+03 1.456040000000000025e-03
5.463000000000000000e+03 1.012080000000000054e-03
5.470000000000000000e+03 4.773360000000000255e-04
5.477000000000000000e+03 2.248639999999999938e-04
5.484000000000000000e+03 1.964500000000000046e-04
5.491000000000000000e+03 1.833120000000000094e-04
5.498000000000000000e+03 1.662289999999999970e-04
5.505000000000000000e+03 1.503999999999999966e-04
5.512000000000000000e+03 1.434840000000000106e-04
5.519000000000000000e+03 1.333150000000000068e-04
5.526000000000000000e+03 9.817040000000000456e-05
5.533000000000000000e+03 5.466449999999999814e-05
5.540000000000000000e+03 3.548710000000000113e-05
5.547000000000000000e+03 2.942350000000000044e-05
5.554000000000000000e+03 2.567289999999999945e-05
5.561000000000000000e+03 2.264640000000000056e-05
5.568000000000000000e+03 1.238080000000000011e-05
5.575000000000000000e+03 2.097229999999999993e-06
