1.153150000000000000e+04 0.000000000000000000e+00
1.155550000000000000e+04 3.212240000000000182e-06
1.157950000000000000e+04 1.723560000000000147e-05
1.160350000000000000e+04 2.765959999999999857e-05
1.162750000000000000e+04 2.922560000000000018e-05
1.165150000000000000e+04 2.932760000000000022e-05
1.167550000000000000e+04 2.802390000000000116e-05
1.169950000000000000e+04 2.552909999999999923e-05
1.172350000000000000e+04 2.255190000000000002e-05
1.174750000000000000e+04 2.435870000000000109e-05
1.177150000000000000e+04 2.794409999999999898e-05
1.179550000000000000e+04 3.162849999999999711e-05
1.181950000000000000e+04 3.314770000000000113e-05
1.184350000000000000e+04 2.540529999999999883e-05
1.186750000000000000e+04 1.899019999999999989e-05
1.189150000000000000e+04 1.840840000000000149e-05
1.191550000000000000e+04 2.397660000000000012e-05
1.193950000000000000e+04 4.208649999999999761e-05
1.196350000000000000e+04 8.518050000000000209e-05
1.198750000000000000e+04 1.450950000000000059e-04
1.201150000000000000e+04 2.296119999999999964e-04
1.203550000000000000e+04 3.252759999999999940e-04
1.205950000000000000e+04 5.015209999999999980e-04
1.208350000000000000e+04 7.499050000000000377e-04
1.210750000000000000e+04 1.275099999999999931e-03
1.213150000000000000e+04 2.064560000000000006e-03
1.215550000000000000e+04 3.583149999999999790e-03
1.217950000000000000e+04 5.961079999999999678e-03
1.220350000000000000e+04 9.707419999999999591e-03
1.222750000000000000e+04 1.396499999999999998e-02
1.225150000000000000e+04 1.887170000000000167e-02
1.227550000000000000e+04 2.317340000000000025e-02
1.229950000000000000e+04 2.770150000000000043e-02
1.232350000000000000e+04 3.180759999999999837e-02
1.234750000000000000e+04 3.757760000000000267e-02
1.237150000000000000e+04 4.600640000000000285e-02
1.239550000000000000e+04 5.887180000000000191e-02
1.241950000000000000e+04 7.863080000000000069e-02
1.244350000000000000e+04 1.035340000000000010e-01
1.246750000000000000e+04 1.283120000000000094e-01
1.249150000000000000e+04 1.567149999999999932e-01
1.251550000000000000e+04 1.878489999999999882e-01
1.253950000000000000e+04 2.194629999999999914e-01
1.256350000000000000e+04 2.572180000000000022e-01
1.258750000000000000e+04 2.938120000000000176e-01
1.261150000000000000e+04 3.336089999999999889e-01
1.263550000000000000e+04 3.748219999999999885e-01
1.265950000000000000e+04 4.146980000000000111e-01
1.268350000000000000e+04 4.574819999999999998e-01
1.270750000000000000e+04 5.029099999999999682e-01
1.273150000000000000e+04 5.473940000000000472e-01
1.275550000000000000e+04 5.869590000000000085e-01
1.277950000000000000e+04 6.211879999999999624e-01
1.280350000000000000e+04 6.443649999999999656e-01
1.282750000000000000e+04 6.568669999999999787e-01
1.285150000000000000e+04 6.629460000000000353e-01
1.287550000000000000e+04 6.662099999999999689e-01
1.289950000000000000e+04 6.652759999999999785e-01
1.292350000000000000e+04 6.674670000000000325e-01
1.294750000000000000e+04 6.719800000000000217e-01
1.297150000000000000e+04 6.780709999999999793e-01
1.299550000000000000e+04 6.903019999999999712e-01
1.301950000000000000e+04 7.053939999999999655e-01
1.304350000000000000e+04 7.235070000000000112e-01
1.306750000000000000e+04 7.417660000000000364e-01
1.309150000000000000e+04 7.591980000000000395e-01
1.311550000000000000e+04 7.732550000000000257e-01
1.313950000000000000e+04 7.872179999999999733e-01
1.316350000000000000e+04 7.978990000000000249e-01
1.318750000000000000e+04 8.059560000000000057e-01
1.321150000000000000e+04 8.136139999999999484e-01
1.323550000000000000e+04 8.213719999999999910e-01
1.325950000000000000e+04 8.306999999999999940e-01
1.328350000000000000e+04 8.404449999999999976e-01
1.330750000000000000e+04 8.519590000000000218e-01
1.333150000000000000e+04 8.638599999999999612e-01
1.335550000000000000e+04 8.754849999999999577e-01
1.337950000000000000e+04 8.872389999999999999e-01
1.340350000000000000e+04 8.972210000000000463e-01
1.342750000000000000e+04 9.057579999999999520e-01
1.345150000000000000e+04 9.126220000000000443e-01
1.347550000000000000e+04 9.165590000000000126e-01
1.349950000000000000e+04 9.191829999999999723e-01
1.352350000000000000e+04 9.200559999999999850e-01
1.354750000000000000e+04 9.191850000000000298e-01
1.357150000000000000e+04 9.175119999999999942e-01
1.359550000000000000e+04 9.152420000000000000e-01
1.361950000000000000e+04 9.127819999999999823e-01
1.364350000000000000e+04 9.112940000000000484e-01
1.366750000000000000e+04 9.104630000000000223e-01
1.369150000000000000e+04 9.093949999999999534e-01
1.371550000000000000e+04 9.094170000000000309e-01
1.373950000000000000e+04 9.107309999999999572e-01
1.376350000000000000e+04 9.136790000000000189e-01
1.378750000000000000e+04 9.203029999999999822e-01
1.381150000000000000e+04 9.273010000000000419e-01
1.383550000000000000e+04 9.341040000000000454e-01
1.385950000000000000e+04 9.418649999999999523e-01
1.388350000000000000e+04 9.473350000000000382e-01
1.390750000000000000e+04 9.525869999999999616e-01
1.393150000000000000e+04 9.582389999999999519e-01
1.395550000000000000e+04 9.627390000000000114e-01
1.397950000000000000e+04 9.666879999999999917e-01
1.400350000000000000e+04 9.701859999999999928e-01
1.402750000000000000e+04 9.714979999999999727e-01
1.405150000000000000e+04 9.728660000000000085e-01
1.407550000000000000e+04 9.741499999999999604e-01
1.409950000000000000e+04 9.746190000000000131e-01
1.412350000000000000e+04 9.758850000000000025e-01
1.414750000000000000e+04 9.767500000000000071e-01
1.417150000000000000e+04 9.779630000000000267e-01
1.419550000000000000e+04 9.799029999999999685e-01
1.421950000000000000e+04 9.820240000000000080e-01
1.424350000000000000e+04 9.841509999999999980e-01
1.426750000000000000e+04 9.863250000000000073e-01
1.429150000000000000e+04 9.889520000000000532e-01
1.431550000000000000e+04 9.913189999999999502e-01
1.433950000000000000e+04 9.940189999999999859e-01
1.436350000000000000e+04 9.970430000000000126e-01
1.438750000000000000e+04 9.996699999999999475e-01
1.441150000000000000e+04 1.000000000000000000e+00
1.443550000000000000e+04 9.938270000000000159e-01
1.445950000000000000e+04 9.840569999999999595e-01
1.448350000000000000e+04 9.664930000000000465e-01
1.450750000000000000e+04 9.428199999999999914e-01
1.453150000000000000e+04 9.142360000000000486e-01
1.455550000000000000e+04 8.817930000000000490e-01
1.457950000000000000e+04 8.439029999999999587e-01
1.460350000000000000e+04 8.063770000000000104e-01
1.462750000000000000e+04 7.679070000000000062e-01
1.465150000000000000e+04 7.300630000000000175e-01
1.467550000000000000e+04 6.946590000000000265e-01
1.469950000000000000e+04 6.653919999999999835e-01
1.472350000000000000e+04 6.397530000000000161e-01
1.474750000000000000e+04 6.202600000000000335e-01
1.477150000000000000e+04 6.047320000000000473e-01
1.479550000000000000e+04 5.938959999999999795e-01
1.481950000000000000e+04 5.853979999999999739e-01
1.484350000000000000e+04 5.801439999999999930e-01
1.486750000000000000e+04 5.754540000000000211e-01
1.489150000000000000e+04 5.724979999999999514e-01
1.491550000000000000e+04 5.702469999999999484e-01
1.493950000000000000e+04 5.688459999999999628e-01
1.496350000000000000e+04 5.679370000000000251e-01
1.498750000000000000e+04 5.677489999999999482e-01
1.501150000000000000e+04 5.680560000000000054e-01
1.503550000000000000e+04 5.682749999999999746e-01
1.505950000000000000e+04 5.681000000000000494e-01
1.508350000000000000e+04 5.671169999999999822e-01
1.510750000000000000e+04 5.659180000000000321e-01
1.513150000000000000e+04 5.651920000000000277e-01
1.515550000000000000e+04 5.650619999999999532e-01
1.517950000000000000e+04 5.650119999999999587e-01
1.520350000000000000e+04 5.654930000000000234e-01
1.522750000000000000e+04 5.657429999999999959e-01
1.525150000000000000e+04 5.657440000000000246e-01
1.527550000000000000e+04 5.652679999999999927e-01
1.529950000000000000e+04 5.644670000000000520e-01
1.532350000000000000e+04 5.634909999999999641e-01
1.534750000000000000e+04 5.623540000000000205e-01
1.537150000000000000e+04 5.613550000000000484e-01
1.539550000000000000e+04 5.607750000000000234e-01
1.541950000000000000e+04 5.603369999999999740e-01
1.544350000000000000e+04 5.602770000000000250e-01
1.546750000000000000e+04 5.599669999999999925e-01
1.549150000000000000e+04 5.595040000000000013e-01
1.551550000000000000e+04 5.580559999999999965e-01
1.553950000000000000e+04 5.560220000000000162e-01
1.556350000000000000e+04 5.515640000000000542e-01
1.558750000000000000e+04 5.460949999999999971e-01
1.561150000000000000e+04 5.391160000000000396e-01
1.563550000000000000e+04 5.315090000000000092e-01
1.565950000000000000e+04 5.252790000000000514e-01
1.568350000000000000e+04 5.197030000000000260e-01
1.570750000000000000e+04 5.168840000000000101e-01
1.573150000000000000e+04 5.148500000000000298e-01
1.575550000000000000e+04 5.143769999999999731e-01
1.577950000000000000e+04 5.138230000000000297e-01
1.580350000000000000e+04 5.125530000000000364e-01
1.582750000000000000e+04 5.098660000000000414e-01
1.585150000000000000e+04 5.045209999999999972e-01
1.587550000000000000e+04 4.966479999999999784e-01
1.589950000000000000e+04 4.867360000000000020e-01
1.592350000000000000e+04 4.750079999999999858e-01
1.594750000000000000e+04 4.628800000000000137e-01
1.597150000000000000e+04 4.491760000000000197e-01
1.599550000000000000e+04 4.368400000000000061e-01
1.601950000000000000e+04 4.255340000000000233e-01
1.604350000000000000e+04 4.164459999999999829e-01
1.606750000000000000e+04 4.102939999999999920e-01
1.609150000000000000e+04 4.060900000000000065e-01
1.611550000000000000e+04 4.040869999999999740e-01
1.613950000000000000e+04 4.030580000000000274e-01
1.616350000000000000e+04 4.029940000000000189e-01
1.618750000000000000e+04 4.034010000000000096e-01
1.621150000000000000e+04 4.042789999999999995e-01
1.623550000000000000e+04 4.053030000000000244e-01
1.625950000000000000e+04 4.065110000000000112e-01
1.628350000000000000e+04 4.071910000000000251e-01
1.630750000000000000e+04 4.076049999999999951e-01
1.633150000000000000e+04 4.071110000000000007e-01
1.635550000000000000e+04 4.057649999999999868e-01
1.637950000000000000e+04 4.030599999999999739e-01
1.640350000000000000e+04 3.984429999999999916e-01
1.642750000000000000e+04 3.929790000000000227e-01
1.645150000000000000e+04 3.856510000000000216e-01
1.647550000000000000e+04 3.780390000000000139e-01
1.649950000000000000e+04 3.703080000000000260e-01
1.652350000000000000e+04 3.623379999999999934e-01
1.654750000000000000e+04 3.550749999999999740e-01
1.657150000000000000e+04 3.472100000000000186e-01
1.659550000000000000e+04 3.402459999999999929e-01
1.661950000000000000e+04 3.337539999999999951e-01
1.664350000000000000e+04 3.284000000000000252e-01
1.666750000000000000e+04 3.244070000000000009e-01
1.669150000000000000e+04 3.212499999999999800e-01
1.671550000000000000e+04 3.191010000000000235e-01
1.673950000000000000e+04 3.167269999999999808e-01
1.676350000000000000e+04 3.144069999999999920e-01
1.678750000000000000e+04 3.103400000000000047e-01
1.681150000000000000e+04 3.062559999999999727e-01
1.683550000000000000e+04 3.021920000000000162e-01
1.685950000000000000e+04 2.982819999999999916e-01
1.688350000000000000e+04 2.960840000000000138e-01
1.690750000000000000e+04 2.944570000000000243e-01
1.693150000000000000e+04 2.922580000000000178e-01
1.695550000000000000e+04 2.901320000000000010e-01
1.697950000000000000e+04 2.861190000000000122e-01
1.700350000000000000e+04 2.818629999999999747e-01
1.702750000000000000e+04 2.758570000000000189e-01
1.705150000000000000e+04 2.693519999999999803e-01
1.707550000000000000e+04 2.634239999999999915e-01
1.709950000000000000e+04 2.569919999999999982e-01
1.712350000000000000e+04 2.519890000000000185e-01
1.714750000000000000e+04 2.464099999999999902e-01
1.717150000000000000e+04 2.417140000000000122e-01
1.719550000000000000e+04 2.373619999999999897e-01
1.721950000000000000e+04 2.333189999999999986e-01
1.724350000000000000e+04 2.304370000000000029e-01
1.726750000000000000e+04 2.278479999999999950e-01
1.729150000000000000e+04 2.259470000000000089e-01
1.731550000000000000e+04 2.241170000000000107e-01
1.733950000000000000e+04 2.224820000000000131e-01
1.736350000000000000e+04 2.208880000000000010e-01
1.738750000000000000e+04 2.193779999999999897e-01
1.741150000000000000e+04 2.180910000000000071e-01
1.743550000000000000e+04 2.169169999999999987e-01
1.745950000000000000e+04 2.162050000000000083e-01
1.748350000000000000e+04 2.157219999999999971e-01
1.750750000000000000e+04 2.151150000000000007e-01
1.753150000000000000e+04 2.144210000000000005e-01
1.755550000000000000e+04 2.127050000000000052e-01
1.757950000000000000e+04 2.094459999999999933e-01
1.760350000000000000e+04 2.059819999999999984e-01
1.762750000000000000e+04 2.019930000000000059e-01
1.765150000000000000e+04 1.980760000000000021e-01
1.767550000000000000e+04 1.949500000000000122e-01
1.769950000000000000e+04 1.917409999999999948e-01
1.772350000000000000e+04 1.875699999999999867e-01
1.774750000000000000e+04 1.830930000000000057e-01
1.777150000000000000e+04 1.787479999999999902e-01
1.779550000000000000e+04 1.747990000000000099e-01
1.781950000000000000e+04 1.714789999999999925e-01
1.784350000000000000e+04 1.691010000000000013e-01
1.786750000000000000e+04 1.671680000000000110e-01
1.789150000000000000e+04 1.659809999999999897e-01
1.791550000000000000e+04 1.645959999999999923e-01
1.793950000000000000e+04 1.633580000000000032e-01
1.796350000000000000e+04 1.605509999999999993e-01
1.798750000000000000e+04 1.576559999999999906e-01
1.801150000000000000e+04 1.514939999999999898e-01
1.803550000000000000e+04 1.444330000000000058e-01
1.805950000000000000e+04 1.354239999999999888e-01
1.808350000000000000e+04 1.247729999999999950e-01
1.810750000000000000e+04 1.131520000000000026e-01
1.813150000000000000e+04 1.013000000000000012e-01
1.815550000000000000e+04 8.748690000000000633e-02
1.817950000000000000e+04 7.490339999999999498e-02
1.820350000000000000e+04 6.152699999999999836e-02
1.822750000000000000e+04 4.916999999999999843e-02
1.825150000000000000e+04 3.793599999999999750e-02
1.827550000000000000e+04 2.875609999999999972e-02
1.829950000000000000e+04 2.067619999999999875e-02
1.832350000000000000e+04 1.424160000000000009e-02
1.834750000000000000e+04 9.459870000000000431e-03
1.837150000000000000e+04 6.184040000000000023e-03
1.839550000000000000e+04 4.082989999999999883e-03
1.841950000000000000e+04 2.658310000000000100e-03
1.844350000000000000e+04 1.731160000000000034e-03
1.846750000000000000e+04 1.167800000000000088e-03
1.849150000000000000e+04 7.826909999999999640e-04
1.851550000000000000e+04 5.688499999999999763e-04
1.853950000000000000e+04 4.127339999999999958e-04
1.856350000000000000e+04 3.223100000000000227e-04
1.858750000000000000e+04 2.439230000000000022e-04
1.861150000000000000e+04 1.776009999999999959e-04
1.863550000000000000e+04 1.298829999999999896e-04
1.865950000000000000e+04 9.934010000000000117e-05
1.868350000000000000e+04 7.351719999999999468e-05
1.870750000000000000e+04 5.688750000000000040e-05
1.873150000000000000e+04 5.027329999999999858e-05
1.875550000000000000e+04 5.156710000000000303e-05
1.877950000000000000e+04 4.611250000000000277e-05
1.880350000000000000e+04 3.279250000000000155e-05
1.882750000000000000e+04 1.404299999999999921e-05
1.885150000000000000e+04 2.584930000000000000e-06
