2.062000000000000000e+03 0.000000000000000000e+00
2.067000000000000000e+03 9.424090000000000050e-07
2.072000000000000000e+03 8.911850000000000064e-06
2.077000000000000000e+03 1.979029999999999922e-05
2.082000000000000000e+03 2.679899999999999871e-05
2.087000000000000000e+03 2.981790000000000127e-05
2.092000000000000000e+03 3.081279999999999745e-05
2.097000000000000000e+03 3.191989999999999910e-05
2.102000000000000000e+03 3.315180000000000335e-05
2.107000000000000000e+03 3.443529999999999877e-05
2.112000000000000000e+03 3.572049999999999791e-05
2.117000000000000000e+03 3.694369999999999664e-05
2.122000000000000000e+03 3.812630000000000120e-05
2.127000000000000000e+03 3.887879999999999781e-05
2.132000000000000000e+03 3.931719999999999687e-05
2.137000000000000000e+03 3.935650000000000173e-05
2.142000000000000000e+03 3.900490000000000326e-05
2.147000000000000000e+03 3.845760000000000259e-05
2.152000000000000000e+03 3.771329999999999686e-05
2.157000000000000000e+03 3.691880000000000302e-05
2.162000000000000000e+03 3.617670000000000212e-05
2.167000000000000000e+03 3.548160000000000262e-05
2.172000000000000000e+03 3.524739999999999731e-05
2.177000000000000000e+03 3.537640000000000234e-05
2.182000000000000000e+03 3.595330000000000016e-05
2.187000000000000000e+03 3.701879999999999868e-05
2.192000000000000000e+03 3.829660000000000193e-05
2.197000000000000000e+03 3.975429999999999985e-05
2.202000000000000000e+03 4.121279999999999952e-05
2.207000000000000000e+03 4.217770000000000107e-05
2.212000000000000000e+03 4.288409999999999824e-05
2.217000000000000000e+03 4.278489999999999756e-05
2.222000000000000000e+03 4.210179999999999728e-05
2.227000000000000000e+03 4.072270000000000230e-05
2.232000000000000000e+03 3.847739999999999857e-05
2.237000000000000000e+03 3.585659999999999819e-05
2.242000000000000000e+03 3.277650000000000035e-05
2.247000000000000000e+03 2.959500000000000040e-05
2.252000000000000000e+03 2.652889999999999938e-05
2.257000000000000000e+03 2.356969999999999898e-05
2.262000000000000000e+03 2.111919999999999932e-05
2.267000000000000000e+03 1.911539999999999998e-05
2.272000000000000000e+03 1.763270000000000145e-05
2.277000000000000000e+03 1.690249999999999953e-05
2.282000000000000000e+03 1.654199999999999849e-05
2.287000000000000000e+03 1.696930000000000031e-05
2.292000000000000000e+03 1.764610000000000034e-05
2.297000000000000000e+03 1.884240000000000106e-05
2.302000000000000000e+03 2.022619999999999957e-05
2.307000000000000000e+03 2.171519999999999836e-05
2.312000000000000000e+03 2.319680000000000125e-05
2.317000000000000000e+03 2.454959999999999955e-05
2.322000000000000000e+03 2.558959999999999975e-05
2.327000000000000000e+03 2.641279999999999892e-05
2.332000000000000000e+03 2.644630000000000123e-05
2.337000000000000000e+03 2.619049999999999937e-05
2.342000000000000000e+03 2.510139999999999992e-05
2.347000000000000000e+03 2.363619999999999911e-05
2.352000000000000000e+03 2.186839999999999886e-05
2.357000000000000000e+03 1.998939999999999872e-05
2.362000000000000000e+03 1.812169999999999965e-05
2.367000000000000000e+03 1.636880000000000157e-05
2.372000000000000000e+03 1.468950000000000056e-05
2.377000000000000000e+03 1.328470000000000005e-05
2.382000000000000000e+03 1.198249999999999920e-05
2.387000000000000000e+03 1.108409999999999947e-05
2.392000000000000000e+03 1.040339999999999936e-05
2.397000000000000000e+03 9.892489999999999877e-06
2.402000000000000000e+03 9.462109999999999434e-06
2.407000000000000000e+03 9.073230000000000203e-06
2.412000000000000000e+03 8.761960000000000725e-06
2.417000000000000000e+03 8.477889999999999902e-06
2.422000000000000000e+03 8.271190000000000679e-06
2.427000000000000000e+03 8.086150000000000499e-06
2.432000000000000000e+03 7.885749999999999842e-06
2.437000000000000000e+03 7.661549999999999516e-06
2.442000000000000000e+03 7.443700000000000407e-06
2.447000000000000000e+03 7.255129999999999771e-06
2.452000000000000000e+03 7.066990000000000417e-06
2.457000000000000000e+03 6.842320000000000246e-06
2.462000000000000000e+03 6.608680000000000226e-06
2.467000000000000000e+03 6.401580000000000126e-06
2.472000000000000000e+03 6.209460000000000176e-06
2.477000000000000000e+03 5.996480000000000396e-06
2.482000000000000000e+03 5.757819999999999872e-06
2.487000000000000000e+03 5.535279999999999628e-06
2.492000000000000000e+03 5.362909999999999785e-06
2.497000000000000000e+03 5.226980000000000394e-06
2.502000000000000000e+03 5.181170000000000065e-06
2.507000000000000000e+03 5.158149999999999903e-06
2.512000000000000000e+03 5.169539999999999636e-06
2.517000000000000000e+03 5.186100000000000203e-06
2.522000000000000000e+03 6.106070000000000307e-06
2.527000000000000000e+03 7.839480000000000368e-06
2.532000000000000000e+03 9.016610000000000057e-06
2.537000000000000000e+03 8.767810000000000000e-06
2.542000000000000000e+03 8.436580000000000123e-06
2.547000000000000000e+03 8.172759999999999658e-06
2.552000000000000000e+03 7.939440000000000001e-06
2.557000000000000000e+03 7.863410000000000663e-06
2.562000000000000000e+03 7.862870000000000156e-06
2.567000000000000000e+03 7.868209999999999329e-06
2.572000000000000000e+03 7.874189999999999228e-06
2.577000000000000000e+03 7.884570000000000304e-06
2.582000000000000000e+03 8.141290000000000449e-06
2.587000000000000000e+03 9.936160000000000426e-06
2.592000000000000000e+03 1.231690000000000061e-05
2.597000000000000000e+03 1.462859999999999916e-05
2.602000000000000000e+03 1.621990000000000034e-05
2.607000000000000000e+03 1.632139999999999928e-05
2.612000000000000000e+03 1.636139999999999890e-05
2.617000000000000000e+03 1.638580000000000158e-05
2.622000000000000000e+03 1.642189999999999942e-05
2.627000000000000000e+03 1.649520000000000090e-05
2.632000000000000000e+03 1.658790000000000088e-05
2.637000000000000000e+03 1.664589999999999931e-05
2.642000000000000000e+03 1.662820000000000116e-05
2.647000000000000000e+03 1.658259999999999942e-05
2.652000000000000000e+03 1.653880000000000164e-05
2.657000000000000000e+03 1.645220000000000149e-05
2.662000000000000000e+03 1.646560000000000037e-05
2.667000000000000000e+03 1.646469999999999840e-05
2.672000000000000000e+03 1.648280000000000082e-05
2.677000000000000000e+03 1.651510000000000049e-05
2.682000000000000000e+03 1.662350000000000101e-05
2.687000000000000000e+03 1.668870000000000168e-05
2.692000000000000000e+03 1.673480000000000112e-05
2.697000000000000000e+03 1.674080000000000072e-05
2.702000000000000000e+03 1.669199999999999875e-05
2.707000000000000000e+03 1.658099999999999930e-05
2.712000000000000000e+03 1.649520000000000090e-05
2.717000000000000000e+03 1.653100000000000148e-05
2.722000000000000000e+03 1.663309999999999835e-05
2.727000000000000000e+03 1.689050000000000032e-05
2.732000000000000000e+03 1.721779999999999971e-05
2.737000000000000000e+03 1.778639999999999966e-05
2.742000000000000000e+03 1.842559999999999855e-05
2.747000000000000000e+03 1.902539999999999914e-05
2.752000000000000000e+03 1.954599999999999887e-05
2.757000000000000000e+03 1.992570000000000135e-05
2.762000000000000000e+03 2.019920000000000136e-05
2.767000000000000000e+03 2.046470000000000076e-05
2.772000000000000000e+03 2.068009999999999873e-05
2.777000000000000000e+03 2.083509999999999979e-05
2.782000000000000000e+03 2.093750000000000071e-05
2.787000000000000000e+03 2.094469999999999955e-05
2.792000000000000000e+03 2.096139999999999890e-05
2.797000000000000000e+03 2.102270000000000118e-05
2.802000000000000000e+03 2.115670000000000023e-05
2.807000000000000000e+03 2.146489999999999840e-05
2.812000000000000000e+03 2.184069999999999911e-05
2.817000000000000000e+03 2.233529999999999942e-05
2.822000000000000000e+03 2.284989999999999954e-05
2.827000000000000000e+03 2.341979999999999895e-05
2.832000000000000000e+03 2.404589999999999961e-05
2.837000000000000000e+03 2.475949999999999901e-05
2.842000000000000000e+03 2.549659999999999912e-05
2.847000000000000000e+03 2.603739999999999909e-05
2.852000000000000000e+03 2.650490000000000097e-05
2.857000000000000000e+03 2.678819999999999875e-05
2.862000000000000000e+03 2.714509999999999867e-05
2.867000000000000000e+03 2.771640000000000114e-05
2.872000000000000000e+03 2.843670000000000168e-05
2.877000000000000000e+03 2.931499999999999970e-05
2.882000000000000000e+03 3.023370000000000159e-05
2.887000000000000000e+03 3.123049999999999855e-05
2.892000000000000000e+03 3.224059999999999757e-05
2.897000000000000000e+03 3.342950000000000240e-05
2.902000000000000000e+03 3.476269999999999838e-05
2.907000000000000000e+03 3.634920000000000089e-05
2.912000000000000000e+03 3.802059999999999983e-05
2.917000000000000000e+03 3.977430000000000304e-05
2.922000000000000000e+03 4.155179999999999746e-05
2.927000000000000000e+03 4.343630000000000288e-05
2.932000000000000000e+03 4.553009999999999967e-05
2.937000000000000000e+03 4.784409999999999819e-05
2.942000000000000000e+03 5.051580000000000176e-05
2.947000000000000000e+03 5.339209999999999995e-05
2.952000000000000000e+03 5.662699999999999841e-05
2.957000000000000000e+03 5.999809999999999735e-05
2.962000000000000000e+03 6.393290000000000583e-05
2.967000000000000000e+03 6.830810000000000419e-05
2.972000000000000000e+03 7.311019999999999672e-05
2.977000000000000000e+03 7.871169999999999382e-05
2.982000000000000000e+03 8.471369999999999497e-05
2.987000000000000000e+03 9.200709999999999531e-05
2.992000000000000000e+03 9.988889999999999835e-05
2.997000000000000000e+03 1.095219999999999993e-04
3.002000000000000000e+03 1.199779999999999955e-04
3.007000000000000000e+03 1.320059999999999962e-04
3.012000000000000000e+03 1.446800000000000039e-04
3.017000000000000000e+03 1.576550000000000076e-04
3.022000000000000000e+03 1.735580000000000076e-04
3.027000000000000000e+03 1.903209999999999960e-04
3.032000000000000000e+03 2.131000000000000027e-04
3.037000000000000000e+03 2.388670000000000019e-04
3.042000000000000000e+03 2.722479999999999995e-04
3.047000000000000000e+03 3.107990000000000036e-04
3.052000000000000000e+03 3.560489999999999922e-04
3.057000000000000000e+03 4.102080000000000136e-04
3.062000000000000000e+03 4.692499999999999948e-04
3.067000000000000000e+03 5.441419999999999547e-04
3.072000000000000000e+03 6.239970000000000499e-04
3.077000000000000000e+03 7.291529999999999626e-04
3.082000000000000000e+03 8.433720000000000019e-04
3.087000000000000000e+03 9.887400000000001049e-04
3.092000000000000000e+03 1.156319999999999961e-03
3.097000000000000000e+03 1.352600000000000026e-03
3.102000000000000000e+03 1.596919999999999937e-03
3.107000000000000000e+03 1.930049999999999995e-03
3.112000000000000000e+03 2.380440000000000160e-03
3.117000000000000000e+03 2.896880000000000115e-03
3.122000000000000000e+03 3.537370000000000184e-03
3.127000000000000000e+03 4.246439999999999763e-03
3.132000000000000000e+03 5.184199999999999919e-03
3.137000000000000000e+03 6.243870000000000323e-03
3.142000000000000000e+03 7.552040000000000315e-03
3.147000000000000000e+03 9.054309999999999442e-03
3.152000000000000000e+03 1.073029999999999991e-02
3.157000000000000000e+03 1.268530000000000005e-02
3.162000000000000000e+03 1.475839999999999964e-02
3.167000000000000000e+03 1.717149999999999926e-02
3.172000000000000000e+03 1.971849999999999992e-02
3.177000000000000000e+03 2.253410000000000135e-02
3.182000000000000000e+03 2.556160000000000029e-02
3.187000000000000000e+03 2.869599999999999929e-02
3.192000000000000000e+03 3.207399999999999834e-02
3.197000000000000000e+03 3.547929999999999834e-02
3.202000000000000000e+03 3.905730000000000313e-02
3.207000000000000000e+03 4.268600000000000172e-02
3.212000000000000000e+03 4.627030000000000032e-02
3.217000000000000000e+03 4.990990000000000010e-02
3.222000000000000000e+03 5.338969999999999827e-02
3.227000000000000000e+03 5.682310000000000139e-02
3.232000000000000000e+03 6.016359999999999764e-02
3.237000000000000000e+03 6.327839999999999854e-02
3.242000000000000000e+03 6.642330000000000456e-02
3.247000000000000000e+03 6.924120000000000275e-02
3.252000000000000000e+03 7.210469999999999380e-02
3.257000000000000000e+03 7.470780000000000476e-02
3.262000000000000000e+03 7.724970000000000447e-02
3.267000000000000000e+03 7.971369999999999845e-02
3.272000000000000000e+03 8.204390000000000294e-02
3.277000000000000000e+03 8.440509999999999680e-02
3.282000000000000000e+03 8.655630000000000268e-02
3.287000000000000000e+03 8.865649999999999920e-02
3.292000000000000000e+03 9.049409999999999399e-02
3.297000000000000000e+03 9.209610000000000019e-02
3.302000000000000000e+03 9.370530000000000526e-02
3.307000000000000000e+03 9.556969999999999354e-02
3.312000000000000000e+03 9.733390000000000097e-02
3.317000000000000000e+03 9.921280000000000376e-02
3.322000000000000000e+03 1.007160000000000000e-01
3.327000000000000000e+03 1.020120000000000055e-01
3.332000000000000000e+03 1.028460000000000069e-01
3.337000000000000000e+03 1.034530000000000033e-01
3.342000000000000000e+03 1.037700000000000011e-01
3.347000000000000000e+03 1.039889999999999981e-01
3.352000000000000000e+03 1.041369999999999935e-01
3.357000000000000000e+03 1.042659999999999976e-01
3.362000000000000000e+03 1.045660000000000062e-01
3.367000000000000000e+03 1.050230000000000052e-01
3.372000000000000000e+03 1.057430000000000037e-01
3.377000000000000000e+03 1.065129999999999966e-01
3.382000000000000000e+03 1.075080000000000063e-01
3.387000000000000000e+03 1.088039999999999979e-01
3.392000000000000000e+03 1.107780000000000015e-01
3.397000000000000000e+03 1.137119999999999936e-01
3.402000000000000000e+03 1.180429999999999952e-01
3.407000000000000000e+03 1.250989999999999880e-01
3.412000000000000000e+03 1.350470000000000004e-01
3.417000000000000000e+03 1.516659999999999953e-01
3.422000000000000000e+03 1.745109999999999995e-01
3.427000000000000000e+03 2.091480000000000006e-01
3.432000000000000000e+03 2.561120000000000063e-01
3.437000000000000000e+03 3.157220000000000026e-01
3.442000000000000000e+03 3.905440000000000023e-01
3.447000000000000000e+03 4.744410000000000016e-01
3.452000000000000000e+03 5.637429999999999941e-01
3.457000000000000000e+03 6.564119999999999955e-01
3.462000000000000000e+03 7.391400000000000192e-01
3.467000000000000000e+03 8.136799999999999589e-01
3.472000000000000000e+03 8.714790000000000036e-01
3.477000000000000000e+03 9.145520000000000316e-01
3.482000000000000000e+03 9.421629999999999727e-01
3.487000000000000000e+03 9.582310000000000549e-01
3.492000000000000000e+03 9.649520000000000319e-01
3.497000000000000000e+03 9.678309999999999969e-01
3.502000000000000000e+03 9.701830000000000176e-01
3.507000000000000000e+03 9.734469999999999512e-01
3.512000000000000000e+03 9.789360000000000284e-01
3.517000000000000000e+03 9.834169999999999856e-01
3.522000000000000000e+03 9.885089999999999710e-01
3.527000000000000000e+03 9.942220000000000502e-01
3.532000000000000000e+03 9.980179999999999607e-01
3.537000000000000000e+03 9.999970000000000248e-01
3.542000000000000000e+03 1.000000000000000000e+00
3.547000000000000000e+03 9.983769999999999589e-01
3.552000000000000000e+03 9.973279999999999923e-01
3.557000000000000000e+03 9.970780000000000198e-01
3.562000000000000000e+03 9.957160000000000455e-01
3.567000000000000000e+03 9.943429999999999769e-01
3.572000000000000000e+03 9.916030000000000122e-01
3.577000000000000000e+03 9.872750000000000137e-01
3.582000000000000000e+03 9.809539999999999926e-01
3.587000000000000000e+03 9.681629999999999958e-01
3.592000000000000000e+03 9.456269999999999953e-01
3.597000000000000000e+03 9.108380000000000365e-01
3.602000000000000000e+03 8.611280000000000046e-01
3.607000000000000000e+03 8.001530000000000031e-01
3.612000000000000000e+03 7.244559999999999889e-01
3.617000000000000000e+03 6.414790000000000214e-01
3.622000000000000000e+03 5.550180000000000113e-01
3.627000000000000000e+03 4.698399999999999799e-01
3.632000000000000000e+03 3.907579999999999942e-01
3.637000000000000000e+03 3.221740000000000159e-01
3.642000000000000000e+03 2.637399999999999745e-01
3.647000000000000000e+03 2.177090000000000136e-01
3.652000000000000000e+03 1.822320000000000051e-01
3.657000000000000000e+03 1.563799999999999912e-01
3.662000000000000000e+03 1.371999999999999886e-01
3.667000000000000000e+03 1.241850000000000037e-01
3.672000000000000000e+03 1.146889999999999993e-01
3.677000000000000000e+03 1.077150000000000052e-01
3.682000000000000000e+03 1.023939999999999989e-01
3.687000000000000000e+03 9.843150000000000510e-02
3.692000000000000000e+03 9.547719999999999818e-02
3.697000000000000000e+03 9.273889999999999911e-02
3.702000000000000000e+03 8.996479999999999755e-02
3.707000000000000000e+03 8.733950000000000047e-02
3.712000000000000000e+03 8.502780000000000060e-02
3.717000000000000000e+03 8.304279999999999995e-02
3.722000000000000000e+03 8.156800000000000161e-02
3.727000000000000000e+03 8.026389999999999914e-02
3.732000000000000000e+03 7.931000000000000549e-02
3.737000000000000000e+03 7.835440000000000460e-02
3.742000000000000000e+03 7.759330000000000394e-02
3.747000000000000000e+03 7.677749999999999853e-02
3.752000000000000000e+03 7.566639999999999477e-02
3.757000000000000000e+03 7.467580000000000051e-02
3.762000000000000000e+03 7.362649999999999750e-02
3.767000000000000000e+03 7.256260000000000487e-02
3.772000000000000000e+03 7.171769999999999534e-02
3.777000000000000000e+03 7.095869999999999955e-02
3.782000000000000000e+03 7.024229999999999363e-02
3.787000000000000000e+03 6.952400000000000246e-02
3.792000000000000000e+03 6.879899999999999904e-02
3.797000000000000000e+03 6.812540000000000262e-02
3.802000000000000000e+03 6.749099999999999544e-02
3.807000000000000000e+03 6.686190000000000189e-02
3.812000000000000000e+03 6.636430000000000107e-02
3.817000000000000000e+03 6.601049999999999973e-02
3.822000000000000000e+03 6.589330000000000187e-02
3.827000000000000000e+03 6.583970000000000100e-02
3.832000000000000000e+03 6.585580000000000600e-02
3.837000000000000000e+03 6.594780000000000086e-02
3.842000000000000000e+03 6.581149999999999500e-02
3.847000000000000000e+03 6.544560000000000655e-02
3.852000000000000000e+03 6.498310000000000197e-02
3.857000000000000000e+03 6.386569999999999747e-02
3.862000000000000000e+03 6.255689999999999862e-02
3.867000000000000000e+03 6.063860000000000083e-02
3.872000000000000000e+03 5.819819999999999854e-02
3.877000000000000000e+03 5.542559999999999848e-02
3.882000000000000000e+03 5.208770000000000067e-02
3.887000000000000000e+03 4.863789999999999780e-02
3.892000000000000000e+03 4.492929999999999841e-02
3.897000000000000000e+03 4.115259999999999752e-02
3.902000000000000000e+03 3.739719999999999850e-02
3.907000000000000000e+03 3.355960000000000193e-02
3.912000000000000000e+03 2.997939999999999980e-02
3.917000000000000000e+03 2.651809999999999931e-02
3.922000000000000000e+03 2.326869999999999980e-02
3.927000000000000000e+03 2.044349999999999987e-02
3.932000000000000000e+03 1.775030000000000011e-02
3.937000000000000000e+03 1.558050000000000060e-02
3.942000000000000000e+03 1.357719999999999934e-02
3.947000000000000000e+03 1.191000000000000045e-02
3.952000000000000000e+03 1.050109999999999932e-02
3.957000000000000000e+03 9.237280000000000491e-03
3.962000000000000000e+03 8.259779999999999553e-03
3.967000000000000000e+03 7.351940000000000384e-03
3.972000000000000000e+03 6.647160000000000048e-03
3.977000000000000000e+03 6.023879999999999686e-03
3.982000000000000000e+03 5.487139999999999726e-03
3.987000000000000000e+03 5.032410000000000182e-03
3.992000000000000000e+03 4.610150000000000359e-03
3.997000000000000000e+03 4.256679999999999665e-03
4.002000000000000000e+03 3.918569999999999692e-03
4.007000000000000000e+03 3.601809999999999994e-03
4.012000000000000000e+03 3.290219999999999950e-03
4.017000000000000000e+03 3.002009999999999835e-03
4.022000000000000000e+03 2.731649999999999964e-03
4.027000000000000000e+03 2.470249999999999790e-03
4.032000000000000000e+03 2.231959999999999847e-03
4.037000000000000000e+03 1.998090000000000109e-03
4.042000000000000000e+03 1.772130000000000016e-03
4.047000000000000000e+03 1.566310000000000011e-03
4.052000000000000000e+03 1.363520000000000010e-03
4.057000000000000000e+03 1.064789999999999921e-03
4.062000000000000000e+03 7.541969999999999620e-04
4.067000000000000000e+03 5.876160000000000064e-04
4.072000000000000000e+03 3.743970000000000002e-04
4.077000000000000000e+03 1.626029999999999880e-04
4.082000000000000000e+03 1.153319999999999996e-04
4.087000000000000000e+03 1.053100000000000065e-04
4.092000000000000000e+03 1.024720000000000042e-04
4.097000000000000000e+03 9.958560000000000415e-05
4.102000000000000000e+03 9.672300000000000212e-05
4.107000000000000000e+03 9.384090000000000476e-05
4.112000000000000000e+03 9.079760000000000630e-05
4.117000000000000000e+03 8.778700000000000500e-05
4.122000000000000000e+03 8.437819999999999793e-05
4.127000000000000000e+03 8.111249999999999970e-05
4.132000000000000000e+03 7.797919999999999364e-05
4.137000000000000000e+03 7.474070000000000084e-05
4.142000000000000000e+03 6.369280000000000113e-05
4.147000000000000000e+03 4.653560000000000216e-05
4.152000000000000000e+03 3.297009999999999795e-05
4.157000000000000000e+03 2.493500000000000097e-05
4.162000000000000000e+03 1.703339999999999856e-05
4.167000000000000000e+03 1.473340000000000026e-05
4.172000000000000000e+03 1.459309999999999924e-05
4.177000000000000000e+03 1.450369999999999973e-05
4.182000000000000000e+03 1.442980000000000032e-05
4.187000000000000000e+03 1.438929999999999960e-05
4.192000000000000000e+03 1.438210000000000076e-05
4.197000000000000000e+03 1.443699999999999916e-05
4.202000000000000000e+03 1.451310000000000001e-05
4.207000000000000000e+03 1.463669999999999998e-05
4.212000000000000000e+03 1.479109999999999972e-05
4.217000000000000000e+03 1.487040000000000081e-05
4.222000000000000000e+03 1.490939999999999993e-05
4.227000000000000000e+03 1.494149999999999916e-05
4.232000000000000000e+03 1.493190000000000013e-05
4.237000000000000000e+03 1.490239999999999982e-05
4.242000000000000000e+03 1.487020000000000037e-05
4.247000000000000000e+03 1.483269999999999946e-05
4.252000000000000000e+03 1.479499999999999980e-05
4.257000000000000000e+03 1.475740000000000036e-05
4.262000000000000000e+03 1.471880000000000043e-05
4.267000000000000000e+03 1.467889999999999934e-05
4.272000000000000000e+03 1.456880000000000017e-05
4.277000000000000000e+03 1.435020000000000027e-05
4.282000000000000000e+03 1.395189999999999935e-05
4.287000000000000000e+03 1.297500000000000029e-05
4.292000000000000000e+03 1.194479999999999955e-05
4.297000000000000000e+03 1.161460000000000057e-05
4.302000000000000000e+03 1.139929999999999943e-05
4.307000000000000000e+03 1.117909999999999941e-05
4.312000000000000000e+03 1.123619999999999925e-05
4.317000000000000000e+03 1.164719999999999921e-05
4.322000000000000000e+03 1.246290000000000056e-05
4.327000000000000000e+03 1.332459999999999945e-05
4.332000000000000000e+03 1.422570000000000002e-05
4.337000000000000000e+03 1.523199999999999918e-05
4.342000000000000000e+03 1.580910000000000082e-05
4.347000000000000000e+03 1.616379999999999930e-05
4.352000000000000000e+03 1.646479999999999862e-05
4.357000000000000000e+03 1.657159999999999902e-05
4.362000000000000000e+03 1.663339999999999901e-05
4.367000000000000000e+03 1.675979999999999834e-05
4.372000000000000000e+03 1.686940000000000149e-05
4.377000000000000000e+03 1.696229999999999852e-05
4.382000000000000000e+03 1.708530000000000056e-05
4.387000000000000000e+03 1.725889999999999835e-05
4.392000000000000000e+03 1.745119999999999988e-05
4.397000000000000000e+03 1.770020000000000038e-05
4.402000000000000000e+03 1.802490000000000084e-05
4.407000000000000000e+03 1.832549999999999929e-05
4.412000000000000000e+03 1.855909999999999990e-05
4.417000000000000000e+03 1.879839999999999945e-05
4.422000000000000000e+03 1.898480000000000160e-05
4.427000000000000000e+03 1.913140000000000118e-05
4.432000000000000000e+03 1.933840000000000106e-05
4.437000000000000000e+03 1.956700000000000087e-05
4.442000000000000000e+03 1.976389999999999893e-05
4.447000000000000000e+03 1.994949999999999932e-05
4.452000000000000000e+03 2.013469999999999884e-05
4.457000000000000000e+03 2.027590000000000013e-05
4.462000000000000000e+03 2.040720000000000004e-05
4.467000000000000000e+03 2.058319999999999971e-05
4.472000000000000000e+03 2.075099999999999834e-05
4.477000000000000000e+03 2.081189999999999974e-05
4.482000000000000000e+03 2.082059999999999849e-05
4.487000000000000000e+03 2.083449999999999847e-05
4.492000000000000000e+03 2.082089999999999915e-05
4.497000000000000000e+03 2.082099999999999937e-05
4.502000000000000000e+03 2.094479999999999977e-05
4.507000000000000000e+03 2.109390000000000145e-05
4.512000000000000000e+03 2.127270000000000048e-05
4.517000000000000000e+03 2.150969999999999838e-05
4.522000000000000000e+03 2.178410000000000036e-05
4.527000000000000000e+03 2.208469999999999880e-05
4.532000000000000000e+03 2.235920000000000100e-05
4.537000000000000000e+03 2.259580000000000141e-05
4.542000000000000000e+03 2.280919999999999839e-05
4.547000000000000000e+03 2.293430000000000165e-05
4.552000000000000000e+03 2.302970000000000077e-05
4.557000000000000000e+03 2.315770000000000022e-05
4.562000000000000000e+03 2.327210000000000034e-05
4.567000000000000000e+03 2.341339999999999847e-05
4.572000000000000000e+03 2.359259999999999838e-05
4.577000000000000000e+03 2.366460000000000040e-05
4.582000000000000000e+03 2.356509999999999906e-05
4.587000000000000000e+03 2.349279999999999977e-05
4.592000000000000000e+03 2.350430000000000127e-05
4.597000000000000000e+03 2.347839999999999869e-05
4.602000000000000000e+03 2.357759999999999937e-05
4.607000000000000000e+03 2.376929999999999958e-05
4.612000000000000000e+03 2.387830000000000142e-05
4.617000000000000000e+03 2.392310000000000140e-05
4.622000000000000000e+03 2.120520000000000155e-05
4.627000000000000000e+03 1.380260000000000063e-05
4.632000000000000000e+03 7.279819999999999869e-06
4.637000000000000000e+03 5.729880000000000272e-06
4.642000000000000000e+03 3.458980000000000127e-06
4.647000000000000000e+03 8.591809999999999694e-07
