1.384000000000000000e+03 0.000000000000000000e+00
1.387000000000000000e+03 1.845080000000000002e-10
1.390000000000000000e+03 8.711909999999999749e-10
1.393000000000000000e+03 1.925639999999999980e-09
1.396000000000000000e+03 2.689010000000000002e-09
1.399000000000000000e+03 2.639019999999999847e-09
1.402000000000000000e+03 1.966100000000000066e-09
1.405000000000000000e+03 1.538220000000000092e-09
1.408000000000000000e+03 1.531039999999999916e-09
1.411000000000000000e+03 1.511790000000000008e-09
1.414000000000000000e+03 1.266540000000000054e-09
1.417000000000000000e+03 6.425400000000000373e-10
1.420000000000000000e+03 2.738940000000000056e-10
1.423000000000000000e+03 1.512959999999999886e-11
1.426000000000000000e+03 1.110279999999999991e-12
1.429000000000000000e+03 1.228349999999999911e-12
1.432000000000000000e+03 1.345500000000000073e-12
1.435000000000000000e+03 1.460249999999999963e-12
1.438000000000000000e+03 1.572640000000000052e-12
1.441000000000000000e+03 1.684329999999999953e-12
1.444000000000000000e+03 1.794519999999999910e-12
1.447000000000000000e+03 1.902910000000000017e-12
1.450000000000000000e+03 2.010680000000000072e-12
1.453000000000000000e+03 2.117430000000000198e-12
1.456000000000000000e+03 2.222779999999999946e-12
1.459000000000000000e+03 2.327620000000000133e-12
1.462000000000000000e+03 2.435569999999999890e-12
1.465000000000000000e+03 2.549839999999999968e-12
1.468000000000000000e+03 2.667840000000000071e-12
1.471000000000000000e+03 9.247469999999999624e-08
1.474000000000000000e+03 3.827859999999999973e-07
1.477000000000000000e+03 8.163139999999999867e-07
1.480000000000000000e+03 1.279169999999999986e-06
1.483000000000000000e+03 1.850339999999999931e-06
1.486000000000000000e+03 2.579789999999999995e-06
1.489000000000000000e+03 3.335700000000000098e-06
1.492000000000000000e+03 4.149700000000000266e-06
1.495000000000000000e+03 4.954549999999999853e-06
1.498000000000000000e+03 5.778379999999999892e-06
1.501000000000000000e+03 6.670820000000000279e-06
1.504000000000000000e+03 7.577140000000000099e-06
1.507000000000000000e+03 8.483270000000000180e-06
1.510000000000000000e+03 9.379280000000000432e-06
1.513000000000000000e+03 1.031670000000000068e-05
1.516000000000000000e+03 1.127010000000000074e-05
1.519000000000000000e+03 1.226900000000000061e-05
1.522000000000000000e+03 1.332299999999999933e-05
1.525000000000000000e+03 1.441649999999999995e-05
1.528000000000000000e+03 1.570979999999999992e-05
1.531000000000000000e+03 1.733039999999999928e-05
1.534000000000000000e+03 1.905060000000000019e-05
1.537000000000000000e+03 2.080310000000000077e-05
1.540000000000000000e+03 2.269760000000000102e-05
1.543000000000000000e+03 2.469339999999999976e-05
1.546000000000000000e+03 2.654269999999999915e-05
1.549000000000000000e+03 2.812329999999999889e-05
1.552000000000000000e+03 2.950009999999999899e-05
1.555000000000000000e+03 3.089560000000000282e-05
1.558000000000000000e+03 3.225540000000000292e-05
1.561000000000000000e+03 3.343490000000000069e-05
1.564000000000000000e+03 3.454989999999999933e-05
1.567000000000000000e+03 3.545549999999999960e-05
1.570000000000000000e+03 3.634839999999999913e-05
1.573000000000000000e+03 3.724030000000000325e-05
1.576000000000000000e+03 3.813570000000000149e-05
1.579000000000000000e+03 3.902079999999999747e-05
1.582000000000000000e+03 3.992530000000000211e-05
1.585000000000000000e+03 4.087950000000000053e-05
1.588000000000000000e+03 4.189120000000000305e-05
1.591000000000000000e+03 4.290289999999999881e-05
1.594000000000000000e+03 4.389910000000000123e-05
1.597000000000000000e+03 4.491050000000000310e-05
1.600000000000000000e+03 4.593409999999999784e-05
1.603000000000000000e+03 4.698400000000000281e-05
1.606000000000000000e+03 4.804940000000000112e-05
1.609000000000000000e+03 4.912210000000000187e-05
1.612000000000000000e+03 5.024330000000000056e-05
1.615000000000000000e+03 5.144230000000000043e-05
1.618000000000000000e+03 5.267419999999999790e-05
1.621000000000000000e+03 5.397539999999999825e-05
1.624000000000000000e+03 5.540840000000000299e-05
1.627000000000000000e+03 5.691799999999999952e-05
1.630000000000000000e+03 5.842549999999999821e-05
1.633000000000000000e+03 5.997129999999999958e-05
1.636000000000000000e+03 6.157190000000000590e-05
1.639000000000000000e+03 6.329439999999999491e-05
1.642000000000000000e+03 6.525840000000000525e-05
1.645000000000000000e+03 6.735730000000000645e-05
1.648000000000000000e+03 6.980789999999999955e-05
1.651000000000000000e+03 7.288759999999999651e-05
1.654000000000000000e+03 7.657779999999999720e-05
1.657000000000000000e+03 7.940469999999999549e-05
1.660000000000000000e+03 8.071549999999999656e-05
1.663000000000000000e+03 8.083079999999999866e-05
1.666000000000000000e+03 8.091710000000000493e-05
1.669000000000000000e+03 8.116399999999999743e-05
1.672000000000000000e+03 8.055650000000000028e-05
1.675000000000000000e+03 7.940799999999999595e-05
1.678000000000000000e+03 7.741839999999999724e-05
1.681000000000000000e+03 7.427119999999999458e-05
1.684000000000000000e+03 7.081360000000000248e-05
1.687000000000000000e+03 6.663279999999999670e-05
1.690000000000000000e+03 6.132069999999999719e-05
1.693000000000000000e+03 5.608659999999999931e-05
1.696000000000000000e+03 5.211519999999999868e-05
1.699000000000000000e+03 4.975069999999999785e-05
1.702000000000000000e+03 4.741209999999999961e-05
1.705000000000000000e+03 4.498360000000000075e-05
1.708000000000000000e+03 4.235760000000000252e-05
1.711000000000000000e+03 4.064079999999999890e-05
1.714000000000000000e+03 3.911729999999999900e-05
1.717000000000000000e+03 3.865140000000000063e-05
1.720000000000000000e+03 3.846799999999999829e-05
1.723000000000000000e+03 3.824760000000000291e-05
1.726000000000000000e+03 3.796989999999999708e-05
1.729000000000000000e+03 3.768800000000000237e-05
1.732000000000000000e+03 3.744660000000000160e-05
1.735000000000000000e+03 3.728230000000000048e-05
1.738000000000000000e+03 3.714849999999999847e-05
1.741000000000000000e+03 3.704919999999999758e-05
1.744000000000000000e+03 3.700349999999999901e-05
1.747000000000000000e+03 3.703230000000000118e-05
1.750000000000000000e+03 3.705340000000000001e-05
1.753000000000000000e+03 3.704750000000000062e-05
1.756000000000000000e+03 3.705889999999999852e-05
1.759000000000000000e+03 3.713380000000000012e-05
1.762000000000000000e+03 3.729460000000000034e-05
1.765000000000000000e+03 3.757920000000000097e-05
1.768000000000000000e+03 3.789069999999999960e-05
1.771000000000000000e+03 3.827309999999999783e-05
1.774000000000000000e+03 3.876020000000000203e-05
1.777000000000000000e+03 3.931759999999999774e-05
1.780000000000000000e+03 3.990469999999999759e-05
1.783000000000000000e+03 4.059719999999999816e-05
1.786000000000000000e+03 4.141289999999999783e-05
1.789000000000000000e+03 4.238180000000000137e-05
1.792000000000000000e+03 4.364109999999999794e-05
1.795000000000000000e+03 4.503290000000000044e-05
1.798000000000000000e+03 4.650869999999999738e-05
1.801000000000000000e+03 4.814510000000000089e-05
1.804000000000000000e+03 4.999610000000000062e-05
1.807000000000000000e+03 5.203000000000000159e-05
1.810000000000000000e+03 5.437880000000000187e-05
1.813000000000000000e+03 5.705570000000000330e-05
1.816000000000000000e+03 6.007879999999999812e-05
1.819000000000000000e+03 6.360510000000000534e-05
1.822000000000000000e+03 6.771419999999999620e-05
1.825000000000000000e+03 7.227980000000000548e-05
1.828000000000000000e+03 7.749359999999999951e-05
1.831000000000000000e+03 8.361630000000000104e-05
1.834000000000000000e+03 9.056470000000000384e-05
1.837000000000000000e+03 9.849629999999999410e-05
1.840000000000000000e+03 1.079579999999999987e-04
1.843000000000000000e+03 1.187900000000000062e-04
1.846000000000000000e+03 1.310620000000000133e-04
1.849000000000000000e+03 1.458809999999999946e-04
1.852000000000000000e+03 1.630910000000000009e-04
1.855000000000000000e+03 1.828769999999999907e-04
1.858000000000000000e+03 2.073699999999999881e-04
1.861000000000000000e+03 2.368070000000000114e-04
1.864000000000000000e+03 2.889030000000000222e-04
1.867000000000000000e+03 3.866590000000000261e-04
1.870000000000000000e+03 5.162990000000000114e-04
1.873000000000000000e+03 6.971020000000000081e-04
1.876000000000000000e+03 9.335699999999999945e-04
1.879000000000000000e+03 1.228750000000000024e-03
1.882000000000000000e+03 1.569340000000000014e-03
1.885000000000000000e+03 1.931519999999999938e-03
1.888000000000000000e+03 2.365110000000000129e-03
1.891000000000000000e+03 2.900769999999999998e-03
1.894000000000000000e+03 3.540360000000000208e-03
1.897000000000000000e+03 4.266370000000000232e-03
1.900000000000000000e+03 5.099109999999999580e-03
1.903000000000000000e+03 6.075040000000000301e-03
1.906000000000000000e+03 7.228659999999999600e-03
1.909000000000000000e+03 8.541510000000000422e-03
1.912000000000000000e+03 1.002779999999999991e-02
1.915000000000000000e+03 1.175479999999999928e-02
1.918000000000000000e+03 1.367379999999999984e-02
1.921000000000000000e+03 1.576059999999999961e-02
1.924000000000000000e+03 1.809739999999999960e-02
1.927000000000000000e+03 2.060379999999999850e-02
1.930000000000000000e+03 2.319589999999999846e-02
1.933000000000000000e+03 2.594760000000000122e-02
1.936000000000000000e+03 2.880920000000000009e-02
1.939000000000000000e+03 3.166839999999999933e-02
1.942000000000000000e+03 3.454059999999999769e-02
1.945000000000000000e+03 3.743910000000000293e-02
1.948000000000000000e+03 4.025460000000000149e-02
1.951000000000000000e+03 4.293899999999999800e-02
1.954000000000000000e+03 4.554539999999999977e-02
1.957000000000000000e+03 4.809639999999999749e-02
1.960000000000000000e+03 5.046749999999999847e-02
1.963000000000000000e+03 5.268479999999999691e-02
1.966000000000000000e+03 5.490010000000000029e-02
1.969000000000000000e+03 5.714260000000000173e-02
1.972000000000000000e+03 5.924859999999999849e-02
1.975000000000000000e+03 6.135809999999999875e-02
1.978000000000000000e+03 6.359040000000000525e-02
1.981000000000000000e+03 6.586190000000000100e-02
1.984000000000000000e+03 6.817869999999999486e-02
1.987000000000000000e+03 7.060320000000000484e-02
1.990000000000000000e+03 7.316580000000000306e-02
1.993000000000000000e+03 7.589279999999999637e-02
1.996000000000000000e+03 7.871019999999999406e-02
1.999000000000000000e+03 8.156430000000000624e-02
2.002000000000000000e+03 8.452320000000000666e-02
2.005000000000000000e+03 8.755889999999999507e-02
2.008000000000000000e+03 9.062050000000000660e-02
2.011000000000000000e+03 9.370209999999999650e-02
2.014000000000000000e+03 9.684660000000000490e-02
2.017000000000000000e+03 1.000250000000000028e-01
2.020000000000000000e+03 1.032389999999999974e-01
2.023000000000000000e+03 1.065080000000000054e-01
2.026000000000000000e+03 1.097500000000000003e-01
2.029000000000000000e+03 1.129759999999999931e-01
2.032000000000000000e+03 1.162880000000000025e-01
2.035000000000000000e+03 1.196669999999999956e-01
2.038000000000000000e+03 1.229959999999999942e-01
2.041000000000000000e+03 1.263809999999999933e-01
2.044000000000000000e+03 1.299319999999999919e-01
2.047000000000000000e+03 1.335250000000000048e-01
2.050000000000000000e+03 1.370879999999999876e-01
2.053000000000000000e+03 1.406169999999999920e-01
2.056000000000000000e+03 1.442299999999999971e-01
2.059000000000000000e+03 1.478329999999999922e-01
2.062000000000000000e+03 1.514699999999999935e-01
2.065000000000000000e+03 1.550920000000000076e-01
2.068000000000000000e+03 1.587359999999999882e-01
2.071000000000000000e+03 1.623950000000000116e-01
2.074000000000000000e+03 1.660639999999999894e-01
2.077000000000000000e+03 1.697289999999999910e-01
2.080000000000000000e+03 1.733109999999999928e-01
2.083000000000000000e+03 1.768859999999999877e-01
2.086000000000000000e+03 1.804199999999999970e-01
2.089000000000000000e+03 1.839280000000000082e-01
2.092000000000000000e+03 1.874049999999999883e-01
2.095000000000000000e+03 1.908430000000000126e-01
2.098000000000000000e+03 1.942329999999999890e-01
2.101000000000000000e+03 1.975619999999999876e-01
2.104000000000000000e+03 2.008620000000000128e-01
2.107000000000000000e+03 2.040889999999999926e-01
2.110000000000000000e+03 2.072080000000000033e-01
2.113000000000000000e+03 2.101899999999999880e-01
2.116000000000000000e+03 2.131550000000000111e-01
2.119000000000000000e+03 2.160479999999999901e-01
2.122000000000000000e+03 2.188440000000000107e-01
2.125000000000000000e+03 2.215709999999999902e-01
2.128000000000000000e+03 2.242599999999999871e-01
2.131000000000000000e+03 2.269029999999999936e-01
2.134000000000000000e+03 2.293989999999999918e-01
2.137000000000000000e+03 2.317430000000000045e-01
2.140000000000000000e+03 2.340029999999999888e-01
2.143000000000000000e+03 2.362309999999999965e-01
2.146000000000000000e+03 2.383460000000000023e-01
2.149000000000000000e+03 2.403990000000000016e-01
2.152000000000000000e+03 2.423990000000000034e-01
2.155000000000000000e+03 2.443190000000000084e-01
2.158000000000000000e+03 2.460759999999999892e-01
2.161000000000000000e+03 2.476970000000000005e-01
2.164000000000000000e+03 2.492159999999999931e-01
2.167000000000000000e+03 2.506030000000000202e-01
2.170000000000000000e+03 2.518130000000000090e-01
2.173000000000000000e+03 2.529029999999999889e-01
2.176000000000000000e+03 2.538960000000000106e-01
2.179000000000000000e+03 2.548290000000000277e-01
2.182000000000000000e+03 2.556700000000000084e-01
2.185000000000000000e+03 2.564919999999999978e-01
2.188000000000000000e+03 2.572929999999999939e-01
2.191000000000000000e+03 2.580899999999999861e-01
2.194000000000000000e+03 2.588969999999999883e-01
2.197000000000000000e+03 2.597519999999999829e-01
2.200000000000000000e+03 2.607729999999999770e-01
2.203000000000000000e+03 2.620549999999999824e-01
2.206000000000000000e+03 2.635080000000000200e-01
2.209000000000000000e+03 2.654309999999999725e-01
2.212000000000000000e+03 2.679509999999999947e-01
2.215000000000000000e+03 2.715029999999999943e-01
2.218000000000000000e+03 2.765599999999999725e-01
2.221000000000000000e+03 2.843709999999999849e-01
2.224000000000000000e+03 2.957730000000000081e-01
2.227000000000000000e+03 3.124439999999999995e-01
2.230000000000000000e+03 3.359639999999999849e-01
2.233000000000000000e+03 3.665499999999999869e-01
2.236000000000000000e+03 4.042379999999999862e-01
2.239000000000000000e+03 4.499940000000000051e-01
2.242000000000000000e+03 4.983630000000000004e-01
2.245000000000000000e+03 5.511049999999999560e-01
2.248000000000000000e+03 6.033669999999999867e-01
2.251000000000000000e+03 6.536419999999999453e-01
2.254000000000000000e+03 7.023570000000000091e-01
2.257000000000000000e+03 7.471799999999999553e-01
2.260000000000000000e+03 7.894759999999999556e-01
2.263000000000000000e+03 8.260779999999999790e-01
2.266000000000000000e+03 8.587390000000000301e-01
2.269000000000000000e+03 8.853320000000000078e-01
2.272000000000000000e+03 9.083759999999999613e-01
2.275000000000000000e+03 9.249330000000000052e-01
2.278000000000000000e+03 9.384789999999999521e-01
2.281000000000000000e+03 9.489509999999999890e-01
2.284000000000000000e+03 9.566759999999999708e-01
2.287000000000000000e+03 9.629149999999999654e-01
2.290000000000000000e+03 9.678919999999999746e-01
2.293000000000000000e+03 9.720950000000000424e-01
2.296000000000000000e+03 9.758299999999999752e-01
2.299000000000000000e+03 9.793720000000000203e-01
2.302000000000000000e+03 9.827160000000000339e-01
2.305000000000000000e+03 9.859839999999999716e-01
2.308000000000000000e+03 9.893819999999999837e-01
2.311000000000000000e+03 9.924380000000000424e-01
2.314000000000000000e+03 9.949930000000000163e-01
2.317000000000000000e+03 9.971689999999999721e-01
2.320000000000000000e+03 9.985889999999999489e-01
2.323000000000000000e+03 1.000000000000000000e+00
2.326000000000000000e+03 9.986340000000000217e-01
2.329000000000000000e+03 9.940400000000000347e-01
2.332000000000000000e+03 9.848170000000000535e-01
2.335000000000000000e+03 9.679320000000000146e-01
2.338000000000000000e+03 9.467069999999999652e-01
2.341000000000000000e+03 9.163869999999999516e-01
2.344000000000000000e+03 8.810069999999999846e-01
2.347000000000000000e+03 8.393899999999999695e-01
2.350000000000000000e+03 7.932329999999999659e-01
2.353000000000000000e+03 7.453020000000000200e-01
2.356000000000000000e+03 6.966970000000000107e-01
2.359000000000000000e+03 6.486880000000000424e-01
2.362000000000000000e+03 6.048400000000000443e-01
2.365000000000000000e+03 5.632319999999999549e-01
2.368000000000000000e+03 5.261090000000000488e-01
2.371000000000000000e+03 4.923679999999999723e-01
2.374000000000000000e+03 4.625040000000000262e-01
2.377000000000000000e+03 4.354319999999999857e-01
2.380000000000000000e+03 4.127750000000000030e-01
2.383000000000000000e+03 3.929619999999999780e-01
2.386000000000000000e+03 3.765359999999999818e-01
2.389000000000000000e+03 3.640990000000000060e-01
2.392000000000000000e+03 3.538760000000000239e-01
2.395000000000000000e+03 3.479970000000000008e-01
2.398000000000000000e+03 3.432140000000000191e-01
2.401000000000000000e+03 3.399719999999999964e-01
2.404000000000000000e+03 3.379079999999999862e-01
2.407000000000000000e+03 3.364260000000000028e-01
2.410000000000000000e+03 3.356020000000000114e-01
2.413000000000000000e+03 3.350230000000000152e-01
2.416000000000000000e+03 3.346620000000000150e-01
2.419000000000000000e+03 3.341950000000000198e-01
2.422000000000000000e+03 3.335330000000000239e-01
2.425000000000000000e+03 3.328039999999999887e-01
2.428000000000000000e+03 3.320350000000000246e-01
2.431000000000000000e+03 3.310150000000000037e-01
2.434000000000000000e+03 3.297350000000000003e-01
2.437000000000000000e+03 3.283209999999999740e-01
2.440000000000000000e+03 3.267939999999999734e-01
2.443000000000000000e+03 3.249529999999999919e-01
2.446000000000000000e+03 3.227320000000000189e-01
2.449000000000000000e+03 3.201559999999999961e-01
2.452000000000000000e+03 3.173219999999999930e-01
2.455000000000000000e+03 3.139950000000000241e-01
2.458000000000000000e+03 3.102090000000000125e-01
2.461000000000000000e+03 3.059189999999999965e-01
2.464000000000000000e+03 3.012679999999999803e-01
2.467000000000000000e+03 2.962420000000000053e-01
2.470000000000000000e+03 2.909109999999999752e-01
2.473000000000000000e+03 2.850880000000000081e-01
2.476000000000000000e+03 2.788419999999999788e-01
2.479000000000000000e+03 2.723470000000000057e-01
2.482000000000000000e+03 2.656890000000000085e-01
2.485000000000000000e+03 2.586780000000000190e-01
2.488000000000000000e+03 2.512599999999999834e-01
2.491000000000000000e+03 2.437070000000000070e-01
2.494000000000000000e+03 2.359930000000000083e-01
2.497000000000000000e+03 2.279480000000000117e-01
2.500000000000000000e+03 2.194879999999999887e-01
2.503000000000000000e+03 2.108520000000000116e-01
2.506000000000000000e+03 2.020659999999999956e-01
2.509000000000000000e+03 1.929859999999999909e-01
2.512000000000000000e+03 1.836560000000000137e-01
2.515000000000000000e+03 1.742400000000000060e-01
2.518000000000000000e+03 1.648380000000000123e-01
2.521000000000000000e+03 1.553630000000000011e-01
2.524000000000000000e+03 1.459630000000000094e-01
2.527000000000000000e+03 1.367539999999999867e-01
2.530000000000000000e+03 1.277989999999999959e-01
2.533000000000000000e+03 1.191330000000000028e-01
2.536000000000000000e+03 1.107899999999999996e-01
2.539000000000000000e+03 1.029110000000000025e-01
2.542000000000000000e+03 9.549249999999999405e-02
2.545000000000000000e+03 8.855359999999999621e-02
2.548000000000000000e+03 8.208980000000000443e-02
2.551000000000000000e+03 7.622489999999999821e-02
2.554000000000000000e+03 7.081930000000000169e-02
2.557000000000000000e+03 6.591589999999999949e-02
2.560000000000000000e+03 6.149860000000000049e-02
2.563000000000000000e+03 5.756359999999999949e-02
2.566000000000000000e+03 5.402880000000000182e-02
2.569000000000000000e+03 5.088789999999999980e-02
2.572000000000000000e+03 4.810559999999999836e-02
2.575000000000000000e+03 4.562619999999999870e-02
2.578000000000000000e+03 4.342759999999999676e-02
2.581000000000000000e+03 4.144330000000000236e-02
2.584000000000000000e+03 3.968390000000000112e-02
2.587000000000000000e+03 3.806149999999999811e-02
2.590000000000000000e+03 3.657570000000000265e-02
2.593000000000000000e+03 3.520159999999999956e-02
2.596000000000000000e+03 3.387350000000000083e-02
2.599000000000000000e+03 3.262090000000000128e-02
2.602000000000000000e+03 3.138049999999999867e-02
2.605000000000000000e+03 3.014709999999999959e-02
2.608000000000000000e+03 2.893830000000000013e-02
2.611000000000000000e+03 2.769380000000000105e-02
2.614000000000000000e+03 2.643179999999999835e-02
2.617000000000000000e+03 2.518089999999999912e-02
2.620000000000000000e+03 2.388739999999999961e-02
2.623000000000000000e+03 2.256549999999999875e-02
2.626000000000000000e+03 2.126660000000000009e-02
2.629000000000000000e+03 1.994479999999999864e-02
2.632000000000000000e+03 1.860689999999999913e-02
2.635000000000000000e+03 1.730840000000000156e-02
2.638000000000000000e+03 1.601910000000000139e-02
2.641000000000000000e+03 1.475040000000000032e-02
2.644000000000000000e+03 1.352949999999999986e-02
2.647000000000000000e+03 1.234230000000000049e-02
2.650000000000000000e+03 1.121639999999999963e-02
2.653000000000000000e+03 1.014729999999999972e-02
2.656000000000000000e+03 9.117359999999999701e-03
2.659000000000000000e+03 8.188279999999999170e-03
2.662000000000000000e+03 7.316620000000000242e-03
2.665000000000000000e+03 6.480460000000000387e-03
2.668000000000000000e+03 5.746789999999999884e-03
2.671000000000000000e+03 5.063459999999999663e-03
2.674000000000000000e+03 4.410709999999999978e-03
2.677000000000000000e+03 3.863919999999999855e-03
2.680000000000000000e+03 3.367380000000000113e-03
2.683000000000000000e+03 2.882329999999999788e-03
2.686000000000000000e+03 2.487350000000000151e-03
2.689000000000000000e+03 2.149310000000000196e-03
2.692000000000000000e+03 1.825889999999999935e-03
2.695000000000000000e+03 1.563520000000000101e-03
2.698000000000000000e+03 1.358000000000000049e-03
2.701000000000000000e+03 1.153079999999999904e-03
2.704000000000000000e+03 9.802120000000000537e-04
2.707000000000000000e+03 8.481940000000000313e-04
2.710000000000000000e+03 7.211140000000000215e-04
2.713000000000000000e+03 6.185109999999999740e-04
2.716000000000000000e+03 5.440689999999999979e-04
2.719000000000000000e+03 4.741470000000000125e-04
2.722000000000000000e+03 4.107059999999999943e-04
2.725000000000000000e+03 3.645310000000000238e-04
2.728000000000000000e+03 3.224929999999999767e-04
2.731000000000000000e+03 2.838130000000000015e-04
2.734000000000000000e+03 2.559600000000000091e-04
2.737000000000000000e+03 2.315739999999999888e-04
2.740000000000000000e+03 2.084850000000000071e-04
2.743000000000000000e+03 1.915519999999999983e-04
2.746000000000000000e+03 1.772079999999999879e-04
2.749000000000000000e+03 1.634279999999999945e-04
2.752000000000000000e+03 1.527440000000000134e-04
2.755000000000000000e+03 1.442419999999999922e-04
2.758000000000000000e+03 1.362699999999999946e-04
2.761000000000000000e+03 1.301759999999999951e-04
2.764000000000000000e+03 1.257580000000000113e-04
2.767000000000000000e+03 1.219369999999999948e-04
2.770000000000000000e+03 1.186480000000000065e-04
2.773000000000000000e+03 1.159609999999999965e-04
2.776000000000000000e+03 1.132919999999999988e-04
2.779000000000000000e+03 1.108290000000000056e-04
2.782000000000000000e+03 1.086979999999999950e-04
2.785000000000000000e+03 1.067149999999999973e-04
2.788000000000000000e+03 1.047319999999999995e-04
2.791000000000000000e+03 1.028440000000000067e-04
2.794000000000000000e+03 1.010949999999999935e-04
2.797000000000000000e+03 9.936389999999999914e-05
2.800000000000000000e+03 9.760169999999999762e-05
2.803000000000000000e+03 9.595910000000000084e-05
2.806000000000000000e+03 9.426329999999999583e-05
2.809000000000000000e+03 9.238130000000000267e-05
2.812000000000000000e+03 9.059550000000000361e-05
2.815000000000000000e+03 8.902209999999999594e-05
2.818000000000000000e+03 8.748730000000000514e-05
2.821000000000000000e+03 8.598200000000000450e-05
2.824000000000000000e+03 8.455619999999999521e-05
2.827000000000000000e+03 8.337240000000000156e-05
2.830000000000000000e+03 8.235209999999999373e-05
2.833000000000000000e+03 8.144670000000000067e-05
2.836000000000000000e+03 8.088160000000000163e-05
2.839000000000000000e+03 8.061199999999999323e-05
2.842000000000000000e+03 8.049059999999999809e-05
2.845000000000000000e+03 8.071009999999999827e-05
2.848000000000000000e+03 8.123170000000000358e-05
2.851000000000000000e+03 8.190379999999999330e-05
2.854000000000000000e+03 8.273419999999999809e-05
2.857000000000000000e+03 8.373370000000000097e-05
2.860000000000000000e+03 8.475780000000000358e-05
2.863000000000000000e+03 8.585800000000000365e-05
2.866000000000000000e+03 8.713209999999999879e-05
2.869000000000000000e+03 8.849620000000000153e-05
2.872000000000000000e+03 9.018449999999999687e-05
2.875000000000000000e+03 9.230210000000000519e-05
2.878000000000000000e+03 9.451620000000000149e-05
2.881000000000000000e+03 9.673210000000000174e-05
2.884000000000000000e+03 9.927999999999999813e-05
2.887000000000000000e+03 1.023350000000000019e-04
2.890000000000000000e+03 1.054940000000000034e-04
2.893000000000000000e+03 1.087580000000000046e-04
2.896000000000000000e+03 1.125549999999999955e-04
2.899000000000000000e+03 1.170419999999999951e-04
2.902000000000000000e+03 1.217389999999999944e-04
2.905000000000000000e+03 1.267049999999999871e-04
2.908000000000000000e+03 1.331299999999999942e-04
2.911000000000000000e+03 1.413049999999999896e-04
2.914000000000000000e+03 1.498349999999999910e-04
2.917000000000000000e+03 1.585869999999999912e-04
2.920000000000000000e+03 1.690759999999999919e-04
2.923000000000000000e+03 1.818300000000000125e-04
2.926000000000000000e+03 1.951330000000000035e-04
2.929000000000000000e+03 2.089140000000000127e-04
2.932000000000000000e+03 2.261329999999999981e-04
2.935000000000000000e+03 2.470910000000000098e-04
2.938000000000000000e+03 2.690099999999999740e-04
2.941000000000000000e+03 2.918290000000000142e-04
2.944000000000000000e+03 3.193040000000000179e-04
2.947000000000000000e+03 3.518150000000000053e-04
2.950000000000000000e+03 3.858879999999999754e-04
2.953000000000000000e+03 4.212549999999999910e-04
2.956000000000000000e+03 4.626440000000000110e-04
2.959000000000000000e+03 5.100560000000000510e-04
2.962000000000000000e+03 5.600079999999999685e-04
2.965000000000000000e+03 6.122109999999999835e-04
2.968000000000000000e+03 6.706070000000000390e-04
2.971000000000000000e+03 7.354189999999999599e-04
2.974000000000000000e+03 8.038249999999999822e-04
2.977000000000000000e+03 8.745989999999999927e-04
2.980000000000000000e+03 9.492360000000000034e-04
2.983000000000000000e+03 1.028019999999999932e-03
2.986000000000000000e+03 1.110819999999999993e-03
2.989000000000000000e+03 1.196330000000000006e-03
2.992000000000000000e+03 1.283000000000000069e-03
2.995000000000000000e+03 1.371290000000000052e-03
2.998000000000000000e+03 1.463340000000000040e-03
3.001000000000000000e+03 1.556770000000000072e-03
3.004000000000000000e+03 1.645269999999999892e-03
3.007000000000000000e+03 1.730659999999999967e-03
3.010000000000000000e+03 1.817760000000000079e-03
3.013000000000000000e+03 1.904359999999999907e-03
3.016000000000000000e+03 1.980319999999999823e-03
3.019000000000000000e+03 2.048340000000000057e-03
3.022000000000000000e+03 2.115179999999999925e-03
3.025000000000000000e+03 2.179320000000000215e-03
3.028000000000000000e+03 2.229940000000000134e-03
3.031000000000000000e+03 2.269569999999999834e-03
3.034000000000000000e+03 2.304560000000000202e-03
3.037000000000000000e+03 2.334370000000000108e-03
3.040000000000000000e+03 2.350039999999999855e-03
3.043000000000000000e+03 2.353730000000000058e-03
3.046000000000000000e+03 2.349519999999999907e-03
3.049000000000000000e+03 2.338690000000000040e-03
3.052000000000000000e+03 2.315799999999999803e-03
3.055000000000000000e+03 2.282029999999999996e-03
3.058000000000000000e+03 2.239189999999999844e-03
3.061000000000000000e+03 2.190329999999999881e-03
3.064000000000000000e+03 2.134259999999999803e-03
3.067000000000000000e+03 2.070799999999999811e-03
3.070000000000000000e+03 1.999610000000000189e-03
3.073000000000000000e+03 1.924270000000000060e-03
3.076000000000000000e+03 1.846589999999999950e-03
3.079000000000000000e+03 1.765630000000000021e-03
3.082000000000000000e+03 1.679729999999999938e-03
3.085000000000000000e+03 1.592150000000000076e-03
3.088000000000000000e+03 1.506200000000000074e-03
3.091000000000000000e+03 1.420500000000000105e-03
3.094000000000000000e+03 1.333210000000000037e-03
3.097000000000000000e+03 1.246699999999999892e-03
3.100000000000000000e+03 1.165140000000000056e-03
3.103000000000000000e+03 1.086570000000000027e-03
3.106000000000000000e+03 1.009240000000000007e-03
3.109000000000000000e+03 9.342229999999999762e-04
3.112000000000000000e+03 8.653979999999999702e-04
3.115000000000000000e+03 8.008170000000000002e-04
3.118000000000000000e+03 7.387999999999999602e-04
3.121000000000000000e+03 6.796219999999999518e-04
3.124000000000000000e+03 6.263609999999999751e-04
3.127000000000000000e+03 5.774969999999999496e-04
3.130000000000000000e+03 5.317460000000000415e-04
3.133000000000000000e+03 4.891350000000000255e-04
3.136000000000000000e+03 4.520430000000000086e-04
3.139000000000000000e+03 4.190330000000000248e-04
3.142000000000000000e+03 3.892449999999999773e-04
3.145000000000000000e+03 3.622480000000000188e-04
3.148000000000000000e+03 3.393529999999999745e-04
3.151000000000000000e+03 3.198620000000000217e-04
3.154000000000000000e+03 3.031190000000000230e-04
3.157000000000000000e+03 2.886650000000000153e-04
3.160000000000000000e+03 2.772569999999999917e-04
3.163000000000000000e+03 2.682299999999999984e-04
3.166000000000000000e+03 2.613569999999999847e-04
3.169000000000000000e+03 2.561999999999999933e-04
3.172000000000000000e+03 2.529300000000000060e-04
3.175000000000000000e+03 2.514799999999999978e-04
3.178000000000000000e+03 2.515649999999999809e-04
3.181000000000000000e+03 2.524709999999999888e-04
3.184000000000000000e+03 2.538490000000000017e-04
3.187000000000000000e+03 2.559710000000000197e-04
3.190000000000000000e+03 2.590119999999999792e-04
3.193000000000000000e+03 2.625530000000000051e-04
3.196000000000000000e+03 2.660629999999999766e-04
3.199000000000000000e+03 2.698719999999999938e-04
3.202000000000000000e+03 2.742050000000000216e-04
3.205000000000000000e+03 2.785059999999999793e-04
3.208000000000000000e+03 2.821610000000000112e-04
3.211000000000000000e+03 2.856390000000000209e-04
3.214000000000000000e+03 2.890750000000000199e-04
3.217000000000000000e+03 2.921099999999999934e-04
3.220000000000000000e+03 2.942590000000000028e-04
3.223000000000000000e+03 2.958190000000000082e-04
3.226000000000000000e+03 2.970350000000000182e-04
3.229000000000000000e+03 2.980559999999999937e-04
3.232000000000000000e+03 2.988859999999999976e-04
3.235000000000000000e+03 2.991450000000000099e-04
3.238000000000000000e+03 2.989180000000000136e-04
3.241000000000000000e+03 2.983150000000000059e-04
3.244000000000000000e+03 2.975589999999999746e-04
3.247000000000000000e+03 2.964759999999999986e-04
3.250000000000000000e+03 2.948779999999999912e-04
3.253000000000000000e+03 2.934239999999999743e-04
3.256000000000000000e+03 2.925070000000000101e-04
3.259000000000000000e+03 2.914540000000000186e-04
3.262000000000000000e+03 2.901870000000000187e-04
3.265000000000000000e+03 2.899299999999999837e-04
3.268000000000000000e+03 2.913719999999999743e-04
3.271000000000000000e+03 2.935589999999999858e-04
3.274000000000000000e+03 2.960789999999999820e-04
3.277000000000000000e+03 2.994469999999999944e-04
3.280000000000000000e+03 3.040939999999999789e-04
3.283000000000000000e+03 3.095069999999999896e-04
3.286000000000000000e+03 3.151949999999999934e-04
3.289000000000000000e+03 3.219939999999999803e-04
3.292000000000000000e+03 3.302620000000000035e-04
3.295000000000000000e+03 3.396340000000000079e-04
3.298000000000000000e+03 3.493589999999999868e-04
3.301000000000000000e+03 3.420529999999999860e-04
3.304000000000000000e+03 3.168390000000000204e-04
3.307000000000000000e+03 2.921469999999999796e-04
3.310000000000000000e+03 2.690160000000000142e-04
3.313000000000000000e+03 2.627349999999999976e-04
3.316000000000000000e+03 2.640329999999999977e-04
3.319000000000000000e+03 2.559999999999999884e-04
3.322000000000000000e+03 2.485489999999999813e-04
3.325000000000000000e+03 2.418820000000000128e-04
3.328000000000000000e+03 2.433419999999999887e-04
3.331000000000000000e+03 2.539800000000000044e-04
3.334000000000000000e+03 2.600200000000000211e-04
3.337000000000000000e+03 2.517530000000000137e-04
3.340000000000000000e+03 2.275880000000000036e-04
3.343000000000000000e+03 1.859370000000000055e-04
3.346000000000000000e+03 1.353960000000000027e-04
3.349000000000000000e+03 8.793469999999999683e-05
3.352000000000000000e+03 5.394250000000000065e-05
3.355000000000000000e+03 3.483900000000000305e-05
3.358000000000000000e+03 2.662520000000000048e-05
3.361000000000000000e+03 2.682310000000000073e-05
3.364000000000000000e+03 2.702740000000000147e-05
3.367000000000000000e+03 2.722739999999999956e-05
3.370000000000000000e+03 2.741950000000000065e-05
3.373000000000000000e+03 2.760849999999999833e-05
3.376000000000000000e+03 2.775610000000000010e-05
3.379000000000000000e+03 2.791609999999999857e-05
3.382000000000000000e+03 2.810369999999999996e-05
3.385000000000000000e+03 2.836060000000000084e-05
3.388000000000000000e+03 2.864030000000000089e-05
3.391000000000000000e+03 2.892049999999999864e-05
3.394000000000000000e+03 2.919650000000000075e-05
3.397000000000000000e+03 2.944200000000000034e-05
3.400000000000000000e+03 2.965339999999999971e-05
3.403000000000000000e+03 2.987360000000000143e-05
3.406000000000000000e+03 3.014759999999999914e-05
3.409000000000000000e+03 3.046569999999999869e-05
3.412000000000000000e+03 3.078889999999999925e-05
3.415000000000000000e+03 3.110029999999999766e-05
3.418000000000000000e+03 3.138970000000000204e-05
3.421000000000000000e+03 3.166279999999999778e-05
3.424000000000000000e+03 3.189819999999999895e-05
3.427000000000000000e+03 3.212140000000000047e-05
3.430000000000000000e+03 3.233409999999999930e-05
3.433000000000000000e+03 3.256410000000000218e-05
3.436000000000000000e+03 3.284560000000000279e-05
3.439000000000000000e+03 3.316370000000000233e-05
3.442000000000000000e+03 3.352260000000000325e-05
3.445000000000000000e+03 3.385369999999999742e-05
3.448000000000000000e+03 3.416669999999999934e-05
3.451000000000000000e+03 3.447680000000000167e-05
3.454000000000000000e+03 3.476110000000000164e-05
3.457000000000000000e+03 3.503109999999999736e-05
3.460000000000000000e+03 3.524870000000000016e-05
3.463000000000000000e+03 3.549400000000000271e-05
3.466000000000000000e+03 3.577750000000000092e-05
3.469000000000000000e+03 3.609960000000000247e-05
3.472000000000000000e+03 3.643250000000000058e-05
3.475000000000000000e+03 3.674619999999999726e-05
3.478000000000000000e+03 3.707860000000000105e-05
3.481000000000000000e+03 3.743380000000000064e-05
3.484000000000000000e+03 3.777700000000000101e-05
3.487000000000000000e+03 3.814939999999999765e-05
3.490000000000000000e+03 3.857750000000000122e-05
3.493000000000000000e+03 3.905000000000000051e-05
3.496000000000000000e+03 3.953419999999999835e-05
3.499000000000000000e+03 4.002259999999999862e-05
3.502000000000000000e+03 4.049640000000000076e-05
3.505000000000000000e+03 4.097779999999999923e-05
3.508000000000000000e+03 4.147270000000000020e-05
3.511000000000000000e+03 4.199530000000000092e-05
3.514000000000000000e+03 4.250689999999999785e-05
3.517000000000000000e+03 4.294160000000000235e-05
3.520000000000000000e+03 4.336810000000000242e-05
3.523000000000000000e+03 4.378190000000000174e-05
3.526000000000000000e+03 4.351839999999999994e-05
3.529000000000000000e+03 4.288709999999999804e-05
3.532000000000000000e+03 4.182020000000000323e-05
3.535000000000000000e+03 4.040919999999999929e-05
3.538000000000000000e+03 3.902570000000000144e-05
3.541000000000000000e+03 3.803899999999999952e-05
3.544000000000000000e+03 3.821089999999999697e-05
3.547000000000000000e+03 3.899240000000000296e-05
3.550000000000000000e+03 3.966250000000000184e-05
3.553000000000000000e+03 4.024930000000000104e-05
3.556000000000000000e+03 4.081860000000000252e-05
3.559000000000000000e+03 4.077919999999999744e-05
3.562000000000000000e+03 4.125090000000000175e-05
3.565000000000000000e+03 4.229920000000000321e-05
3.568000000000000000e+03 4.432059999999999711e-05
3.571000000000000000e+03 4.593419999999999806e-05
3.574000000000000000e+03 4.637939999999999847e-05
3.577000000000000000e+03 4.651189999999999763e-05
3.580000000000000000e+03 4.642319999999999964e-05
3.583000000000000000e+03 4.670900000000000290e-05
3.586000000000000000e+03 4.742520000000000123e-05
3.589000000000000000e+03 4.789979999999999835e-05
3.592000000000000000e+03 4.546370000000000315e-05
3.595000000000000000e+03 4.240159999999999735e-05
3.598000000000000000e+03 3.718400000000000177e-05
3.601000000000000000e+03 3.156270000000000191e-05
3.604000000000000000e+03 2.549270000000000073e-05
3.607000000000000000e+03 2.122040000000000100e-05
3.610000000000000000e+03 2.043739999999999850e-05
3.613000000000000000e+03 2.094459999999999933e-05
3.616000000000000000e+03 2.142159999999999833e-05
3.619000000000000000e+03 2.158079999999999843e-05
3.622000000000000000e+03 2.057649999999999857e-05
3.625000000000000000e+03 1.723090000000000133e-05
3.628000000000000000e+03 1.378029999999999917e-05
3.631000000000000000e+03 1.099200000000000081e-05
3.634000000000000000e+03 1.072060000000000032e-05
3.637000000000000000e+03 9.542040000000000547e-06
3.640000000000000000e+03 6.136800000000000265e-06
3.643000000000000000e+03 2.731559999999999983e-06
3.646000000000000000e+03 1.538009999999999887e-07
