1.585500000000000000e+03 0.000000000000000000e+00
1.589500000000000000e+03 2.165409999999999906e-06
1.593500000000000000e+03 7.819480000000000560e-06
1.597500000000000000e+03 1.427729999999999966e-05
1.601500000000000000e+03 1.733260000000000071e-05
1.605500000000000000e+03 2.030919999999999861e-05
1.609500000000000000e+03 2.478790000000000030e-05
1.613500000000000000e+03 2.780629999999999837e-05
1.617500000000000000e+03 2.877869999999999943e-05
1.621500000000000000e+03 2.981160000000000101e-05
1.625500000000000000e+03 3.094369999999999987e-05
1.629500000000000000e+03 3.204540000000000323e-05
1.633500000000000000e+03 3.295769999999999787e-05
1.637500000000000000e+03 3.362189999999999737e-05
1.641500000000000000e+03 3.400279999999999910e-05
1.645500000000000000e+03 3.416520000000000283e-05
1.649500000000000000e+03 3.396469999999999687e-05
1.653500000000000000e+03 3.359499999999999937e-05
1.657500000000000000e+03 3.305900000000000315e-05
1.661500000000000000e+03 3.243720000000000175e-05
1.665500000000000000e+03 3.187019999999999854e-05
1.669500000000000000e+03 3.150589999999999934e-05
1.673500000000000000e+03 3.143300000000000212e-05
1.677500000000000000e+03 3.168270000000000076e-05
1.681500000000000000e+03 3.221460000000000155e-05
1.685500000000000000e+03 3.311730000000000224e-05
1.689500000000000000e+03 3.413219999999999823e-05
1.693500000000000000e+03 3.521429999999999927e-05
1.697500000000000000e+03 3.613330000000000182e-05
1.701500000000000000e+03 3.671690000000000077e-05
1.705500000000000000e+03 3.691830000000000193e-05
1.709500000000000000e+03 3.654249999999999784e-05
1.713500000000000000e+03 3.552639999999999921e-05
1.717500000000000000e+03 3.398190000000000070e-05
1.721500000000000000e+03 3.188179999999999687e-05
1.725500000000000000e+03 2.955879999999999895e-05
1.729500000000000000e+03 2.691059999999999947e-05
1.733500000000000000e+03 2.429119999999999877e-05
1.737500000000000000e+03 2.182270000000000030e-05
1.741500000000000000e+03 1.958900000000000167e-05
1.745500000000000000e+03 1.783269999999999953e-05
1.749500000000000000e+03 1.649749999999999917e-05
1.753500000000000000e+03 1.582999999999999921e-05
1.757500000000000000e+03 1.579899999999999900e-05
1.761500000000000000e+03 1.630820000000000083e-05
1.765500000000000000e+03 1.735659999999999913e-05
1.769500000000000000e+03 1.867560000000000124e-05
1.773500000000000000e+03 2.028309999999999898e-05
1.777500000000000000e+03 2.188450000000000028e-05
1.781500000000000000e+03 2.346279999999999837e-05
1.785500000000000000e+03 2.494179999999999894e-05
1.789500000000000000e+03 2.609690000000000081e-05
1.793500000000000000e+03 2.696609999999999920e-05
1.797500000000000000e+03 2.733879999999999988e-05
1.801500000000000000e+03 2.732200000000000031e-05
1.805500000000000000e+03 2.692030000000000041e-05
1.809500000000000000e+03 2.621130000000000093e-05
1.813500000000000000e+03 2.542409999999999939e-05
1.817500000000000000e+03 2.452390000000000079e-05
1.821500000000000000e+03 2.382520000000000018e-05
1.825500000000000000e+03 2.336830000000000122e-05
1.829500000000000000e+03 2.312230000000000052e-05
1.833500000000000000e+03 2.314240000000000055e-05
1.837500000000000000e+03 2.332719999999999919e-05
1.841500000000000000e+03 2.349099999999999921e-05
1.845500000000000000e+03 2.352560000000000054e-05
1.849500000000000000e+03 2.347079999999999897e-05
1.853500000000000000e+03 2.356349999999999894e-05
1.857500000000000000e+03 2.371900000000000110e-05
1.861500000000000000e+03 2.393909999999999921e-05
1.865500000000000000e+03 2.418260000000000120e-05
1.869500000000000000e+03 2.443499999999999898e-05
1.873500000000000000e+03 2.467070000000000081e-05
1.877500000000000000e+03 2.493530000000000163e-05
1.881500000000000000e+03 2.522589999999999848e-05
1.885500000000000000e+03 2.552449999999999931e-05
1.889500000000000000e+03 2.583100000000000053e-05
1.893500000000000000e+03 2.618079999999999843e-05
1.897500000000000000e+03 2.656109999999999884e-05
1.901500000000000000e+03 2.693069999999999950e-05
1.905500000000000000e+03 2.725740000000000096e-05
1.909500000000000000e+03 2.757840000000000009e-05
1.913500000000000000e+03 2.794449999999999986e-05
1.917500000000000000e+03 2.838210000000000055e-05
1.921500000000000000e+03 2.888480000000000168e-05
1.925500000000000000e+03 2.946459999999999908e-05
1.929500000000000000e+03 3.015809999999999845e-05
1.933500000000000000e+03 3.092930000000000218e-05
1.937500000000000000e+03 3.176559999999999958e-05
1.941500000000000000e+03 3.262600000000000238e-05
1.945500000000000000e+03 3.342850000000000021e-05
1.949500000000000000e+03 3.423520000000000046e-05
1.953500000000000000e+03 3.513230000000000243e-05
1.957500000000000000e+03 3.617400000000000297e-05
1.961500000000000000e+03 3.763079999999999892e-05
1.965500000000000000e+03 3.943289999999999984e-05
1.969500000000000000e+03 4.149999999999999907e-05
1.973500000000000000e+03 4.293309999999999726e-05
1.977500000000000000e+03 4.335649999999999731e-05
1.981500000000000000e+03 4.271999999999999756e-05
1.985500000000000000e+03 4.153880000000000284e-05
1.989500000000000000e+03 4.026099999999999959e-05
1.993500000000000000e+03 3.881640000000000329e-05
1.997500000000000000e+03 3.717649999999999888e-05
2.001500000000000000e+03 3.538109999999999910e-05
2.005500000000000000e+03 3.309610000000000319e-05
2.009500000000000000e+03 3.028689999999999966e-05
2.013500000000000000e+03 2.704459999999999853e-05
2.017500000000000000e+03 2.430959999999999846e-05
2.021500000000000000e+03 2.258119999999999989e-05
2.025500000000000000e+03 2.182069999999999930e-05
2.029500000000000000e+03 2.165049999999999879e-05
2.033500000000000000e+03 2.142019999999999864e-05
2.037500000000000000e+03 2.115319999999999934e-05
2.041500000000000000e+03 2.092259999999999853e-05
2.045500000000000000e+03 2.074890000000000051e-05
2.049500000000000000e+03 2.060589999999999866e-05
2.053500000000000000e+03 2.038039999999999887e-05
2.057500000000000000e+03 2.013750000000000159e-05
2.061500000000000000e+03 1.997950000000000073e-05
2.065500000000000000e+03 1.990830000000000046e-05
2.069500000000000000e+03 1.985059999999999931e-05
2.073500000000000000e+03 1.982230000000000163e-05
2.077500000000000000e+03 1.983019999999999862e-05
2.081500000000000000e+03 1.989750000000000050e-05
2.085500000000000000e+03 1.999109999999999906e-05
2.089500000000000000e+03 2.007589999999999866e-05
2.093500000000000000e+03 2.018239999999999840e-05
2.097500000000000000e+03 2.029780000000000072e-05
2.101500000000000000e+03 2.049710000000000065e-05
2.105500000000000000e+03 2.087789999999999877e-05
2.109500000000000000e+03 2.137180000000000094e-05
2.113500000000000000e+03 2.189509999999999981e-05
2.117500000000000000e+03 2.243620000000000044e-05
2.121500000000000000e+03 2.298599999999999981e-05
2.125500000000000000e+03 2.358649999999999855e-05
2.129500000000000000e+03 2.428720000000000016e-05
2.133500000000000000e+03 2.507459999999999876e-05
2.137500000000000000e+03 2.599859999999999872e-05
2.141500000000000000e+03 2.699900000000000019e-05
2.145500000000000000e+03 2.806060000000000032e-05
2.149500000000000000e+03 2.928199999999999849e-05
2.153500000000000000e+03 3.063429999999999907e-05
2.157500000000000000e+03 3.213380000000000056e-05
2.161500000000000000e+03 3.400589999999999912e-05
2.165500000000000000e+03 3.616009999999999960e-05
2.169500000000000000e+03 3.864969999999999690e-05
2.173500000000000000e+03 4.172829999999999823e-05
2.177500000000000000e+03 4.519480000000000307e-05
2.181500000000000000e+03 4.933590000000000311e-05
2.185500000000000000e+03 5.432079999999999667e-05
2.189500000000000000e+03 5.992320000000000253e-05
2.193500000000000000e+03 6.683889999999999461e-05
2.197500000000000000e+03 7.488339999999999526e-05
2.201500000000000000e+03 8.409439999999999906e-05
2.205500000000000000e+03 9.599349999999999496e-05
2.209500000000000000e+03 1.098200000000000023e-04
2.213500000000000000e+03 1.262550000000000033e-04
2.217500000000000000e+03 1.490019999999999940e-04
2.221500000000000000e+03 1.875799999999999896e-04
2.225500000000000000e+03 2.869959999999999742e-04
2.229500000000000000e+03 3.808460000000000057e-04
2.233500000000000000e+03 4.816830000000000027e-04
2.237500000000000000e+03 6.922900000000000277e-04
2.241500000000000000e+03 9.038940000000000299e-04
2.245500000000000000e+03 1.110290000000000105e-03
2.249500000000000000e+03 1.390670000000000101e-03
2.253500000000000000e+03 1.722699999999999969e-03
2.257500000000000000e+03 2.112010000000000103e-03
2.261500000000000000e+03 2.609409999999999941e-03
2.265500000000000000e+03 3.182550000000000136e-03
2.269500000000000000e+03 3.848509999999999865e-03
2.273500000000000000e+03 4.657640000000000217e-03
2.277500000000000000e+03 5.561860000000000068e-03
2.281500000000000000e+03 6.597740000000000375e-03
2.285500000000000000e+03 7.764479999999999819e-03
2.289500000000000000e+03 9.019110000000000321e-03
2.293500000000000000e+03 1.038249999999999937e-02
2.297500000000000000e+03 1.180559999999999943e-02
2.301500000000000000e+03 1.325720000000000023e-02
2.305500000000000000e+03 1.470920000000000040e-02
2.309500000000000000e+03 1.614590000000000122e-02
2.313500000000000000e+03 1.754330000000000125e-02
2.317500000000000000e+03 1.884399999999999964e-02
2.321500000000000000e+03 2.006710000000000091e-02
2.325500000000000000e+03 2.118919999999999831e-02
2.329500000000000000e+03 2.218550000000000036e-02
2.333500000000000000e+03 2.310560000000000044e-02
2.337500000000000000e+03 2.391070000000000001e-02
2.341500000000000000e+03 2.464809999999999918e-02
2.345500000000000000e+03 2.536839999999999928e-02
2.349500000000000000e+03 2.605499999999999830e-02
2.353500000000000000e+03 2.681829999999999978e-02
2.357500000000000000e+03 2.763979999999999909e-02
2.361500000000000000e+03 2.856960000000000055e-02
2.365500000000000000e+03 2.956390000000000060e-02
2.369500000000000000e+03 3.064669999999999894e-02
2.373500000000000000e+03 3.183260000000000256e-02
2.377500000000000000e+03 3.315719999999999779e-02
2.381500000000000000e+03 3.460329999999999656e-02
2.385500000000000000e+03 3.612209999999999727e-02
2.389500000000000000e+03 3.773579999999999990e-02
2.393500000000000000e+03 3.938959999999999684e-02
2.397500000000000000e+03 4.118020000000000014e-02
2.401500000000000000e+03 4.299639999999999712e-02
2.405500000000000000e+03 4.487370000000000247e-02
2.409500000000000000e+03 4.686209999999999681e-02
2.413500000000000000e+03 4.907500000000000057e-02
2.417500000000000000e+03 5.136199999999999793e-02
2.421500000000000000e+03 5.377900000000000041e-02
2.425500000000000000e+03 5.636209999999999831e-02
2.429500000000000000e+03 5.920670000000000099e-02
2.433500000000000000e+03 6.223769999999999997e-02
2.437500000000000000e+03 6.545910000000000617e-02
2.441500000000000000e+03 6.881410000000000304e-02
2.445500000000000000e+03 7.227100000000000191e-02
2.449500000000000000e+03 7.583040000000000613e-02
2.453500000000000000e+03 7.944130000000000635e-02
2.457500000000000000e+03 8.308949999999999669e-02
2.461500000000000000e+03 8.673540000000000416e-02
2.465500000000000000e+03 9.037679999999999325e-02
2.469500000000000000e+03 9.396690000000000598e-02
2.473500000000000000e+03 9.747569999999999846e-02
2.477500000000000000e+03 1.008470000000000061e-01
2.481500000000000000e+03 1.040340000000000015e-01
2.485500000000000000e+03 1.070569999999999994e-01
2.489500000000000000e+03 1.099289999999999989e-01
2.493500000000000000e+03 1.125779999999999975e-01
2.497500000000000000e+03 1.150650000000000006e-01
2.501500000000000000e+03 1.172570000000000001e-01
2.505500000000000000e+03 1.193039999999999934e-01
2.509500000000000000e+03 1.210470000000000018e-01
2.513500000000000000e+03 1.226639999999999953e-01
2.517500000000000000e+03 1.240529999999999966e-01
2.521500000000000000e+03 1.253549999999999942e-01
2.525500000000000000e+03 1.265270000000000006e-01
2.529500000000000000e+03 1.275959999999999872e-01
2.533500000000000000e+03 1.285789999999999988e-01
2.537500000000000000e+03 1.295409999999999895e-01
2.541500000000000000e+03 1.304520000000000124e-01
2.545500000000000000e+03 1.313000000000000000e-01
2.549500000000000000e+03 1.320929999999999882e-01
2.553500000000000000e+03 1.329450000000000076e-01
2.557500000000000000e+03 1.338100000000000123e-01
2.561500000000000000e+03 1.346719999999999862e-01
2.565500000000000000e+03 1.354789999999999883e-01
2.569500000000000000e+03 1.362579999999999902e-01
2.573500000000000000e+03 1.369579999999999964e-01
2.577500000000000000e+03 1.375989999999999991e-01
2.581500000000000000e+03 1.381670000000000120e-01
2.585500000000000000e+03 1.386840000000000017e-01
2.589500000000000000e+03 1.392380000000000007e-01
2.593500000000000000e+03 1.397599999999999953e-01
2.597500000000000000e+03 1.403719999999999968e-01
2.601500000000000000e+03 1.412440000000000084e-01
2.605500000000000000e+03 1.423770000000000036e-01
2.609500000000000000e+03 1.438859999999999861e-01
2.613500000000000000e+03 1.460509999999999864e-01
2.617500000000000000e+03 1.488810000000000133e-01
2.621500000000000000e+03 1.527169999999999916e-01
2.625500000000000000e+03 1.579260000000000108e-01
2.629500000000000000e+03 1.657879999999999909e-01
2.633500000000000000e+03 1.765559999999999907e-01
2.637500000000000000e+03 1.930089999999999861e-01
2.641500000000000000e+03 2.152070000000000094e-01
2.645500000000000000e+03 2.462789999999999979e-01
2.649500000000000000e+03 2.872660000000000213e-01
2.653500000000000000e+03 3.378410000000000024e-01
2.657500000000000000e+03 3.994840000000000058e-01
2.661500000000000000e+03 4.686040000000000205e-01
2.665500000000000000e+03 5.432989999999999764e-01
2.669500000000000000e+03 6.215840000000000254e-01
2.673500000000000000e+03 6.958180000000000476e-01
2.677500000000000000e+03 7.665149999999999464e-01
2.681500000000000000e+03 8.252800000000000136e-01
2.685500000000000000e+03 8.742469999999999963e-01
2.689500000000000000e+03 9.110639999999999850e-01
2.693500000000000000e+03 9.381610000000000227e-01
2.697500000000000000e+03 9.572410000000000085e-01
2.701500000000000000e+03 9.688600000000000545e-01
2.705500000000000000e+03 9.764810000000000434e-01
2.709500000000000000e+03 9.820990000000000553e-01
2.713500000000000000e+03 9.863819999999999810e-01
2.717500000000000000e+03 9.896949999999999914e-01
2.721500000000000000e+03 9.918719999999999759e-01
2.725500000000000000e+03 9.932210000000000205e-01
2.729500000000000000e+03 9.948190000000000088e-01
2.733500000000000000e+03 9.960560000000000525e-01
2.737500000000000000e+03 9.971550000000000136e-01
2.741500000000000000e+03 9.984800000000000342e-01
2.745500000000000000e+03 1.000000000000000000e+00
2.749500000000000000e+03 9.998200000000000420e-01
2.753500000000000000e+03 9.970980000000000398e-01
2.757500000000000000e+03 9.910940000000000305e-01
2.761500000000000000e+03 9.803279999999999772e-01
2.765500000000000000e+03 9.650649999999999507e-01
2.769500000000000000e+03 9.423129999999999562e-01
2.773500000000000000e+03 9.115649999999999586e-01
2.777500000000000000e+03 8.716540000000000399e-01
2.781500000000000000e+03 8.224339999999999984e-01
2.785500000000000000e+03 7.667429999999999524e-01
2.789500000000000000e+03 7.022610000000000241e-01
2.793500000000000000e+03 6.325610000000000399e-01
2.797500000000000000e+03 5.614449999999999719e-01
2.801500000000000000e+03 4.893669999999999964e-01
2.805500000000000000e+03 4.229700000000000126e-01
2.809500000000000000e+03 3.631420000000000203e-01
2.813500000000000000e+03 3.103909999999999725e-01
2.817500000000000000e+03 2.702879999999999727e-01
2.821500000000000000e+03 2.366620000000000112e-01
2.825500000000000000e+03 2.138329999999999953e-01
2.829500000000000000e+03 1.962309999999999888e-01
2.833500000000000000e+03 1.848809999999999898e-01
2.837500000000000000e+03 1.771709999999999952e-01
2.841500000000000000e+03 1.718909999999999882e-01
2.845500000000000000e+03 1.679740000000000122e-01
2.849500000000000000e+03 1.649339999999999973e-01
2.853500000000000000e+03 1.626470000000000138e-01
2.857500000000000000e+03 1.611229999999999885e-01
2.861500000000000000e+03 1.600910000000000111e-01
2.865500000000000000e+03 1.593710000000000127e-01
2.869500000000000000e+03 1.588100000000000067e-01
2.873500000000000000e+03 1.583179999999999865e-01
2.877500000000000000e+03 1.578150000000000108e-01
2.881500000000000000e+03 1.573469999999999869e-01
2.885500000000000000e+03 1.568869999999999987e-01
2.889500000000000000e+03 1.564780000000000060e-01
2.893500000000000000e+03 1.561029999999999918e-01
2.897500000000000000e+03 1.557550000000000046e-01
2.901500000000000000e+03 1.554830000000000101e-01
2.905500000000000000e+03 1.551970000000000016e-01
2.909500000000000000e+03 1.547650000000000137e-01
2.913500000000000000e+03 1.542090000000000127e-01
2.917500000000000000e+03 1.535839999999999983e-01
2.921500000000000000e+03 1.527270000000000016e-01
2.925500000000000000e+03 1.515140000000000098e-01
2.929500000000000000e+03 1.500140000000000085e-01
2.933500000000000000e+03 1.482690000000000119e-01
2.937500000000000000e+03 1.462559999999999971e-01
2.941500000000000000e+03 1.440500000000000114e-01
2.945500000000000000e+03 1.416300000000000059e-01
2.949500000000000000e+03 1.390679999999999972e-01
2.953500000000000000e+03 1.362879999999999925e-01
2.957500000000000000e+03 1.334069999999999978e-01
2.961500000000000000e+03 1.301670000000000049e-01
2.965500000000000000e+03 1.267880000000000118e-01
2.969500000000000000e+03 1.229530000000000067e-01
2.973500000000000000e+03 1.188799999999999996e-01
2.977500000000000000e+03 1.144280000000000019e-01
2.981500000000000000e+03 1.096039999999999931e-01
2.985500000000000000e+03 1.045119999999999938e-01
2.989500000000000000e+03 9.907080000000000053e-02
2.993500000000000000e+03 9.341710000000000291e-02
2.997500000000000000e+03 8.756529999999999869e-02
3.001500000000000000e+03 8.155279999999999474e-02
3.005500000000000000e+03 7.554049999999999654e-02
3.009500000000000000e+03 6.948469999999999647e-02
3.013500000000000000e+03 6.369809999999999361e-02
3.017500000000000000e+03 5.806499999999999856e-02
3.021500000000000000e+03 5.282939999999999858e-02
3.025500000000000000e+03 4.788209999999999689e-02
3.029500000000000000e+03 4.336190000000000183e-02
3.033500000000000000e+03 3.926229999999999998e-02
3.037500000000000000e+03 3.555429999999999702e-02
3.041500000000000000e+03 3.230899999999999744e-02
3.045500000000000000e+03 2.943660000000000027e-02
3.049500000000000000e+03 2.697540000000000007e-02
3.053500000000000000e+03 2.485800000000000162e-02
3.057500000000000000e+03 2.306300000000000017e-02
3.061500000000000000e+03 2.151780000000000012e-02
3.065500000000000000e+03 2.022720000000000073e-02
3.069500000000000000e+03 1.907930000000000043e-02
3.073500000000000000e+03 1.810279999999999875e-02
3.077500000000000000e+03 1.722189999999999832e-02
3.081500000000000000e+03 1.641199999999999951e-02
3.085500000000000000e+03 1.566079999999999903e-02
3.089500000000000000e+03 1.493429999999999931e-02
3.093500000000000000e+03 1.422029999999999995e-02
3.097500000000000000e+03 1.350439999999999974e-02
3.101500000000000000e+03 1.278989999999999988e-02
3.105500000000000000e+03 1.205119999999999976e-02
3.109500000000000000e+03 1.130800000000000034e-02
3.113500000000000000e+03 1.055239999999999997e-02
3.117500000000000000e+03 9.749660000000000271e-03
3.121500000000000000e+03 8.937080000000000024e-03
3.125500000000000000e+03 8.147049999999999431e-03
3.129500000000000000e+03 7.360150000000000199e-03
3.133500000000000000e+03 6.631249999999999992e-03
3.137500000000000000e+03 5.958409999999999922e-03
3.141500000000000000e+03 5.309920000000000091e-03
3.145500000000000000e+03 4.703360000000000180e-03
3.149500000000000000e+03 4.135989999999999979e-03
3.153500000000000000e+03 3.610889999999999846e-03
3.157500000000000000e+03 3.134759999999999890e-03
3.161500000000000000e+03 2.701670000000000200e-03
3.165500000000000000e+03 2.311160000000000037e-03
3.169500000000000000e+03 1.969960000000000200e-03
3.173500000000000000e+03 1.677459999999999975e-03
3.177500000000000000e+03 1.418449999999999919e-03
3.181500000000000000e+03 1.177550000000000081e-03
3.185500000000000000e+03 9.618689999999999619e-04
3.189500000000000000e+03 7.928100000000000208e-04
3.193500000000000000e+03 6.627179999999999660e-04
3.197500000000000000e+03 5.469830000000000178e-04
3.201500000000000000e+03 4.256719999999999862e-04
3.205500000000000000e+03 3.432180000000000062e-04
3.209500000000000000e+03 2.847570000000000114e-04
3.213500000000000000e+03 2.350289999999999888e-04
3.217500000000000000e+03 1.959809999999999927e-04
3.221500000000000000e+03 1.641400000000000107e-04
3.225500000000000000e+03 1.373330000000000080e-04
3.229500000000000000e+03 1.167250000000000048e-04
3.233500000000000000e+03 9.966719999999999334e-05
3.237500000000000000e+03 8.554149999999999406e-05
3.241500000000000000e+03 7.460389999999999903e-05
3.245500000000000000e+03 6.543760000000000516e-05
3.249500000000000000e+03 5.810020000000000321e-05
3.253500000000000000e+03 5.250870000000000092e-05
3.257500000000000000e+03 4.794309999999999842e-05
3.261500000000000000e+03 4.466089999999999790e-05
3.265500000000000000e+03 4.227920000000000002e-05
3.269500000000000000e+03 4.034129999999999948e-05
3.273500000000000000e+03 3.907900000000000311e-05
3.277500000000000000e+03 3.814919999999999721e-05
3.281500000000000000e+03 3.739639999999999994e-05
3.285500000000000000e+03 3.691279999999999664e-05
3.289500000000000000e+03 3.623599999999999662e-05
3.293500000000000000e+03 3.542439999999999917e-05
3.297500000000000000e+03 3.469360000000000271e-05
3.301500000000000000e+03 3.394780000000000047e-05
3.305500000000000000e+03 3.317250000000000130e-05
3.309500000000000000e+03 3.266290000000000198e-05
3.313500000000000000e+03 3.204299999999999797e-05
3.317500000000000000e+03 3.151690000000000313e-05
3.321500000000000000e+03 3.074589999999999984e-05
3.325500000000000000e+03 2.987559999999999904e-05
3.329500000000000000e+03 2.907260000000000012e-05
3.333500000000000000e+03 2.836749999999999903e-05
3.337500000000000000e+03 2.756229999999999867e-05
3.341500000000000000e+03 2.662100000000000143e-05
3.345500000000000000e+03 2.554220000000000085e-05
3.349500000000000000e+03 2.467570000000000161e-05
3.353500000000000000e+03 2.394430000000000045e-05
3.357500000000000000e+03 2.333049999999999965e-05
3.361500000000000000e+03 2.283769999999999989e-05
3.365500000000000000e+03 2.236129999999999883e-05
3.369500000000000000e+03 2.183390000000000114e-05
3.373500000000000000e+03 2.142469999999999835e-05
3.377500000000000000e+03 2.116190000000000147e-05
3.381500000000000000e+03 2.100669999999999998e-05
3.385500000000000000e+03 2.098980000000000019e-05
3.389500000000000000e+03 2.104910000000000147e-05
3.393500000000000000e+03 2.113520000000000053e-05
3.397500000000000000e+03 2.123189999999999911e-05
3.401500000000000000e+03 2.136700000000000058e-05
3.405500000000000000e+03 2.153850000000000054e-05
3.409500000000000000e+03 2.173960000000000104e-05
3.413500000000000000e+03 2.198129999999999908e-05
3.417500000000000000e+03 2.220699999999999931e-05
3.421500000000000000e+03 2.236279999999999873e-05
3.425500000000000000e+03 2.250420000000000046e-05
3.429500000000000000e+03 2.263219999999999991e-05
3.433500000000000000e+03 2.281000000000000014e-05
3.437500000000000000e+03 2.301140000000000130e-05
3.441500000000000000e+03 2.326120000000000016e-05
3.445500000000000000e+03 2.349859999999999894e-05
3.449500000000000000e+03 2.372889999999999909e-05
3.453500000000000000e+03 2.400620000000000065e-05
3.457500000000000000e+03 2.436050000000000165e-05
3.461500000000000000e+03 2.474879999999999927e-05
3.465500000000000000e+03 2.524149999999999880e-05
3.469500000000000000e+03 2.571560000000000160e-05
3.473500000000000000e+03 2.617959999999999919e-05
3.477500000000000000e+03 2.658319999999999986e-05
3.481500000000000000e+03 2.693590000000000074e-05
3.485500000000000000e+03 2.722470000000000041e-05
3.489500000000000000e+03 2.746329999999999843e-05
3.493500000000000000e+03 2.764009999999999986e-05
3.497500000000000000e+03 2.774710000000000070e-05
3.501500000000000000e+03 2.774530000000000014e-05
3.505500000000000000e+03 2.770230000000000072e-05
3.509500000000000000e+03 2.763529999999999950e-05
3.513500000000000000e+03 2.754859999999999912e-05
3.517500000000000000e+03 2.730639999999999999e-05
3.521500000000000000e+03 2.709660000000000074e-05
3.525500000000000000e+03 2.683639999999999940e-05
3.529500000000000000e+03 2.659389999999999961e-05
3.533500000000000000e+03 2.651420000000000103e-05
3.537500000000000000e+03 2.651509999999999962e-05
3.541500000000000000e+03 2.656409999999999864e-05
3.545500000000000000e+03 2.666710000000000087e-05
3.549500000000000000e+03 2.516370000000000100e-05
3.553500000000000000e+03 2.184209999999999879e-05
3.557500000000000000e+03 1.921419999999999977e-05
3.561500000000000000e+03 1.633229999999999947e-05
3.565500000000000000e+03 1.324080000000000035e-05
3.569500000000000000e+03 1.254729999999999928e-05
3.573500000000000000e+03 1.262030000000000011e-05
3.577500000000000000e+03 1.263719999999999990e-05
3.581500000000000000e+03 1.256960000000000075e-05
3.585500000000000000e+03 1.035029999999999982e-05
3.589500000000000000e+03 7.140400000000000279e-06
3.593500000000000000e+03 5.609689999999999988e-06
3.597500000000000000e+03 5.603609999999999870e-06
3.601500000000000000e+03 5.597280000000000050e-06
3.605500000000000000e+03 5.590880000000000417e-06
3.609500000000000000e+03 5.605919999999999683e-06
3.613500000000000000e+03 5.648850000000000134e-06
3.617500000000000000e+03 5.708700000000000078e-06
3.621500000000000000e+03 5.816310000000000391e-06
3.625500000000000000e+03 5.945330000000000047e-06
3.629500000000000000e+03 6.122560000000000212e-06
3.633500000000000000e+03 6.312090000000000242e-06
3.637500000000000000e+03 6.512049999999999764e-06
3.641500000000000000e+03 6.725179999999999873e-06
3.645500000000000000e+03 6.937790000000000028e-06
3.649500000000000000e+03 7.149969999999999748e-06
3.653500000000000000e+03 7.352290000000000041e-06
3.657500000000000000e+03 7.538820000000000269e-06
3.661500000000000000e+03 7.718139999999999257e-06
3.665500000000000000e+03 7.850430000000000662e-06
3.669500000000000000e+03 7.958109999999999942e-06
3.673500000000000000e+03 8.021850000000000115e-06
3.677500000000000000e+03 8.022000000000000444e-06
3.681500000000000000e+03 7.994689999999999176e-06
3.685500000000000000e+03 7.911469999999999996e-06
3.689500000000000000e+03 7.848449999999999370e-06
3.693500000000000000e+03 7.768020000000000548e-06
3.697500000000000000e+03 7.701749999999999571e-06
3.701500000000000000e+03 7.645120000000000420e-06
3.705500000000000000e+03 7.621930000000000224e-06
3.709500000000000000e+03 7.612060000000000096e-06
3.713500000000000000e+03 7.602199999999999821e-06
3.717500000000000000e+03 7.592340000000000393e-06
3.721500000000000000e+03 7.582399999999999604e-06
3.725500000000000000e+03 7.572430000000000105e-06
3.729500000000000000e+03 7.562389999999999943e-06
3.733500000000000000e+03 7.552320000000000224e-06
3.737500000000000000e+03 7.542179999999999844e-06
3.741500000000000000e+03 7.531980000000000348e-06
3.745500000000000000e+03 7.521770000000000153e-06
3.749500000000000000e+03 7.511569999999999810e-06
3.753500000000000000e+03 7.501380000000000167e-06
3.757500000000000000e+03 7.491189999999999676e-06
3.761500000000000000e+03 7.481910000000000165e-06
3.765500000000000000e+03 7.504010000000000343e-06
3.769500000000000000e+03 7.541029999999999863e-06
3.773500000000000000e+03 7.597829999999999895e-06
3.777500000000000000e+03 7.645079999999999316e-06
3.781500000000000000e+03 7.699259999999999871e-06
3.785500000000000000e+03 7.759679999999999879e-06
3.789500000000000000e+03 7.823829999999999934e-06
3.793500000000000000e+03 7.868839999999999356e-06
3.797500000000000000e+03 7.890820000000000456e-06
3.801500000000000000e+03 7.889379999999999670e-06
3.805500000000000000e+03 7.891999999999999994e-06
3.809500000000000000e+03 7.903419999999999285e-06
3.813500000000000000e+03 7.928380000000000483e-06
3.817500000000000000e+03 7.943989999999999813e-06
3.821500000000000000e+03 8.002589999999999557e-06
3.825500000000000000e+03 8.078359999999999342e-06
3.829500000000000000e+03 8.204470000000000409e-06
3.833500000000000000e+03 8.325079999999999582e-06
3.837500000000000000e+03 8.451829999999999681e-06
3.841500000000000000e+03 8.583829999999999434e-06
3.845500000000000000e+03 8.726550000000000330e-06
3.849500000000000000e+03 8.859999999999999874e-06
3.853500000000000000e+03 8.976730000000000364e-06
3.857500000000000000e+03 9.077030000000000065e-06
3.861500000000000000e+03 9.179459999999999692e-06
3.865500000000000000e+03 9.264180000000000467e-06
3.869500000000000000e+03 9.343560000000000374e-06
3.873500000000000000e+03 9.391120000000000305e-06
3.877500000000000000e+03 9.421130000000000717e-06
3.881500000000000000e+03 9.450640000000000033e-06
3.885500000000000000e+03 9.490390000000000796e-06
3.889500000000000000e+03 9.570629999999999879e-06
3.893500000000000000e+03 9.649519999999999390e-06
3.897500000000000000e+03 9.756330000000000490e-06
3.901500000000000000e+03 9.861749999999999219e-06
3.905500000000000000e+03 1.000619999999999917e-05
3.909500000000000000e+03 1.013929999999999964e-05
3.913500000000000000e+03 1.026260000000000064e-05
3.917500000000000000e+03 1.036569999999999971e-05
3.921500000000000000e+03 1.050379999999999928e-05
3.925500000000000000e+03 1.064730000000000053e-05
3.929500000000000000e+03 1.081260000000000046e-05
3.933500000000000000e+03 1.098240000000000009e-05
3.937500000000000000e+03 1.117510000000000080e-05
3.941500000000000000e+03 1.136069999999999950e-05
3.945500000000000000e+03 1.150240000000000019e-05
3.949500000000000000e+03 1.161629999999999922e-05
3.953500000000000000e+03 1.167950000000000058e-05
3.957500000000000000e+03 1.174050000000000050e-05
3.961500000000000000e+03 1.175639999999999979e-05
3.965500000000000000e+03 1.176319999999999945e-05
3.969500000000000000e+03 1.177159999999999924e-05
3.973500000000000000e+03 1.179559999999999935e-05
3.977500000000000000e+03 1.184240000000000032e-05
3.981500000000000000e+03 1.189110000000000038e-05
3.985500000000000000e+03 1.196670000000000013e-05
3.989500000000000000e+03 1.206260000000000035e-05
3.993500000000000000e+03 1.217669999999999982e-05
3.997500000000000000e+03 1.232300000000000043e-05
4.001500000000000000e+03 1.247210000000000041e-05
4.005500000000000000e+03 1.263319999999999959e-05
4.009500000000000000e+03 1.277050000000000080e-05
4.013500000000000000e+03 1.289860000000000048e-05
4.017500000000000000e+03 1.301290000000000038e-05
4.021500000000000000e+03 1.313720000000000019e-05
4.025500000000000000e+03 1.325780000000000036e-05
4.029500000000000000e+03 1.336830000000000040e-05
4.033500000000000000e+03 1.347490000000000036e-05
4.037500000000000000e+03 1.359409999999999915e-05
4.041500000000000000e+03 1.372540000000000076e-05
4.045500000000000000e+03 1.385539999999999951e-05
4.049500000000000000e+03 1.397540000000000006e-05
4.053500000000000000e+03 1.411920000000000028e-05
4.057500000000000000e+03 1.427460000000000052e-05
4.061500000000000000e+03 1.444380000000000052e-05
4.065500000000000000e+03 1.460259999999999975e-05
4.069500000000000000e+03 1.476120000000000023e-05
4.073500000000000000e+03 1.492050000000000055e-05
4.077500000000000000e+03 1.506529999999999957e-05
4.081500000000000000e+03 1.519649999999999926e-05
4.085500000000000000e+03 1.531269999999999994e-05
4.089500000000000000e+03 1.544890000000000044e-05
4.093500000000000000e+03 1.559090000000000009e-05
4.097500000000000000e+03 1.574839999999999986e-05
4.101500000000000000e+03 1.590300000000000004e-05
4.105500000000000000e+03 1.607549999999999881e-05
4.109500000000000000e+03 1.623100000000000096e-05
4.113500000000000000e+03 1.638110000000000144e-05
4.117500000000000000e+03 1.651250000000000157e-05
4.121500000000000000e+03 1.665989999999999951e-05
4.125500000000000000e+03 1.680679999999999975e-05
4.129500000000000000e+03 1.695750000000000154e-05
4.133500000000000000e+03 1.710530000000000037e-05
4.137500000000000000e+03 1.726500000000000156e-05
4.141500000000000000e+03 1.745999999999999885e-05
4.145500000000000000e+03 1.766729999999999939e-05
4.149500000000000000e+03 1.787419999999999905e-05
4.153500000000000000e+03 1.811450000000000080e-05
4.157500000000000000e+03 1.836170000000000074e-05
4.161500000000000000e+03 1.864529999999999917e-05
4.165500000000000000e+03 1.894819999999999927e-05
4.169500000000000000e+03 1.925350000000000124e-05
4.173500000000000000e+03 1.956459999999999899e-05
4.177500000000000000e+03 1.986370000000000093e-05
4.181500000000000000e+03 2.016060000000000142e-05
4.185500000000000000e+03 2.041729999999999847e-05
4.189500000000000000e+03 2.065249999999999920e-05
4.193500000000000000e+03 2.083209999999999999e-05
4.197500000000000000e+03 2.035439999999999946e-05
4.201500000000000000e+03 1.966580000000000067e-05
4.205500000000000000e+03 1.879499999999999877e-05
4.209500000000000000e+03 1.816609999999999875e-05
4.213500000000000000e+03 1.758490000000000167e-05
4.217500000000000000e+03 1.690450000000000053e-05
4.221500000000000000e+03 1.634070000000000094e-05
4.225500000000000000e+03 1.595120000000000069e-05
4.229500000000000000e+03 1.645050000000000115e-05
4.233500000000000000e+03 1.723749999999999886e-05
4.237500000000000000e+03 1.801230000000000032e-05
4.241500000000000000e+03 1.897350000000000054e-05
4.245500000000000000e+03 1.996400000000000063e-05
4.249500000000000000e+03 2.118559999999999923e-05
4.253500000000000000e+03 2.225179999999999929e-05
4.257500000000000000e+03 2.324890000000000029e-05
4.261500000000000000e+03 2.395070000000000093e-05
4.265500000000000000e+03 2.436930000000000061e-05
4.269500000000000000e+03 2.473029999999999936e-05
4.273500000000000000e+03 2.345089999999999938e-05
4.277500000000000000e+03 2.045080000000000078e-05
4.281500000000000000e+03 1.719200000000000074e-05
4.285500000000000000e+03 1.363720000000000049e-05
4.289500000000000000e+03 1.064599999999999938e-05
4.293500000000000000e+03 7.037700000000000398e-06
4.297500000000000000e+03 3.946019999999999702e-06
4.301500000000000000e+03 1.030109999999999951e-06
