8.002000000000000000e+03 0.000000000000000000e+00
8.017000000000000000e+03 1.898120000000000006e-06
8.032000000000000000e+03 1.583360000000000033e-05
8.047000000000000000e+03 3.021239999999999893e-05
8.062000000000000000e+03 3.314740000000000048e-05
8.077000000000000000e+03 3.348249999999999664e-05
8.092000000000000000e+03 3.114759999999999973e-05
8.107000000000000000e+03 2.982360000000000021e-05
8.122000000000000000e+03 4.380400000000000277e-05
8.137000000000000000e+03 6.251010000000000312e-05
8.152000000000000000e+03 6.862089999999999889e-05
8.167000000000000000e+03 6.941040000000000209e-05
8.182000000000000000e+03 6.758550000000000538e-05
8.197000000000000000e+03 6.487170000000000436e-05
8.212000000000000000e+03 6.664639999999999941e-05
8.227000000000000000e+03 7.090490000000000616e-05
8.242000000000000000e+03 8.354279999999999573e-05
8.257000000000000000e+03 1.283420000000000123e-04
8.272000000000000000e+03 1.698830000000000132e-04
8.287000000000000000e+03 2.039649999999999894e-04
8.302000000000000000e+03 2.584090000000000258e-04
8.317000000000000000e+03 3.686219999999999818e-04
8.332000000000000000e+03 5.117739999999999963e-04
8.347000000000000000e+03 7.363650000000000013e-04
8.362000000000000000e+03 1.056679999999999946e-03
8.377000000000000000e+03 1.619390000000000066e-03
8.392000000000000000e+03 2.395550000000000197e-03
8.407000000000000000e+03 3.642040000000000034e-03
8.422000000000000000e+03 4.729640000000000233e-03
8.437000000000000000e+03 5.437560000000000136e-03
8.452000000000000000e+03 6.444110000000000289e-03
8.467000000000000000e+03 8.056640000000000329e-03
8.482000000000000000e+03 9.690779999999999533e-03
8.497000000000000000e+03 1.130399999999999981e-02
8.512000000000000000e+03 1.356510000000000007e-02
8.527000000000000000e+03 1.684439999999999896e-02
8.542000000000000000e+03 2.010769999999999919e-02
8.557000000000000000e+03 2.336560000000000026e-02
8.572000000000000000e+03 2.633970000000000061e-02
8.587000000000000000e+03 2.898600000000000135e-02
8.602000000000000000e+03 3.269670000000000215e-02
8.617000000000000000e+03 3.767100000000000309e-02
8.632000000000000000e+03 4.433990000000000153e-02
8.647000000000000000e+03 5.316860000000000336e-02
8.662000000000000000e+03 6.589150000000000562e-02
8.677000000000000000e+03 8.287029999999999397e-02
8.692000000000000000e+03 1.002129999999999965e-01
8.707000000000000000e+03 1.226710000000000023e-01
8.722000000000000000e+03 1.529729999999999979e-01
8.737000000000000000e+03 1.860950000000000104e-01
8.752000000000000000e+03 2.265429999999999944e-01
8.767000000000000000e+03 2.698369999999999935e-01
8.782000000000000000e+03 3.138170000000000126e-01
8.797000000000000000e+03 3.553470000000000240e-01
8.812000000000000000e+03 3.996250000000000080e-01
8.827000000000000000e+03 4.424710000000000032e-01
8.842000000000000000e+03 4.817679999999999740e-01
8.857000000000000000e+03 5.184569999999999457e-01
8.872000000000000000e+03 5.474320000000000297e-01
8.887000000000000000e+03 5.716219999999999635e-01
8.902000000000000000e+03 5.900379999999999514e-01
8.917000000000000000e+03 6.070470000000000033e-01
8.932000000000000000e+03 6.226730000000000320e-01
8.947000000000000000e+03 6.342109999999999692e-01
8.962000000000000000e+03 6.478199999999999514e-01
8.977000000000000000e+03 6.630310000000000370e-01
8.992000000000000000e+03 6.769269999999999454e-01
9.007000000000000000e+03 6.917799999999999505e-01
9.022000000000000000e+03 7.068240000000000078e-01
9.037000000000000000e+03 7.198740000000000139e-01
9.052000000000000000e+03 7.325519999999999810e-01
9.067000000000000000e+03 7.434760000000000257e-01
9.082000000000000000e+03 7.481740000000000057e-01
9.097000000000000000e+03 7.494199999999999751e-01
9.112000000000000000e+03 7.527690000000000214e-01
9.127000000000000000e+03 7.582060000000000466e-01
9.142000000000000000e+03 7.656199999999999672e-01
9.157000000000000000e+03 7.775109999999999522e-01
9.172000000000000000e+03 7.919129999999999781e-01
9.187000000000000000e+03 8.085339999999999749e-01
9.202000000000000000e+03 8.261990000000000167e-01
9.217000000000000000e+03 8.463610000000000300e-01
9.232000000000000000e+03 8.657610000000000028e-01
9.247000000000000000e+03 8.850329999999999586e-01
9.262000000000000000e+03 9.061129999999999463e-01
9.277000000000000000e+03 9.265619999999999967e-01
9.292000000000000000e+03 9.469410000000000327e-01
9.307000000000000000e+03 9.636320000000000441e-01
9.322000000000000000e+03 9.762870000000000159e-01
9.337000000000000000e+03 9.845939999999999692e-01
9.352000000000000000e+03 9.895530000000000159e-01
9.367000000000000000e+03 9.943440000000000056e-01
9.382000000000000000e+03 9.961459999999999759e-01
9.397000000000000000e+03 9.961710000000000287e-01
9.412000000000000000e+03 9.955289999999999973e-01
9.427000000000000000e+03 9.950269999999999948e-01
9.442000000000000000e+03 9.930130000000000345e-01
9.457000000000000000e+03 9.921670000000000211e-01
9.472000000000000000e+03 9.956099999999999950e-01
9.487000000000000000e+03 1.000000000000000000e+00
9.502000000000000000e+03 9.998759999999999870e-01
9.517000000000000000e+03 9.948449999999999793e-01
9.532000000000000000e+03 9.905100000000000016e-01
9.547000000000000000e+03 9.895909999999999984e-01
9.562000000000000000e+03 9.904929999999999568e-01
9.577000000000000000e+03 9.893340000000000467e-01
9.592000000000000000e+03 9.882579999999999698e-01
9.607000000000000000e+03 9.880170000000000341e-01
9.622000000000000000e+03 9.834519999999999929e-01
9.637000000000000000e+03 9.720670000000000144e-01
9.652000000000000000e+03 9.596519999999999495e-01
9.667000000000000000e+03 9.437889999999999890e-01
9.682000000000000000e+03 9.196539999999999715e-01
9.697000000000000000e+03 8.899489999999999901e-01
9.712000000000000000e+03 8.606049999999999534e-01
9.727000000000000000e+03 8.319079999999999808e-01
9.742000000000000000e+03 7.982240000000000446e-01
9.757000000000000000e+03 7.619080000000000297e-01
9.772000000000000000e+03 7.194469999999999477e-01
9.787000000000000000e+03 6.739659999999999540e-01
9.802000000000000000e+03 6.274659999999999682e-01
9.817000000000000000e+03 5.802329999999999988e-01
9.832000000000000000e+03 5.366340000000000554e-01
9.847000000000000000e+03 4.996780000000000110e-01
9.862000000000000000e+03 4.702230000000000021e-01
9.877000000000000000e+03 4.466890000000000027e-01
9.892000000000000000e+03 4.269220000000000237e-01
9.907000000000000000e+03 4.108609999999999762e-01
9.922000000000000000e+03 3.971100000000000185e-01
9.937000000000000000e+03 3.866269999999999984e-01
9.952000000000000000e+03 3.801740000000000119e-01
9.967000000000000000e+03 3.751789999999999847e-01
9.982000000000000000e+03 3.706820000000000115e-01
9.997000000000000000e+03 3.650370000000000004e-01
1.001200000000000000e+04 3.585010000000000141e-01
1.002700000000000000e+04 3.523149999999999893e-01
1.004200000000000000e+04 3.471870000000000234e-01
1.005700000000000000e+04 3.398419999999999774e-01
1.007200000000000000e+04 3.266709999999999892e-01
1.008700000000000000e+04 3.117349999999999843e-01
1.010200000000000000e+04 2.949049999999999727e-01
1.011700000000000000e+04 2.791870000000000185e-01
1.013200000000000000e+04 2.687590000000000257e-01
1.014700000000000000e+04 2.572969999999999979e-01
1.016200000000000000e+04 2.417960000000000109e-01
1.017700000000000000e+04 2.224700000000000011e-01
1.019200000000000000e+04 2.054410000000000125e-01
1.020700000000000000e+04 1.898880000000000012e-01
1.022200000000000000e+04 1.743540000000000090e-01
1.023700000000000000e+04 1.594480000000000064e-01
1.025200000000000000e+04 1.437859999999999971e-01
1.026700000000000000e+04 1.242169999999999941e-01
1.028200000000000000e+04 1.035490000000000022e-01
1.029700000000000000e+04 8.205439999999999956e-02
1.031200000000000000e+04 6.227230000000000265e-02
1.032700000000000000e+04 4.571139999999999926e-02
1.034200000000000000e+04 3.208790000000000253e-02
1.035700000000000000e+04 2.329180000000000139e-02
1.037200000000000000e+04 1.670519999999999991e-02
1.038700000000000000e+04 1.196820000000000002e-02
1.040200000000000000e+04 8.553740000000000648e-03
1.041700000000000000e+04 5.551320000000000213e-03
1.043200000000000000e+04 3.328240000000000105e-03
1.044700000000000000e+04 1.950059999999999988e-03
1.046200000000000000e+04 1.478429999999999979e-03
1.047700000000000000e+04 1.110059999999999953e-03
1.049200000000000000e+04 8.779909999999999494e-04
1.050700000000000000e+04 6.611479999999999657e-04
1.052200000000000000e+04 5.065259999999999815e-04
1.053700000000000000e+04 3.783580000000000255e-04
1.055200000000000000e+04 3.146989999999999900e-04
1.056700000000000000e+04 2.573489999999999784e-04
1.058200000000000000e+04 1.751459999999999931e-04
1.059700000000000000e+04 9.354720000000000450e-05
1.061200000000000000e+04 6.575900000000000517e-05
1.062700000000000000e+04 5.897589999999999891e-05
1.064200000000000000e+04 5.274839999999999797e-05
1.065700000000000000e+04 4.509929999999999695e-05
1.067200000000000000e+04 4.057710000000000152e-05
1.068700000000000000e+04 3.939529999999999871e-05
1.070200000000000000e+04 3.637420000000000150e-05
1.071700000000000000e+04 3.077170000000000220e-05
1.073200000000000000e+04 2.724419999999999913e-05
1.074700000000000000e+04 2.671279999999999944e-05
1.076200000000000000e+04 2.667119999999999970e-05
1.077700000000000000e+04 2.791880000000000110e-05
1.079200000000000000e+04 2.881470000000000044e-05
1.080700000000000000e+04 2.831539999999999998e-05
1.082200000000000000e+04 2.753639999999999948e-05
1.083700000000000000e+04 2.636809999999999916e-05
1.085200000000000000e+04 2.317549999999999859e-05
1.086700000000000000e+04 1.216579999999999963e-05
1.088200000000000000e+04 1.725530000000000020e-06
