3.555500000000000000e+03 0.000000000000000000e+00
3.563500000000000000e+03 7.159689999999999970e-07
3.571500000000000000e+03 2.989310000000000183e-06
3.579500000000000000e+03 6.026190000000000150e-06
3.587500000000000000e+03 7.536319999999999869e-06
3.595500000000000000e+03 7.413320000000000369e-06
3.603500000000000000e+03 7.047509999999999716e-06
3.611500000000000000e+03 6.716090000000000101e-06
3.619500000000000000e+03 6.531020000000000363e-06
3.627500000000000000e+03 6.492699999999999687e-06
3.635500000000000000e+03 7.230079999999999901e-06
3.643500000000000000e+03 1.033350000000000025e-05
3.651500000000000000e+03 1.351900000000000050e-05
3.659500000000000000e+03 1.425099999999999959e-05
3.667500000000000000e+03 1.417170000000000020e-05
3.675500000000000000e+03 1.412920000000000018e-05
3.683500000000000000e+03 1.693890000000000142e-05
3.691500000000000000e+03 2.588040000000000043e-05
3.699500000000000000e+03 3.513379999999999894e-05
3.707500000000000000e+03 3.840579999999999743e-05
3.715500000000000000e+03 3.889370000000000338e-05
3.723500000000000000e+03 4.940769999999999792e-05
3.731500000000000000e+03 7.838049999999999943e-05
3.739500000000000000e+03 9.951430000000000367e-05
3.747500000000000000e+03 1.104529999999999943e-04
3.755500000000000000e+03 1.222089999999999949e-04
3.763500000000000000e+03 1.269879999999999978e-04
3.771500000000000000e+03 1.280359999999999918e-04
3.779500000000000000e+03 1.294570000000000041e-04
3.787500000000000000e+03 1.314719999999999908e-04
3.795500000000000000e+03 1.333809999999999889e-04
3.803500000000000000e+03 1.356630000000000054e-04
3.811500000000000000e+03 1.387860000000000092e-04
3.819500000000000000e+03 1.421740000000000113e-04
3.827500000000000000e+03 1.439920000000000132e-04
3.835500000000000000e+03 1.451459999999999957e-04
3.843500000000000000e+03 1.471660000000000069e-04
3.851500000000000000e+03 1.486749999999999953e-04
3.859500000000000000e+03 1.492449999999999983e-04
3.867500000000000000e+03 1.497480000000000035e-04
3.875500000000000000e+03 1.499910000000000078e-04
3.883500000000000000e+03 1.502780000000000001e-04
3.891500000000000000e+03 1.509050000000000061e-04
3.899500000000000000e+03 1.518269999999999949e-04
3.907500000000000000e+03 1.529070000000000049e-04
3.915500000000000000e+03 1.540860000000000016e-04
3.923500000000000000e+03 1.557209999999999953e-04
3.931500000000000000e+03 1.587709999999999881e-04
3.939500000000000000e+03 1.628280000000000070e-04
3.947500000000000000e+03 1.679060000000000014e-04
3.955500000000000000e+03 1.725370000000000050e-04
3.963500000000000000e+03 1.761839999999999923e-04
3.971500000000000000e+03 1.792139999999999955e-04
3.979500000000000000e+03 1.817920000000000104e-04
3.987500000000000000e+03 1.847329999999999947e-04
3.995500000000000000e+03 1.876339999999999996e-04
4.003500000000000000e+03 1.900659999999999925e-04
4.011500000000000000e+03 1.926789999999999894e-04
4.019500000000000000e+03 1.951380000000000009e-04
4.027500000000000000e+03 1.979879999999999889e-04
4.035500000000000000e+03 2.016329999999999989e-04
4.043500000000000000e+03 2.065020000000000093e-04
4.051500000000000000e+03 2.120609999999999878e-04
4.059500000000000000e+03 2.177229999999999888e-04
4.067500000000000000e+03 2.239420000000000050e-04
4.075500000000000000e+03 2.306809999999999959e-04
4.083500000000000000e+03 2.371309999999999900e-04
4.091500000000000000e+03 2.431540000000000101e-04
4.099500000000000000e+03 2.481259999999999889e-04
4.107500000000000000e+03 2.515940000000000038e-04
4.115500000000000000e+03 2.542169999999999955e-04
4.123500000000000000e+03 2.567499999999999795e-04
4.131500000000000000e+03 2.610949999999999794e-04
4.139500000000000000e+03 2.669799999999999951e-04
4.147500000000000000e+03 2.742929999999999978e-04
4.155500000000000000e+03 2.823980000000000023e-04
4.163500000000000000e+03 2.905450000000000177e-04
4.171500000000000000e+03 2.987910000000000197e-04
4.179500000000000000e+03 3.076399999999999751e-04
4.187500000000000000e+03 3.182540000000000195e-04
4.195500000000000000e+03 3.297500000000000192e-04
4.203500000000000000e+03 3.410059999999999806e-04
4.211500000000000000e+03 3.522309999999999959e-04
4.219500000000000000e+03 3.638639999999999843e-04
4.227500000000000000e+03 3.773299999999999940e-04
4.235500000000000000e+03 3.924180000000000094e-04
4.243500000000000000e+03 4.066729999999999737e-04
4.251500000000000000e+03 4.217089999999999836e-04
4.259500000000000000e+03 4.384200000000000206e-04
4.267500000000000000e+03 4.563319999999999941e-04
4.275500000000000000e+03 4.746570000000000194e-04
4.283500000000000000e+03 4.941830000000000354e-04
4.291500000000000000e+03 5.120259999999999525e-04
4.299500000000000000e+03 5.273180000000000358e-04
4.307500000000000000e+03 5.426059999999999477e-04
4.315500000000000000e+03 5.654320000000000439e-04
4.323500000000000000e+03 5.969289999999999492e-04
4.331500000000000000e+03 6.361410000000000068e-04
4.339500000000000000e+03 6.741199999999999493e-04
4.347500000000000000e+03 7.056210000000000260e-04
4.355500000000000000e+03 7.449099999999999949e-04
4.363500000000000000e+03 7.998900000000000411e-04
4.371500000000000000e+03 8.625450000000000434e-04
4.379500000000000000e+03 9.500720000000000475e-04
4.387500000000000000e+03 1.089069999999999925e-03
4.395500000000000000e+03 1.347569999999999974e-03
4.403500000000000000e+03 1.690960000000000032e-03
4.411500000000000000e+03 2.136449999999999808e-03
4.419500000000000000e+03 2.639859999999999950e-03
4.427500000000000000e+03 3.335630000000000019e-03
4.435500000000000000e+03 4.189080000000000407e-03
4.443500000000000000e+03 5.348720000000000384e-03
4.451500000000000000e+03 6.670470000000000392e-03
4.459500000000000000e+03 8.309789999999999191e-03
4.467500000000000000e+03 1.011249999999999996e-02
4.475500000000000000e+03 1.229620000000000019e-02
4.483500000000000000e+03 1.479280000000000005e-02
4.491500000000000000e+03 1.778669999999999904e-02
4.499500000000000000e+03 2.100909999999999930e-02
4.507500000000000000e+03 2.459870000000000112e-02
4.515500000000000000e+03 2.858700000000000130e-02
4.523500000000000000e+03 3.306479999999999836e-02
4.531500000000000000e+03 3.792539999999999800e-02
4.539500000000000000e+03 4.311109999999999942e-02
4.547500000000000000e+03 4.861399999999999749e-02
4.555500000000000000e+03 5.435990000000000266e-02
4.563500000000000000e+03 6.046510000000000079e-02
4.571500000000000000e+03 6.685620000000000451e-02
4.579500000000000000e+03 7.362420000000000075e-02
4.587500000000000000e+03 8.068480000000000096e-02
4.595500000000000000e+03 8.807349999999999901e-02
4.603500000000000000e+03 9.570779999999999565e-02
4.611500000000000000e+03 1.036860000000000004e-01
4.619500000000000000e+03 1.121069999999999983e-01
4.627500000000000000e+03 1.210630000000000039e-01
4.635500000000000000e+03 1.306400000000000061e-01
4.643500000000000000e+03 1.408139999999999947e-01
4.651500000000000000e+03 1.518200000000000105e-01
4.659500000000000000e+03 1.637790000000000079e-01
4.667500000000000000e+03 1.776969999999999938e-01
4.675500000000000000e+03 1.940780000000000005e-01
4.683500000000000000e+03 2.140110000000000068e-01
4.691500000000000000e+03 2.368810000000000082e-01
4.699500000000000000e+03 2.628050000000000108e-01
4.707500000000000000e+03 2.900750000000000273e-01
4.715500000000000000e+03 3.179759999999999809e-01
4.723500000000000000e+03 3.465610000000000079e-01
4.731500000000000000e+03 3.753859999999999975e-01
4.739500000000000000e+03 4.054099999999999926e-01
4.747500000000000000e+03 4.353110000000000035e-01
4.755500000000000000e+03 4.657629999999999826e-01
4.763500000000000000e+03 4.954919999999999880e-01
4.771500000000000000e+03 5.246279999999999832e-01
4.779500000000000000e+03 5.511749999999999705e-01
4.787500000000000000e+03 5.726219999999999644e-01
4.795500000000000000e+03 5.907189999999999941e-01
4.803500000000000000e+03 6.063770000000000548e-01
4.811500000000000000e+03 6.190839999999999677e-01
4.819500000000000000e+03 6.287110000000000198e-01
4.827500000000000000e+03 6.350149999999999961e-01
4.835500000000000000e+03 6.383720000000000505e-01
4.843500000000000000e+03 6.448150000000000270e-01
4.851500000000000000e+03 6.533010000000000206e-01
4.859500000000000000e+03 6.671179999999999888e-01
4.867500000000000000e+03 6.831890000000000462e-01
4.875500000000000000e+03 7.012659999999999449e-01
4.883500000000000000e+03 7.198109999999999786e-01
4.891500000000000000e+03 7.364699999999999580e-01
4.899500000000000000e+03 7.506739999999999524e-01
4.907500000000000000e+03 7.604290000000000216e-01
4.915500000000000000e+03 7.680460000000000065e-01
4.923500000000000000e+03 7.742059999999999498e-01
4.931500000000000000e+03 7.803339999999999721e-01
4.939500000000000000e+03 7.895940000000000181e-01
4.947500000000000000e+03 8.055050000000000265e-01
4.955500000000000000e+03 8.299980000000000135e-01
4.963500000000000000e+03 8.620929999999999982e-01
4.971500000000000000e+03 8.978660000000000529e-01
4.979500000000000000e+03 9.299479999999999968e-01
4.987500000000000000e+03 9.583490000000000064e-01
4.995500000000000000e+03 9.777799999999999825e-01
5.003500000000000000e+03 9.910489999999999577e-01
5.011500000000000000e+03 9.979869999999999575e-01
5.019500000000000000e+03 1.000000000000000000e+00
5.027500000000000000e+03 9.957909999999999817e-01
5.035500000000000000e+03 9.868219999999999770e-01
5.043500000000000000e+03 9.769219999999999571e-01
5.051500000000000000e+03 9.686960000000000015e-01
5.059500000000000000e+03 9.630180000000000407e-01
5.067500000000000000e+03 9.590039999999999676e-01
5.075500000000000000e+03 9.554439999999999600e-01
5.083500000000000000e+03 9.521110000000000406e-01
5.091500000000000000e+03 9.458569999999999478e-01
5.099500000000000000e+03 9.359709999999999974e-01
5.107500000000000000e+03 9.184090000000000309e-01
5.115500000000000000e+03 8.975779999999999870e-01
5.123500000000000000e+03 8.727019999999999778e-01
5.131500000000000000e+03 8.447289999999999521e-01
5.139500000000000000e+03 8.167860000000000120e-01
5.147500000000000000e+03 7.852559999999999540e-01
5.155500000000000000e+03 7.557789999999999786e-01
5.163500000000000000e+03 7.258839999999999737e-01
5.171500000000000000e+03 6.974219999999999864e-01
5.179500000000000000e+03 6.703500000000000014e-01
5.187500000000000000e+03 6.429150000000000142e-01
5.195500000000000000e+03 6.183499999999999552e-01
5.203500000000000000e+03 5.935169999999999613e-01
5.211500000000000000e+03 5.666029999999999678e-01
5.219500000000000000e+03 5.383400000000000407e-01
5.227500000000000000e+03 5.143889999999999851e-01
5.235500000000000000e+03 4.918609999999999927e-01
5.243500000000000000e+03 4.738290000000000002e-01
5.251500000000000000e+03 4.608740000000000059e-01
5.259500000000000000e+03 4.497729999999999784e-01
5.267500000000000000e+03 4.398580000000000267e-01
5.275500000000000000e+03 4.308779999999999832e-01
5.283500000000000000e+03 4.223740000000000272e-01
5.291500000000000000e+03 4.134160000000000057e-01
5.299500000000000000e+03 4.053229999999999889e-01
5.307500000000000000e+03 3.972550000000000248e-01
5.315500000000000000e+03 3.882059999999999955e-01
5.323500000000000000e+03 3.764410000000000256e-01
5.331500000000000000e+03 3.614589999999999748e-01
5.339500000000000000e+03 3.433860000000000245e-01
5.347500000000000000e+03 3.237639999999999962e-01
5.355500000000000000e+03 3.053020000000000178e-01
5.363500000000000000e+03 2.906079999999999774e-01
5.371500000000000000e+03 2.817310000000000092e-01
5.379500000000000000e+03 2.781529999999999836e-01
5.387500000000000000e+03 2.759860000000000091e-01
5.395500000000000000e+03 2.727669999999999817e-01
5.403500000000000000e+03 2.685310000000000197e-01
5.411500000000000000e+03 2.642220000000000124e-01
5.419500000000000000e+03 2.616220000000000212e-01
5.427500000000000000e+03 2.599500000000000144e-01
5.435500000000000000e+03 2.575209999999999999e-01
5.443500000000000000e+03 2.552920000000000189e-01
5.451500000000000000e+03 2.533830000000000249e-01
5.459500000000000000e+03 2.511209999999999831e-01
5.467500000000000000e+03 2.477489999999999970e-01
5.475500000000000000e+03 2.441909999999999914e-01
5.483500000000000000e+03 2.404219999999999968e-01
5.491500000000000000e+03 2.361429999999999918e-01
5.499500000000000000e+03 2.317760000000000098e-01
5.507500000000000000e+03 2.281279999999999974e-01
5.515500000000000000e+03 2.238020000000000009e-01
5.523500000000000000e+03 2.183120000000000061e-01
5.531500000000000000e+03 2.129209999999999992e-01
5.539500000000000000e+03 2.080069999999999975e-01
5.547500000000000000e+03 2.034529999999999950e-01
5.555500000000000000e+03 1.983389999999999875e-01
5.563500000000000000e+03 1.921950000000000047e-01
5.571500000000000000e+03 1.848529999999999895e-01
5.579500000000000000e+03 1.768659999999999954e-01
5.587500000000000000e+03 1.685250000000000081e-01
5.595500000000000000e+03 1.602419999999999956e-01
5.603500000000000000e+03 1.517580000000000040e-01
5.611500000000000000e+03 1.432910000000000017e-01
5.619500000000000000e+03 1.353290000000000048e-01
5.627500000000000000e+03 1.277109999999999912e-01
5.635500000000000000e+03 1.204159999999999953e-01
5.643500000000000000e+03 1.133480000000000043e-01
5.651500000000000000e+03 1.068120000000000042e-01
5.659500000000000000e+03 1.005039999999999961e-01
5.667500000000000000e+03 9.446269999999999667e-02
5.675500000000000000e+03 8.863329999999999820e-02
5.683500000000000000e+03 8.314430000000000431e-02
5.691500000000000000e+03 7.792949999999999877e-02
5.699500000000000000e+03 7.300339999999999607e-02
5.707500000000000000e+03 6.832889999999999797e-02
5.715500000000000000e+03 6.389469999999999872e-02
5.723500000000000000e+03 5.969379999999999825e-02
5.731500000000000000e+03 5.569330000000000114e-02
5.739500000000000000e+03 5.190290000000000181e-02
5.747500000000000000e+03 4.825429999999999997e-02
5.755500000000000000e+03 4.472140000000000143e-02
5.763500000000000000e+03 4.127730000000000288e-02
5.771500000000000000e+03 3.793230000000000213e-02
5.779500000000000000e+03 3.446219999999999839e-02
5.787500000000000000e+03 3.081429999999999933e-02
5.795500000000000000e+03 2.731410000000000088e-02
5.803500000000000000e+03 2.408290000000000083e-02
5.811500000000000000e+03 2.130440000000000111e-02
5.819500000000000000e+03 1.876339999999999952e-02
5.827500000000000000e+03 1.632760000000000114e-02
5.835500000000000000e+03 1.397259999999999995e-02
5.843500000000000000e+03 1.107110000000000039e-02
5.851500000000000000e+03 7.451120000000000312e-03
5.859500000000000000e+03 4.625839999999999987e-03
5.867500000000000000e+03 3.334370000000000129e-03
5.875500000000000000e+03 2.431640000000000103e-03
5.883500000000000000e+03 1.232210000000000076e-03
5.891500000000000000e+03 4.351099999999999998e-04
5.899500000000000000e+03 1.104330000000000047e-04
5.907500000000000000e+03 1.015599999999999966e-04
5.915500000000000000e+03 9.890370000000000650e-05
5.923500000000000000e+03 9.588710000000000560e-05
5.931500000000000000e+03 9.282920000000000223e-05
5.939500000000000000e+03 8.932879999999999759e-05
5.947500000000000000e+03 8.523460000000000552e-05
5.955500000000000000e+03 8.087700000000000509e-05
5.963500000000000000e+03 7.674869999999999924e-05
5.971500000000000000e+03 6.584090000000000179e-05
5.979500000000000000e+03 4.186779999999999918e-05
5.987500000000000000e+03 1.415320000000000029e-05
5.995500000000000000e+03 7.892780000000000349e-07
