1.056500000000000000e+03 0.000000000000000000e+00
1.058500000000000000e+03 5.463639999999999964e-10
1.060500000000000000e+03 1.830299999999999976e-09
1.062500000000000000e+03 3.114240000000000198e-09
1.064500000000000000e+03 4.235980000000000090e-09
1.066500000000000000e+03 3.431959999999999799e-09
1.068500000000000000e+03 2.148230000000000139e-09
1.070500000000000000e+03 8.644970000000000392e-10
1.072500000000000000e+03 8.734350000000000037e-13
1.074500000000000000e+03 1.055620000000000100e-12
1.076500000000000000e+03 1.237800000000000037e-12
1.078500000000000000e+03 1.419789999999999951e-12
1.080500000000000000e+03 1.591350000000000080e-12
1.082500000000000000e+03 1.759639999999999962e-12
1.084500000000000000e+03 1.927920000000000130e-12
1.086500000000000000e+03 2.094170000000000153e-12
1.088500000000000000e+03 2.254020000000000123e-12
1.090500000000000000e+03 2.413789999999999957e-12
1.092500000000000000e+03 2.573550000000000076e-12
1.094500000000000000e+03 2.729249999999999907e-12
1.096500000000000000e+03 2.883030000000000086e-12
1.098500000000000000e+03 3.036819999999999979e-12
1.100500000000000000e+03 3.189710000000000148e-12
1.102500000000000000e+03 3.339130000000000131e-12
1.104500000000000000e+03 3.488259999999999921e-12
1.106500000000000000e+03 3.637390000000000115e-12
1.108500000000000000e+03 3.784370000000000363e-12
1.110500000000000000e+03 3.929790000000000363e-12
1.112500000000000000e+03 4.075210000000000363e-12
1.114500000000000000e+03 4.225379999999999914e-12
1.116500000000000000e+03 4.400790000000000275e-12
1.118500000000000000e+03 4.579860000000000238e-12
1.120500000000000000e+03 4.758940000000000319e-12
1.122500000000000000e+03 4.216329999999999745e-07
1.124500000000000000e+03 1.294470000000000076e-06
1.126500000000000000e+03 2.167840000000000068e-06
1.128500000000000000e+03 3.109670000000000078e-06
1.130500000000000000e+03 4.608799999999999818e-06
1.132500000000000000e+03 6.225049999999999801e-06
1.134500000000000000e+03 7.840230000000000319e-06
1.136500000000000000e+03 9.657779999999999544e-06
1.138500000000000000e+03 1.179900000000000003e-05
1.140500000000000000e+03 1.394049999999999977e-05
1.142500000000000000e+03 1.618379999999999911e-05
1.144500000000000000e+03 2.020249999999999843e-05
1.146500000000000000e+03 2.471149999999999879e-05
1.148500000000000000e+03 2.922059999999999938e-05
1.150500000000000000e+03 3.588989999999999666e-05
1.152500000000000000e+03 4.794100000000000060e-05
1.154500000000000000e+03 5.999199999999999753e-05
1.156500000000000000e+03 7.204300000000000124e-05
1.158500000000000000e+03 1.025010000000000000e-04
1.160500000000000000e+03 1.395169999999999993e-04
1.162500000000000000e+03 1.765330000000000122e-04
1.164500000000000000e+03 2.307830000000000027e-04
1.166500000000000000e+03 3.440270000000000047e-04
1.168500000000000000e+03 4.597029999999999996e-04
1.170500000000000000e+03 5.753789999999999946e-04
1.172500000000000000e+03 7.871380000000000520e-04
1.174500000000000000e+03 1.053179999999999915e-03
1.176500000000000000e+03 1.319230000000000012e-03
1.178500000000000000e+03 1.604310000000000068e-03
1.180500000000000000e+03 1.973410000000000095e-03
1.182500000000000000e+03 2.351479999999999976e-03
1.184500000000000000e+03 2.729559999999999799e-03
1.186500000000000000e+03 3.169309999999999836e-03
1.188500000000000000e+03 3.661479999999999943e-03
1.190500000000000000e+03 4.153640000000000110e-03
1.192500000000000000e+03 4.651950000000000182e-03
1.194500000000000000e+03 5.188459999999999774e-03
1.196500000000000000e+03 5.731550000000000186e-03
1.198500000000000000e+03 6.274639999999999732e-03
1.200500000000000000e+03 6.810309999999999975e-03
1.202500000000000000e+03 7.336890000000000425e-03
1.204500000000000000e+03 7.863490000000000757e-03
1.206500000000000000e+03 8.384239999999999401e-03
1.208500000000000000e+03 8.844029999999999253e-03
1.210500000000000000e+03 9.289550000000000585e-03
1.212500000000000000e+03 9.735070000000000182e-03
1.214500000000000000e+03 1.015970000000000067e-02
1.216500000000000000e+03 1.054590000000000041e-02
1.218500000000000000e+03 1.093270000000000006e-02
1.220500000000000000e+03 1.131949999999999970e-02
1.222500000000000000e+03 1.170460000000000077e-02
1.224500000000000000e+03 1.209389999999999944e-02
1.226500000000000000e+03 1.248450000000000081e-02
1.228500000000000000e+03 1.288339999999999971e-02
1.230500000000000000e+03 1.331120000000000046e-02
1.232500000000000000e+03 1.375559999999999977e-02
1.234500000000000000e+03 1.420159999999999999e-02
1.236500000000000000e+03 1.467949999999999984e-02
1.238500000000000000e+03 1.519470000000000022e-02
1.240500000000000000e+03 1.575580000000000036e-02
1.242500000000000000e+03 1.631099999999999911e-02
1.244500000000000000e+03 1.684389999999999846e-02
1.246500000000000000e+03 1.745029999999999845e-02
1.248500000000000000e+03 1.811499999999999916e-02
1.250500000000000000e+03 1.875599999999999837e-02
1.252500000000000000e+03 1.938290000000000152e-02
1.254500000000000000e+03 2.008439999999999878e-02
1.256500000000000000e+03 2.079299999999999898e-02
1.258500000000000000e+03 2.142020000000000035e-02
1.260500000000000000e+03 2.204990000000000075e-02
1.262500000000000000e+03 2.275529999999999914e-02
1.264500000000000000e+03 2.343639999999999959e-02
1.266500000000000000e+03 2.408139999999999933e-02
1.268500000000000000e+03 2.473759999999999848e-02
1.270500000000000000e+03 2.542559999999999959e-02
1.272500000000000000e+03 2.610029999999999989e-02
1.274500000000000000e+03 2.677239999999999828e-02
1.276500000000000000e+03 2.743790000000000118e-02
1.278500000000000000e+03 2.808839999999999948e-02
1.280500000000000000e+03 2.873179999999999831e-02
1.282500000000000000e+03 2.937580000000000052e-02
1.284500000000000000e+03 2.996740000000000168e-02
1.286500000000000000e+03 3.050430000000000155e-02
1.288500000000000000e+03 3.104660000000000059e-02
1.290500000000000000e+03 3.158570000000000128e-02
1.292500000000000000e+03 3.209000000000000047e-02
1.294500000000000000e+03 3.260919999999999791e-02
1.296500000000000000e+03 3.315239999999999854e-02
1.298500000000000000e+03 3.367669999999999692e-02
1.300500000000000000e+03 3.413340000000000124e-02
1.302500000000000000e+03 3.459949999999999831e-02
1.304500000000000000e+03 3.516079999999999900e-02
1.306500000000000000e+03 3.572030000000000344e-02
1.308500000000000000e+03 3.625230000000000119e-02
1.310500000000000000e+03 3.681580000000000269e-02
1.312500000000000000e+03 3.744730000000000281e-02
1.314500000000000000e+03 3.811439999999999967e-02
1.316500000000000000e+03 3.884309999999999846e-02
1.318500000000000000e+03 3.962000000000000244e-02
1.320500000000000000e+03 4.047479999999999828e-02
1.322500000000000000e+03 4.141249999999999792e-02
1.324500000000000000e+03 4.244909999999999656e-02
1.326500000000000000e+03 4.352210000000000106e-02
1.328500000000000000e+03 4.471830000000000249e-02
1.330500000000000000e+03 4.599269999999999747e-02
1.332500000000000000e+03 4.733939999999999676e-02
1.334500000000000000e+03 4.871319999999999817e-02
1.336500000000000000e+03 5.022419999999999662e-02
1.338500000000000000e+03 5.171429999999999777e-02
1.340500000000000000e+03 5.327269999999999922e-02
1.342500000000000000e+03 5.487820000000000198e-02
1.344500000000000000e+03 5.651660000000000017e-02
1.346500000000000000e+03 5.813370000000000343e-02
1.348500000000000000e+03 5.979650000000000243e-02
1.350500000000000000e+03 6.151079999999999742e-02
1.352500000000000000e+03 6.321029999999999704e-02
1.354500000000000000e+03 6.490740000000000398e-02
1.356500000000000000e+03 6.661849999999999716e-02
1.358500000000000000e+03 6.832430000000000447e-02
1.360500000000000000e+03 7.002339999999999953e-02
1.362500000000000000e+03 7.171399999999999997e-02
1.364500000000000000e+03 7.335379999999999678e-02
1.366500000000000000e+03 7.500060000000000060e-02
1.368500000000000000e+03 7.664219999999999366e-02
1.370500000000000000e+03 7.822859999999999536e-02
1.372500000000000000e+03 7.979740000000000444e-02
1.374500000000000000e+03 8.147029999999999550e-02
1.376500000000000000e+03 8.316859999999999531e-02
1.378500000000000000e+03 8.473300000000000276e-02
1.380500000000000000e+03 8.632209999999999883e-02
1.382500000000000000e+03 8.790019999999999778e-02
1.384500000000000000e+03 8.943339999999999623e-02
1.386500000000000000e+03 9.095179999999999931e-02
1.388500000000000000e+03 9.255470000000000363e-02
1.390500000000000000e+03 9.418210000000000470e-02
1.392500000000000000e+03 9.583440000000000014e-02
1.394500000000000000e+03 9.752879999999999883e-02
1.396500000000000000e+03 9.926219999999999488e-02
1.398500000000000000e+03 1.009960000000000024e-01
1.400500000000000000e+03 1.027980000000000005e-01
1.402500000000000000e+03 1.046180000000000027e-01
1.404500000000000000e+03 1.064419999999999950e-01
1.406500000000000000e+03 1.083070000000000005e-01
1.408500000000000000e+03 1.102120000000000044e-01
1.410500000000000000e+03 1.121179999999999954e-01
1.412500000000000000e+03 1.140729999999999938e-01
1.414500000000000000e+03 1.159479999999999955e-01
1.416500000000000000e+03 1.178010000000000029e-01
1.418500000000000000e+03 1.196269999999999972e-01
1.420500000000000000e+03 1.214589999999999975e-01
1.422500000000000000e+03 1.232010000000000050e-01
1.424500000000000000e+03 1.249740000000000018e-01
1.426500000000000000e+03 1.267900000000000138e-01
1.428500000000000000e+03 1.285409999999999886e-01
1.430500000000000000e+03 1.303370000000000084e-01
1.432500000000000000e+03 1.322399999999999964e-01
1.434500000000000000e+03 1.341400000000000092e-01
1.436500000000000000e+03 1.359489999999999865e-01
1.438500000000000000e+03 1.378449999999999953e-01
1.440500000000000000e+03 1.399050000000000016e-01
1.442500000000000000e+03 1.417849999999999944e-01
1.444500000000000000e+03 1.436280000000000057e-01
1.446500000000000000e+03 1.454920000000000102e-01
1.448500000000000000e+03 1.475569999999999937e-01
1.450500000000000000e+03 1.494510000000000005e-01
1.452500000000000000e+03 1.513470000000000093e-01
1.454500000000000000e+03 1.533249999999999891e-01
1.456500000000000000e+03 1.553209999999999869e-01
1.458500000000000000e+03 1.575999999999999901e-01
1.460500000000000000e+03 1.602329999999999866e-01
1.462500000000000000e+03 1.640000000000000069e-01
1.464500000000000000e+03 1.685470000000000024e-01
1.466500000000000000e+03 1.749960000000000127e-01
1.468500000000000000e+03 1.829540000000000055e-01
1.470500000000000000e+03 1.928700000000000137e-01
1.472500000000000000e+03 2.043949999999999934e-01
1.474500000000000000e+03 2.165420000000000122e-01
1.476500000000000000e+03 2.284519999999999884e-01
1.478500000000000000e+03 2.400549999999999906e-01
1.480500000000000000e+03 2.497030000000000083e-01
1.482500000000000000e+03 2.580339999999999856e-01
1.484500000000000000e+03 2.644000000000000239e-01
1.486500000000000000e+03 2.692439999999999833e-01
1.488500000000000000e+03 2.729670000000000152e-01
1.490500000000000000e+03 2.756830000000000114e-01
1.492500000000000000e+03 2.783229999999999871e-01
1.494500000000000000e+03 2.811919999999999975e-01
1.496500000000000000e+03 2.842459999999999987e-01
1.498500000000000000e+03 2.878290000000000015e-01
1.500500000000000000e+03 2.919900000000000273e-01
1.502500000000000000e+03 2.964860000000000273e-01
1.504500000000000000e+03 3.009419999999999873e-01
1.506500000000000000e+03 3.054990000000000205e-01
1.508500000000000000e+03 3.102460000000000218e-01
1.510500000000000000e+03 3.149660000000000237e-01
1.512500000000000000e+03 3.194279999999999897e-01
1.514500000000000000e+03 3.238289999999999780e-01
1.516500000000000000e+03 3.282120000000000037e-01
1.518500000000000000e+03 3.325009999999999910e-01
1.520500000000000000e+03 3.367839999999999723e-01
1.522500000000000000e+03 3.410949999999999815e-01
1.524500000000000000e+03 3.454160000000000008e-01
1.526500000000000000e+03 3.494820000000000149e-01
1.528500000000000000e+03 3.536860000000000004e-01
1.530500000000000000e+03 3.581969999999999876e-01
1.532500000000000000e+03 3.618689999999999962e-01
1.534500000000000000e+03 3.646380000000000177e-01
1.536500000000000000e+03 3.657630000000000048e-01
1.538500000000000000e+03 3.660709999999999797e-01
1.540500000000000000e+03 3.644470000000000209e-01
1.542500000000000000e+03 3.618169999999999997e-01
1.544500000000000000e+03 3.572799999999999865e-01
1.546500000000000000e+03 3.521259999999999946e-01
1.548500000000000000e+03 3.458990000000000120e-01
1.550500000000000000e+03 3.399119999999999919e-01
1.552500000000000000e+03 3.343039999999999901e-01
1.554500000000000000e+03 3.312129999999999797e-01
1.556500000000000000e+03 3.296680000000000166e-01
1.558500000000000000e+03 3.321629999999999860e-01
1.560500000000000000e+03 3.365480000000000138e-01
1.562500000000000000e+03 3.449280000000000124e-01
1.564500000000000000e+03 3.551599999999999757e-01
1.566500000000000000e+03 3.675399999999999778e-01
1.568500000000000000e+03 3.802639999999999909e-01
1.570500000000000000e+03 3.929400000000000115e-01
1.572500000000000000e+03 4.050579999999999736e-01
1.574500000000000000e+03 4.156429999999999847e-01
1.576500000000000000e+03 4.250050000000000217e-01
1.578500000000000000e+03 4.328529999999999878e-01
1.580500000000000000e+03 4.394089999999999940e-01
1.582500000000000000e+03 4.448840000000000017e-01
1.584500000000000000e+03 4.495399999999999952e-01
1.586500000000000000e+03 4.538309999999999844e-01
1.588500000000000000e+03 4.581979999999999942e-01
1.590500000000000000e+03 4.631109999999999949e-01
1.592500000000000000e+03 4.684150000000000258e-01
1.594500000000000000e+03 4.751639999999999753e-01
1.596500000000000000e+03 4.833089999999999886e-01
1.598500000000000000e+03 4.913899999999999935e-01
1.600500000000000000e+03 5.030959999999999877e-01
1.602500000000000000e+03 5.158719999999999972e-01
1.604500000000000000e+03 5.284159999999999968e-01
1.606500000000000000e+03 5.416969999999999841e-01
1.608500000000000000e+03 5.549520000000000008e-01
1.610500000000000000e+03 5.660479999999999956e-01
1.612500000000000000e+03 5.745400000000000507e-01
1.614500000000000000e+03 5.826940000000000452e-01
1.616500000000000000e+03 5.878919999999999702e-01
1.618500000000000000e+03 5.922439999999999927e-01
1.620500000000000000e+03 5.963169999999999860e-01
1.622500000000000000e+03 5.999120000000000008e-01
1.624500000000000000e+03 6.041180000000000438e-01
1.626500000000000000e+03 6.091220000000000523e-01
1.628500000000000000e+03 6.147590000000000554e-01
1.630500000000000000e+03 6.205669999999999797e-01
1.632500000000000000e+03 6.269090000000000495e-01
1.634500000000000000e+03 6.329280000000000461e-01
1.636500000000000000e+03 6.391120000000000134e-01
1.638500000000000000e+03 6.445459999999999523e-01
1.640500000000000000e+03 6.491019999999999568e-01
1.642500000000000000e+03 6.522909999999999542e-01
1.644500000000000000e+03 6.532019999999999493e-01
1.646500000000000000e+03 6.528100000000000014e-01
1.648500000000000000e+03 6.510610000000000008e-01
1.650500000000000000e+03 6.494529999999999470e-01
1.652500000000000000e+03 6.478570000000000162e-01
1.654500000000000000e+03 6.470559999999999645e-01
1.656500000000000000e+03 6.480860000000000509e-01
1.658500000000000000e+03 6.516509999999999803e-01
1.660500000000000000e+03 6.575239999999999974e-01
1.662500000000000000e+03 6.659000000000000474e-01
1.664500000000000000e+03 6.752580000000000249e-01
1.666500000000000000e+03 6.850420000000000398e-01
1.668500000000000000e+03 6.967609999999999637e-01
1.670500000000000000e+03 7.059539999999999704e-01
1.672500000000000000e+03 7.155099999999999794e-01
1.674500000000000000e+03 7.237540000000000084e-01
1.676500000000000000e+03 7.306169999999999609e-01
1.678500000000000000e+03 7.364199999999999635e-01
1.680500000000000000e+03 7.402330000000000298e-01
1.682500000000000000e+03 7.422520000000000229e-01
1.684500000000000000e+03 7.423729999999999496e-01
1.686500000000000000e+03 7.424699999999999633e-01
1.688500000000000000e+03 7.409700000000000175e-01
1.690500000000000000e+03 7.395289999999999919e-01
1.692500000000000000e+03 7.391609999999999570e-01
1.694500000000000000e+03 7.383030000000000426e-01
1.696500000000000000e+03 7.404650000000000398e-01
1.698500000000000000e+03 7.432980000000000143e-01
1.700500000000000000e+03 7.476300000000000168e-01
1.702500000000000000e+03 7.562489999999999490e-01
1.704500000000000000e+03 7.638840000000000074e-01
1.706500000000000000e+03 7.715210000000000123e-01
1.708500000000000000e+03 7.789800000000000058e-01
1.710500000000000000e+03 7.866520000000000179e-01
1.712500000000000000e+03 7.924179999999999557e-01
1.714500000000000000e+03 7.972479999999999567e-01
1.716500000000000000e+03 8.031549999999999523e-01
1.718500000000000000e+03 8.075809999999999933e-01
1.720500000000000000e+03 8.133719999999999839e-01
1.722500000000000000e+03 8.200129999999999919e-01
1.724500000000000000e+03 8.285099999999999687e-01
1.726500000000000000e+03 8.373890000000000500e-01
1.728500000000000000e+03 8.472480000000000011e-01
1.730500000000000000e+03 8.563579999999999526e-01
1.732500000000000000e+03 8.638090000000000490e-01
1.734500000000000000e+03 8.691579999999999862e-01
1.736500000000000000e+03 8.719510000000000316e-01
1.738500000000000000e+03 8.735199999999999632e-01
1.740500000000000000e+03 8.721989999999999466e-01
1.742500000000000000e+03 8.695289999999999964e-01
1.744500000000000000e+03 8.653809999999999558e-01
1.746500000000000000e+03 8.600750000000000339e-01
1.748500000000000000e+03 8.552239999999999842e-01
1.750500000000000000e+03 8.505719999999999947e-01
1.752500000000000000e+03 8.456059999999999688e-01
1.754500000000000000e+03 8.411399999999999988e-01
1.756500000000000000e+03 8.375920000000000032e-01
1.758500000000000000e+03 8.331239999999999757e-01
1.760500000000000000e+03 8.283760000000000012e-01
1.762500000000000000e+03 8.246510000000000229e-01
1.764500000000000000e+03 8.192199999999999482e-01
1.766500000000000000e+03 8.148060000000000302e-01
1.768500000000000000e+03 8.122439999999999660e-01
1.770500000000000000e+03 8.099929999999999630e-01
1.772500000000000000e+03 8.095280000000000253e-01
1.774500000000000000e+03 8.125790000000000513e-01
1.776500000000000000e+03 8.153080000000000327e-01
1.778500000000000000e+03 8.218680000000000430e-01
1.780500000000000000e+03 8.309539999999999704e-01
1.782500000000000000e+03 8.398339999999999694e-01
1.784500000000000000e+03 8.508419999999999872e-01
1.786500000000000000e+03 8.626650000000000151e-01
1.788500000000000000e+03 8.756840000000000179e-01
1.790500000000000000e+03 8.874790000000000179e-01
1.792500000000000000e+03 8.999409999999999910e-01
1.794500000000000000e+03 9.142449999999999743e-01
1.796500000000000000e+03 9.262489999999999890e-01
1.798500000000000000e+03 9.386029999999999651e-01
1.800500000000000000e+03 9.525740000000000318e-01
1.802500000000000000e+03 9.644500000000000295e-01
1.804500000000000000e+03 9.759780000000000122e-01
1.806500000000000000e+03 9.863180000000000280e-01
1.808500000000000000e+03 9.943400000000000016e-01
1.810500000000000000e+03 9.989099999999999646e-01
1.812500000000000000e+03 1.000000000000000000e+00
1.814500000000000000e+03 9.980830000000000535e-01
1.816500000000000000e+03 9.926730000000000276e-01
1.818500000000000000e+03 9.840360000000000218e-01
1.820500000000000000e+03 9.744319999999999649e-01
1.822500000000000000e+03 9.649670000000000192e-01
1.824500000000000000e+03 9.552629999999999733e-01
1.826500000000000000e+03 9.456590000000000273e-01
1.828500000000000000e+03 9.369790000000000063e-01
1.830500000000000000e+03 9.287969999999999837e-01
1.832500000000000000e+03 9.213850000000000096e-01
1.834500000000000000e+03 9.138020000000000032e-01
1.836500000000000000e+03 9.066859999999999919e-01
1.838500000000000000e+03 8.990599999999999703e-01
1.840500000000000000e+03 8.910230000000000095e-01
1.842500000000000000e+03 8.825730000000000519e-01
1.844500000000000000e+03 8.751839999999999620e-01
1.846500000000000000e+03 8.675279999999999658e-01
1.848500000000000000e+03 8.607939999999999481e-01
1.850500000000000000e+03 8.543699999999999628e-01
1.852500000000000000e+03 8.474140000000000006e-01
1.854500000000000000e+03 8.409879999999999578e-01
1.856500000000000000e+03 8.336850000000000094e-01
1.858500000000000000e+03 8.248259999999999481e-01
1.860500000000000000e+03 8.158969999999999834e-01
1.862500000000000000e+03 8.049520000000000008e-01
1.864500000000000000e+03 7.916940000000000088e-01
1.866500000000000000e+03 7.776769999999999516e-01
1.868500000000000000e+03 7.621269999999999989e-01
1.870500000000000000e+03 7.443610000000000504e-01
1.872500000000000000e+03 7.255070000000000130e-01
1.874500000000000000e+03 7.055439999999999490e-01
1.876500000000000000e+03 6.842669999999999586e-01
1.878500000000000000e+03 6.611890000000000267e-01
1.880500000000000000e+03 6.385229999999999517e-01
1.882500000000000000e+03 6.147899999999999476e-01
1.884500000000000000e+03 5.883230000000000404e-01
1.886500000000000000e+03 5.623470000000000413e-01
1.888500000000000000e+03 5.351259999999999906e-01
1.890500000000000000e+03 5.051860000000000239e-01
1.892500000000000000e+03 4.758640000000000092e-01
1.894500000000000000e+03 4.458619999999999806e-01
1.896500000000000000e+03 4.160190000000000277e-01
1.898500000000000000e+03 3.872050000000000214e-01
1.900500000000000000e+03 3.605180000000000051e-01
1.902500000000000000e+03 3.365099999999999758e-01
1.904500000000000000e+03 3.151820000000000177e-01
1.906500000000000000e+03 2.963520000000000043e-01
1.908500000000000000e+03 2.805880000000000041e-01
1.910500000000000000e+03 2.670139999999999736e-01
1.912500000000000000e+03 2.548130000000000117e-01
1.914500000000000000e+03 2.448029999999999928e-01
1.916500000000000000e+03 2.357660000000000033e-01
1.918500000000000000e+03 2.268350000000000088e-01
1.920500000000000000e+03 2.190620000000000067e-01
1.922500000000000000e+03 2.118960000000000010e-01
1.924500000000000000e+03 2.047499999999999876e-01
1.926500000000000000e+03 1.977450000000000041e-01
1.928500000000000000e+03 1.909810000000000119e-01
1.930500000000000000e+03 1.842920000000000114e-01
1.932500000000000000e+03 1.781719999999999970e-01
1.934500000000000000e+03 1.721030000000000060e-01
1.936500000000000000e+03 1.662540000000000129e-01
1.938500000000000000e+03 1.603990000000000138e-01
1.940500000000000000e+03 1.547080000000000122e-01
1.942500000000000000e+03 1.492670000000000108e-01
1.944500000000000000e+03 1.438020000000000131e-01
1.946500000000000000e+03 1.386189999999999922e-01
1.948500000000000000e+03 1.332099999999999951e-01
1.950500000000000000e+03 1.281640000000000001e-01
1.952500000000000000e+03 1.231089999999999962e-01
1.954500000000000000e+03 1.182549999999999990e-01
1.956500000000000000e+03 1.134180000000000049e-01
1.958500000000000000e+03 1.084780000000000050e-01
1.960500000000000000e+03 1.037409999999999999e-01
1.962500000000000000e+03 9.908590000000000453e-02
1.964500000000000000e+03 9.457200000000000328e-02
1.966500000000000000e+03 9.005269999999999941e-02
1.968500000000000000e+03 8.546539999999999693e-02
1.970500000000000000e+03 8.101909999999999668e-02
1.972500000000000000e+03 7.674699999999999578e-02
1.974500000000000000e+03 7.259699999999999487e-02
1.976500000000000000e+03 6.850549999999999695e-02
1.978500000000000000e+03 6.448420000000000540e-02
1.980500000000000000e+03 6.058960000000000040e-02
1.982500000000000000e+03 5.683119999999999838e-02
1.984500000000000000e+03 5.319900000000000323e-02
1.986500000000000000e+03 4.970510000000000206e-02
1.988500000000000000e+03 4.632519999999999694e-02
1.990500000000000000e+03 4.300799999999999762e-02
1.992500000000000000e+03 3.992140000000000272e-02
1.994500000000000000e+03 3.691799999999999943e-02
1.996500000000000000e+03 3.414999999999999980e-02
1.998500000000000000e+03 3.147350000000000148e-02
2.000500000000000000e+03 2.892940000000000095e-02
2.002500000000000000e+03 2.654619999999999896e-02
2.004500000000000000e+03 2.427349999999999994e-02
2.006500000000000000e+03 2.226380000000000026e-02
2.008500000000000000e+03 2.034470000000000028e-02
2.010500000000000000e+03 1.857740000000000086e-02
2.012500000000000000e+03 1.690159999999999926e-02
2.014500000000000000e+03 1.532700000000000035e-02
2.016500000000000000e+03 1.400470000000000013e-02
2.018500000000000000e+03 1.278140000000000005e-02
2.020500000000000000e+03 1.164710000000000051e-02
2.022500000000000000e+03 1.053779999999999994e-02
2.024500000000000000e+03 9.590210000000000054e-03
2.026500000000000000e+03 8.807809999999999251e-03
2.028500000000000000e+03 8.054069999999999979e-03
2.030500000000000000e+03 7.362139999999999657e-03
2.032500000000000000e+03 6.732540000000000399e-03
2.034500000000000000e+03 6.179279999999999669e-03
2.036500000000000000e+03 5.710250000000000048e-03
2.038500000000000000e+03 5.283109999999999716e-03
2.040500000000000000e+03 4.896959999999999681e-03
2.042500000000000000e+03 4.519959999999999950e-03
2.044500000000000000e+03 4.195769999999999708e-03
2.046500000000000000e+03 3.938030000000000350e-03
2.048500000000000000e+03 3.694010000000000175e-03
2.050500000000000000e+03 3.460870000000000005e-03
2.052500000000000000e+03 3.247349999999999976e-03
2.054500000000000000e+03 3.080670000000000196e-03
2.056500000000000000e+03 2.922570000000000202e-03
2.058500000000000000e+03 2.765210000000000150e-03
2.060500000000000000e+03 2.632760000000000048e-03
2.062500000000000000e+03 2.529990000000000190e-03
2.064500000000000000e+03 2.447210000000000010e-03
2.066500000000000000e+03 2.373039999999999872e-03
2.068500000000000000e+03 2.311319999999999954e-03
2.070500000000000000e+03 2.260540000000000119e-03
2.072500000000000000e+03 2.217540000000000049e-03
2.074500000000000000e+03 2.185900000000000169e-03
2.076500000000000000e+03 2.162869999999999897e-03
2.078500000000000000e+03 2.147099999999999877e-03
2.080500000000000000e+03 2.134039999999999809e-03
2.082500000000000000e+03 2.126719999999999913e-03
2.084500000000000000e+03 2.129760000000000073e-03
2.086500000000000000e+03 2.134319999999999880e-03
2.088500000000000000e+03 2.127550000000000188e-03
2.090500000000000000e+03 2.113209999999999915e-03
2.092500000000000000e+03 2.088770000000000210e-03
2.094500000000000000e+03 2.064900000000000155e-03
2.096500000000000000e+03 2.030500000000000187e-03
2.098500000000000000e+03 2.002659999999999857e-03
2.100500000000000000e+03 2.001919999999999915e-03
2.102500000000000000e+03 2.002949999999999869e-03
2.104500000000000000e+03 1.987889999999999970e-03
2.106500000000000000e+03 1.973079999999999886e-03
2.108500000000000000e+03 1.960770000000000134e-03
2.110500000000000000e+03 1.948529999999999967e-03
2.112500000000000000e+03 1.921399999999999974e-03
2.114500000000000000e+03 1.892980000000000053e-03
2.116500000000000000e+03 1.866430000000000086e-03
2.118500000000000000e+03 1.841289999999999984e-03
2.120500000000000000e+03 1.806080000000000055e-03
2.122500000000000000e+03 1.770169999999999947e-03
2.124500000000000000e+03 1.735879999999999975e-03
2.126500000000000000e+03 1.704039999999999982e-03
2.128500000000000000e+03 1.669710000000000031e-03
2.130500000000000000e+03 1.636029999999999906e-03
2.132500000000000000e+03 1.606220000000000000e-03
2.134500000000000000e+03 1.579469999999999919e-03
2.136500000000000000e+03 1.555809999999999919e-03
2.138500000000000000e+03 1.536819999999999940e-03
2.140500000000000000e+03 1.522920000000000090e-03
2.142500000000000000e+03 1.511479999999999942e-03
2.144500000000000000e+03 1.506020000000000058e-03
2.146500000000000000e+03 1.509369999999999896e-03
2.148500000000000000e+03 1.518699999999999998e-03
2.150500000000000000e+03 1.531770000000000007e-03
2.152500000000000000e+03 1.551029999999999900e-03
2.154500000000000000e+03 1.580650000000000067e-03
2.156500000000000000e+03 1.617100000000000004e-03
2.158500000000000000e+03 1.657250000000000086e-03
2.160500000000000000e+03 1.702589999999999919e-03
2.162500000000000000e+03 1.758390000000000083e-03
2.164500000000000000e+03 1.822470000000000079e-03
2.166500000000000000e+03 1.888790000000000000e-03
2.168500000000000000e+03 1.957609999999999819e-03
2.170500000000000000e+03 2.034380000000000129e-03
2.172500000000000000e+03 2.116789999999999904e-03
2.174500000000000000e+03 2.199550000000000203e-03
2.176500000000000000e+03 2.282249999999999990e-03
2.178500000000000000e+03 2.370039999999999907e-03
2.180500000000000000e+03 2.460359999999999978e-03
2.182500000000000000e+03 2.547729999999999786e-03
2.184500000000000000e+03 2.629559999999999970e-03
2.186500000000000000e+03 2.700170000000000001e-03
2.188500000000000000e+03 2.749849999999999864e-03
2.190500000000000000e+03 2.793410000000000077e-03
2.192500000000000000e+03 2.826969999999999830e-03
2.194500000000000000e+03 2.872850000000000143e-03
2.196500000000000000e+03 2.933269999999999975e-03
2.198500000000000000e+03 2.986529999999999827e-03
2.200500000000000000e+03 3.026580000000000069e-03
2.202500000000000000e+03 3.063310000000000078e-03
2.204500000000000000e+03 3.098669999999999983e-03
2.206500000000000000e+03 3.128909999999999938e-03
2.208500000000000000e+03 3.145330000000000001e-03
2.210500000000000000e+03 3.158020000000000098e-03
2.212500000000000000e+03 3.169330000000000151e-03
2.214500000000000000e+03 3.178939999999999891e-03
2.216500000000000000e+03 3.177800000000000156e-03
2.218500000000000000e+03 3.173150000000000016e-03
2.220500000000000000e+03 3.151769999999999919e-03
2.222500000000000000e+03 3.113020000000000197e-03
2.224500000000000000e+03 3.070590000000000212e-03
2.226500000000000000e+03 3.025819999999999812e-03
2.228500000000000000e+03 3.000220000000000057e-03
2.230500000000000000e+03 2.985520000000000188e-03
2.232500000000000000e+03 2.971080000000000075e-03
2.234500000000000000e+03 2.956429999999999909e-03
2.236500000000000000e+03 2.946380000000000179e-03
2.238500000000000000e+03 2.937519999999999888e-03
2.240500000000000000e+03 2.926670000000000139e-03
2.242500000000000000e+03 2.918739999999999963e-03
2.244500000000000000e+03 2.916220000000000184e-03
2.246500000000000000e+03 2.915640000000000159e-03
2.248500000000000000e+03 2.912940000000000147e-03
2.250500000000000000e+03 2.911739999999999901e-03
2.252500000000000000e+03 2.917349999999999978e-03
2.254500000000000000e+03 2.926320000000000050e-03
2.256500000000000000e+03 2.934500000000000042e-03
2.258500000000000000e+03 2.941179999999999836e-03
2.260500000000000000e+03 2.953429999999999944e-03
2.262500000000000000e+03 2.971249999999999933e-03
2.264500000000000000e+03 2.986720000000000000e-03
2.266500000000000000e+03 3.000640000000000165e-03
2.268500000000000000e+03 3.017639999999999819e-03
2.270500000000000000e+03 3.041830000000000141e-03
2.272500000000000000e+03 3.065819999999999917e-03
2.274500000000000000e+03 3.086440000000000190e-03
2.276500000000000000e+03 3.108060000000000163e-03
2.278500000000000000e+03 3.138300000000000117e-03
2.280500000000000000e+03 3.172700000000000086e-03
2.282500000000000000e+03 3.205579999999999975e-03
2.284500000000000000e+03 3.237090000000000193e-03
2.286500000000000000e+03 3.276059999999999910e-03
2.288500000000000000e+03 3.319610000000000182e-03
2.290500000000000000e+03 3.366539999999999897e-03
2.292500000000000000e+03 3.412489999999999794e-03
2.294500000000000000e+03 3.462499999999999866e-03
2.296500000000000000e+03 3.517719999999999788e-03
2.298500000000000000e+03 3.575520000000000000e-03
2.300500000000000000e+03 3.638649999999999784e-03
2.302500000000000000e+03 3.678840000000000061e-03
2.304500000000000000e+03 3.684719999999999836e-03
2.306500000000000000e+03 3.692089999999999868e-03
2.308500000000000000e+03 3.704569999999999912e-03
2.310500000000000000e+03 3.733929999999999888e-03
2.312500000000000000e+03 3.803519999999999904e-03
2.314500000000000000e+03 3.869660000000000027e-03
2.316500000000000000e+03 3.937920000000000136e-03
2.318500000000000000e+03 4.008300000000000231e-03
2.320500000000000000e+03 4.080079999999999818e-03
2.322500000000000000e+03 4.146519999999999893e-03
2.324500000000000000e+03 4.206790000000000182e-03
2.326500000000000000e+03 4.267589999999999925e-03
2.328500000000000000e+03 4.324640000000000255e-03
2.330500000000000000e+03 4.380560000000000356e-03
2.332500000000000000e+03 4.421890000000000369e-03
2.334500000000000000e+03 4.462459999999999691e-03
2.336500000000000000e+03 4.496390000000000282e-03
2.338500000000000000e+03 4.524109999999999590e-03
2.340500000000000000e+03 4.544219999999999857e-03
2.342500000000000000e+03 4.552959999999999993e-03
2.344500000000000000e+03 4.561820000000000284e-03
2.346500000000000000e+03 4.556499999999999787e-03
2.348500000000000000e+03 4.548240000000000269e-03
2.350500000000000000e+03 4.527869999999999812e-03
2.352500000000000000e+03 4.504990000000000383e-03
2.354500000000000000e+03 4.475769999999999575e-03
2.356500000000000000e+03 4.435709999999999827e-03
2.358500000000000000e+03 4.391489999999999630e-03
2.360500000000000000e+03 4.343810000000000032e-03
2.362500000000000000e+03 4.293560000000000085e-03
2.364500000000000000e+03 4.233439999999999773e-03
2.366500000000000000e+03 4.169800000000000416e-03
2.368500000000000000e+03 4.104059999999999653e-03
2.370500000000000000e+03 4.040379999999999666e-03
2.372500000000000000e+03 3.971790000000000216e-03
2.374500000000000000e+03 3.901319999999999788e-03
2.376500000000000000e+03 3.831129999999999865e-03
2.378500000000000000e+03 3.766149999999999793e-03
2.380500000000000000e+03 3.701589999999999828e-03
2.382500000000000000e+03 3.637850000000000198e-03
2.384500000000000000e+03 3.574760000000000177e-03
2.386500000000000000e+03 3.515200000000000009e-03
2.388500000000000000e+03 3.462479999999999985e-03
2.390500000000000000e+03 3.409520000000000085e-03
2.392500000000000000e+03 3.363130000000000199e-03
2.394500000000000000e+03 3.318719999999999830e-03
2.396500000000000000e+03 3.281529999999999950e-03
2.398500000000000000e+03 3.245399999999999847e-03
2.400500000000000000e+03 3.190820000000000028e-03
2.402500000000000000e+03 3.131609999999999949e-03
2.404500000000000000e+03 3.052650000000000068e-03
2.406500000000000000e+03 2.975250000000000030e-03
2.408500000000000000e+03 2.889650000000000118e-03
2.410500000000000000e+03 2.816630000000000088e-03
2.412500000000000000e+03 2.762600000000000038e-03
2.414500000000000000e+03 2.714939999999999888e-03
2.416500000000000000e+03 2.663120000000000157e-03
2.418500000000000000e+03 2.613139999999999907e-03
2.420500000000000000e+03 2.569220000000000097e-03
2.422500000000000000e+03 2.519920000000000146e-03
2.424500000000000000e+03 2.487010000000000002e-03
2.426500000000000000e+03 2.463340000000000061e-03
2.428500000000000000e+03 2.438930000000000178e-03
2.430500000000000000e+03 2.416660000000000162e-03
2.432500000000000000e+03 2.387789999999999878e-03
2.434500000000000000e+03 2.361960000000000188e-03
2.436500000000000000e+03 2.332180000000000104e-03
2.438500000000000000e+03 2.304969999999999936e-03
2.440500000000000000e+03 2.273059999999999924e-03
2.442500000000000000e+03 2.237670000000000197e-03
2.444500000000000000e+03 2.203239999999999973e-03
2.446500000000000000e+03 2.167459999999999960e-03
2.448500000000000000e+03 2.134969999999999923e-03
2.450500000000000000e+03 2.088089999999999911e-03
2.452500000000000000e+03 2.020839999999999876e-03
2.454500000000000000e+03 1.953939999999999930e-03
2.456500000000000000e+03 1.888270000000000053e-03
2.458500000000000000e+03 1.825550000000000003e-03
2.460500000000000000e+03 1.777120000000000088e-03
2.462500000000000000e+03 1.733549999999999935e-03
2.464500000000000000e+03 1.691669999999999936e-03
2.466500000000000000e+03 1.652330000000000031e-03
2.468500000000000000e+03 1.613459999999999938e-03
2.470500000000000000e+03 1.574199999999999992e-03
2.472500000000000000e+03 1.536180000000000054e-03
2.474500000000000000e+03 1.500400000000000041e-03
2.476500000000000000e+03 1.466489999999999981e-03
2.478500000000000000e+03 1.433730000000000030e-03
2.480500000000000000e+03 1.403020000000000048e-03
2.482500000000000000e+03 1.357539999999999962e-03
2.484500000000000000e+03 1.302959999999999926e-03
2.486500000000000000e+03 1.244550000000000083e-03
2.488500000000000000e+03 1.168680000000000066e-03
2.490500000000000000e+03 1.097789999999999964e-03
2.492500000000000000e+03 1.044680000000000088e-03
2.494500000000000000e+03 9.951779999999999914e-04
2.496500000000000000e+03 9.595170000000000088e-04
2.498500000000000000e+03 9.319260000000000217e-04
2.500500000000000000e+03 8.864790000000000213e-04
2.502500000000000000e+03 8.399390000000000502e-04
2.504500000000000000e+03 7.949720000000000180e-04
2.506500000000000000e+03 7.509940000000000539e-04
2.508500000000000000e+03 7.253039999999999661e-04
2.510500000000000000e+03 7.095019999999999842e-04
2.512500000000000000e+03 6.942530000000000359e-04
2.514500000000000000e+03 6.802239999999999979e-04
2.516500000000000000e+03 6.690599999999999672e-04
2.518500000000000000e+03 6.622730000000000066e-04
2.520500000000000000e+03 6.568319999999999888e-04
2.522500000000000000e+03 6.527380000000000378e-04
2.524500000000000000e+03 6.503499999999999516e-04
2.526500000000000000e+03 6.508179999999999478e-04
2.528500000000000000e+03 6.538209999999999595e-04
2.530500000000000000e+03 6.577300000000000334e-04
2.532500000000000000e+03 6.633639999999999459e-04
2.534500000000000000e+03 6.709899999999999979e-04
2.536500000000000000e+03 6.810839999999999863e-04
2.538500000000000000e+03 6.931010000000000035e-04
2.540500000000000000e+03 7.065669999999999590e-04
2.542500000000000000e+03 7.155500000000000185e-04
2.544500000000000000e+03 7.073399999999999870e-04
2.546500000000000000e+03 6.943859999999999616e-04
2.548500000000000000e+03 6.630190000000000432e-04
2.550500000000000000e+03 6.332080000000000130e-04
2.552500000000000000e+03 6.072649999999999533e-04
2.554500000000000000e+03 5.759009999999999737e-04
2.556500000000000000e+03 5.582739999999999881e-04
2.558500000000000000e+03 5.348959999999999826e-04
2.560500000000000000e+03 5.040599999999999681e-04
2.562500000000000000e+03 4.900450000000000422e-04
2.564500000000000000e+03 4.806030000000000198e-04
2.566500000000000000e+03 4.732059999999999956e-04
2.568500000000000000e+03 4.831950000000000112e-04
2.570500000000000000e+03 4.961510000000000139e-04
2.572500000000000000e+03 4.903639999999999692e-04
2.574500000000000000e+03 4.792509999999999826e-04
2.576500000000000000e+03 4.676600000000000049e-04
2.578500000000000000e+03 4.388710000000000202e-04
2.580500000000000000e+03 4.084560000000000209e-04
2.582500000000000000e+03 3.936930000000000269e-04
2.584500000000000000e+03 3.789549999999999928e-04
2.586500000000000000e+03 3.675379999999999901e-04
2.588500000000000000e+03 3.571029999999999994e-04
2.590500000000000000e+03 3.388050000000000198e-04
2.592500000000000000e+03 3.204460000000000012e-04
2.594500000000000000e+03 3.018949999999999954e-04
2.596500000000000000e+03 2.670360000000000095e-04
2.598500000000000000e+03 2.418390000000000134e-04
2.600500000000000000e+03 2.200589999999999881e-04
2.602500000000000000e+03 1.983080000000000129e-04
2.604500000000000000e+03 1.797079999999999945e-04
2.606500000000000000e+03 1.765240000000000060e-04
2.608500000000000000e+03 1.752620000000000035e-04
2.610500000000000000e+03 1.741360000000000011e-04
2.612500000000000000e+03 1.732290000000000045e-04
2.614500000000000000e+03 1.731670000000000041e-04
2.616500000000000000e+03 1.731690000000000085e-04
2.618500000000000000e+03 1.736159999999999993e-04
2.620500000000000000e+03 1.744770000000000034e-04
2.622500000000000000e+03 1.759499999999999942e-04
2.624500000000000000e+03 1.783649999999999906e-04
2.626500000000000000e+03 1.807830000000000071e-04
2.628500000000000000e+03 1.841699999999999934e-04
2.630500000000000000e+03 1.878860000000000100e-04
2.632500000000000000e+03 1.923960000000000058e-04
2.634500000000000000e+03 1.977190000000000089e-04
2.636500000000000000e+03 2.031099999999999984e-04
2.638500000000000000e+03 2.091080000000000044e-04
2.640500000000000000e+03 2.152640000000000044e-04
2.642500000000000000e+03 2.226979999999999878e-04
2.644500000000000000e+03 2.309000000000000017e-04
2.646500000000000000e+03 2.392469999999999948e-04
2.648500000000000000e+03 2.481100000000000081e-04
2.650500000000000000e+03 2.534169999999999760e-04
2.652500000000000000e+03 2.418160000000000036e-04
2.654500000000000000e+03 2.281890000000000068e-04
2.656500000000000000e+03 2.060490000000000054e-04
2.658500000000000000e+03 1.692689999999999950e-04
2.660500000000000000e+03 1.379370000000000043e-04
2.662500000000000000e+03 1.215919999999999973e-04
2.664500000000000000e+03 1.053919999999999965e-04
2.666500000000000000e+03 1.005620000000000038e-04
2.668500000000000000e+03 1.041350000000000050e-04
2.670500000000000000e+03 1.040069999999999954e-04
2.672500000000000000e+03 8.666000000000000038e-05
2.674500000000000000e+03 6.727100000000000018e-05
2.676500000000000000e+03 4.787410000000000298e-05
2.678500000000000000e+03 2.845200000000000135e-05
2.680500000000000000e+03 1.395920000000000011e-05
2.682500000000000000e+03 1.409370000000000027e-05
2.684500000000000000e+03 1.418510000000000078e-05
2.686500000000000000e+03 1.425499999999999989e-05
2.688500000000000000e+03 1.432499999999999922e-05
2.690500000000000000e+03 1.414449999999999985e-05
2.692500000000000000e+03 1.294679999999999944e-05
2.694500000000000000e+03 1.166039999999999935e-05
2.696500000000000000e+03 1.037399999999999927e-05
2.698500000000000000e+03 1.004519999999999998e-05
2.700500000000000000e+03 1.043860000000000031e-05
2.702500000000000000e+03 1.083209999999999917e-05
2.704500000000000000e+03 1.117010000000000000e-05
2.706500000000000000e+03 1.120130000000000065e-05
2.708500000000000000e+03 1.118570000000000032e-05
2.710500000000000000e+03 1.116999999999999978e-05
2.712500000000000000e+03 1.156980000000000059e-05
2.714500000000000000e+03 1.243479999999999994e-05
2.716500000000000000e+03 1.329970000000000075e-05
2.718500000000000000e+03 1.415160000000000017e-05
2.720500000000000000e+03 1.489040000000000062e-05
2.722500000000000000e+03 1.560459999999999964e-05
2.724500000000000000e+03 1.631870000000000014e-05
2.726500000000000000e+03 1.676919999999999862e-05
2.728500000000000000e+03 1.677709999999999900e-05
2.730500000000000000e+03 1.678499999999999938e-05
2.732500000000000000e+03 1.679040000000000106e-05
2.734500000000000000e+03 1.674550000000000086e-05
2.736500000000000000e+03 1.668629999999999980e-05
2.738500000000000000e+03 1.662719999999999896e-05
2.740500000000000000e+03 1.529859999999999952e-05
2.742500000000000000e+03 1.062589999999999935e-05
2.744500000000000000e+03 5.953229999999999582e-06
2.746500000000000000e+03 1.280539999999999898e-06
