1.785200000000000000e+04 0.000000000000000000e+00
1.788900000000000000e+04 5.218909999999999978e-07
1.792600000000000000e+04 1.542039999999999893e-05
1.796300000000000000e+04 5.614749999999999732e-05
1.800000000000000000e+04 9.873729999999999399e-05
1.803700000000000000e+04 1.318249999999999923e-04
1.807400000000000000e+04 1.556709999999999941e-04
1.811100000000000000e+04 1.735700000000000068e-04
1.814800000000000000e+04 2.028130000000000113e-04
1.818500000000000000e+04 2.352210000000000032e-04
1.822200000000000000e+04 2.620729999999999826e-04
1.825900000000000000e+04 3.098520000000000007e-04
1.829600000000000000e+04 5.507500000000000243e-04
1.833300000000000000e+04 9.420099999999999611e-04
1.837000000000000000e+04 1.911340000000000088e-03
1.840700000000000000e+04 3.141129999999999790e-03
1.844400000000000000e+04 4.995870000000000345e-03
1.848100000000000000e+04 7.004930000000000358e-03
1.851800000000000000e+04 9.331680000000000183e-03
1.855500000000000000e+04 1.176679999999999914e-02
1.859200000000000000e+04 1.471120000000000066e-02
1.862900000000000000e+04 1.770149999999999849e-02
1.866600000000000000e+04 2.112479999999999913e-02
1.870300000000000000e+04 2.434640000000000068e-02
1.874000000000000000e+04 2.762529999999999847e-02
1.877700000000000000e+04 3.161880000000000246e-02
1.881400000000000000e+04 3.683999999999999775e-02
1.885100000000000000e+04 4.469909999999999856e-02
1.888800000000000000e+04 5.584370000000000306e-02
1.892500000000000000e+04 7.142890000000000350e-02
1.896200000000000000e+04 9.037080000000000113e-02
1.899900000000000000e+04 1.126329999999999970e-01
1.903600000000000000e+04 1.349650000000000016e-01
1.907300000000000000e+04 1.565370000000000095e-01
1.911000000000000000e+04 1.747930000000000039e-01
1.914700000000000000e+04 1.889849999999999863e-01
1.918400000000000000e+04 2.003000000000000058e-01
1.922100000000000000e+04 2.076210000000000000e-01
1.925800000000000000e+04 2.139610000000000123e-01
1.929500000000000000e+04 2.187959999999999905e-01
1.933200000000000000e+04 2.240870000000000084e-01
1.936900000000000000e+04 2.305629999999999902e-01
1.940600000000000000e+04 2.384479999999999933e-01
1.944300000000000000e+04 2.495239999999999958e-01
1.948000000000000000e+04 2.631749999999999923e-01
1.951700000000000000e+04 2.791660000000000252e-01
1.955400000000000000e+04 2.965220000000000078e-01
1.959100000000000000e+04 3.135120000000000129e-01
1.962800000000000000e+04 3.304540000000000255e-01
1.966500000000000000e+04 3.469999999999999751e-01
1.970200000000000000e+04 3.644499999999999962e-01
1.973900000000000000e+04 3.812969999999999970e-01
1.977600000000000000e+04 3.988729999999999776e-01
1.981300000000000000e+04 4.157199999999999784e-01
1.985000000000000000e+04 4.327230000000000243e-01
1.988700000000000000e+04 4.507090000000000263e-01
1.992400000000000000e+04 4.685199999999999920e-01
1.996100000000000000e+04 4.882340000000000013e-01
1.999800000000000000e+04 5.074199999999999822e-01
2.003500000000000000e+04 5.284659999999999913e-01
2.007200000000000000e+04 5.486720000000000486e-01
2.010900000000000000e+04 5.678590000000000027e-01
2.014600000000000000e+04 5.864200000000000523e-01
2.018300000000000000e+04 6.012089999999999934e-01
2.022000000000000000e+04 6.157070000000000043e-01
2.025700000000000000e+04 6.271510000000000140e-01
2.029400000000000000e+04 6.384570000000000523e-01
2.033100000000000000e+04 6.485630000000000006e-01
2.036800000000000000e+04 6.607020000000000115e-01
2.040500000000000000e+04 6.738990000000000258e-01
2.044200000000000000e+04 6.891190000000000371e-01
2.047900000000000000e+04 7.056139999999999635e-01
2.051600000000000000e+04 7.217350000000000154e-01
2.055300000000000000e+04 7.380860000000000198e-01
2.059000000000000000e+04 7.541649999999999743e-01
2.062700000000000000e+04 7.706640000000000157e-01
2.066400000000000000e+04 7.865990000000000482e-01
2.070100000000000000e+04 8.022160000000000402e-01
2.073800000000000000e+04 8.160610000000000364e-01
2.077500000000000000e+04 8.281399999999999872e-01
2.081200000000000000e+04 8.382009999999999739e-01
2.084900000000000000e+04 8.463789999999999925e-01
2.088600000000000000e+04 8.531180000000000430e-01
2.092300000000000000e+04 8.589170000000000416e-01
2.096000000000000000e+04 8.640989999999999505e-01
2.099700000000000000e+04 8.694859999999999811e-01
2.103400000000000000e+04 8.745800000000000241e-01
2.107100000000000000e+04 8.798850000000000282e-01
2.110800000000000000e+04 8.847000000000000419e-01
2.114500000000000000e+04 8.898289999999999811e-01
2.118200000000000000e+04 8.949810000000000265e-01
2.121900000000000000e+04 9.004750000000000254e-01
2.125600000000000000e+04 9.063200000000000145e-01
2.129300000000000000e+04 9.123769999999999936e-01
2.133000000000000000e+04 9.186699999999999866e-01
2.136700000000000000e+04 9.250749999999999806e-01
2.140400000000000000e+04 9.310049999999999715e-01
2.144100000000000000e+04 9.362620000000000386e-01
2.147800000000000000e+04 9.409030000000000449e-01
2.151500000000000000e+04 9.451300000000000257e-01
2.155200000000000000e+04 9.494529999999999914e-01
2.158900000000000000e+04 9.532180000000000097e-01
2.162600000000000000e+04 9.565399999999999459e-01
2.166300000000000000e+04 9.586679999999999646e-01
2.170000000000000000e+04 9.600039999999999685e-01
2.173700000000000000e+04 9.604329999999999812e-01
2.177400000000000000e+04 9.603589999999999627e-01
2.181100000000000000e+04 9.602680000000000105e-01
2.184800000000000000e+04 9.601309999999999567e-01
2.188500000000000000e+04 9.606970000000000232e-01
2.192200000000000000e+04 9.620790000000000175e-01
2.195900000000000000e+04 9.639929999999999888e-01
2.199600000000000000e+04 9.670370000000000354e-01
2.203300000000000000e+04 9.708780000000000188e-01
2.207000000000000000e+04 9.754530000000000145e-01
2.210700000000000000e+04 9.806150000000000144e-01
2.214400000000000000e+04 9.854579999999999451e-01
2.218100000000000000e+04 9.901079999999999881e-01
2.221800000000000000e+04 9.936989999999999990e-01
2.225500000000000000e+04 9.965009999999999701e-01
2.229200000000000000e+04 9.984370000000000189e-01
2.232900000000000000e+04 9.994619999999999616e-01
2.236600000000000000e+04 1.000000000000000000e+00
2.240300000000000000e+04 9.998460000000000125e-01
2.244000000000000000e+04 9.992410000000000458e-01
2.247700000000000000e+04 9.983699999999999797e-01
2.251400000000000000e+04 9.967009999999999481e-01
2.255100000000000000e+04 9.951330000000000453e-01
2.258800000000000000e+04 9.935000000000000497e-01
2.262500000000000000e+04 9.924230000000000551e-01
2.266200000000000000e+04 9.918050000000000477e-01
2.269900000000000000e+04 9.913920000000000510e-01
2.273600000000000000e+04 9.907420000000000115e-01
2.277300000000000000e+04 9.897200000000000442e-01
2.281000000000000000e+04 9.882630000000000026e-01
2.284700000000000000e+04 9.862149999999999528e-01
2.288400000000000000e+04 9.836120000000000418e-01
2.292100000000000000e+04 9.805559999999999832e-01
2.295800000000000000e+04 9.770799999999999486e-01
2.299500000000000000e+04 9.730980000000000185e-01
2.303200000000000000e+04 9.694359999999999644e-01
2.306900000000000000e+04 9.659910000000000441e-01
2.310600000000000000e+04 9.633639999999999981e-01
2.314300000000000000e+04 9.613720000000000043e-01
2.318000000000000000e+04 9.601279999999999815e-01
2.321700000000000000e+04 9.592169999999999863e-01
2.325400000000000000e+04 9.580959999999999477e-01
2.329100000000000000e+04 9.556109999999999882e-01
2.332800000000000000e+04 9.496339999999999781e-01
2.336500000000000000e+04 9.388349999999999751e-01
2.340200000000000000e+04 9.227499999999999591e-01
2.343900000000000000e+04 9.018580000000000485e-01
2.347600000000000000e+04 8.787000000000000366e-01
2.351300000000000000e+04 8.546740000000000448e-01
2.355000000000000000e+04 8.321309999999999540e-01
2.358700000000000000e+04 8.115440000000000431e-01
2.362400000000000000e+04 7.930369999999999919e-01
2.366100000000000000e+04 7.766269999999999563e-01
2.369800000000000000e+04 7.614480000000000137e-01
2.373500000000000000e+04 7.471989999999999466e-01
2.377200000000000000e+04 7.350430000000000019e-01
2.380900000000000000e+04 7.241490000000000427e-01
2.384600000000000000e+04 7.158849999999999936e-01
2.388300000000000000e+04 7.083690000000000264e-01
2.392000000000000000e+04 7.021619999999999528e-01
2.395700000000000000e+04 6.946569999999999689e-01
2.399400000000000000e+04 6.863420000000000076e-01
2.403100000000000000e+04 6.750779999999999559e-01
2.406800000000000000e+04 6.622550000000000381e-01
2.410500000000000000e+04 6.491710000000000536e-01
2.414200000000000000e+04 6.361090000000000355e-01
2.417900000000000000e+04 6.251489999999999547e-01
2.421600000000000000e+04 6.147909999999999764e-01
2.425300000000000000e+04 6.062269999999999603e-01
2.429000000000000000e+04 5.983370000000000077e-01
2.432700000000000000e+04 5.915169999999999595e-01
2.436400000000000000e+04 5.857379999999999809e-01
2.440100000000000000e+04 5.808710000000000262e-01
2.443800000000000000e+04 5.770819999999999839e-01
2.447500000000000000e+04 5.740290000000000115e-01
2.451200000000000000e+04 5.713810000000000278e-01
2.454900000000000000e+04 5.686830000000000496e-01
2.458600000000000000e+04 5.643139999999999823e-01
2.462300000000000000e+04 5.569880000000000386e-01
2.466000000000000000e+04 5.443489999999999718e-01
2.469700000000000000e+04 5.249850000000000350e-01
2.473400000000000000e+04 5.017540000000000333e-01
2.477100000000000000e+04 4.777870000000000172e-01
2.480800000000000000e+04 4.559699999999999864e-01
2.484500000000000000e+04 4.384190000000000031e-01
2.488200000000000000e+04 4.219040000000000012e-01
2.491900000000000000e+04 4.039300000000000113e-01
2.495600000000000000e+04 3.852949999999999986e-01
2.499300000000000000e+04 3.669700000000000184e-01
2.503000000000000000e+04 3.515130000000000199e-01
2.506700000000000000e+04 3.387569999999999748e-01
2.510400000000000000e+04 3.276660000000000128e-01
2.514100000000000000e+04 3.143900000000000028e-01
2.517800000000000000e+04 3.010300000000000198e-01
2.521500000000000000e+04 2.873839999999999728e-01
2.525200000000000000e+04 2.730060000000000264e-01
2.528900000000000000e+04 2.582510000000000083e-01
2.532600000000000000e+04 2.425470000000000126e-01
2.536300000000000000e+04 2.244710000000000039e-01
2.540000000000000000e+04 2.066520000000000024e-01
2.543700000000000000e+04 1.920020000000000060e-01
2.547400000000000000e+04 1.768339999999999912e-01
2.551100000000000000e+04 1.629950000000000010e-01
2.554800000000000000e+04 1.464509999999999978e-01
2.558500000000000000e+04 1.272119999999999918e-01
2.562200000000000000e+04 1.091580000000000050e-01
2.565900000000000000e+04 9.032540000000000013e-02
2.569600000000000000e+04 7.394810000000000272e-02
2.573300000000000000e+04 6.080669999999999825e-02
2.577000000000000000e+04 4.836329999999999796e-02
2.580700000000000000e+04 3.819680000000000297e-02
2.584400000000000000e+04 2.893029999999999907e-02
2.588100000000000000e+04 2.060259999999999869e-02
2.591800000000000000e+04 1.454470000000000068e-02
2.595500000000000000e+04 8.766609999999999334e-03
2.599200000000000000e+04 4.749200000000000296e-03
2.602900000000000000e+04 2.757499999999999968e-03
2.606600000000000000e+04 1.506369999999999931e-03
2.610300000000000000e+04 7.381599999999999663e-04
2.614000000000000000e+04 1.440919999999999885e-04
2.617700000000000000e+04 7.046920000000000625e-05
2.621400000000000000e+04 6.268399999999999818e-05
2.625100000000000000e+04 5.967029999999999687e-05
2.628800000000000000e+04 4.710259999999999859e-05
2.632500000000000000e+04 3.233240000000000235e-05
2.636200000000000000e+04 1.683599999999999940e-05
2.639900000000000000e+04 2.558769999999999982e-06
