1.501500000000000000e+03 0.000000000000000000e+00
1.505500000000000000e+03 2.089539999999999903e-06
1.509500000000000000e+03 1.126119999999999986e-05
1.513500000000000000e+03 2.032880000000000093e-05
1.517500000000000000e+03 2.267580000000000065e-05
1.521500000000000000e+03 2.328379999999999889e-05
1.525500000000000000e+03 2.422469999999999864e-05
1.529500000000000000e+03 2.527510000000000133e-05
1.533500000000000000e+03 2.634949999999999903e-05
1.537500000000000000e+03 2.742290000000000133e-05
1.541500000000000000e+03 2.843229999999999881e-05
1.545500000000000000e+03 2.934920000000000015e-05
1.549500000000000000e+03 2.980419999999999833e-05
1.553500000000000000e+03 2.996630000000000140e-05
1.557500000000000000e+03 2.974830000000000112e-05
1.561500000000000000e+03 2.927510000000000030e-05
1.565500000000000000e+03 2.867319999999999849e-05
1.569500000000000000e+03 2.798409999999999860e-05
1.573500000000000000e+03 2.736230000000000059e-05
1.577500000000000000e+03 2.682089999999999930e-05
1.581500000000000000e+03 2.670839999999999995e-05
1.585500000000000000e+03 2.700139999999999867e-05
1.589500000000000000e+03 2.768619999999999930e-05
1.593500000000000000e+03 2.876660000000000000e-05
1.597500000000000000e+03 2.994489999999999853e-05
1.601500000000000000e+03 3.120549999999999794e-05
1.605500000000000000e+03 3.213810000000000321e-05
1.609500000000000000e+03 3.262359999999999712e-05
1.613500000000000000e+03 3.257370000000000290e-05
1.617500000000000000e+03 3.179559999999999760e-05
1.621500000000000000e+03 3.046289999999999933e-05
1.625500000000000000e+03 2.832840000000000138e-05
1.629500000000000000e+03 2.593460000000000069e-05
1.633500000000000000e+03 2.324300000000000091e-05
1.637500000000000000e+03 2.058929999999999953e-05
1.641500000000000000e+03 1.813849999999999921e-05
1.645500000000000000e+03 1.594630000000000011e-05
1.649500000000000000e+03 1.436229999999999969e-05
1.653500000000000000e+03 1.313960000000000037e-05
1.657500000000000000e+03 1.266319999999999931e-05
1.661500000000000000e+03 1.258529999999999960e-05
1.665500000000000000e+03 1.326260000000000072e-05
1.669500000000000000e+03 1.421949999999999998e-05
1.673500000000000000e+03 1.556739999999999939e-05
1.677500000000000000e+03 1.706329999999999975e-05
1.681500000000000000e+03 1.852540000000000054e-05
1.685500000000000000e+03 1.988749999999999890e-05
1.689500000000000000e+03 2.094340000000000009e-05
1.693500000000000000e+03 2.176570000000000067e-05
1.697500000000000000e+03 2.197519999999999926e-05
1.701500000000000000e+03 2.173239999999999881e-05
1.705500000000000000e+03 2.091069999999999954e-05
1.709500000000000000e+03 1.968450000000000101e-05
1.713500000000000000e+03 1.837949999999999911e-05
1.717500000000000000e+03 1.704510000000000050e-05
1.721500000000000000e+03 1.581380000000000096e-05
1.725500000000000000e+03 1.478820000000000014e-05
1.729500000000000000e+03 1.407729999999999988e-05
1.733500000000000000e+03 1.355460000000000063e-05
1.737500000000000000e+03 1.332849999999999953e-05
1.741500000000000000e+03 1.339940000000000083e-05
1.745500000000000000e+03 1.345459999999999990e-05
1.749500000000000000e+03 1.332740000000000050e-05
1.753500000000000000e+03 1.323259999999999931e-05
1.757500000000000000e+03 1.320569999999999962e-05
1.761500000000000000e+03 1.322799999999999939e-05
1.765500000000000000e+03 1.330030000000000037e-05
1.769500000000000000e+03 1.335350000000000014e-05
1.773500000000000000e+03 1.336719999999999968e-05
1.777500000000000000e+03 1.339010000000000077e-05
1.781500000000000000e+03 1.344359999999999949e-05
1.785500000000000000e+03 1.348679999999999935e-05
1.789500000000000000e+03 1.352549999999999950e-05
1.793500000000000000e+03 1.358710000000000074e-05
1.797500000000000000e+03 1.368529999999999923e-05
1.801500000000000000e+03 1.377090000000000058e-05
1.805500000000000000e+03 1.381209999999999944e-05
1.809500000000000000e+03 1.385779999999999969e-05
1.813500000000000000e+03 1.396480000000000053e-05
1.817500000000000000e+03 1.411359999999999985e-05
1.821500000000000000e+03 1.438009999999999976e-05
1.825500000000000000e+03 1.469390000000000004e-05
1.829500000000000000e+03 1.503809999999999922e-05
1.833500000000000000e+03 1.544839999999999934e-05
1.837500000000000000e+03 1.584330000000000127e-05
1.841500000000000000e+03 1.620109999999999977e-05
1.845500000000000000e+03 1.645360000000000117e-05
1.849500000000000000e+03 1.667179999999999850e-05
1.853500000000000000e+03 1.710530000000000037e-05
1.857500000000000000e+03 1.763339999999999960e-05
1.861500000000000000e+03 1.836310000000000042e-05
1.865500000000000000e+03 1.949300000000000124e-05
1.869500000000000000e+03 2.061620000000000092e-05
1.873500000000000000e+03 2.068509999999999953e-05
1.877500000000000000e+03 2.018699999999999832e-05
1.881500000000000000e+03 1.966179999999999867e-05
1.885500000000000000e+03 1.901260000000000157e-05
1.889500000000000000e+03 1.830999999999999918e-05
1.893500000000000000e+03 1.752710000000000029e-05
1.897500000000000000e+03 1.662840000000000159e-05
1.901500000000000000e+03 1.571030000000000102e-05
1.905500000000000000e+03 1.424120000000000012e-05
1.909500000000000000e+03 1.257079999999999999e-05
1.913500000000000000e+03 1.124210000000000033e-05
1.917500000000000000e+03 1.108399999999999925e-05
1.921500000000000000e+03 1.099330000000000027e-05
1.925500000000000000e+03 1.083909999999999927e-05
1.929500000000000000e+03 1.057659999999999967e-05
1.933500000000000000e+03 1.033689999999999924e-05
1.937500000000000000e+03 1.022829999999999997e-05
1.941500000000000000e+03 1.014469999999999962e-05
1.945500000000000000e+03 1.002360000000000005e-05
1.949500000000000000e+03 9.898319999999999447e-06
1.953500000000000000e+03 9.882690000000000411e-06
1.957500000000000000e+03 9.921490000000000785e-06
1.961500000000000000e+03 9.924580000000000107e-06
1.965500000000000000e+03 9.901340000000000648e-06
1.969500000000000000e+03 9.879420000000000356e-06
1.973500000000000000e+03 9.865880000000000144e-06
1.977500000000000000e+03 9.938789999999999756e-06
1.981500000000000000e+03 1.003700000000000063e-05
1.985500000000000000e+03 1.011810000000000059e-05
1.989500000000000000e+03 1.026250000000000042e-05
1.993500000000000000e+03 1.053089999999999941e-05
1.997500000000000000e+03 1.087810000000000008e-05
2.001500000000000000e+03 1.124789999999999949e-05
2.005500000000000000e+03 1.157820000000000038e-05
2.009500000000000000e+03 1.185669999999999949e-05
2.013500000000000000e+03 1.209309999999999946e-05
2.017500000000000000e+03 1.233000000000000053e-05
2.021500000000000000e+03 1.270250000000000078e-05
2.025500000000000000e+03 1.310969999999999918e-05
2.029500000000000000e+03 1.354840000000000059e-05
2.033500000000000000e+03 1.406309999999999924e-05
2.037500000000000000e+03 1.458140000000000069e-05
2.041500000000000000e+03 1.523400000000000017e-05
2.045500000000000000e+03 1.596690000000000124e-05
2.049500000000000000e+03 1.675750000000000007e-05
2.053500000000000000e+03 1.789549999999999832e-05
2.057500000000000000e+03 1.910490000000000067e-05
2.061500000000000000e+03 2.056319999999999990e-05
2.065500000000000000e+03 2.248159999999999834e-05
2.069500000000000000e+03 2.454459999999999875e-05
2.073500000000000000e+03 2.731679999999999907e-05
2.077500000000000000e+03 3.034950000000000139e-05
2.081500000000000000e+03 3.557400000000000194e-05
2.085500000000000000e+03 1.082830000000000066e-04
2.089500000000000000e+03 3.739319999999999970e-04
2.093500000000000000e+03 6.448120000000000327e-04
2.097500000000000000e+03 8.570589999999999676e-04
2.101500000000000000e+03 1.173739999999999940e-03
2.105500000000000000e+03 1.582910000000000090e-03
2.109500000000000000e+03 2.099440000000000160e-03
2.113500000000000000e+03 2.599670000000000106e-03
2.117500000000000000e+03 3.147619999999999845e-03
2.121500000000000000e+03 3.781109999999999853e-03
2.125500000000000000e+03 4.519190000000000186e-03
2.129500000000000000e+03 5.370159999999999691e-03
2.133500000000000000e+03 6.350630000000000337e-03
2.137500000000000000e+03 7.514889999999999765e-03
2.141500000000000000e+03 8.839190000000000241e-03
2.145500000000000000e+03 1.033889999999999983e-02
2.149500000000000000e+03 1.202809999999999990e-02
2.153500000000000000e+03 1.385169999999999978e-02
2.157500000000000000e+03 1.586769999999999847e-02
2.161500000000000000e+03 1.800560000000000008e-02
2.165500000000000000e+03 2.020900000000000127e-02
2.169500000000000000e+03 2.252579999999999860e-02
2.173500000000000000e+03 2.487220000000000056e-02
2.177500000000000000e+03 2.722669999999999951e-02
2.181500000000000000e+03 2.955199999999999841e-02
2.185500000000000000e+03 3.184970000000000162e-02
2.189500000000000000e+03 3.412269999999999887e-02
2.193500000000000000e+03 3.642070000000000030e-02
2.197500000000000000e+03 3.872479999999999672e-02
2.201500000000000000e+03 4.100510000000000266e-02
2.205500000000000000e+03 4.340270000000000239e-02
2.209500000000000000e+03 4.585700000000000193e-02
2.213500000000000000e+03 4.838270000000000071e-02
2.217500000000000000e+03 5.101329999999999754e-02
2.221500000000000000e+03 5.372239999999999654e-02
2.225500000000000000e+03 5.651769999999999711e-02
2.229500000000000000e+03 5.933979999999999810e-02
2.233500000000000000e+03 6.214240000000000042e-02
2.237500000000000000e+03 6.494600000000000373e-02
2.241500000000000000e+03 6.778370000000000228e-02
2.245500000000000000e+03 7.062980000000000647e-02
2.249500000000000000e+03 7.347080000000000277e-02
2.253500000000000000e+03 7.629759999999999320e-02
2.257500000000000000e+03 7.911949999999999539e-02
2.261500000000000000e+03 8.191980000000000095e-02
2.265500000000000000e+03 8.474320000000000463e-02
2.269500000000000000e+03 8.761729999999999519e-02
2.273500000000000000e+03 9.053740000000000399e-02
2.277500000000000000e+03 9.347120000000000428e-02
2.281500000000000000e+03 9.641389999999999683e-02
2.285500000000000000e+03 9.936810000000000087e-02
2.289500000000000000e+03 1.022720000000000018e-01
2.293500000000000000e+03 1.050669999999999937e-01
2.297500000000000000e+03 1.077660000000000007e-01
2.301500000000000000e+03 1.104630000000000056e-01
2.305500000000000000e+03 1.132009999999999961e-01
2.309500000000000000e+03 1.158880000000000049e-01
2.313500000000000000e+03 1.184800000000000020e-01
2.317500000000000000e+03 1.209640000000000021e-01
2.321500000000000000e+03 1.234460000000000002e-01
2.325500000000000000e+03 1.259959999999999969e-01
2.329500000000000000e+03 1.285890000000000088e-01
2.333500000000000000e+03 1.311910000000000021e-01
2.337500000000000000e+03 1.337619999999999920e-01
2.341500000000000000e+03 1.362960000000000005e-01
2.345500000000000000e+03 1.388139999999999930e-01
2.349500000000000000e+03 1.413220000000000032e-01
2.353500000000000000e+03 1.438020000000000131e-01
2.357500000000000000e+03 1.461929999999999896e-01
2.361500000000000000e+03 1.484540000000000026e-01
2.365500000000000000e+03 1.506010000000000126e-01
2.369500000000000000e+03 1.527149999999999896e-01
2.373500000000000000e+03 1.547540000000000027e-01
2.377500000000000000e+03 1.566539999999999877e-01
2.381500000000000000e+03 1.583789999999999920e-01
2.385500000000000000e+03 1.599520000000000108e-01
2.389500000000000000e+03 1.614450000000000052e-01
2.393500000000000000e+03 1.629249999999999865e-01
2.397500000000000000e+03 1.644160000000000066e-01
2.401500000000000000e+03 1.658940000000000137e-01
2.405500000000000000e+03 1.673030000000000073e-01
2.409500000000000000e+03 1.685919999999999919e-01
2.413500000000000000e+03 1.697680000000000022e-01
2.417500000000000000e+03 1.708340000000000136e-01
2.421500000000000000e+03 1.718179999999999985e-01
2.425500000000000000e+03 1.727069999999999994e-01
2.429500000000000000e+03 1.734779999999999933e-01
2.433500000000000000e+03 1.741729999999999945e-01
2.437500000000000000e+03 1.748879999999999879e-01
2.441500000000000000e+03 1.756969999999999921e-01
2.445500000000000000e+03 1.764979999999999882e-01
2.449500000000000000e+03 1.772450000000000137e-01
2.453500000000000000e+03 1.781959999999999933e-01
2.457500000000000000e+03 1.795130000000000059e-01
2.461500000000000000e+03 1.812549999999999994e-01
2.465500000000000000e+03 1.834069999999999867e-01
2.469500000000000000e+03 1.861599999999999921e-01
2.473500000000000000e+03 1.899569999999999870e-01
2.477500000000000000e+03 1.951340000000000019e-01
2.481500000000000000e+03 2.032269999999999910e-01
2.485500000000000000e+03 2.156500000000000083e-01
2.489500000000000000e+03 2.344499999999999917e-01
2.493500000000000000e+03 2.626040000000000041e-01
2.497500000000000000e+03 3.012310000000000265e-01
2.501500000000000000e+03 3.523789999999999978e-01
2.505500000000000000e+03 4.149570000000000203e-01
2.509500000000000000e+03 4.852339999999999987e-01
2.513500000000000000e+03 5.624209999999999487e-01
2.517500000000000000e+03 6.377230000000000398e-01
2.521500000000000000e+03 7.100579999999999670e-01
2.525500000000000000e+03 7.727789999999999937e-01
2.529500000000000000e+03 8.246280000000000276e-01
2.533500000000000000e+03 8.661389999999999922e-01
2.537500000000000000e+03 8.943689999999999696e-01
2.541500000000000000e+03 9.165079999999999893e-01
2.545500000000000000e+03 9.312690000000000135e-01
2.549500000000000000e+03 9.430110000000000436e-01
2.553500000000000000e+03 9.519549999999999956e-01
2.557500000000000000e+03 9.589820000000000011e-01
2.561500000000000000e+03 9.641589999999999883e-01
2.565500000000000000e+03 9.684420000000000250e-01
2.569500000000000000e+03 9.727299999999999836e-01
2.573500000000000000e+03 9.770590000000000108e-01
2.577500000000000000e+03 9.814439999999999831e-01
2.581500000000000000e+03 9.855369999999999964e-01
2.585500000000000000e+03 9.895690000000000319e-01
2.589500000000000000e+03 9.935779999999999612e-01
2.593500000000000000e+03 9.970940000000000358e-01
2.597500000000000000e+03 9.999609999999999888e-01
2.601500000000000000e+03 1.000000000000000000e+00
2.605500000000000000e+03 9.960590000000000277e-01
2.609500000000000000e+03 9.892549999999999955e-01
2.613500000000000000e+03 9.723819999999999686e-01
2.617500000000000000e+03 9.478060000000000374e-01
2.621500000000000000e+03 9.061820000000000430e-01
2.625500000000000000e+03 8.530320000000000125e-01
2.629500000000000000e+03 7.850599999999999801e-01
2.633500000000000000e+03 7.072969999999999535e-01
2.637500000000000000e+03 6.256540000000000434e-01
2.641500000000000000e+03 5.418359999999999843e-01
2.645500000000000000e+03 4.666020000000000167e-01
2.649500000000000000e+03 3.994469999999999965e-01
2.653500000000000000e+03 3.474169999999999758e-01
2.657500000000000000e+03 3.077579999999999760e-01
2.661500000000000000e+03 2.802529999999999744e-01
2.665500000000000000e+03 2.614890000000000270e-01
2.669500000000000000e+03 2.487870000000000081e-01
2.673500000000000000e+03 2.401909999999999878e-01
2.677500000000000000e+03 2.340319999999999900e-01
2.681500000000000000e+03 2.293719999999999926e-01
2.685500000000000000e+03 2.261630000000000029e-01
2.689500000000000000e+03 2.240520000000000012e-01
2.693500000000000000e+03 2.228070000000000050e-01
2.697500000000000000e+03 2.222470000000000001e-01
2.701500000000000000e+03 2.218160000000000132e-01
2.705500000000000000e+03 2.217570000000000097e-01
2.709500000000000000e+03 2.221349999999999991e-01
2.713500000000000000e+03 2.226680000000000048e-01
2.717500000000000000e+03 2.232999999999999985e-01
2.721500000000000000e+03 2.240759999999999974e-01
2.725500000000000000e+03 2.250620000000000120e-01
2.729500000000000000e+03 2.259359999999999979e-01
2.733500000000000000e+03 2.265590000000000104e-01
2.737500000000000000e+03 2.270780000000000021e-01
2.741500000000000000e+03 2.275709999999999955e-01
2.745500000000000000e+03 2.279500000000000137e-01
2.749500000000000000e+03 2.282820000000000127e-01
2.753500000000000000e+03 2.284279999999999922e-01
2.757500000000000000e+03 2.282700000000000007e-01
2.761500000000000000e+03 2.279299999999999937e-01
2.765500000000000000e+03 2.273840000000000028e-01
2.769500000000000000e+03 2.265280000000000071e-01
2.773500000000000000e+03 2.252909999999999913e-01
2.777500000000000000e+03 2.234869999999999912e-01
2.781500000000000000e+03 2.209659999999999958e-01
2.785500000000000000e+03 2.176059999999999939e-01
2.789500000000000000e+03 2.132110000000000116e-01
2.793500000000000000e+03 2.077009999999999967e-01
2.797500000000000000e+03 2.009519999999999917e-01
2.801500000000000000e+03 1.929150000000000031e-01
2.805500000000000000e+03 1.835990000000000122e-01
2.809500000000000000e+03 1.731119999999999881e-01
2.813500000000000000e+03 1.615840000000000054e-01
2.817500000000000000e+03 1.493639999999999968e-01
2.821500000000000000e+03 1.365989999999999982e-01
2.825500000000000000e+03 1.236270000000000008e-01
2.829500000000000000e+03 1.107650000000000023e-01
2.833500000000000000e+03 9.833250000000000324e-02
2.837500000000000000e+03 8.652100000000000068e-02
2.841500000000000000e+03 7.548230000000000217e-02
2.845500000000000000e+03 6.536029999999999618e-02
2.849500000000000000e+03 5.626830000000000026e-02
2.853500000000000000e+03 4.823480000000000129e-02
2.857500000000000000e+03 4.123980000000000007e-02
2.861500000000000000e+03 3.527670000000000111e-02
2.865500000000000000e+03 3.021659999999999971e-02
2.869500000000000000e+03 2.598839999999999831e-02
2.873500000000000000e+03 2.247220000000000120e-02
2.877500000000000000e+03 1.958949999999999927e-02
2.881500000000000000e+03 1.720700000000000007e-02
2.885500000000000000e+03 1.526109999999999967e-02
2.889500000000000000e+03 1.366530000000000002e-02
2.893500000000000000e+03 1.236890000000000038e-02
2.897500000000000000e+03 1.130019999999999983e-02
2.901500000000000000e+03 1.042380000000000043e-02
2.905500000000000000e+03 9.701490000000000113e-03
2.909500000000000000e+03 9.093900000000000247e-03
2.913500000000000000e+03 8.573590000000000724e-03
2.917500000000000000e+03 8.117690000000000322e-03
2.921500000000000000e+03 7.715080000000000028e-03
2.925500000000000000e+03 7.323989999999999841e-03
2.929500000000000000e+03 6.962699999999999619e-03
2.933500000000000000e+03 6.611719999999999750e-03
2.937500000000000000e+03 6.242769999999999916e-03
2.941500000000000000e+03 5.890259999999999593e-03
2.945500000000000000e+03 5.520230000000000102e-03
2.949500000000000000e+03 5.144410000000000302e-03
2.953500000000000000e+03 4.775449999999999660e-03
2.957500000000000000e+03 4.396190000000000341e-03
2.961500000000000000e+03 4.019149999999999980e-03
2.965500000000000000e+03 3.650130000000000128e-03
2.969500000000000000e+03 3.290969999999999833e-03
2.973500000000000000e+03 2.936670000000000166e-03
2.977500000000000000e+03 2.614599999999999910e-03
2.981500000000000000e+03 2.303749999999999808e-03
2.985500000000000000e+03 1.983280000000000026e-03
2.989500000000000000e+03 1.670400000000000053e-03
2.993500000000000000e+03 1.382889999999999901e-03
2.997500000000000000e+03 1.168149999999999961e-03
3.001500000000000000e+03 9.941979999999999568e-04
3.005500000000000000e+03 8.069699999999999530e-04
3.009500000000000000e+03 6.696270000000000043e-04
3.013500000000000000e+03 5.339070000000000231e-04
3.017500000000000000e+03 3.989320000000000084e-04
3.021500000000000000e+03 3.205969999999999935e-04
3.025500000000000000e+03 2.603160000000000196e-04
3.029500000000000000e+03 2.149220000000000134e-04
3.033500000000000000e+03 1.782250000000000088e-04
3.037500000000000000e+03 1.435739999999999911e-04
3.041500000000000000e+03 1.206050000000000015e-04
3.045500000000000000e+03 9.953669999999999857e-05
3.049500000000000000e+03 8.203289999999999855e-05
3.053500000000000000e+03 7.035310000000000240e-05
3.057500000000000000e+03 5.888269999999999783e-05
3.061500000000000000e+03 5.100899999999999900e-05
3.065500000000000000e+03 4.459830000000000294e-05
3.069500000000000000e+03 3.866949999999999966e-05
3.073500000000000000e+03 3.480400000000000084e-05
3.077500000000000000e+03 3.107990000000000036e-05
3.081500000000000000e+03 2.827639999999999917e-05
3.085500000000000000e+03 2.640910000000000097e-05
3.089500000000000000e+03 2.460920000000000148e-05
3.093500000000000000e+03 2.363050000000000016e-05
3.097500000000000000e+03 2.286199999999999897e-05
3.101500000000000000e+03 2.221380000000000067e-05
3.105500000000000000e+03 2.186679999999999874e-05
3.109500000000000000e+03 2.146539999999999950e-05
3.113500000000000000e+03 2.114379999999999905e-05
3.117500000000000000e+03 2.056510000000000068e-05
3.121500000000000000e+03 1.962870000000000063e-05
3.125500000000000000e+03 1.865090000000000129e-05
3.129500000000000000e+03 1.812660000000000023e-05
3.133500000000000000e+03 1.802069999999999841e-05
3.137500000000000000e+03 1.790140000000000110e-05
3.141500000000000000e+03 1.796389999999999923e-05
3.145500000000000000e+03 1.814319999999999936e-05
3.149500000000000000e+03 1.851849999999999896e-05
3.153500000000000000e+03 1.889950000000000091e-05
3.157500000000000000e+03 1.910759999999999981e-05
3.161500000000000000e+03 1.900160000000000117e-05
3.165500000000000000e+03 1.856349999999999938e-05
3.169500000000000000e+03 1.802389999999999865e-05
3.173500000000000000e+03 1.746730000000000130e-05
3.177500000000000000e+03 1.703989999999999926e-05
3.181500000000000000e+03 1.668609999999999936e-05
3.185500000000000000e+03 1.637440000000000030e-05
3.189500000000000000e+03 1.618150000000000084e-05
3.193500000000000000e+03 1.602700000000000088e-05
3.197500000000000000e+03 1.598269999999999861e-05
3.201500000000000000e+03 1.604700000000000069e-05
3.205500000000000000e+03 1.617100000000000154e-05
3.209500000000000000e+03 1.636599999999999882e-05
3.213500000000000000e+03 1.652069999999999922e-05
3.217500000000000000e+03 1.663509999999999934e-05
3.221500000000000000e+03 1.674690000000000054e-05
3.225500000000000000e+03 1.689129999999999869e-05
3.229500000000000000e+03 1.708050000000000020e-05
3.233500000000000000e+03 1.727100000000000117e-05
3.237500000000000000e+03 1.743600000000000043e-05
3.241500000000000000e+03 1.756120000000000052e-05
3.245500000000000000e+03 1.766350000000000122e-05
3.249500000000000000e+03 1.777519999999999881e-05
3.253500000000000000e+03 1.791259999999999855e-05
3.257500000000000000e+03 1.801199999999999966e-05
3.261500000000000000e+03 1.811900000000000050e-05
3.265500000000000000e+03 1.818420000000000117e-05
3.269500000000000000e+03 1.824809999999999898e-05
3.273500000000000000e+03 1.837339999999999929e-05
3.277500000000000000e+03 1.857239999999999857e-05
3.281500000000000000e+03 1.889689999999999859e-05
3.285500000000000000e+03 1.926959999999999928e-05
3.289500000000000000e+03 1.966310000000000152e-05
3.293500000000000000e+03 2.002260000000000037e-05
3.297500000000000000e+03 2.037249999999999849e-05
3.301500000000000000e+03 2.066799999999999931e-05
3.305500000000000000e+03 2.085789999999999896e-05
3.309500000000000000e+03 2.098710000000000105e-05
3.313500000000000000e+03 2.102680000000000000e-05
3.317500000000000000e+03 2.105940000000000034e-05
3.321500000000000000e+03 2.110590000000000065e-05
3.325500000000000000e+03 2.108179999999999863e-05
3.329500000000000000e+03 2.103150000000000015e-05
3.333500000000000000e+03 2.088510000000000101e-05
3.337500000000000000e+03 2.066090000000000068e-05
3.341500000000000000e+03 2.046419999999999966e-05
3.345500000000000000e+03 2.037609999999999961e-05
3.349500000000000000e+03 2.041169999999999974e-05
3.353500000000000000e+03 2.053880000000000061e-05
3.357500000000000000e+03 2.067429999999999957e-05
3.361500000000000000e+03 2.022090000000000150e-05
3.365500000000000000e+03 1.637640000000000130e-05
3.369500000000000000e+03 9.661219999999999633e-06
3.373500000000000000e+03 4.491069999999999676e-06
3.377500000000000000e+03 2.436439999999999919e-06
3.381500000000000000e+03 2.433719999999999799e-06
3.385500000000000000e+03 2.431009999999999955e-06
3.389500000000000000e+03 2.428309999999999964e-06
3.393500000000000000e+03 2.425600000000000121e-06
3.397500000000000000e+03 2.422889999999999854e-06
3.401500000000000000e+03 2.420170000000000157e-06
3.405500000000000000e+03 2.417450000000000038e-06
3.409500000000000000e+03 2.414720000000000066e-06
3.413500000000000000e+03 2.411999999999999946e-06
3.417500000000000000e+03 2.409069999999999959e-06
3.421500000000000000e+03 2.405859999999999866e-06
3.425500000000000000e+03 2.405399999999999874e-06
3.429500000000000000e+03 2.452590000000000179e-06
3.433500000000000000e+03 2.516849999999999882e-06
3.437500000000000000e+03 2.588200000000000055e-06
3.441500000000000000e+03 2.683830000000000018e-06
3.445500000000000000e+03 2.781249999999999841e-06
3.449500000000000000e+03 2.878279999999999910e-06
3.453500000000000000e+03 2.974990000000000039e-06
3.457500000000000000e+03 3.071640000000000207e-06
3.461500000000000000e+03 3.167760000000000144e-06
3.465500000000000000e+03 3.263749999999999880e-06
3.469500000000000000e+03 3.349490000000000011e-06
3.473500000000000000e+03 3.412340000000000180e-06
3.477500000000000000e+03 3.473950000000000002e-06
3.481500000000000000e+03 3.492999999999999845e-06
3.485500000000000000e+03 3.488270000000000146e-06
3.489500000000000000e+03 3.474540000000000195e-06
3.493500000000000000e+03 3.411269999999999867e-06
3.497500000000000000e+03 3.340470000000000054e-06
3.501500000000000000e+03 3.295849999999999962e-06
3.505500000000000000e+03 3.291349999999999836e-06
3.509500000000000000e+03 3.286859999999999986e-06
3.513500000000000000e+03 3.282359999999999859e-06
3.517500000000000000e+03 3.277870000000000009e-06
3.521500000000000000e+03 3.273380000000000159e-06
3.525500000000000000e+03 3.268910000000000014e-06
3.529500000000000000e+03 3.264450000000000144e-06
3.533500000000000000e+03 3.259890000000000056e-06
3.537500000000000000e+03 3.255230000000000172e-06
3.541500000000000000e+03 3.250580000000000140e-06
3.545500000000000000e+03 3.245939999999999961e-06
3.549500000000000000e+03 3.241319999999999910e-06
3.553500000000000000e+03 3.236680000000000155e-06
3.557500000000000000e+03 3.232030000000000123e-06
3.561500000000000000e+03 3.227380000000000091e-06
3.565500000000000000e+03 3.222750000000000188e-06
3.569500000000000000e+03 3.218119999999999861e-06
3.573500000000000000e+03 3.221559999999999950e-06
3.577500000000000000e+03 3.273090000000000201e-06
3.581500000000000000e+03 3.332589999999999800e-06
3.585500000000000000e+03 3.369930000000000107e-06
3.589500000000000000e+03 3.370229999999999918e-06
3.593500000000000000e+03 3.371400000000000027e-06
3.597500000000000000e+03 3.392539999999999963e-06
3.601500000000000000e+03 3.421949999999999907e-06
3.605500000000000000e+03 3.439959999999999841e-06
3.609500000000000000e+03 3.411660000000000045e-06
3.613500000000000000e+03 3.379309999999999838e-06
3.617500000000000000e+03 3.384209999999999994e-06
3.621500000000000000e+03 3.427659999999999976e-06
3.625500000000000000e+03 3.472940000000000074e-06
3.629500000000000000e+03 3.541200000000000078e-06
3.633500000000000000e+03 3.615509999999999795e-06
3.637500000000000000e+03 3.681779999999999925e-06
3.641500000000000000e+03 3.727469999999999906e-06
3.645500000000000000e+03 3.772129999999999831e-06
3.649500000000000000e+03 3.835930000000000389e-06
3.653500000000000000e+03 3.912019999999999689e-06
3.657500000000000000e+03 3.980999999999999662e-06
3.661500000000000000e+03 4.003820000000000233e-06
3.665500000000000000e+03 4.018379999999999802e-06
3.669500000000000000e+03 4.037590000000000250e-06
3.673500000000000000e+03 4.065029999999999601e-06
3.677500000000000000e+03 4.091740000000000401e-06
3.681500000000000000e+03 4.096849999999999578e-06
3.685500000000000000e+03 4.092390000000000132e-06
3.689500000000000000e+03 4.104139999999999638e-06
3.693500000000000000e+03 4.185710000000000282e-06
3.697500000000000000e+03 4.274319999999999591e-06
3.701500000000000000e+03 4.348099999999999925e-06
3.705500000000000000e+03 4.405220000000000320e-06
3.709500000000000000e+03 4.460629999999999676e-06
3.713500000000000000e+03 4.493139999999999641e-06
3.717500000000000000e+03 4.519060000000000233e-06
3.721500000000000000e+03 4.568510000000000242e-06
3.725500000000000000e+03 4.682839999999999705e-06
3.729500000000000000e+03 4.800830000000000247e-06
3.733500000000000000e+03 4.900070000000000334e-06
3.737500000000000000e+03 4.986160000000000386e-06
3.741500000000000000e+03 5.062129999999999762e-06
3.745500000000000000e+03 5.065929999999999624e-06
3.749500000000000000e+03 5.055819999999999648e-06
3.753500000000000000e+03 5.053490000000000129e-06
3.757500000000000000e+03 5.065789999999999994e-06
3.761500000000000000e+03 5.078190000000000079e-06
3.765500000000000000e+03 5.086019999999999799e-06
3.769500000000000000e+03 5.091690000000000034e-06
3.773500000000000000e+03 5.104310000000000262e-06
3.777500000000000000e+03 5.148710000000000210e-06
3.781500000000000000e+03 5.196759999999999691e-06
3.785500000000000000e+03 5.257790000000000019e-06
3.789500000000000000e+03 5.334659999999999675e-06
3.793500000000000000e+03 5.411569999999999587e-06
3.797500000000000000e+03 5.489230000000000297e-06
3.801500000000000000e+03 5.567110000000000304e-06
3.805500000000000000e+03 5.631160000000000139e-06
3.809500000000000000e+03 5.654010000000000268e-06
3.813500000000000000e+03 5.674269999999999630e-06
3.817500000000000000e+03 5.726569999999999959e-06
3.821500000000000000e+03 5.803280000000000280e-06
3.825500000000000000e+03 5.877229999999999801e-06
3.829500000000000000e+03 5.929470000000000168e-06
3.833500000000000000e+03 5.977219999999999838e-06
3.837500000000000000e+03 6.026710000000000105e-06
3.841500000000000000e+03 6.079700000000000422e-06
3.845500000000000000e+03 6.133629999999999582e-06
3.849500000000000000e+03 6.225360000000000312e-06
3.853500000000000000e+03 6.336139999999999614e-06
3.857500000000000000e+03 6.436759999999999677e-06
3.861500000000000000e+03 6.487819999999999659e-06
3.865500000000000000e+03 6.532520000000000264e-06
3.869500000000000000e+03 6.576259999999999781e-06
3.873500000000000000e+03 6.618730000000000240e-06
3.877500000000000000e+03 6.663679999999999700e-06
3.881500000000000000e+03 6.748629999999999623e-06
3.885500000000000000e+03 6.847150000000000164e-06
3.889500000000000000e+03 6.939040000000000228e-06
3.893500000000000000e+03 7.009539999999999807e-06
3.897500000000000000e+03 7.078550000000000185e-06
3.901500000000000000e+03 7.131649999999999727e-06
3.905500000000000000e+03 7.171580000000000377e-06
3.909500000000000000e+03 7.216170000000000063e-06
3.913500000000000000e+03 7.302070000000000376e-06
3.917500000000000000e+03 7.397080000000000166e-06
3.921500000000000000e+03 7.483199999999999775e-06
3.925500000000000000e+03 7.550389999999999889e-06
3.929500000000000000e+03 7.617520000000000041e-06
3.933500000000000000e+03 7.719819999999999891e-06
3.937500000000000000e+03 7.840960000000000564e-06
3.941500000000000000e+03 7.965809999999999886e-06
3.945500000000000000e+03 8.109980000000000574e-06
3.949500000000000000e+03 8.256900000000000516e-06
3.953500000000000000e+03 8.403070000000000507e-06
3.957500000000000000e+03 8.548130000000000775e-06
3.961500000000000000e+03 8.692049999999999221e-06
3.965500000000000000e+03 8.815579999999999375e-06
3.969500000000000000e+03 8.931629999999999729e-06
3.973500000000000000e+03 9.036029999999999949e-06
3.977500000000000000e+03 9.099440000000000753e-06
3.981500000000000000e+03 9.159780000000000247e-06
3.985500000000000000e+03 8.603999999999999276e-06
3.989500000000000000e+03 7.494229999999999735e-06
3.993500000000000000e+03 6.492409999999999729e-06
3.997500000000000000e+03 6.577480000000000423e-06
4.001500000000000000e+03 6.916889999999999940e-06
4.005500000000000000e+03 7.151380000000000130e-06
4.009500000000000000e+03 7.147029999999999909e-06
4.013500000000000000e+03 7.137130000000000224e-06
4.017500000000000000e+03 7.609159999999999667e-06
4.021500000000000000e+03 8.355320000000000837e-06
4.025500000000000000e+03 9.084160000000000791e-06
4.029500000000000000e+03 9.715459999999999304e-06
4.033500000000000000e+03 1.033159999999999947e-05
4.037500000000000000e+03 1.071079999999999916e-05
4.041500000000000000e+03 1.071760000000000052e-05
4.045500000000000000e+03 1.072249999999999941e-05
4.049500000000000000e+03 1.068719999999999993e-05
4.053500000000000000e+03 1.063619999999999991e-05
4.057500000000000000e+03 9.813389999999999228e-06
4.061500000000000000e+03 6.022539999999999770e-06
4.065500000000000000e+03 1.991439999999999944e-06
