1.715250000000000000e+04 0.000000000000000000e+00
1.718650000000000000e+04 1.765530000000000061e-07
1.722050000000000000e+04 1.634250000000000150e-05
1.725450000000000000e+04 6.778020000000000540e-05
1.728850000000000000e+04 1.141160000000000031e-04
1.732250000000000000e+04 1.530659999999999877e-04
1.735650000000000000e+04 2.055699999999999986e-04
1.739050000000000000e+04 2.709580000000000170e-04
1.742450000000000000e+04 3.213569999999999795e-04
1.745850000000000000e+04 3.445270000000000168e-04
1.749250000000000000e+04 3.692960000000000231e-04
1.752650000000000000e+04 4.040739999999999805e-04
1.756050000000000000e+04 4.530569999999999823e-04
1.759450000000000000e+04 5.060379999999999956e-04
1.762850000000000000e+04 5.474819999999999600e-04
1.766250000000000000e+04 5.959840000000000320e-04
1.769650000000000000e+04 6.469260000000000331e-04
1.773050000000000000e+04 7.039019999999999565e-04
1.776450000000000000e+04 7.897330000000000365e-04
1.779850000000000000e+04 9.422519999999999767e-04
1.783250000000000000e+04 1.201309999999999921e-03
1.786650000000000000e+04 1.645750000000000077e-03
1.790050000000000000e+04 2.295859999999999828e-03
1.793450000000000000e+04 3.252650000000000159e-03
1.796850000000000000e+04 4.664259999999999934e-03
1.800250000000000000e+04 6.867999999999999973e-03
1.803650000000000000e+04 1.042739999999999986e-02
1.807050000000000000e+04 1.608750000000000110e-02
1.810450000000000000e+04 2.529570000000000082e-02
1.813850000000000000e+04 3.913319999999999993e-02
1.817250000000000000e+04 6.068989999999999801e-02
1.820650000000000000e+04 8.718499999999999861e-02
1.824050000000000000e+04 1.217430000000000040e-01
1.827450000000000000e+04 1.594180000000000041e-01
1.830850000000000000e+04 2.012380000000000002e-01
1.834250000000000000e+04 2.454250000000000043e-01
1.837650000000000000e+04 2.893350000000000088e-01
1.841050000000000000e+04 3.339969999999999883e-01
1.844450000000000000e+04 3.753360000000000030e-01
1.847850000000000000e+04 4.155909999999999882e-01
1.851250000000000000e+04 4.540290000000000159e-01
1.854650000000000000e+04 4.920939999999999759e-01
1.858050000000000000e+04 5.298329999999999984e-01
1.861450000000000000e+04 5.679440000000000044e-01
1.864850000000000000e+04 6.023279999999999745e-01
1.868250000000000000e+04 6.340820000000000345e-01
1.871650000000000000e+04 6.610660000000000425e-01
1.875050000000000000e+04 6.837189999999999657e-01
1.878450000000000000e+04 7.043549999999999534e-01
1.881850000000000000e+04 7.240050000000000097e-01
1.885250000000000000e+04 7.436129999999999685e-01
1.888650000000000000e+04 7.633360000000000145e-01
1.892050000000000000e+04 7.819099999999999939e-01
1.895450000000000000e+04 7.974999999999999867e-01
1.898850000000000000e+04 8.100859999999999728e-01
1.902250000000000000e+04 8.192000000000000393e-01
1.905650000000000000e+04 8.258799999999999475e-01
1.909050000000000000e+04 8.315810000000000146e-01
1.912450000000000000e+04 8.366710000000000536e-01
1.915850000000000000e+04 8.420640000000000347e-01
1.919250000000000000e+04 8.477670000000000483e-01
1.922650000000000000e+04 8.541469999999999896e-01
1.926050000000000000e+04 8.608599999999999586e-01
1.929450000000000000e+04 8.675850000000000506e-01
1.932850000000000000e+04 8.740580000000000016e-01
1.936250000000000000e+04 8.800729999999999942e-01
1.939650000000000000e+04 8.855180000000000273e-01
1.943050000000000000e+04 8.908310000000000395e-01
1.946450000000000000e+04 8.956079999999999597e-01
1.949850000000000000e+04 9.003999999999999782e-01
1.953250000000000000e+04 9.046300000000000452e-01
1.956650000000000000e+04 9.086549999999999905e-01
1.960050000000000000e+04 9.121780000000000443e-01
1.963450000000000000e+04 9.148849999999999483e-01
1.966850000000000000e+04 9.170589999999999575e-01
1.970250000000000000e+04 9.177370000000000250e-01
1.973650000000000000e+04 9.181909999999999794e-01
1.977050000000000000e+04 9.177950000000000275e-01
1.980450000000000000e+04 9.176870000000000305e-01
1.983850000000000000e+04 9.176330000000000320e-01
1.987250000000000000e+04 9.180099999999999927e-01
1.990650000000000000e+04 9.192690000000000028e-01
1.994050000000000000e+04 9.212299999999999933e-01
1.997450000000000000e+04 9.244360000000000355e-01
2.000850000000000000e+04 9.281179999999999986e-01
2.004250000000000000e+04 9.325560000000000516e-01
2.007650000000000000e+04 9.373629999999999463e-01
2.011050000000000000e+04 9.428320000000000034e-01
2.014450000000000000e+04 9.486259999999999692e-01
2.017850000000000000e+04 9.545919999999999961e-01
2.021250000000000000e+04 9.604209999999999692e-01
2.024650000000000000e+04 9.660600000000000298e-01
2.028050000000000000e+04 9.710630000000000095e-01
2.031450000000000000e+04 9.756979999999999542e-01
2.034850000000000000e+04 9.797040000000000193e-01
2.038250000000000000e+04 9.828459999999999974e-01
2.041650000000000000e+04 9.852870000000000239e-01
2.045050000000000000e+04 9.869210000000000482e-01
2.048450000000000000e+04 9.882389999999999786e-01
2.051850000000000000e+04 9.893899999999999917e-01
2.055250000000000000e+04 9.908369999999999678e-01
2.058650000000000000e+04 9.921830000000000371e-01
2.062050000000000000e+04 9.937449999999999894e-01
2.065450000000000000e+04 9.952170000000000183e-01
2.068850000000000000e+04 9.967209999999999681e-01
2.072250000000000000e+04 9.982210000000000250e-01
2.075650000000000000e+04 9.994089999999999918e-01
2.079050000000000000e+04 1.000000000000000000e+00
2.082450000000000000e+04 9.997399999999999620e-01
2.085850000000000000e+04 9.989249999999999519e-01
2.089250000000000000e+04 9.973440000000000083e-01
2.092650000000000000e+04 9.952250000000000263e-01
2.096050000000000000e+04 9.924039999999999528e-01
2.099450000000000000e+04 9.891539999999999777e-01
2.102850000000000000e+04 9.857139999999999791e-01
2.106250000000000000e+04 9.825530000000000097e-01
2.109650000000000000e+04 9.799160000000000093e-01
2.113050000000000000e+04 9.777099999999999680e-01
2.116450000000000000e+04 9.762779999999999792e-01
2.119850000000000000e+04 9.750900000000000123e-01
2.123250000000000000e+04 9.746380000000000043e-01
2.126650000000000000e+04 9.747770000000000046e-01
2.130050000000000000e+04 9.754680000000000017e-01
2.133450000000000000e+04 9.763570000000000304e-01
2.136850000000000000e+04 9.775880000000000125e-01
2.140250000000000000e+04 9.791060000000000318e-01
2.143650000000000000e+04 9.803439999999999932e-01
2.147050000000000000e+04 9.816669999999999563e-01
2.150450000000000000e+04 9.828679999999999639e-01
2.153850000000000000e+04 9.839930000000000065e-01
2.157250000000000000e+04 9.850600000000000467e-01
2.160650000000000000e+04 9.861579999999999790e-01
2.164050000000000000e+04 9.871630000000000127e-01
2.167450000000000000e+04 9.880579999999999918e-01
2.170850000000000000e+04 9.886899999999999578e-01
2.174250000000000000e+04 9.891790000000000305e-01
2.177650000000000000e+04 9.895969999999999489e-01
2.181050000000000000e+04 9.899259999999999726e-01
2.184450000000000000e+04 9.900029999999999664e-01
2.187850000000000000e+04 9.897219999999999906e-01
2.191250000000000000e+04 9.892549999999999955e-01
2.194650000000000000e+04 9.881429999999999936e-01
2.198050000000000000e+04 9.864530000000000243e-01
2.201450000000000000e+04 9.840689999999999715e-01
2.204850000000000000e+04 9.810839999999999561e-01
2.208250000000000000e+04 9.773690000000000433e-01
2.211650000000000000e+04 9.732960000000000500e-01
2.215050000000000000e+04 9.692469999999999697e-01
2.218450000000000000e+04 9.655679999999999819e-01
2.221850000000000000e+04 9.625799999999999912e-01
2.225250000000000000e+04 9.598830000000000418e-01
2.228650000000000000e+04 9.578550000000000120e-01
2.232050000000000000e+04 9.554489999999999927e-01
2.235450000000000000e+04 9.522310000000000496e-01
2.238850000000000000e+04 9.463789999999999702e-01
2.242250000000000000e+04 9.364519999999999511e-01
2.245650000000000000e+04 9.201829999999999732e-01
2.249050000000000000e+04 8.979819999999999469e-01
2.252450000000000000e+04 8.715549999999999686e-01
2.255850000000000000e+04 8.396369999999999667e-01
2.259250000000000000e+04 8.059539999999999482e-01
2.262650000000000000e+04 7.688620000000000454e-01
2.266050000000000000e+04 7.306150000000000144e-01
2.269450000000000000e+04 6.933880000000000043e-01
2.272850000000000000e+04 6.555469999999999908e-01
2.276250000000000000e+04 6.200369999999999493e-01
2.279650000000000000e+04 5.834620000000000362e-01
2.283050000000000000e+04 5.483799999999999786e-01
2.286450000000000000e+04 5.132729999999999793e-01
2.289850000000000000e+04 4.789089999999999736e-01
2.293250000000000000e+04 4.469520000000000159e-01
2.296650000000000000e+04 4.145209999999999728e-01
2.300050000000000000e+04 3.840120000000000200e-01
2.303450000000000000e+04 3.532939999999999969e-01
2.306850000000000000e+04 3.244560000000000222e-01
2.310250000000000000e+04 2.969890000000000030e-01
2.313650000000000000e+04 2.707840000000000247e-01
2.317050000000000000e+04 2.467590000000000061e-01
2.320450000000000000e+04 2.242230000000000056e-01
2.323850000000000000e+04 1.976360000000000061e-01
2.327250000000000000e+04 1.685079999999999911e-01
2.330650000000000000e+04 1.357079999999999953e-01
2.334050000000000000e+04 1.019280000000000047e-01
2.337450000000000000e+04 7.231079999999999453e-02
2.340850000000000000e+04 4.819369999999999904e-02
2.344250000000000000e+04 3.003039999999999876e-02
2.347650000000000000e+04 1.763520000000000018e-02
2.351050000000000000e+04 1.042940000000000013e-02
2.354450000000000000e+04 5.908880000000000035e-03
2.357850000000000000e+04 3.292489999999999913e-03
2.361250000000000000e+04 1.827010000000000006e-03
2.364650000000000000e+04 1.220689999999999970e-03
2.368050000000000000e+04 8.385579999999999900e-04
2.371450000000000000e+04 5.792310000000000384e-04
2.374850000000000000e+04 3.945369999999999802e-04
2.378250000000000000e+04 2.658229999999999925e-04
2.381650000000000000e+04 1.926119999999999916e-04
2.385050000000000000e+04 1.560660000000000064e-04
2.388450000000000000e+04 1.305909999999999970e-04
2.391850000000000000e+04 1.207749999999999948e-04
2.395250000000000000e+04 1.232150000000000053e-04
2.398650000000000000e+04 1.076020000000000042e-04
2.402050000000000000e+04 6.350689999999999330e-05
2.405450000000000000e+04 2.042189999999999839e-05
2.408850000000000000e+04 2.455010000000000064e-06
