1.967000000000000000e+03 0.000000000000000000e+00
1.972000000000000000e+03 7.713109999999999641e-08
1.977000000000000000e+03 6.919939999999999852e-06
1.982000000000000000e+03 1.856300000000000167e-05
1.987000000000000000e+03 2.532780000000000168e-05
1.992000000000000000e+03 2.595340000000000125e-05
1.997000000000000000e+03 2.670189999999999925e-05
2.002000000000000000e+03 2.781879999999999867e-05
2.007000000000000000e+03 2.895759999999999868e-05
2.012000000000000000e+03 3.012609999999999943e-05
2.017000000000000000e+03 3.128539999999999696e-05
2.022000000000000000e+03 3.236219999999999993e-05
2.027000000000000000e+03 3.338169999999999923e-05
2.032000000000000000e+03 3.380900000000000105e-05
2.037000000000000000e+03 3.402459999999999946e-05
2.042000000000000000e+03 3.378979999999999961e-05
2.047000000000000000e+03 3.329229999999999971e-05
2.052000000000000000e+03 3.266900000000000180e-05
2.057000000000000000e+03 3.191639999999999820e-05
2.062000000000000000e+03 3.121340000000000171e-05
2.067000000000000000e+03 3.059979999999999796e-05
2.072000000000000000e+03 3.020410000000000106e-05
2.077000000000000000e+03 3.046950000000000025e-05
2.082000000000000000e+03 3.090579999999999808e-05
2.087000000000000000e+03 3.199260000000000265e-05
2.092000000000000000e+03 3.319470000000000255e-05
2.097000000000000000e+03 3.453439999999999922e-05
2.102000000000000000e+03 3.589299999999999668e-05
2.107000000000000000e+03 3.665800000000000037e-05
2.112000000000000000e+03 3.713289999999999815e-05
2.117000000000000000e+03 3.684239999999999813e-05
2.122000000000000000e+03 3.590559999999999721e-05
2.127000000000000000e+03 3.437220000000000271e-05
2.132000000000000000e+03 3.195500000000000152e-05
2.137000000000000000e+03 2.938030000000000058e-05
2.142000000000000000e+03 2.643840000000000084e-05
2.147000000000000000e+03 2.353549999999999853e-05
2.152000000000000000e+03 2.089550000000000009e-05
2.157000000000000000e+03 1.838129999999999967e-05
2.162000000000000000e+03 1.663760000000000144e-05
2.167000000000000000e+03 1.511919999999999917e-05
2.172000000000000000e+03 1.446290000000000005e-05
2.177000000000000000e+03 1.416219999999999969e-05
2.182000000000000000e+03 1.449269999999999932e-05
2.187000000000000000e+03 1.525749999999999919e-05
2.192000000000000000e+03 1.629760000000000131e-05
2.197000000000000000e+03 1.767130000000000138e-05
2.202000000000000000e+03 1.903179999999999962e-05
2.207000000000000000e+03 2.035889999999999917e-05
2.212000000000000000e+03 2.157529999999999992e-05
2.217000000000000000e+03 2.239780000000000094e-05
2.222000000000000000e+03 2.304360000000000075e-05
2.227000000000000000e+03 2.280209999999999976e-05
2.232000000000000000e+03 2.232960000000000047e-05
2.237000000000000000e+03 2.102880000000000100e-05
2.242000000000000000e+03 1.945009999999999865e-05
2.247000000000000000e+03 1.777010000000000118e-05
2.252000000000000000e+03 1.603300000000000048e-05
2.257000000000000000e+03 1.440530000000000081e-05
2.262000000000000000e+03 1.288669999999999979e-05
2.267000000000000000e+03 1.151470000000000005e-05
2.272000000000000000e+03 1.039680000000000014e-05
2.277000000000000000e+03 9.438619999999999427e-06
2.282000000000000000e+03 8.934029999999999909e-06
2.287000000000000000e+03 8.478870000000000696e-06
2.292000000000000000e+03 8.105939999999999169e-06
2.297000000000000000e+03 7.753780000000000494e-06
2.302000000000000000e+03 7.484989999999999634e-06
2.307000000000000000e+03 7.241540000000000296e-06
2.312000000000000000e+03 7.064120000000000392e-06
2.317000000000000000e+03 6.917210000000000303e-06
2.322000000000000000e+03 6.730479999999999636e-06
2.327000000000000000e+03 6.511110000000000075e-06
2.332000000000000000e+03 6.318959999999999721e-06
2.337000000000000000e+03 6.165750000000000217e-06
2.342000000000000000e+03 5.992499999999999800e-06
2.347000000000000000e+03 5.768679999999999799e-06
2.352000000000000000e+03 5.553950000000000416e-06
2.357000000000000000e+03 5.389219999999999708e-06
2.362000000000000000e+03 5.223409999999999681e-06
2.367000000000000000e+03 5.002339999999999780e-06
2.372000000000000000e+03 4.773109999999999944e-06
2.377000000000000000e+03 4.617500000000000260e-06
2.382000000000000000e+03 4.491979999999999808e-06
2.387000000000000000e+03 4.442220000000000135e-06
2.392000000000000000e+03 4.443080000000000158e-06
2.397000000000000000e+03 4.452380000000000221e-06
2.402000000000000000e+03 4.471529999999999860e-06
2.407000000000000000e+03 4.478649999999999886e-06
2.412000000000000000e+03 4.461069999999999963e-06
2.417000000000000000e+03 4.403009999999999879e-06
2.422000000000000000e+03 4.208050000000000309e-06
2.427000000000000000e+03 4.022590000000000394e-06
2.432000000000000000e+03 3.974940000000000096e-06
2.437000000000000000e+03 3.954780000000000106e-06
2.442000000000000000e+03 3.958829999999999669e-06
2.447000000000000000e+03 3.970659999999999690e-06
2.452000000000000000e+03 3.980479999999999708e-06
2.457000000000000000e+03 3.989149999999999745e-06
2.462000000000000000e+03 3.987759999999999916e-06
2.467000000000000000e+03 3.976610000000000031e-06
2.472000000000000000e+03 3.929539999999999650e-06
2.477000000000000000e+03 3.822400000000000029e-06
2.482000000000000000e+03 3.737499999999999791e-06
2.487000000000000000e+03 3.720280000000000064e-06
2.492000000000000000e+03 3.710729999999999876e-06
2.497000000000000000e+03 3.715370000000000056e-06
2.502000000000000000e+03 3.722110000000000181e-06
2.507000000000000000e+03 3.728789999999999920e-06
2.512000000000000000e+03 3.734329999999999955e-06
2.517000000000000000e+03 3.713449999999999996e-06
2.522000000000000000e+03 3.679150000000000172e-06
2.527000000000000000e+03 3.535059999999999998e-06
2.532000000000000000e+03 3.303590000000000163e-06
2.537000000000000000e+03 3.145899999999999814e-06
2.542000000000000000e+03 3.090039999999999895e-06
2.547000000000000000e+03 3.023970000000000204e-06
2.552000000000000000e+03 2.930420000000000058e-06
2.557000000000000000e+03 2.871580000000000042e-06
2.562000000000000000e+03 2.959130000000000161e-06
2.567000000000000000e+03 3.053969999999999917e-06
2.572000000000000000e+03 3.074980000000000076e-06
2.577000000000000000e+03 3.075309999999999868e-06
2.582000000000000000e+03 3.005929999999999865e-06
2.587000000000000000e+03 2.912249999999999942e-06
2.592000000000000000e+03 2.939400000000000182e-06
2.597000000000000000e+03 3.045069999999999883e-06
2.602000000000000000e+03 3.131999999999999829e-06
2.607000000000000000e+03 3.197869999999999928e-06
2.612000000000000000e+03 3.331020000000000085e-06
2.617000000000000000e+03 3.596220000000000104e-06
2.622000000000000000e+03 3.844380000000000282e-06
2.627000000000000000e+03 4.020200000000000066e-06
2.632000000000000000e+03 4.171449999999999677e-06
2.637000000000000000e+03 4.217099999999999824e-06
2.642000000000000000e+03 4.242470000000000057e-06
2.647000000000000000e+03 4.252790000000000324e-06
2.652000000000000000e+03 4.258349999999999641e-06
2.657000000000000000e+03 4.263830000000000137e-06
2.662000000000000000e+03 4.269259999999999677e-06
2.667000000000000000e+03 4.274709999999999769e-06
2.672000000000000000e+03 4.280190000000000265e-06
2.677000000000000000e+03 4.285669999999999915e-06
2.682000000000000000e+03 4.291160000000000264e-06
2.687000000000000000e+03 4.296599999999999656e-06
2.692000000000000000e+03 4.301910000000000118e-06
2.697000000000000000e+03 4.313489999999999591e-06
2.702000000000000000e+03 4.355100000000000027e-06
2.707000000000000000e+03 4.419690000000000370e-06
2.712000000000000000e+03 4.651069999999999838e-06
2.717000000000000000e+03 4.924210000000000072e-06
2.722000000000000000e+03 5.155909999999999904e-06
2.727000000000000000e+03 5.369799999999999816e-06
2.732000000000000000e+03 5.631009999999999811e-06
2.737000000000000000e+03 5.928770000000000327e-06
2.742000000000000000e+03 6.191209999999999970e-06
2.747000000000000000e+03 6.406730000000000407e-06
2.752000000000000000e+03 6.665130000000000338e-06
2.757000000000000000e+03 7.023039999999999762e-06
2.762000000000000000e+03 7.441430000000000004e-06
2.767000000000000000e+03 8.075479999999999464e-06
2.772000000000000000e+03 8.752340000000000299e-06
2.777000000000000000e+03 9.555169999999999183e-06
2.782000000000000000e+03 1.038719999999999941e-05
2.787000000000000000e+03 1.125070000000000055e-05
2.792000000000000000e+03 1.212830000000000041e-05
2.797000000000000000e+03 1.312309999999999977e-05
2.802000000000000000e+03 1.419260000000000028e-05
2.807000000000000000e+03 1.547550000000000116e-05
2.812000000000000000e+03 1.699150000000000156e-05
2.817000000000000000e+03 1.865530000000000077e-05
2.822000000000000000e+03 2.059369999999999902e-05
2.827000000000000000e+03 2.272769999999999925e-05
2.832000000000000000e+03 2.545700000000000038e-05
2.837000000000000000e+03 2.839430000000000019e-05
2.842000000000000000e+03 3.220769999999999997e-05
2.847000000000000000e+03 3.627129999999999948e-05
2.852000000000000000e+03 4.142110000000000225e-05
2.857000000000000000e+03 4.694960000000000192e-05
2.862000000000000000e+03 5.370089999999999944e-05
2.867000000000000000e+03 6.111040000000000363e-05
2.872000000000000000e+03 6.992139999999999770e-05
2.877000000000000000e+03 8.001259999999999351e-05
2.882000000000000000e+03 9.152959999999999861e-05
2.887000000000000000e+03 1.052600000000000053e-04
2.892000000000000000e+03 1.205270000000000066e-04
2.897000000000000000e+03 1.397559999999999948e-04
2.902000000000000000e+03 1.606629999999999896e-04
2.907000000000000000e+03 2.426379999999999900e-04
2.912000000000000000e+03 3.691389999999999906e-04
2.917000000000000000e+03 5.092270000000000086e-04
2.922000000000000000e+03 6.683239999999999797e-04
2.927000000000000000e+03 1.071190000000000076e-03
2.932000000000000000e+03 1.646630000000000055e-03
2.937000000000000000e+03 2.277869999999999982e-03
2.942000000000000000e+03 3.001830000000000036e-03
2.947000000000000000e+03 3.914299999999999898e-03
2.952000000000000000e+03 5.090850000000000063e-03
2.957000000000000000e+03 6.378889999999999907e-03
2.962000000000000000e+03 7.902289999999999315e-03
2.967000000000000000e+03 9.598739999999999703e-03
2.972000000000000000e+03 1.149120000000000003e-02
2.977000000000000000e+03 1.340279999999999944e-02
2.982000000000000000e+03 1.542870000000000005e-02
2.987000000000000000e+03 1.759720000000000034e-02
2.992000000000000000e+03 1.986380000000000090e-02
2.997000000000000000e+03 2.222970000000000154e-02
3.002000000000000000e+03 2.469359999999999958e-02
3.007000000000000000e+03 2.723309999999999967e-02
3.012000000000000000e+03 2.983740000000000003e-02
3.017000000000000000e+03 3.246870000000000311e-02
3.022000000000000000e+03 3.516040000000000137e-02
3.027000000000000000e+03 3.789150000000000157e-02
3.032000000000000000e+03 4.063259999999999789e-02
3.037000000000000000e+03 4.336509999999999670e-02
3.042000000000000000e+03 4.610249999999999765e-02
3.047000000000000000e+03 4.880319999999999797e-02
3.052000000000000000e+03 5.144359999999999905e-02
3.057000000000000000e+03 5.403539999999999732e-02
3.062000000000000000e+03 5.657120000000000204e-02
3.067000000000000000e+03 5.897279999999999883e-02
3.072000000000000000e+03 6.129749999999999782e-02
3.077000000000000000e+03 6.345190000000000552e-02
3.082000000000000000e+03 6.546939999999999704e-02
3.087000000000000000e+03 6.733690000000000508e-02
3.092000000000000000e+03 6.903950000000000364e-02
3.097000000000000000e+03 7.059340000000000059e-02
3.102000000000000000e+03 7.188899999999999457e-02
3.107000000000000000e+03 7.310500000000000331e-02
3.112000000000000000e+03 7.402160000000000684e-02
3.117000000000000000e+03 7.491449999999999498e-02
3.122000000000000000e+03 7.560229999999999728e-02
3.127000000000000000e+03 7.626769999999999383e-02
3.132000000000000000e+03 7.679149999999999865e-02
3.137000000000000000e+03 7.726919999999999622e-02
3.142000000000000000e+03 7.780729999999999591e-02
3.147000000000000000e+03 7.835010000000000585e-02
3.152000000000000000e+03 7.899299999999999378e-02
3.157000000000000000e+03 7.966669999999999308e-02
3.162000000000000000e+03 8.047169999999999324e-02
3.167000000000000000e+03 8.138600000000000001e-02
3.172000000000000000e+03 8.240709999999999702e-02
3.177000000000000000e+03 8.356070000000000164e-02
3.182000000000000000e+03 8.473590000000000289e-02
3.187000000000000000e+03 8.597040000000000237e-02
3.192000000000000000e+03 8.720500000000000473e-02
3.197000000000000000e+03 8.848209999999999409e-02
3.202000000000000000e+03 8.978579999999999894e-02
3.207000000000000000e+03 9.112069999999999892e-02
3.212000000000000000e+03 9.250339999999999951e-02
3.217000000000000000e+03 9.377829999999999500e-02
3.222000000000000000e+03 9.496830000000000549e-02
3.227000000000000000e+03 9.615020000000000511e-02
3.232000000000000000e+03 9.731099999999999473e-02
3.237000000000000000e+03 9.875440000000000607e-02
3.242000000000000000e+03 1.003629999999999939e-01
3.247000000000000000e+03 1.026939999999999936e-01
3.252000000000000000e+03 1.057369999999999977e-01
3.257000000000000000e+03 1.103530000000000066e-01
3.262000000000000000e+03 1.168649999999999967e-01
3.267000000000000000e+03 1.267320000000000113e-01
3.272000000000000000e+03 1.408850000000000102e-01
3.277000000000000000e+03 1.612290000000000112e-01
3.282000000000000000e+03 1.886780000000000124e-01
3.287000000000000000e+03 2.239410000000000012e-01
3.292000000000000000e+03 2.676580000000000070e-01
3.297000000000000000e+03 3.183119999999999838e-01
3.302000000000000000e+03 3.783409999999999829e-01
3.307000000000000000e+03 4.431140000000000079e-01
3.312000000000000000e+03 5.169049999999999478e-01
3.317000000000000000e+03 5.908689999999999776e-01
3.322000000000000000e+03 6.657520000000000104e-01
3.327000000000000000e+03 7.374829999999999997e-01
3.332000000000000000e+03 7.993010000000000392e-01
3.337000000000000000e+03 8.540699999999999958e-01
3.342000000000000000e+03 8.972780000000000200e-01
3.347000000000000000e+03 9.309420000000000472e-01
3.352000000000000000e+03 9.541880000000000361e-01
3.357000000000000000e+03 9.691149999999999487e-01
3.362000000000000000e+03 9.779339999999999700e-01
3.367000000000000000e+03 9.818200000000000260e-01
3.372000000000000000e+03 9.829649999999999777e-01
3.377000000000000000e+03 9.844389999999999530e-01
3.382000000000000000e+03 9.854220000000000201e-01
3.387000000000000000e+03 9.877430000000000376e-01
3.392000000000000000e+03 9.911379999999999635e-01
3.397000000000000000e+03 9.948510000000000408e-01
3.402000000000000000e+03 9.980949999999999545e-01
3.407000000000000000e+03 1.000000000000000000e+00
3.412000000000000000e+03 9.996599999999999930e-01
3.417000000000000000e+03 9.970679999999999543e-01
3.422000000000000000e+03 9.925479999999999858e-01
3.427000000000000000e+03 9.842830000000000190e-01
3.432000000000000000e+03 9.743100000000000094e-01
3.437000000000000000e+03 9.554009999999999447e-01
3.442000000000000000e+03 9.280180000000000096e-01
3.447000000000000000e+03 8.896300000000000319e-01
3.452000000000000000e+03 8.417949999999999600e-01
3.457000000000000000e+03 7.851339999999999986e-01
3.462000000000000000e+03 7.200990000000000446e-01
3.467000000000000000e+03 6.509190000000000254e-01
3.472000000000000000e+03 5.797400000000000331e-01
3.477000000000000000e+03 5.084400000000000031e-01
3.482000000000000000e+03 4.407260000000000066e-01
3.487000000000000000e+03 3.756269999999999887e-01
3.492000000000000000e+03 3.145580000000000043e-01
3.497000000000000000e+03 2.618900000000000117e-01
3.502000000000000000e+03 2.191569999999999907e-01
3.507000000000000000e+03 1.847229999999999983e-01
3.512000000000000000e+03 1.596309999999999951e-01
3.517000000000000000e+03 1.402410000000000045e-01
3.522000000000000000e+03 1.272729999999999972e-01
3.527000000000000000e+03 1.180770000000000014e-01
3.532000000000000000e+03 1.116999999999999937e-01
3.537000000000000000e+03 1.066160000000000024e-01
3.542000000000000000e+03 1.025029999999999969e-01
3.547000000000000000e+03 9.945980000000000099e-02
3.552000000000000000e+03 9.705779999999999963e-02
3.557000000000000000e+03 9.522780000000000133e-02
3.562000000000000000e+03 9.391869999999999385e-02
3.567000000000000000e+03 9.271240000000000037e-02
3.572000000000000000e+03 9.165059999999999873e-02
3.577000000000000000e+03 9.078129999999999533e-02
3.582000000000000000e+03 8.995350000000000568e-02
3.587000000000000000e+03 8.910060000000000202e-02
3.592000000000000000e+03 8.822389999999999399e-02
3.597000000000000000e+03 8.732189999999999397e-02
3.602000000000000000e+03 8.634680000000000133e-02
3.607000000000000000e+03 8.533830000000000582e-02
3.612000000000000000e+03 8.415680000000000383e-02
3.617000000000000000e+03 8.297580000000000233e-02
3.622000000000000000e+03 8.169719999999999760e-02
3.627000000000000000e+03 8.042290000000000549e-02
3.632000000000000000e+03 7.912900000000000489e-02
3.637000000000000000e+03 7.782650000000000678e-02
3.642000000000000000e+03 7.660039999999999905e-02
3.647000000000000000e+03 7.528730000000000144e-02
3.652000000000000000e+03 7.403750000000000608e-02
3.657000000000000000e+03 7.281110000000000360e-02
3.662000000000000000e+03 7.154109999999999636e-02
3.667000000000000000e+03 7.033000000000000362e-02
3.672000000000000000e+03 6.891940000000000566e-02
3.677000000000000000e+03 6.749620000000000619e-02
3.682000000000000000e+03 6.546180000000000054e-02
3.687000000000000000e+03 6.322319999999999329e-02
3.692000000000000000e+03 6.055270000000000097e-02
3.697000000000000000e+03 5.759419999999999817e-02
3.702000000000000000e+03 5.436099999999999960e-02
3.707000000000000000e+03 5.081940000000000068e-02
3.712000000000000000e+03 4.724020000000000302e-02
3.717000000000000000e+03 4.362350000000000255e-02
3.722000000000000000e+03 4.000999999999999696e-02
3.727000000000000000e+03 3.639420000000000155e-02
3.732000000000000000e+03 3.282430000000000070e-02
3.737000000000000000e+03 2.943180000000000102e-02
3.742000000000000000e+03 2.612930000000000114e-02
3.747000000000000000e+03 2.313279999999999850e-02
3.752000000000000000e+03 2.030449999999999963e-02
3.757000000000000000e+03 1.779530000000000001e-02
3.762000000000000000e+03 1.551959999999999971e-02
3.767000000000000000e+03 1.346980000000000052e-02
3.772000000000000000e+03 1.164409999999999924e-02
3.777000000000000000e+03 9.998929999999999624e-03
3.782000000000000000e+03 8.603190000000000143e-03
3.787000000000000000e+03 7.334659999999999791e-03
3.792000000000000000e+03 6.299169999999999769e-03
3.797000000000000000e+03 5.351370000000000259e-03
3.802000000000000000e+03 4.595209999999999746e-03
3.807000000000000000e+03 3.906250000000000000e-03
3.812000000000000000e+03 3.358490000000000000e-03
3.817000000000000000e+03 2.867820000000000091e-03
3.822000000000000000e+03 2.469499999999999907e-03
3.827000000000000000e+03 2.124149999999999996e-03
3.832000000000000000e+03 1.833089999999999893e-03
3.837000000000000000e+03 1.589080000000000093e-03
3.842000000000000000e+03 1.377540000000000014e-03
3.847000000000000000e+03 1.198049999999999983e-03
3.852000000000000000e+03 9.983389999999999972e-04
3.857000000000000000e+03 8.176779999999999595e-04
3.862000000000000000e+03 6.875050000000000388e-04
3.867000000000000000e+03 5.971810000000000139e-04
3.872000000000000000e+03 5.069469999999999966e-04
3.877000000000000000e+03 3.281949999999999841e-04
3.882000000000000000e+03 1.321399999999999918e-04
3.887000000000000000e+03 6.649790000000000583e-05
3.892000000000000000e+03 6.217260000000000169e-05
3.897000000000000000e+03 5.816060000000000012e-05
3.902000000000000000e+03 5.439710000000000134e-05
3.907000000000000000e+03 5.127989999999999670e-05
3.912000000000000000e+03 4.600970000000000098e-05
3.917000000000000000e+03 3.026310000000000168e-05
3.922000000000000000e+03 1.710189999999999969e-05
3.927000000000000000e+03 1.516920000000000039e-05
3.932000000000000000e+03 1.460929999999999919e-05
3.937000000000000000e+03 1.411550000000000063e-05
3.942000000000000000e+03 1.385260000000000015e-05
3.947000000000000000e+03 1.364800000000000045e-05
3.952000000000000000e+03 1.351559999999999982e-05
3.957000000000000000e+03 1.340799999999999936e-05
3.962000000000000000e+03 1.321959999999999960e-05
3.967000000000000000e+03 1.297859999999999971e-05
3.972000000000000000e+03 1.277580000000000057e-05
3.977000000000000000e+03 1.261500000000000035e-05
3.982000000000000000e+03 1.249319999999999924e-05
3.987000000000000000e+03 1.244009999999999970e-05
3.992000000000000000e+03 1.239759999999999968e-05
3.997000000000000000e+03 1.237690000000000003e-05
4.002000000000000000e+03 1.237310000000000017e-05
4.007000000000000000e+03 1.244779999999999964e-05
4.012000000000000000e+03 1.254240000000000040e-05
4.017000000000000000e+03 1.269010000000000069e-05
4.022000000000000000e+03 1.284969999999999998e-05
4.027000000000000000e+03 1.290390000000000024e-05
4.032000000000000000e+03 1.289950000000000076e-05
4.037000000000000000e+03 1.287979999999999991e-05
4.042000000000000000e+03 1.284579999999999990e-05
4.047000000000000000e+03 1.281179999999999988e-05
4.052000000000000000e+03 1.277779999999999987e-05
4.057000000000000000e+03 1.274379999999999986e-05
4.062000000000000000e+03 1.270979999999999984e-05
4.067000000000000000e+03 1.267549999999999917e-05
4.072000000000000000e+03 1.263970000000000029e-05
4.077000000000000000e+03 1.258229999999999979e-05
4.082000000000000000e+03 1.236349999999999945e-05
4.087000000000000000e+03 1.205699999999999993e-05
4.092000000000000000e+03 1.108520000000000019e-05
4.097000000000000000e+03 9.827759999999999906e-06
4.102000000000000000e+03 9.350639999999999297e-06
4.107000000000000000e+03 9.469399999999999495e-06
4.112000000000000000e+03 9.610749999999999420e-06
4.117000000000000000e+03 9.778870000000000108e-06
4.122000000000000000e+03 1.020109999999999962e-05
4.127000000000000000e+03 1.115209999999999949e-05
4.132000000000000000e+03 1.213169999999999940e-05
4.137000000000000000e+03 1.309500000000000083e-05
4.142000000000000000e+03 1.395630000000000053e-05
4.147000000000000000e+03 1.420270000000000041e-05
4.152000000000000000e+03 1.430450000000000001e-05
4.157000000000000000e+03 1.432390000000000020e-05
4.162000000000000000e+03 1.431599999999999981e-05
4.167000000000000000e+03 1.439970000000000038e-05
4.172000000000000000e+03 1.454200000000000070e-05
4.177000000000000000e+03 1.466310000000000027e-05
4.182000000000000000e+03 1.476159999999999941e-05
4.187000000000000000e+03 1.489379999999999960e-05
4.192000000000000000e+03 1.508479999999999997e-05
4.197000000000000000e+03 1.531409999999999963e-05
4.202000000000000000e+03 1.564759999999999906e-05
4.207000000000000000e+03 1.596899999999999906e-05
4.212000000000000000e+03 1.617680000000000070e-05
4.217000000000000000e+03 1.635740000000000029e-05
4.222000000000000000e+03 1.647800000000000046e-05
4.227000000000000000e+03 1.658419999999999954e-05
4.232000000000000000e+03 1.677439999999999986e-05
4.237000000000000000e+03 1.700919999999999971e-05
4.242000000000000000e+03 1.720699999999999975e-05
4.247000000000000000e+03 1.737169999999999836e-05
4.252000000000000000e+03 1.750690000000000004e-05
4.257000000000000000e+03 1.759960000000000002e-05
4.262000000000000000e+03 1.771489999999999873e-05
4.267000000000000000e+03 1.788900000000000101e-05
4.272000000000000000e+03 1.802879999999999923e-05
4.277000000000000000e+03 1.801130000000000152e-05
4.282000000000000000e+03 1.796960000000000156e-05
4.287000000000000000e+03 1.792649999999999853e-05
4.292000000000000000e+03 1.789380000000000137e-05
4.297000000000000000e+03 1.801370000000000000e-05
4.302000000000000000e+03 1.820270000000000107e-05
4.307000000000000000e+03 1.841730000000000068e-05
4.312000000000000000e+03 1.865149999999999922e-05
4.317000000000000000e+03 1.891060000000000153e-05
4.322000000000000000e+03 1.920070000000000067e-05
4.327000000000000000e+03 1.946099999999999883e-05
4.332000000000000000e+03 1.966029999999999877e-05
4.337000000000000000e+03 1.982320000000000021e-05
4.342000000000000000e+03 1.987709999999999981e-05
4.347000000000000000e+03 1.992599999999999862e-05
4.352000000000000000e+03 2.002529999999999951e-05
4.357000000000000000e+03 2.014060000000000161e-05
4.362000000000000000e+03 2.031190000000000114e-05
4.367000000000000000e+03 2.049380000000000019e-05
4.372000000000000000e+03 2.044979999999999858e-05
4.377000000000000000e+03 2.026469999999999929e-05
4.382000000000000000e+03 2.016660000000000102e-05
4.387000000000000000e+03 2.015850000000000020e-05
4.392000000000000000e+03 2.024700000000000113e-05
4.397000000000000000e+03 2.049369999999999998e-05
4.402000000000000000e+03 2.069330000000000057e-05
4.407000000000000000e+03 2.073790000000000011e-05
4.412000000000000000e+03 1.933009999999999980e-05
4.417000000000000000e+03 1.094729999999999935e-05
4.422000000000000000e+03 2.110299999999999938e-06
