1.797000000000000000e+03 0.000000000000000000e+00
1.802000000000000000e+03 9.124000000000000438e-07
1.807000000000000000e+03 9.758680000000000560e-06
1.812000000000000000e+03 2.325579999999999848e-05
1.817000000000000000e+03 2.943460000000000106e-05
1.822000000000000000e+03 3.709849999999999726e-05
1.827000000000000000e+03 5.115000000000000324e-05
1.832000000000000000e+03 6.043280000000000185e-05
1.837000000000000000e+03 6.380420000000000145e-05
1.842000000000000000e+03 6.630909999999999842e-05
1.847000000000000000e+03 6.902700000000000166e-05
1.852000000000000000e+03 7.166950000000000219e-05
1.857000000000000000e+03 7.371280000000000345e-05
1.862000000000000000e+03 7.526989999999999571e-05
1.867000000000000000e+03 7.620380000000000383e-05
1.872000000000000000e+03 7.632490000000000509e-05
1.877000000000000000e+03 7.580390000000000110e-05
1.882000000000000000e+03 7.470289999999999927e-05
1.887000000000000000e+03 7.333620000000000438e-05
1.892000000000000000e+03 7.196869999999999418e-05
1.897000000000000000e+03 7.118629999999999977e-05
1.902000000000000000e+03 7.092859999999999714e-05
1.907000000000000000e+03 7.144759999999999675e-05
1.912000000000000000e+03 7.284249999999999926e-05
1.917000000000000000e+03 7.487110000000000217e-05
1.922000000000000000e+03 7.735659999999999726e-05
1.927000000000000000e+03 7.958070000000000194e-05
1.932000000000000000e+03 8.140820000000000434e-05
1.937000000000000000e+03 8.218950000000000311e-05
1.942000000000000000e+03 8.167799999999999963e-05
1.947000000000000000e+03 7.952670000000000550e-05
1.952000000000000000e+03 7.592500000000000236e-05
1.957000000000000000e+03 7.117570000000000363e-05
1.962000000000000000e+03 6.537099999999999465e-05
1.967000000000000000e+03 5.911640000000000205e-05
1.972000000000000000e+03 5.282619999999999916e-05
1.977000000000000000e+03 4.709699999999999987e-05
1.982000000000000000e+03 4.218670000000000048e-05
1.987000000000000000e+03 3.843959999999999700e-05
1.992000000000000000e+03 3.605270000000000127e-05
1.997000000000000000e+03 3.521439999999999949e-05
2.002000000000000000e+03 3.571079999999999697e-05
2.007000000000000000e+03 3.733510000000000106e-05
2.012000000000000000e+03 3.986219999999999927e-05
2.017000000000000000e+03 4.284580000000000235e-05
2.022000000000000000e+03 4.600529999999999810e-05
2.027000000000000000e+03 4.900539999999999671e-05
2.032000000000000000e+03 5.143990000000000194e-05
2.037000000000000000e+03 5.298999999999999918e-05
2.042000000000000000e+03 5.351419999999999663e-05
2.047000000000000000e+03 5.293729999999999882e-05
2.052000000000000000e+03 5.135549999999999984e-05
2.057000000000000000e+03 4.908929999999999772e-05
2.062000000000000000e+03 4.609610000000000069e-05
2.067000000000000000e+03 4.282620000000000003e-05
2.072000000000000000e+03 3.989040000000000012e-05
2.077000000000000000e+03 3.729039999999999791e-05
2.082000000000000000e+03 3.521880000000000236e-05
2.087000000000000000e+03 3.370800000000000321e-05
2.092000000000000000e+03 3.251609999999999857e-05
2.097000000000000000e+03 3.124539999999999734e-05
2.102000000000000000e+03 3.035319999999999934e-05
2.107000000000000000e+03 2.981130000000000035e-05
2.112000000000000000e+03 2.946270000000000169e-05
2.117000000000000000e+03 2.922339999999999874e-05
2.122000000000000000e+03 2.901910000000000139e-05
2.127000000000000000e+03 2.883699999999999851e-05
2.132000000000000000e+03 2.875969999999999842e-05
2.137000000000000000e+03 2.872729999999999853e-05
2.142000000000000000e+03 2.861420000000000125e-05
2.147000000000000000e+03 2.851670000000000092e-05
2.152000000000000000e+03 2.853129999999999905e-05
2.157000000000000000e+03 2.857489999999999978e-05
2.162000000000000000e+03 2.851220000000000122e-05
2.167000000000000000e+03 2.841160000000000086e-05
2.172000000000000000e+03 2.842260000000000126e-05
2.177000000000000000e+03 2.851050000000000088e-05
2.182000000000000000e+03 2.867610000000000146e-05
2.187000000000000000e+03 2.896549999999999906e-05
2.192000000000000000e+03 2.935540000000000019e-05
2.197000000000000000e+03 2.990329999999999879e-05
2.202000000000000000e+03 3.057189999999999777e-05
2.207000000000000000e+03 3.123059999999999877e-05
2.212000000000000000e+03 3.175309999999999927e-05
2.217000000000000000e+03 3.225150000000000114e-05
2.222000000000000000e+03 3.302289999999999853e-05
2.227000000000000000e+03 3.392990000000000188e-05
2.232000000000000000e+03 3.499860000000000064e-05
2.237000000000000000e+03 3.673580000000000156e-05
2.242000000000000000e+03 3.856929999999999679e-05
2.247000000000000000e+03 3.888360000000000156e-05
2.252000000000000000e+03 3.800479999999999906e-05
2.257000000000000000e+03 3.703479999999999988e-05
2.262000000000000000e+03 3.586370000000000020e-05
2.267000000000000000e+03 3.464249999999999909e-05
2.272000000000000000e+03 3.322069999999999857e-05
2.277000000000000000e+03 3.158410000000000140e-05
2.282000000000000000e+03 2.960709999999999983e-05
2.287000000000000000e+03 2.668740000000000134e-05
2.292000000000000000e+03 2.369629999999999876e-05
2.297000000000000000e+03 2.216539999999999957e-05
2.302000000000000000e+03 2.196490000000000039e-05
2.307000000000000000e+03 2.174189999999999931e-05
2.312000000000000000e+03 2.137379999999999855e-05
2.317000000000000000e+03 2.101579999999999960e-05
2.322000000000000000e+03 2.079629999999999942e-05
2.327000000000000000e+03 2.056650000000000036e-05
2.332000000000000000e+03 2.017880000000000067e-05
2.337000000000000000e+03 1.979609999999999839e-05
2.342000000000000000e+03 1.963160000000000022e-05
2.347000000000000000e+03 1.954339999999999994e-05
2.352000000000000000e+03 1.941339999999999949e-05
2.357000000000000000e+03 1.929889999999999915e-05
2.362000000000000000e+03 1.932630000000000163e-05
2.367000000000000000e+03 1.948180000000000040e-05
2.372000000000000000e+03 1.967929999999999978e-05
2.377000000000000000e+03 1.977809999999999958e-05
2.382000000000000000e+03 1.981410000000000059e-05
2.387000000000000000e+03 2.007909999999999890e-05
2.392000000000000000e+03 2.062019999999999953e-05
2.397000000000000000e+03 2.124650000000000063e-05
2.402000000000000000e+03 2.187430000000000163e-05
2.407000000000000000e+03 2.249960000000000054e-05
2.412000000000000000e+03 2.318029999999999895e-05
2.417000000000000000e+03 2.387409999999999898e-05
2.422000000000000000e+03 2.463309999999999968e-05
2.427000000000000000e+03 2.549989999999999958e-05
2.432000000000000000e+03 2.633010000000000054e-05
2.437000000000000000e+03 2.723120000000000111e-05
2.442000000000000000e+03 2.817950000000000015e-05
2.447000000000000000e+03 2.925820000000000051e-05
2.452000000000000000e+03 3.055880000000000293e-05
2.457000000000000000e+03 3.196080000000000069e-05
2.462000000000000000e+03 3.385500000000000027e-05
2.467000000000000000e+03 3.605000000000000213e-05
2.472000000000000000e+03 3.865089999999999954e-05
2.477000000000000000e+03 4.204190000000000146e-05
2.482000000000000000e+03 4.577939999999999744e-05
2.487000000000000000e+03 5.055469999999999897e-05
2.492000000000000000e+03 5.599009999999999778e-05
2.497000000000000000e+03 6.250729999999999698e-05
2.502000000000000000e+03 7.101929999999999951e-05
2.507000000000000000e+03 8.020209999999999568e-05
2.512000000000000000e+03 9.257009999999999653e-05
2.517000000000000000e+03 1.072659999999999993e-04
2.522000000000000000e+03 1.260339999999999930e-04
2.527000000000000000e+03 1.539549999999999990e-04
2.532000000000000000e+03 1.853079999999999951e-04
2.537000000000000000e+03 2.326050000000000134e-04
2.542000000000000000e+03 2.920309999999999963e-04
2.547000000000000000e+03 3.661040000000000171e-04
2.552000000000000000e+03 4.768109999999999992e-04
2.557000000000000000e+03 6.009849999999999524e-04
2.562000000000000000e+03 7.840139999999999783e-04
2.567000000000000000e+03 1.016779999999999897e-03
2.572000000000000000e+03 1.289060000000000076e-03
2.577000000000000000e+03 1.670189999999999999e-03
2.582000000000000000e+03 2.086020000000000062e-03
2.587000000000000000e+03 2.602929999999999827e-03
2.592000000000000000e+03 3.213849999999999867e-03
2.597000000000000000e+03 3.866239999999999954e-03
2.602000000000000000e+03 4.635470000000000042e-03
2.607000000000000000e+03 5.439949999999999820e-03
2.612000000000000000e+03 6.271070000000000116e-03
2.617000000000000000e+03 7.129469999999999731e-03
2.622000000000000000e+03 7.974739999999999260e-03
2.627000000000000000e+03 8.762999999999999956e-03
2.632000000000000000e+03 9.530419999999999517e-03
2.637000000000000000e+03 1.020609999999999920e-02
2.642000000000000000e+03 1.078299999999999918e-02
2.647000000000000000e+03 1.131809999999999934e-02
2.652000000000000000e+03 1.170440000000000022e-02
2.657000000000000000e+03 1.204159999999999953e-02
2.662000000000000000e+03 1.231780000000000028e-02
2.667000000000000000e+03 1.253190000000000033e-02
2.672000000000000000e+03 1.285490000000000070e-02
2.677000000000000000e+03 1.334049999999999993e-02
2.682000000000000000e+03 1.390270000000000047e-02
2.687000000000000000e+03 1.453079999999999997e-02
2.692000000000000000e+03 1.534809999999999994e-02
2.697000000000000000e+03 1.645189999999999847e-02
2.702000000000000000e+03 1.778729999999999895e-02
2.707000000000000000e+03 1.936919999999999961e-02
2.712000000000000000e+03 2.111970000000000167e-02
2.717000000000000000e+03 2.304900000000000004e-02
2.722000000000000000e+03 2.508979999999999891e-02
2.727000000000000000e+03 2.724520000000000067e-02
2.732000000000000000e+03 2.946669999999999845e-02
2.737000000000000000e+03 3.186959999999999793e-02
2.742000000000000000e+03 3.445940000000000114e-02
2.747000000000000000e+03 3.727189999999999670e-02
2.752000000000000000e+03 4.021750000000000325e-02
2.757000000000000000e+03 4.343969999999999776e-02
2.762000000000000000e+03 4.696859999999999924e-02
2.767000000000000000e+03 5.084400000000000031e-02
2.772000000000000000e+03 5.497769999999999740e-02
2.777000000000000000e+03 5.940209999999999935e-02
2.782000000000000000e+03 6.404160000000000408e-02
2.787000000000000000e+03 6.892399999999999916e-02
2.792000000000000000e+03 7.395129999999999759e-02
2.797000000000000000e+03 7.914519999999999889e-02
2.802000000000000000e+03 8.433920000000000305e-02
2.807000000000000000e+03 8.954650000000000110e-02
2.812000000000000000e+03 9.464480000000000115e-02
2.817000000000000000e+03 9.959120000000000472e-02
2.822000000000000000e+03 1.043250000000000011e-01
2.827000000000000000e+03 1.087899999999999978e-01
2.832000000000000000e+03 1.128969999999999974e-01
2.837000000000000000e+03 1.165520000000000028e-01
2.842000000000000000e+03 1.197750000000000065e-01
2.847000000000000000e+03 1.224579999999999974e-01
2.852000000000000000e+03 1.247619999999999979e-01
2.857000000000000000e+03 1.265519999999999978e-01
2.862000000000000000e+03 1.280119999999999869e-01
2.867000000000000000e+03 1.290610000000000090e-01
2.872000000000000000e+03 1.298950000000000105e-01
2.877000000000000000e+03 1.304760000000000086e-01
2.882000000000000000e+03 1.309670000000000001e-01
2.887000000000000000e+03 1.313390000000000113e-01
2.892000000000000000e+03 1.316680000000000073e-01
2.897000000000000000e+03 1.320000000000000062e-01
2.902000000000000000e+03 1.324049999999999949e-01
2.907000000000000000e+03 1.329039999999999944e-01
2.912000000000000000e+03 1.334309999999999941e-01
2.917000000000000000e+03 1.339690000000000047e-01
2.922000000000000000e+03 1.345069999999999877e-01
2.927000000000000000e+03 1.350679999999999936e-01
2.932000000000000000e+03 1.356009999999999993e-01
2.937000000000000000e+03 1.361130000000000118e-01
2.942000000000000000e+03 1.366179999999999894e-01
2.947000000000000000e+03 1.372589999999999921e-01
2.952000000000000000e+03 1.379440000000000111e-01
2.957000000000000000e+03 1.387430000000000052e-01
2.962000000000000000e+03 1.399029999999999996e-01
2.967000000000000000e+03 1.415160000000000029e-01
2.972000000000000000e+03 1.433999999999999997e-01
2.977000000000000000e+03 1.461310000000000109e-01
2.982000000000000000e+03 1.500940000000000052e-01
2.987000000000000000e+03 1.558029999999999970e-01
2.992000000000000000e+03 1.643950000000000133e-01
2.997000000000000000e+03 1.770629999999999982e-01
3.002000000000000000e+03 1.957000000000000128e-01
3.007000000000000000e+03 2.232860000000000122e-01
3.012000000000000000e+03 2.613679999999999892e-01
3.017000000000000000e+03 3.145819999999999728e-01
3.022000000000000000e+03 3.801260000000000194e-01
3.027000000000000000e+03 4.611959999999999948e-01
3.032000000000000000e+03 5.491780000000000550e-01
3.037000000000000000e+03 6.411850000000000049e-01
3.042000000000000000e+03 7.278540000000000010e-01
3.047000000000000000e+03 8.030640000000000001e-01
3.052000000000000000e+03 8.619649999999999812e-01
3.057000000000000000e+03 9.063660000000000050e-01
3.062000000000000000e+03 9.370220000000000216e-01
3.067000000000000000e+03 9.592600000000000016e-01
3.072000000000000000e+03 9.737949999999999662e-01
3.077000000000000000e+03 9.831429999999999891e-01
3.082000000000000000e+03 9.891100000000000447e-01
3.087000000000000000e+03 9.943870000000000209e-01
3.092000000000000000e+03 9.974680000000000213e-01
3.097000000000000000e+03 9.987909999999999844e-01
3.102000000000000000e+03 9.994450000000000278e-01
3.107000000000000000e+03 9.998540000000000205e-01
3.112000000000000000e+03 9.995100000000000096e-01
3.117000000000000000e+03 9.999780000000000335e-01
3.122000000000000000e+03 1.000000000000000000e+00
3.127000000000000000e+03 9.996509999999999563e-01
3.132000000000000000e+03 9.980959999999999832e-01
3.137000000000000000e+03 9.935739999999999572e-01
3.142000000000000000e+03 9.838130000000000486e-01
3.147000000000000000e+03 9.683850000000000513e-01
3.152000000000000000e+03 9.419389999999999707e-01
3.157000000000000000e+03 9.024020000000000374e-01
3.162000000000000000e+03 8.492060000000000164e-01
3.167000000000000000e+03 7.839850000000000430e-01
3.172000000000000000e+03 7.089140000000000441e-01
3.177000000000000000e+03 6.291379999999999750e-01
3.182000000000000000e+03 5.472719999999999807e-01
3.187000000000000000e+03 4.686210000000000098e-01
3.192000000000000000e+03 3.977589999999999737e-01
3.197000000000000000e+03 3.377680000000000127e-01
3.202000000000000000e+03 2.897799999999999820e-01
3.207000000000000000e+03 2.513529999999999931e-01
3.212000000000000000e+03 2.229879999999999918e-01
3.217000000000000000e+03 2.016640000000000099e-01
3.222000000000000000e+03 1.861200000000000077e-01
3.227000000000000000e+03 1.748250000000000082e-01
3.232000000000000000e+03 1.671509999999999940e-01
3.237000000000000000e+03 1.612740000000000007e-01
3.242000000000000000e+03 1.567489999999999994e-01
3.247000000000000000e+03 1.539119999999999933e-01
3.252000000000000000e+03 1.514469999999999983e-01
3.257000000000000000e+03 1.488510000000000111e-01
3.262000000000000000e+03 1.466939999999999911e-01
3.267000000000000000e+03 1.451230000000000020e-01
3.272000000000000000e+03 1.436320000000000097e-01
3.277000000000000000e+03 1.422239999999999893e-01
3.282000000000000000e+03 1.408369999999999900e-01
3.287000000000000000e+03 1.394980000000000109e-01
3.292000000000000000e+03 1.382099999999999995e-01
3.297000000000000000e+03 1.369889999999999997e-01
3.302000000000000000e+03 1.358699999999999908e-01
3.307000000000000000e+03 1.347849999999999882e-01
3.312000000000000000e+03 1.337609999999999910e-01
3.317000000000000000e+03 1.326890000000000014e-01
3.322000000000000000e+03 1.315769999999999995e-01
3.327000000000000000e+03 1.303439999999999876e-01
3.332000000000000000e+03 1.289780000000000093e-01
3.337000000000000000e+03 1.274139999999999995e-01
3.342000000000000000e+03 1.256740000000000079e-01
3.347000000000000000e+03 1.237079999999999985e-01
3.352000000000000000e+03 1.215299999999999991e-01
3.357000000000000000e+03 1.191019999999999995e-01
3.362000000000000000e+03 1.163000000000000006e-01
3.367000000000000000e+03 1.130970000000000031e-01
3.372000000000000000e+03 1.095129999999999992e-01
3.377000000000000000e+03 1.056529999999999969e-01
3.382000000000000000e+03 1.014410000000000034e-01
3.387000000000000000e+03 9.703559999999999963e-02
3.392000000000000000e+03 9.223019999999999829e-02
3.397000000000000000e+03 8.730939999999999535e-02
3.402000000000000000e+03 8.193519999999999970e-02
3.407000000000000000e+03 7.637739999999999807e-02
3.412000000000000000e+03 7.045980000000000298e-02
3.417000000000000000e+03 6.452389999999999515e-02
3.422000000000000000e+03 5.855710000000000082e-02
3.427000000000000000e+03 5.280610000000000165e-02
3.432000000000000000e+03 4.729479999999999795e-02
3.437000000000000000e+03 4.207849999999999785e-02
3.442000000000000000e+03 3.731670000000000126e-02
3.447000000000000000e+03 3.290869999999999906e-02
3.452000000000000000e+03 2.911559999999999843e-02
3.457000000000000000e+03 2.574480000000000171e-02
3.462000000000000000e+03 2.299800000000000108e-02
3.467000000000000000e+03 2.062819999999999931e-02
3.472000000000000000e+03 1.876459999999999934e-02
3.477000000000000000e+03 1.718400000000000136e-02
3.482000000000000000e+03 1.592899999999999872e-02
3.487000000000000000e+03 1.486969999999999958e-02
3.492000000000000000e+03 1.399060000000000061e-02
3.497000000000000000e+03 1.321119999999999933e-02
3.502000000000000000e+03 1.252860000000000085e-02
3.507000000000000000e+03 1.188220000000000075e-02
3.512000000000000000e+03 1.126120000000000072e-02
3.517000000000000000e+03 1.065789999999999967e-02
3.522000000000000000e+03 1.003549999999999928e-02
3.527000000000000000e+03 9.412580000000000252e-03
3.532000000000000000e+03 8.781090000000000076e-03
3.537000000000000000e+03 8.097180000000000696e-03
3.542000000000000000e+03 7.348669999999999855e-03
3.547000000000000000e+03 6.576000000000000248e-03
3.552000000000000000e+03 5.880820000000000145e-03
3.557000000000000000e+03 5.285549999999999971e-03
3.562000000000000000e+03 4.716599999999999612e-03
3.567000000000000000e+03 4.164779999999999871e-03
3.572000000000000000e+03 3.653130000000000092e-03
3.577000000000000000e+03 3.167849999999999833e-03
3.582000000000000000e+03 2.725200000000000105e-03
3.587000000000000000e+03 2.331950000000000169e-03
3.592000000000000000e+03 1.967819999999999899e-03
3.597000000000000000e+03 1.658940000000000024e-03
3.602000000000000000e+03 1.387530000000000100e-03
3.607000000000000000e+03 1.153109999999999942e-03
3.612000000000000000e+03 9.574759999999999651e-04
3.617000000000000000e+03 7.760170000000000479e-04
3.622000000000000000e+03 6.275480000000000164e-04
3.627000000000000000e+03 5.065749999999999940e-04
3.632000000000000000e+03 4.113079999999999861e-04
3.637000000000000000e+03 3.393569999999999833e-04
3.642000000000000000e+03 2.768499999999999802e-04
3.647000000000000000e+03 2.282139999999999939e-04
3.652000000000000000e+03 1.897380000000000052e-04
3.657000000000000000e+03 1.576360000000000066e-04
3.662000000000000000e+03 1.338839999999999941e-04
3.667000000000000000e+03 1.137900000000000066e-04
3.672000000000000000e+03 9.835119999999999442e-05
3.677000000000000000e+03 8.642850000000000098e-05
3.682000000000000000e+03 7.637250000000000104e-05
3.687000000000000000e+03 6.880139999999999487e-05
3.692000000000000000e+03 6.249329999999999339e-05
3.697000000000000000e+03 5.781540000000000214e-05
3.702000000000000000e+03 5.454119999999999883e-05
3.707000000000000000e+03 5.197879999999999775e-05
3.712000000000000000e+03 5.031919999999999758e-05
3.717000000000000000e+03 4.906479999999999820e-05
3.722000000000000000e+03 4.808889999999999964e-05
3.727000000000000000e+03 4.733129999999999862e-05
3.732000000000000000e+03 4.651720000000000247e-05
3.737000000000000000e+03 4.545489999999999741e-05
3.742000000000000000e+03 4.412899999999999711e-05
3.747000000000000000e+03 4.299599999999999966e-05
3.752000000000000000e+03 4.243879999999999761e-05
3.757000000000000000e+03 4.215439999999999742e-05
3.762000000000000000e+03 4.180350000000000049e-05
3.767000000000000000e+03 4.151370000000000201e-05
3.772000000000000000e+03 4.074660000000000049e-05
3.777000000000000000e+03 4.007580000000000007e-05
3.782000000000000000e+03 3.975419999999999963e-05
3.787000000000000000e+03 3.924319999999999724e-05
3.792000000000000000e+03 3.870370000000000011e-05
3.797000000000000000e+03 3.812070000000000248e-05
3.802000000000000000e+03 3.796759999999999881e-05
3.807000000000000000e+03 3.801679999999999827e-05
3.812000000000000000e+03 3.844659999999999880e-05
3.817000000000000000e+03 3.876690000000000317e-05
3.822000000000000000e+03 3.873059999999999811e-05
3.827000000000000000e+03 3.871920000000000022e-05
3.832000000000000000e+03 3.855040000000000279e-05
3.837000000000000000e+03 3.856460000000000004e-05
3.842000000000000000e+03 3.873570000000000252e-05
3.847000000000000000e+03 3.897900000000000068e-05
3.852000000000000000e+03 3.926219999999999824e-05
3.857000000000000000e+03 3.954550000000000280e-05
3.862000000000000000e+03 3.989480000000000299e-05
3.867000000000000000e+03 4.036450000000000292e-05
3.872000000000000000e+03 4.098409999999999949e-05
3.877000000000000000e+03 4.156769999999999844e-05
3.882000000000000000e+03 4.205549999999999740e-05
3.887000000000000000e+03 4.245880000000000080e-05
3.892000000000000000e+03 4.276659999999999810e-05
3.897000000000000000e+03 4.312690000000000208e-05
3.902000000000000000e+03 4.350710000000000227e-05
3.907000000000000000e+03 4.383200000000000317e-05
3.912000000000000000e+03 4.414950000000000141e-05
3.917000000000000000e+03 4.448439999999999713e-05
3.922000000000000000e+03 4.483759999999999910e-05
3.927000000000000000e+03 4.530749999999999947e-05
3.932000000000000000e+03 4.593439999999999850e-05
3.937000000000000000e+03 4.659829999999999734e-05
3.942000000000000000e+03 4.725689999999999812e-05
3.947000000000000000e+03 4.786110000000000158e-05
3.952000000000000000e+03 4.833909999999999938e-05
3.957000000000000000e+03 4.881419999999999759e-05
3.962000000000000000e+03 4.924830000000000077e-05
3.967000000000000000e+03 4.961580000000000021e-05
3.972000000000000000e+03 4.997959999999999832e-05
3.977000000000000000e+03 5.034049999999999685e-05
3.982000000000000000e+03 5.074120000000000133e-05
3.987000000000000000e+03 5.101769999999999775e-05
3.992000000000000000e+03 5.106459999999999895e-05
3.997000000000000000e+03 5.091899999999999817e-05
4.002000000000000000e+03 5.066879999999999843e-05
4.007000000000000000e+03 5.053859999999999754e-05
4.012000000000000000e+03 5.058960000000000095e-05
4.017000000000000000e+03 5.081439999999999921e-05
4.022000000000000000e+03 5.114020000000000208e-05
4.027000000000000000e+03 5.045090000000000176e-05
4.032000000000000000e+03 4.592249999999999951e-05
4.037000000000000000e+03 3.805270000000000245e-05
4.042000000000000000e+03 3.061509999999999763e-05
4.047000000000000000e+03 2.742529999999999981e-05
4.052000000000000000e+03 2.749439999999999886e-05
4.057000000000000000e+03 2.764200000000000064e-05
4.062000000000000000e+03 2.776600000000000148e-05
4.067000000000000000e+03 2.339410000000000019e-05
4.072000000000000000e+03 1.546620000000000110e-05
4.077000000000000000e+03 1.028519999999999937e-05
4.082000000000000000e+03 6.332130000000000308e-06
4.087000000000000000e+03 4.193329999999999711e-06
4.092000000000000000e+03 4.188400000000000421e-06
4.097000000000000000e+03 4.183229999999999588e-06
4.102000000000000000e+03 4.177680000000000124e-06
4.107000000000000000e+03 4.180090000000000156e-06
4.112000000000000000e+03 4.233890000000000387e-06
4.117000000000000000e+03 4.339719999999999846e-06
4.122000000000000000e+03 4.471100000000000272e-06
4.127000000000000000e+03 4.629150000000000394e-06
4.132000000000000000e+03 4.805229999999999731e-06
4.137000000000000000e+03 4.980820000000000366e-06
4.142000000000000000e+03 5.155859999999999794e-06
4.147000000000000000e+03 5.330469999999999635e-06
4.152000000000000000e+03 5.504520000000000112e-06
4.157000000000000000e+03 5.675129999999999652e-06
4.162000000000000000e+03 5.821179999999999719e-06
4.167000000000000000e+03 5.940289999999999838e-06
4.172000000000000000e+03 6.026700000000000252e-06
4.177000000000000000e+03 6.059109999999999998e-06
4.182000000000000000e+03 6.046789999999999580e-06
4.187000000000000000e+03 5.986809999999999860e-06
4.192000000000000000e+03 5.874150000000000332e-06
4.197000000000000000e+03 5.769500000000000411e-06
4.202000000000000000e+03 5.718330000000000357e-06
4.207000000000000000e+03 5.708460000000000229e-06
4.212000000000000000e+03 5.700329999999999852e-06
4.217000000000000000e+03 5.692189999999999621e-06
4.222000000000000000e+03 5.684079999999999795e-06
4.227000000000000000e+03 5.675979999999999822e-06
4.232000000000000000e+03 5.667900000000000401e-06
4.237000000000000000e+03 5.659679999999999656e-06
4.242000000000000000e+03 5.651320000000000129e-06
4.247000000000000000e+03 5.642899999999999793e-06
4.252000000000000000e+03 5.634509999999999862e-06
4.257000000000000000e+03 5.626139999999999635e-06
4.262000000000000000e+03 5.617760000000000403e-06
4.267000000000000000e+03 5.609349999999999920e-06
4.272000000000000000e+03 5.600950000000000136e-06
4.277000000000000000e+03 5.592560000000000204e-06
4.282000000000000000e+03 5.585929999999999727e-06
4.287000000000000000e+03 5.619380000000000229e-06
4.292000000000000000e+03 5.703479999999999982e-06
4.297000000000000000e+03 5.796910000000000204e-06
4.302000000000000000e+03 5.844029999999999848e-06
4.307000000000000000e+03 5.850040000000000151e-06
4.312000000000000000e+03 5.868729999999999798e-06
4.317000000000000000e+03 5.910029999999999724e-06
4.322000000000000000e+03 5.950069999999999598e-06
4.327000000000000000e+03 5.942230000000000026e-06
4.332000000000000000e+03 5.890849999999999681e-06
4.337000000000000000e+03 5.877480000000000349e-06
4.342000000000000000e+03 5.921969999999999817e-06
4.347000000000000000e+03 6.006459999999999748e-06
4.352000000000000000e+03 6.114450000000000386e-06
4.357000000000000000e+03 6.244979999999999795e-06
4.362000000000000000e+03 6.362559999999999608e-06
4.367000000000000000e+03 6.457910000000000313e-06
4.372000000000000000e+03 6.544049999999999627e-06
4.377000000000000000e+03 6.653820000000000272e-06
4.382000000000000000e+03 6.786900000000000190e-06
4.387000000000000000e+03 6.891440000000000040e-06
4.392000000000000000e+03 6.950540000000000033e-06
4.397000000000000000e+03 6.978809999999999849e-06
4.402000000000000000e+03 7.016690000000000238e-06
4.407000000000000000e+03 7.064260000000000022e-06
4.412000000000000000e+03 7.097970000000000077e-06
4.417000000000000000e+03 7.108049999999999648e-06
4.422000000000000000e+03 7.112080000000000353e-06
4.427000000000000000e+03 7.184120000000000091e-06
4.432000000000000000e+03 7.326310000000000333e-06
4.437000000000000000e+03 7.471889999999999709e-06
4.442000000000000000e+03 7.594120000000000400e-06
4.447000000000000000e+03 7.694550000000000724e-06
4.452000000000000000e+03 7.771960000000000039e-06
4.457000000000000000e+03 7.825700000000000307e-06
4.462000000000000000e+03 7.912309999999999466e-06
4.467000000000000000e+03 8.067349999999999933e-06
4.472000000000000000e+03 8.275690000000000381e-06
4.477000000000000000e+03 8.463580000000000034e-06
4.482000000000000000e+03 8.627390000000000758e-06
4.487000000000000000e+03 8.745010000000000828e-06
4.492000000000000000e+03 8.790909999999999829e-06
4.497000000000000000e+03 8.777419999999999726e-06
4.502000000000000000e+03 8.776589999999999262e-06
4.507000000000000000e+03 8.792780000000000203e-06
4.512000000000000000e+03 8.812980000000000450e-06
4.517000000000000000e+03 8.828020000000000563e-06
4.522000000000000000e+03 8.841319999999999233e-06
4.527000000000000000e+03 8.882990000000000479e-06
4.532000000000000000e+03 8.956360000000000083e-06
4.537000000000000000e+03 9.052859999999999922e-06
4.542000000000000000e+03 9.170879999999999175e-06
4.547000000000000000e+03 9.308250000000000199e-06
4.552000000000000000e+03 9.448010000000000704e-06
4.557000000000000000e+03 9.588519999999999465e-06
4.562000000000000000e+03 9.711859999999999880e-06
4.567000000000000000e+03 9.792369999999999216e-06
4.572000000000000000e+03 9.835459999999999849e-06
4.577000000000000000e+03 9.910959999999999380e-06
4.582000000000000000e+03 1.002760000000000035e-05
4.587000000000000000e+03 1.015830000000000064e-05
4.592000000000000000e+03 1.026769999999999997e-05
4.597000000000000000e+03 1.035690000000000074e-05
4.602000000000000000e+03 1.044679999999999966e-05
4.607000000000000000e+03 1.054039999999999991e-05
4.612000000000000000e+03 1.065069999999999952e-05
4.617000000000000000e+03 1.080350000000000083e-05
4.622000000000000000e+03 1.099609999999999963e-05
4.627000000000000000e+03 1.115470000000000011e-05
4.632000000000000000e+03 1.126690000000000050e-05
4.637000000000000000e+03 1.134730000000000061e-05
4.642000000000000000e+03 1.142600000000000038e-05
4.647000000000000000e+03 1.150390000000000009e-05
4.652000000000000000e+03 1.161460000000000057e-05
4.657000000000000000e+03 1.176380000000000077e-05
4.662000000000000000e+03 1.193619999999999932e-05
4.667000000000000000e+03 1.208699999999999964e-05
4.672000000000000000e+03 1.221630000000000025e-05
4.677000000000000000e+03 1.232440000000000011e-05
4.682000000000000000e+03 1.241270000000000060e-05
4.687000000000000000e+03 1.249470000000000084e-05
4.692000000000000000e+03 1.261650000000000025e-05
4.697000000000000000e+03 1.277810000000000053e-05
4.702000000000000000e+03 1.293439999999999935e-05
4.707000000000000000e+03 1.307160000000000034e-05
4.712000000000000000e+03 1.320080000000000073e-05
4.717000000000000000e+03 1.336869999999999958e-05
4.722000000000000000e+03 1.357639999999999931e-05
4.727000000000000000e+03 1.380870000000000045e-05
4.732000000000000000e+03 1.405849999999999931e-05
4.737000000000000000e+03 1.432340000000000079e-05
4.742000000000000000e+03 1.458760000000000074e-05
4.747000000000000000e+03 1.485039999999999931e-05
4.752000000000000000e+03 1.509900000000000062e-05
4.757000000000000000e+03 1.532789999999999939e-05
4.762000000000000000e+03 1.553240000000000057e-05
4.767000000000000000e+03 1.569650000000000125e-05
4.772000000000000000e+03 1.582089999999999958e-05
4.777000000000000000e+03 1.541340000000000052e-05
4.782000000000000000e+03 1.421030000000000013e-05
4.787000000000000000e+03 1.238650000000000075e-05
4.792000000000000000e+03 1.152860000000000004e-05
4.797000000000000000e+03 1.169810000000000070e-05
4.802000000000000000e+03 1.216869999999999921e-05
4.807000000000000000e+03 1.239560000000000038e-05
4.812000000000000000e+03 1.245299999999999919e-05
4.817000000000000000e+03 1.300869999999999964e-05
4.822000000000000000e+03 1.410010000000000075e-05
4.827000000000000000e+03 1.540150000000000153e-05
4.832000000000000000e+03 1.661169999999999886e-05
4.837000000000000000e+03 1.769329999999999880e-05
4.842000000000000000e+03 1.835870000000000093e-05
4.847000000000000000e+03 1.860009999999999832e-05
4.852000000000000000e+03 1.859269999999999903e-05
4.857000000000000000e+03 1.854479999999999903e-05
4.862000000000000000e+03 1.824029999999999882e-05
4.867000000000000000e+03 1.529930000000000106e-05
4.872000000000000000e+03 9.669460000000000083e-06
4.877000000000000000e+03 3.637020000000000204e-06
4.882000000000000000e+03 4.152699999999999856e-07
