1.318000000000000000e+03 0.000000000000000000e+00
1.321000000000000000e+03 5.935700000000000503e-10
1.324000000000000000e+03 1.541309999999999923e-09
1.327000000000000000e+03 2.483620000000000156e-09
1.330000000000000000e+03 2.156920000000000033e-09
1.333000000000000000e+03 1.209269999999999899e-09
1.336000000000000000e+03 2.797940000000000059e-10
1.339000000000000000e+03 3.092279999999999926e-13
1.342000000000000000e+03 3.788979999999999876e-13
1.345000000000000000e+03 4.483800000000000039e-13
1.348000000000000000e+03 5.141289999999999795e-13
1.351000000000000000e+03 5.784839999999999613e-13
1.354000000000000000e+03 6.426700000000000272e-13
1.357000000000000000e+03 7.045139999999999806e-13
1.360000000000000000e+03 7.656090000000000348e-13
1.363000000000000000e+03 8.265489999999999751e-13
1.366000000000000000e+03 8.858089999999999669e-13
1.369000000000000000e+03 9.446179999999999237e-13
1.372000000000000000e+03 1.003279999999999942e-12
1.375000000000000000e+03 1.060599999999999944e-12
1.378000000000000000e+03 1.117629999999999954e-12
1.381000000000000000e+03 1.174519999999999927e-12
1.384000000000000000e+03 1.230319999999999952e-12
1.387000000000000000e+03 1.285929999999999954e-12
1.390000000000000000e+03 1.343129999999999953e-12
1.393000000000000000e+03 1.410249999999999974e-12
1.396000000000000000e+03 1.478729999999999900e-12
1.399000000000000000e+03 6.045159999999999585e-08
1.402000000000000000e+03 4.143129999999999857e-07
1.405000000000000000e+03 8.026760000000000336e-07
1.408000000000000000e+03 1.217599999999999997e-06
1.411000000000000000e+03 1.736789999999999977e-06
1.414000000000000000e+03 2.266209999999999856e-06
1.417000000000000000e+03 2.771070000000000050e-06
1.420000000000000000e+03 3.195549999999999839e-06
1.423000000000000000e+03 3.613779999999999898e-06
1.426000000000000000e+03 4.052290000000000296e-06
1.429000000000000000e+03 4.547339999999999901e-06
1.432000000000000000e+03 5.045589999999999747e-06
1.435000000000000000e+03 5.557360000000000101e-06
1.438000000000000000e+03 6.101780000000000048e-06
1.441000000000000000e+03 6.647309999999999719e-06
1.444000000000000000e+03 7.213640000000000106e-06
1.447000000000000000e+03 7.823930000000000153e-06
1.450000000000000000e+03 8.434700000000000745e-06
1.453000000000000000e+03 9.241760000000000773e-06
1.456000000000000000e+03 1.039710000000000079e-05
1.459000000000000000e+03 1.155229999999999949e-05
1.462000000000000000e+03 1.273289999999999967e-05
1.465000000000000000e+03 1.394979999999999983e-05
1.468000000000000000e+03 1.516669999999999999e-05
1.471000000000000000e+03 1.603320000000000092e-05
1.474000000000000000e+03 1.648570000000000040e-05
1.477000000000000000e+03 1.693819999999999988e-05
1.480000000000000000e+03 1.741430000000000029e-05
1.483000000000000000e+03 1.791340000000000030e-05
1.486000000000000000e+03 1.841250000000000032e-05
1.489000000000000000e+03 1.890469999999999876e-05
1.492000000000000000e+03 1.939139999999999869e-05
1.495000000000000000e+03 1.987809999999999862e-05
1.498000000000000000e+03 2.035269999999999912e-05
1.501000000000000000e+03 2.081929999999999903e-05
1.504000000000000000e+03 2.128589999999999893e-05
1.507000000000000000e+03 2.183609999999999918e-05
1.510000000000000000e+03 2.243050000000000149e-05
1.513000000000000000e+03 2.302459999999999975e-05
1.516000000000000000e+03 2.359949999999999995e-05
1.519000000000000000e+03 2.416580000000000163e-05
1.522000000000000000e+03 2.473220000000000014e-05
1.525000000000000000e+03 2.529950000000000062e-05
1.528000000000000000e+03 2.586709999999999837e-05
1.531000000000000000e+03 2.644160000000000108e-05
1.534000000000000000e+03 2.712399999999999984e-05
1.537000000000000000e+03 2.784330000000000157e-05
1.540000000000000000e+03 2.857530000000000066e-05
1.543000000000000000e+03 2.945890000000000013e-05
1.546000000000000000e+03 3.038640000000000099e-05
1.549000000000000000e+03 3.131069999999999822e-05
1.552000000000000000e+03 3.220349999999999754e-05
1.555000000000000000e+03 3.308880000000000073e-05
1.558000000000000000e+03 3.401000000000000133e-05
1.561000000000000000e+03 3.522299999999999802e-05
1.564000000000000000e+03 3.649190000000000208e-05
1.567000000000000000e+03 3.790929999999999972e-05
1.570000000000000000e+03 4.037459999999999796e-05
1.573000000000000000e+03 4.299279999999999942e-05
1.576000000000000000e+03 4.507740000000000314e-05
1.579000000000000000e+03 4.428860000000000148e-05
1.582000000000000000e+03 4.313850000000000041e-05
1.585000000000000000e+03 4.194350000000000254e-05
1.588000000000000000e+03 4.055639999999999679e-05
1.591000000000000000e+03 3.914880000000000031e-05
1.594000000000000000e+03 3.761020000000000118e-05
1.597000000000000000e+03 3.560899999999999737e-05
1.600000000000000000e+03 3.356780000000000072e-05
1.603000000000000000e+03 3.108610000000000041e-05
1.606000000000000000e+03 2.729219999999999934e-05
1.609000000000000000e+03 2.341189999999999856e-05
1.612000000000000000e+03 2.054709999999999848e-05
1.615000000000000000e+03 2.028410000000000117e-05
1.618000000000000000e+03 2.013530000000000015e-05
1.621000000000000000e+03 1.998049999999999954e-05
1.624000000000000000e+03 1.981260000000000069e-05
1.627000000000000000e+03 1.964440000000000118e-05
1.630000000000000000e+03 1.951399999999999985e-05
1.633000000000000000e+03 1.945710000000000045e-05
1.636000000000000000e+03 1.940020000000000104e-05
1.639000000000000000e+03 1.929749999999999947e-05
1.642000000000000000e+03 1.912239999999999838e-05
1.645000000000000000e+03 1.894740000000000091e-05
1.648000000000000000e+03 1.882560000000000150e-05
1.651000000000000000e+03 1.877240000000000004e-05
1.654000000000000000e+03 1.871919999999999858e-05
1.657000000000000000e+03 1.874820000000000119e-05
1.660000000000000000e+03 1.886410000000000121e-05
1.663000000000000000e+03 1.898010000000000146e-05
1.666000000000000000e+03 1.903980000000000022e-05
1.669000000000000000e+03 1.905080000000000063e-05
1.672000000000000000e+03 1.906180000000000103e-05
1.675000000000000000e+03 1.918599999999999893e-05
1.678000000000000000e+03 1.939100000000000120e-05
1.681000000000000000e+03 1.959589999999999986e-05
1.684000000000000000e+03 1.993650000000000131e-05
1.687000000000000000e+03 2.035559999999999871e-05
1.690000000000000000e+03 2.077510000000000036e-05
1.693000000000000000e+03 2.123939999999999861e-05
1.696000000000000000e+03 2.172580000000000127e-05
1.699000000000000000e+03 2.222190000000000149e-05
1.702000000000000000e+03 2.302419999999999887e-05
1.705000000000000000e+03 2.395540000000000107e-05
1.708000000000000000e+03 2.489610000000000038e-05
1.711000000000000000e+03 2.602009999999999843e-05
1.714000000000000000e+03 2.721039999999999955e-05
1.717000000000000000e+03 2.842799999999999955e-05
1.720000000000000000e+03 3.000069999999999891e-05
1.723000000000000000e+03 3.168149999999999813e-05
1.726000000000000000e+03 3.343759999999999983e-05
1.729000000000000000e+03 3.598359999999999883e-05
1.732000000000000000e+03 3.873830000000000144e-05
1.735000000000000000e+03 4.161779999999999988e-05
1.738000000000000000e+03 4.556870000000000300e-05
1.741000000000000000e+03 4.974700000000000329e-05
1.744000000000000000e+03 5.416900000000000263e-05
1.747000000000000000e+03 6.041070000000000082e-05
1.750000000000000000e+03 6.695339999999999495e-05
1.753000000000000000e+03 7.399970000000000235e-05
1.756000000000000000e+03 8.408420000000000380e-05
1.759000000000000000e+03 9.457490000000000146e-05
1.762000000000000000e+03 1.062639999999999977e-04
1.765000000000000000e+03 1.235890000000000122e-04
1.768000000000000000e+03 1.415610000000000089e-04
1.771000000000000000e+03 1.631269999999999986e-04
1.774000000000000000e+03 1.984289999999999936e-04
1.777000000000000000e+03 2.350390000000000107e-04
1.780000000000000000e+03 2.802169999999999770e-04
1.783000000000000000e+03 3.527779999999999892e-04
1.786000000000000000e+03 4.273890000000000241e-04
1.789000000000000000e+03 5.212860000000000367e-04
1.792000000000000000e+03 6.678160000000000042e-04
1.795000000000000000e+03 8.172169999999999651e-04
1.798000000000000000e+03 1.010049999999999967e-03
1.801000000000000000e+03 1.304370000000000009e-03
1.804000000000000000e+03 1.601830000000000051e-03
1.807000000000000000e+03 1.970679999999999828e-03
1.810000000000000000e+03 2.488460000000000064e-03
1.813000000000000000e+03 3.009770000000000154e-03
1.816000000000000000e+03 3.628290000000000161e-03
1.819000000000000000e+03 4.413539999999999651e-03
1.822000000000000000e+03 5.199869999999999666e-03
1.825000000000000000e+03 6.086450000000000193e-03
1.828000000000000000e+03 7.110670000000000358e-03
1.831000000000000000e+03 8.136350000000000526e-03
1.834000000000000000e+03 9.196170000000000039e-03
1.837000000000000000e+03 1.029449999999999983e-02
1.840000000000000000e+03 1.139309999999999976e-02
1.843000000000000000e+03 1.243520000000000042e-02
1.846000000000000000e+03 1.342589999999999929e-02
1.849000000000000000e+03 1.442230000000000074e-02
1.852000000000000000e+03 1.526929999999999954e-02
1.855000000000000000e+03 1.602169999999999983e-02
1.858000000000000000e+03 1.680020000000000124e-02
1.861000000000000000e+03 1.739740000000000036e-02
1.864000000000000000e+03 1.789169999999999996e-02
1.867000000000000000e+03 1.846249999999999974e-02
1.870000000000000000e+03 1.898419999999999969e-02
1.873000000000000000e+03 1.946410000000000154e-02
1.876000000000000000e+03 2.001000000000000001e-02
1.879000000000000000e+03 2.066460000000000172e-02
1.882000000000000000e+03 2.156519999999999965e-02
1.885000000000000000e+03 2.251639999999999892e-02
1.888000000000000000e+03 2.355420000000000083e-02
1.891000000000000000e+03 2.482890000000000097e-02
1.894000000000000000e+03 2.659970000000000043e-02
1.897000000000000000e+03 2.843089999999999853e-02
1.900000000000000000e+03 3.036360000000000101e-02
1.903000000000000000e+03 3.253600000000000242e-02
1.906000000000000000e+03 3.501019999999999827e-02
1.909000000000000000e+03 3.749729999999999730e-02
1.912000000000000000e+03 4.003319999999999795e-02
1.915000000000000000e+03 4.284000000000000308e-02
1.918000000000000000e+03 4.588590000000000030e-02
1.921000000000000000e+03 4.892660000000000065e-02
1.924000000000000000e+03 5.194139999999999868e-02
1.927000000000000000e+03 5.510779999999999845e-02
1.930000000000000000e+03 5.835030000000000078e-02
1.933000000000000000e+03 6.155999999999999667e-02
1.936000000000000000e+03 6.470720000000000638e-02
1.939000000000000000e+03 6.780120000000000591e-02
1.942000000000000000e+03 7.090849999999999931e-02
1.945000000000000000e+03 7.397199999999999609e-02
1.948000000000000000e+03 7.694380000000000663e-02
1.951000000000000000e+03 7.966639999999999833e-02
1.954000000000000000e+03 8.235409999999999953e-02
1.957000000000000000e+03 8.504190000000000360e-02
1.960000000000000000e+03 8.764919999999999656e-02
1.963000000000000000e+03 9.006780000000000341e-02
1.966000000000000000e+03 9.247719999999999552e-02
1.969000000000000000e+03 9.490350000000000175e-02
1.972000000000000000e+03 9.732599999999999585e-02
1.975000000000000000e+03 9.973279999999999645e-02
1.978000000000000000e+03 1.021350000000000036e-01
1.981000000000000000e+03 1.045770000000000033e-01
1.984000000000000000e+03 1.071079999999999949e-01
1.987000000000000000e+03 1.096889999999999948e-01
1.990000000000000000e+03 1.122520000000000046e-01
1.993000000000000000e+03 1.148109999999999964e-01
1.996000000000000000e+03 1.175210000000000005e-01
1.999000000000000000e+03 1.202840000000000020e-01
2.002000000000000000e+03 1.230220000000000063e-01
2.005000000000000000e+03 1.257350000000000134e-01
2.008000000000000000e+03 1.283449999999999869e-01
2.011000000000000000e+03 1.309339999999999948e-01
2.014000000000000000e+03 1.334359999999999991e-01
2.017000000000000000e+03 1.358689999999999898e-01
2.020000000000000000e+03 1.381799999999999973e-01
2.023000000000000000e+03 1.404690000000000105e-01
2.026000000000000000e+03 1.426959999999999895e-01
2.029000000000000000e+03 1.447110000000000063e-01
2.032000000000000000e+03 1.464080000000000104e-01
2.035000000000000000e+03 1.480849999999999944e-01
2.038000000000000000e+03 1.497179999999999900e-01
2.041000000000000000e+03 1.511540000000000106e-01
2.044000000000000000e+03 1.524359999999999882e-01
2.047000000000000000e+03 1.536720000000000030e-01
2.050000000000000000e+03 1.548779999999999879e-01
2.053000000000000000e+03 1.560239999999999960e-01
2.056000000000000000e+03 1.571120000000000017e-01
2.059000000000000000e+03 1.581470000000000098e-01
2.062000000000000000e+03 1.591579999999999939e-01
2.065000000000000000e+03 1.600949999999999873e-01
2.068000000000000000e+03 1.610040000000000082e-01
2.071000000000000000e+03 1.618610000000000049e-01
2.074000000000000000e+03 1.626799999999999913e-01
2.077000000000000000e+03 1.633390000000000120e-01
2.080000000000000000e+03 1.639450000000000074e-01
2.083000000000000000e+03 1.645139999999999936e-01
2.086000000000000000e+03 1.650830000000000075e-01
2.089000000000000000e+03 1.654920000000000002e-01
2.092000000000000000e+03 1.658969999999999889e-01
2.095000000000000000e+03 1.662409999999999999e-01
2.098000000000000000e+03 1.665349999999999886e-01
2.101000000000000000e+03 1.667309999999999903e-01
2.104000000000000000e+03 1.670369999999999910e-01
2.107000000000000000e+03 1.674319999999999975e-01
2.110000000000000000e+03 1.678910000000000124e-01
2.113000000000000000e+03 1.691610000000000058e-01
2.116000000000000000e+03 1.709050000000000014e-01
2.119000000000000000e+03 1.745649999999999979e-01
2.122000000000000000e+03 1.796480000000000021e-01
2.125000000000000000e+03 1.895719999999999905e-01
2.128000000000000000e+03 2.043709999999999971e-01
2.131000000000000000e+03 2.289849999999999941e-01
2.134000000000000000e+03 2.667370000000000019e-01
2.137000000000000000e+03 3.141720000000000068e-01
2.140000000000000000e+03 3.838030000000000053e-01
2.143000000000000000e+03 4.613309999999999911e-01
2.146000000000000000e+03 5.462350000000000261e-01
2.149000000000000000e+03 6.366829999999999989e-01
2.152000000000000000e+03 7.175080000000000346e-01
2.155000000000000000e+03 7.852029999999999843e-01
2.158000000000000000e+03 8.465139999999999887e-01
2.161000000000000000e+03 8.857850000000000446e-01
2.164000000000000000e+03 9.148770000000000513e-01
2.167000000000000000e+03 9.362430000000000474e-01
2.170000000000000000e+03 9.484679999999999778e-01
2.173000000000000000e+03 9.577309999999999990e-01
2.176000000000000000e+03 9.652770000000000516e-01
2.179000000000000000e+03 9.720170000000000199e-01
2.182000000000000000e+03 9.770429999999999948e-01
2.185000000000000000e+03 9.820140000000000535e-01
2.188000000000000000e+03 9.873859999999999859e-01
2.191000000000000000e+03 9.924100000000000144e-01
2.194000000000000000e+03 9.960210000000000452e-01
2.197000000000000000e+03 9.981729999999999769e-01
2.200000000000000000e+03 9.995150000000000423e-01
2.203000000000000000e+03 1.000000000000000000e+00
2.206000000000000000e+03 9.989249999999999519e-01
2.209000000000000000e+03 9.967249999999999721e-01
2.212000000000000000e+03 9.943539999999999601e-01
2.215000000000000000e+03 9.914460000000000495e-01
2.218000000000000000e+03 9.884530000000000260e-01
2.221000000000000000e+03 9.852720000000000367e-01
2.224000000000000000e+03 9.789980000000000349e-01
2.227000000000000000e+03 9.715310000000000334e-01
2.230000000000000000e+03 9.605540000000000189e-01
2.233000000000000000e+03 9.408919999999999506e-01
2.236000000000000000e+03 9.184050000000000269e-01
2.239000000000000000e+03 8.795929999999999582e-01
2.242000000000000000e+03 8.341279999999999806e-01
2.245000000000000000e+03 7.787239999999999718e-01
2.248000000000000000e+03 7.142309999999999492e-01
2.251000000000000000e+03 6.462890000000000024e-01
2.254000000000000000e+03 5.768159999999999954e-01
2.257000000000000000e+03 5.058300000000000018e-01
2.260000000000000000e+03 4.457809999999999828e-01
2.263000000000000000e+03 3.921109999999999873e-01
2.266000000000000000e+03 3.481489999999999863e-01
2.269000000000000000e+03 3.194509999999999850e-01
2.272000000000000000e+03 2.946289999999999742e-01
2.275000000000000000e+03 2.814599999999999880e-01
2.278000000000000000e+03 2.709610000000000074e-01
2.281000000000000000e+03 2.631879999999999775e-01
2.284000000000000000e+03 2.570910000000000140e-01
2.287000000000000000e+03 2.527949999999999919e-01
2.290000000000000000e+03 2.509839999999999849e-01
2.293000000000000000e+03 2.495040000000000036e-01
2.296000000000000000e+03 2.483579999999999954e-01
2.299000000000000000e+03 2.472119999999999873e-01
2.302000000000000000e+03 2.461540000000000117e-01
2.305000000000000000e+03 2.445690000000000086e-01
2.308000000000000000e+03 2.423260000000000136e-01
2.311000000000000000e+03 2.401949999999999918e-01
2.314000000000000000e+03 2.382789999999999908e-01
2.317000000000000000e+03 2.354539999999999966e-01
2.320000000000000000e+03 2.320290000000000130e-01
2.323000000000000000e+03 2.284400000000000042e-01
2.326000000000000000e+03 2.245340000000000114e-01
2.329000000000000000e+03 2.192900000000000127e-01
2.332000000000000000e+03 2.135450000000000126e-01
2.335000000000000000e+03 2.077309999999999990e-01
2.338000000000000000e+03 2.013850000000000084e-01
2.341000000000000000e+03 1.938499999999999945e-01
2.344000000000000000e+03 1.861710000000000031e-01
2.347000000000000000e+03 1.784699999999999898e-01
2.350000000000000000e+03 1.701880000000000059e-01
2.353000000000000000e+03 1.612889999999999879e-01
2.356000000000000000e+03 1.525029999999999997e-01
2.359000000000000000e+03 1.437249999999999917e-01
2.362000000000000000e+03 1.348040000000000072e-01
2.365000000000000000e+03 1.259979999999999989e-01
2.368000000000000000e+03 1.174219999999999986e-01
2.371000000000000000e+03 1.088940000000000047e-01
2.374000000000000000e+03 1.009020000000000056e-01
2.377000000000000000e+03 9.343740000000000379e-02
2.380000000000000000e+03 8.609909999999999786e-02
2.383000000000000000e+03 7.894059999999999966e-02
2.386000000000000000e+03 7.284129999999999772e-02
2.389000000000000000e+03 6.723919999999999897e-02
2.392000000000000000e+03 6.163640000000000091e-02
2.395000000000000000e+03 5.636759999999999687e-02
2.398000000000000000e+03 5.226709999999999690e-02
2.401000000000000000e+03 4.838769999999999877e-02
2.404000000000000000e+03 4.446420000000000233e-02
2.407000000000000000e+03 4.102259999999999934e-02
2.410000000000000000e+03 3.835220000000000296e-02
2.413000000000000000e+03 3.577000000000000318e-02
2.416000000000000000e+03 3.319570000000000159e-02
2.419000000000000000e+03 3.104389999999999927e-02
2.422000000000000000e+03 2.934379999999999974e-02
2.425000000000000000e+03 2.768810000000000021e-02
2.428000000000000000e+03 2.607299999999999895e-02
2.431000000000000000e+03 2.478759999999999991e-02
2.434000000000000000e+03 2.371300000000000144e-02
2.437000000000000000e+03 2.270010000000000083e-02
2.440000000000000000e+03 2.173049999999999982e-02
2.443000000000000000e+03 2.095280000000000059e-02
2.446000000000000000e+03 2.027779999999999860e-02
2.449000000000000000e+03 1.961289999999999908e-02
2.452000000000000000e+03 1.897019999999999956e-02
2.455000000000000000e+03 1.840380000000000141e-02
2.458000000000000000e+03 1.785520000000000163e-02
2.461000000000000000e+03 1.729680000000000106e-02
2.464000000000000000e+03 1.667609999999999926e-02
2.467000000000000000e+03 1.609700000000000020e-02
2.470000000000000000e+03 1.551310000000000015e-02
2.473000000000000000e+03 1.481969999999999989e-02
2.476000000000000000e+03 1.412929999999999915e-02
2.479000000000000000e+03 1.345080000000000060e-02
2.482000000000000000e+03 1.268780000000000081e-02
2.485000000000000000e+03 1.191419999999999979e-02
2.488000000000000000e+03 1.115120000000000000e-02
2.491000000000000000e+03 1.036450000000000045e-02
2.494000000000000000e+03 9.574310000000000806e-03
2.497000000000000000e+03 8.790009999999999143e-03
2.500000000000000000e+03 8.034809999999999869e-03
2.503000000000000000e+03 7.287880000000000053e-03
2.506000000000000000e+03 6.563150000000000234e-03
2.509000000000000000e+03 5.906849999999999948e-03
2.512000000000000000e+03 5.262499999999999817e-03
2.515000000000000000e+03 4.655620000000000071e-03
2.518000000000000000e+03 4.140640000000000119e-03
2.521000000000000000e+03 3.632030000000000067e-03
2.524000000000000000e+03 3.171150000000000184e-03
2.527000000000000000e+03 2.805760000000000025e-03
2.530000000000000000e+03 2.442689999999999965e-03
2.533000000000000000e+03 2.120429999999999971e-03
2.536000000000000000e+03 1.879620000000000032e-03
2.539000000000000000e+03 1.638990000000000108e-03
2.542000000000000000e+03 1.430010000000000005e-03
2.545000000000000000e+03 1.273859999999999923e-03
2.548000000000000000e+03 1.119339999999999918e-03
2.551000000000000000e+03 9.883640000000000394e-04
2.554000000000000000e+03 8.884820000000000087e-04
2.557000000000000000e+03 7.884419999999999840e-04
2.560000000000000000e+03 7.054630000000000319e-04
2.563000000000000000e+03 6.412009999999999888e-04
2.566000000000000000e+03 5.770620000000000393e-04
2.569000000000000000e+03 5.252740000000000534e-04
2.572000000000000000e+03 4.840830000000000068e-04
2.575000000000000000e+03 4.428929999999999759e-04
2.578000000000000000e+03 4.085550000000000076e-04
2.581000000000000000e+03 3.794040000000000151e-04
2.584000000000000000e+03 3.504870000000000207e-04
2.587000000000000000e+03 3.256770000000000194e-04
2.590000000000000000e+03 3.034819999999999922e-04
2.593000000000000000e+03 2.819049999999999920e-04
2.596000000000000000e+03 2.633739999999999758e-04
2.599000000000000000e+03 2.462710000000000008e-04
2.602000000000000000e+03 2.302620000000000122e-04
2.605000000000000000e+03 2.180159999999999943e-04
2.608000000000000000e+03 2.067209999999999881e-04
2.611000000000000000e+03 1.954939999999999955e-04
2.614000000000000000e+03 1.858390000000000074e-04
2.617000000000000000e+03 1.770940000000000090e-04
2.620000000000000000e+03 1.683959999999999917e-04
2.623000000000000000e+03 1.603669999999999911e-04
2.626000000000000000e+03 1.553199999999999969e-04
2.629000000000000000e+03 1.518400000000000099e-04
2.632000000000000000e+03 1.481149999999999871e-04
2.635000000000000000e+03 1.443179999999999962e-04
2.638000000000000000e+03 1.406059999999999884e-04
2.641000000000000000e+03 1.368479999999999881e-04
2.644000000000000000e+03 1.330620000000000077e-04
2.647000000000000000e+03 1.297690000000000106e-04
2.650000000000000000e+03 1.276999999999999869e-04
2.653000000000000000e+03 1.257949999999999975e-04
2.656000000000000000e+03 1.238810000000000020e-04
2.659000000000000000e+03 1.222010000000000045e-04
2.662000000000000000e+03 1.210099999999999951e-04
2.665000000000000000e+03 1.198450000000000020e-04
2.668000000000000000e+03 1.186179999999999949e-04
2.671000000000000000e+03 1.174400000000000004e-04
2.674000000000000000e+03 1.164580000000000021e-04
2.677000000000000000e+03 1.156699999999999954e-04
2.680000000000000000e+03 1.149000000000000010e-04
2.683000000000000000e+03 1.143200000000000032e-04
2.686000000000000000e+03 1.141629999999999978e-04
2.689000000000000000e+03 1.140300000000000043e-04
2.692000000000000000e+03 1.140360000000000039e-04
2.695000000000000000e+03 1.147780000000000046e-04
2.698000000000000000e+03 1.157309999999999936e-04
2.701000000000000000e+03 1.167800000000000034e-04
2.704000000000000000e+03 1.182130000000000013e-04
2.707000000000000000e+03 1.204119999999999984e-04
2.710000000000000000e+03 1.227970000000000103e-04
2.713000000000000000e+03 1.252369999999999937e-04
2.716000000000000000e+03 1.276820000000000017e-04
2.719000000000000000e+03 1.301379999999999931e-04
2.722000000000000000e+03 1.325950000000000002e-04
2.725000000000000000e+03 1.350550000000000004e-04
2.728000000000000000e+03 1.378720000000000108e-04
2.731000000000000000e+03 1.411720000000000097e-04
2.734000000000000000e+03 1.444949999999999913e-04
2.737000000000000000e+03 1.478170000000000113e-04
2.740000000000000000e+03 1.514829999999999996e-04
2.743000000000000000e+03 1.554819999999999998e-04
2.746000000000000000e+03 1.596059999999999894e-04
2.749000000000000000e+03 1.638630000000000132e-04
2.752000000000000000e+03 1.685839999999999973e-04
2.755000000000000000e+03 1.735069999999999907e-04
2.758000000000000000e+03 1.784289999999999954e-04
2.761000000000000000e+03 1.837959999999999865e-04
2.764000000000000000e+03 1.920409999999999999e-04
2.767000000000000000e+03 2.010570000000000098e-04
2.770000000000000000e+03 2.100729999999999926e-04
2.773000000000000000e+03 2.201550000000000089e-04
2.776000000000000000e+03 2.340660000000000050e-04
2.779000000000000000e+03 2.484319999999999823e-04
2.782000000000000000e+03 2.626870000000000008e-04
2.785000000000000000e+03 2.799880000000000034e-04
2.788000000000000000e+03 3.027320000000000011e-04
2.791000000000000000e+03 3.256350000000000086e-04
2.794000000000000000e+03 3.486130000000000045e-04
2.797000000000000000e+03 3.809549999999999872e-04
2.800000000000000000e+03 4.216479999999999989e-04
2.803000000000000000e+03 4.625060000000000065e-04
2.806000000000000000e+03 5.041629999999999636e-04
2.809000000000000000e+03 5.595059999999999790e-04
2.812000000000000000e+03 6.219269999999999833e-04
2.815000000000000000e+03 6.844449999999999970e-04
2.818000000000000000e+03 7.505100000000000226e-04
2.821000000000000000e+03 8.419659999999999818e-04
2.824000000000000000e+03 9.413839999999999708e-04
2.827000000000000000e+03 1.040920000000000083e-03
2.830000000000000000e+03 1.146829999999999941e-03
2.833000000000000000e+03 1.277429999999999972e-03
2.836000000000000000e+03 1.412499999999999910e-03
2.839000000000000000e+03 1.547570000000000065e-03
2.842000000000000000e+03 1.693470000000000088e-03
2.845000000000000000e+03 1.864060000000000066e-03
2.848000000000000000e+03 2.037540000000000011e-03
2.851000000000000000e+03 2.211100000000000131e-03
2.854000000000000000e+03 2.390900000000000056e-03
2.857000000000000000e+03 2.582130000000000189e-03
2.860000000000000000e+03 2.774159999999999907e-03
2.863000000000000000e+03 2.965419999999999862e-03
2.866000000000000000e+03 3.148230000000000126e-03
2.869000000000000000e+03 3.329560000000000072e-03
2.872000000000000000e+03 3.510950000000000095e-03
2.875000000000000000e+03 3.687999999999999872e-03
2.878000000000000000e+03 3.835170000000000159e-03
2.881000000000000000e+03 3.973090000000000302e-03
2.884000000000000000e+03 4.111000000000000071e-03
2.887000000000000000e+03 4.236339999999999897e-03
2.890000000000000000e+03 4.310180000000000261e-03
2.893000000000000000e+03 4.372159999999999935e-03
2.896000000000000000e+03 4.434170000000000299e-03
2.899000000000000000e+03 4.472730000000000282e-03
2.902000000000000000e+03 4.451079999999999620e-03
2.905000000000000000e+03 4.420780000000000022e-03
2.908000000000000000e+03 4.390419999999999913e-03
2.911000000000000000e+03 4.330170000000000373e-03
2.914000000000000000e+03 4.223260000000000382e-03
2.917000000000000000e+03 4.112059999999999847e-03
2.920000000000000000e+03 4.000359999999999680e-03
2.923000000000000000e+03 3.864139999999999849e-03
2.926000000000000000e+03 3.701400000000000089e-03
2.929000000000000000e+03 3.537400000000000006e-03
2.932000000000000000e+03 3.373380000000000042e-03
2.935000000000000000e+03 3.198719999999999949e-03
2.938000000000000000e+03 3.015349999999999975e-03
2.941000000000000000e+03 2.831670000000000107e-03
2.944000000000000000e+03 2.650490000000000138e-03
2.947000000000000000e+03 2.476379999999999814e-03
2.950000000000000000e+03 2.303400000000000152e-03
2.953000000000000000e+03 2.130470000000000193e-03
2.956000000000000000e+03 1.964839999999999816e-03
2.959000000000000000e+03 1.816370000000000094e-03
2.962000000000000000e+03 1.670959999999999980e-03
2.965000000000000000e+03 1.525749999999999980e-03
2.968000000000000000e+03 1.392510000000000015e-03
2.971000000000000000e+03 1.278169999999999914e-03
2.974000000000000000e+03 1.166020000000000034e-03
2.977000000000000000e+03 1.054489999999999941e-03
2.980000000000000000e+03 9.587830000000000527e-04
2.983000000000000000e+03 8.800480000000000282e-04
2.986000000000000000e+03 8.024249999999999482e-04
2.989000000000000000e+03 7.263550000000000345e-04
2.992000000000000000e+03 6.675169999999999585e-04
2.995000000000000000e+03 6.204929999999999560e-04
2.998000000000000000e+03 5.739350000000000267e-04
3.001000000000000000e+03 5.294699999999999841e-04
3.004000000000000000e+03 4.991299999999999730e-04
3.007000000000000000e+03 4.753720000000000016e-04
3.010000000000000000e+03 4.516799999999999852e-04
3.013000000000000000e+03 4.313009999999999826e-04
3.016000000000000000e+03 4.229789999999999765e-04
3.019000000000000000e+03 4.181920000000000103e-04
3.022000000000000000e+03 4.133109999999999735e-04
3.025000000000000000e+03 4.104709999999999804e-04
3.028000000000000000e+03 4.137030000000000199e-04
3.031000000000000000e+03 4.180249999999999830e-04
3.034000000000000000e+03 4.222650000000000101e-04
3.037000000000000000e+03 4.283709999999999818e-04
3.040000000000000000e+03 4.385629999999999954e-04
3.043000000000000000e+03 4.491960000000000137e-04
3.046000000000000000e+03 4.595690000000000040e-04
3.049000000000000000e+03 4.696740000000000029e-04
3.052000000000000000e+03 4.801909999999999837e-04
3.055000000000000000e+03 4.907499999999999753e-04
3.058000000000000000e+03 5.006430000000000515e-04
3.061000000000000000e+03 5.082189999999999668e-04
3.064000000000000000e+03 5.147539999999999711e-04
3.067000000000000000e+03 5.212119999999999557e-04
3.070000000000000000e+03 5.266599999999999754e-04
3.073000000000000000e+03 5.289300000000000468e-04
3.076000000000000000e+03 5.300360000000000054e-04
3.079000000000000000e+03 5.311899999999999608e-04
3.082000000000000000e+03 5.319219999999999938e-04
3.085000000000000000e+03 5.290600000000000337e-04
3.088000000000000000e+03 5.253239999999999733e-04
3.091000000000000000e+03 5.216790000000000446e-04
3.094000000000000000e+03 5.174170000000000505e-04
3.097000000000000000e+03 5.108759999999999517e-04
3.100000000000000000e+03 5.039789999999999938e-04
3.103000000000000000e+03 4.976180000000000186e-04
3.106000000000000000e+03 4.935599999999999840e-04
3.109000000000000000e+03 4.911279999999999639e-04
3.112000000000000000e+03 4.889189999999999856e-04
3.115000000000000000e+03 4.882539999999999775e-04
3.118000000000000000e+03 4.899120000000000081e-04
3.121000000000000000e+03 4.923259999999999616e-04
3.124000000000000000e+03 4.948119999999999645e-04
3.127000000000000000e+03 4.988959999999999749e-04
3.130000000000000000e+03 5.078489999999999957e-04
3.133000000000000000e+03 5.191150000000000061e-04
3.136000000000000000e+03 5.306970000000000047e-04
3.139000000000000000e+03 5.449530000000000389e-04
3.142000000000000000e+03 5.670500000000000410e-04
3.145000000000000000e+03 5.916170000000000109e-04
3.148000000000000000e+03 6.053080000000000396e-04
3.151000000000000000e+03 5.831309999999999705e-04
3.154000000000000000e+03 5.623619999999999531e-04
3.157000000000000000e+03 5.424110000000000216e-04
3.160000000000000000e+03 5.383270000000000112e-04
3.163000000000000000e+03 5.641930000000000512e-04
3.166000000000000000e+03 5.937229999999999938e-04
3.169000000000000000e+03 6.236749999999999673e-04
3.172000000000000000e+03 6.512869999999999597e-04
3.175000000000000000e+03 5.873229999999999467e-04
3.178000000000000000e+03 4.211810000000000185e-04
3.181000000000000000e+03 2.492640000000000177e-04
3.184000000000000000e+03 8.359290000000000394e-05
3.187000000000000000e+03 1.588820000000000146e-05
3.190000000000000000e+03 1.374659999999999981e-05
3.193000000000000000e+03 1.392450000000000026e-05
3.196000000000000000e+03 1.410259999999999945e-05
3.199000000000000000e+03 1.428259999999999942e-05
3.202000000000000000e+03 1.446290000000000005e-05
3.205000000000000000e+03 1.462370000000000027e-05
3.208000000000000000e+03 1.468310000000000008e-05
3.211000000000000000e+03 1.472999999999999958e-05
3.214000000000000000e+03 1.480019999999999935e-05
3.217000000000000000e+03 1.496760000000000049e-05
3.220000000000000000e+03 1.514510000000000006e-05
3.223000000000000000e+03 1.530850000000000090e-05
3.226000000000000000e+03 1.542320000000000168e-05
3.229000000000000000e+03 1.553370000000000003e-05
3.232000000000000000e+03 1.564720000000000157e-05
3.235000000000000000e+03 1.576939999999999847e-05
3.238000000000000000e+03 1.589230000000000029e-05
3.241000000000000000e+03 1.605200000000000149e-05
3.244000000000000000e+03 1.630459999999999971e-05
3.247000000000000000e+03 1.656089999999999928e-05
3.250000000000000000e+03 1.677010000000000059e-05
3.253000000000000000e+03 1.687540000000000109e-05
3.256000000000000000e+03 1.697890000000000103e-05
3.259000000000000000e+03 1.708050000000000020e-05
3.262000000000000000e+03 1.717879999999999890e-05
3.265000000000000000e+03 1.727710000000000099e-05
3.268000000000000000e+03 1.742660000000000015e-05
3.271000000000000000e+03 1.765459999999999865e-05
3.274000000000000000e+03 1.788260000000000053e-05
3.277000000000000000e+03 1.808030000000000035e-05
3.280000000000000000e+03 1.824009999999999838e-05
3.283000000000000000e+03 1.839979999999999958e-05
3.286000000000000000e+03 1.852639999999999935e-05
3.289000000000000000e+03 1.861879999999999866e-05
3.292000000000000000e+03 1.871120000000000137e-05
3.295000000000000000e+03 1.887259999999999952e-05
3.298000000000000000e+03 1.909250000000000058e-05
3.301000000000000000e+03 1.931240000000000165e-05
3.304000000000000000e+03 1.949339999999999873e-05
3.307000000000000000e+03 1.964760000000000142e-05
3.310000000000000000e+03 1.980170000000000050e-05
3.313000000000000000e+03 2.003650000000000035e-05
3.316000000000000000e+03 2.031689999999999855e-05
3.319000000000000000e+03 2.059770000000000101e-05
3.322000000000000000e+03 2.091870000000000014e-05
3.325000000000000000e+03 2.125880000000000049e-05
3.328000000000000000e+03 2.159870000000000041e-05
3.331000000000000000e+03 2.193570000000000074e-05
3.334000000000000000e+03 2.227140000000000161e-05
3.337000000000000000e+03 2.260450000000000016e-05
3.340000000000000000e+03 2.289009999999999960e-05
3.343000000000000000e+03 2.315869999999999902e-05
3.346000000000000000e+03 2.342009999999999960e-05
3.349000000000000000e+03 2.358819999999999889e-05
3.352000000000000000e+03 2.372790000000000028e-05
3.355000000000000000e+03 2.367149999999999859e-05
3.358000000000000000e+03 2.161349999999999898e-05
3.361000000000000000e+03 1.904500000000000146e-05
3.364000000000000000e+03 1.677409999999999920e-05
3.367000000000000000e+03 1.703689999999999946e-05
3.370000000000000000e+03 1.782240000000000067e-05
3.373000000000000000e+03 1.852210000000000008e-05
3.376000000000000000e+03 1.859160000000000001e-05
3.379000000000000000e+03 1.856039999999999936e-05
3.382000000000000000e+03 1.876060000000000127e-05
3.385000000000000000e+03 2.031010000000000058e-05
3.388000000000000000e+03 2.203699999999999924e-05
3.391000000000000000e+03 2.371450000000000139e-05
3.394000000000000000e+03 2.516589999999999905e-05
3.397000000000000000e+03 2.659179999999999839e-05
3.400000000000000000e+03 2.774009999999999890e-05
3.403000000000000000e+03 2.785210000000000054e-05
3.406000000000000000e+03 2.786790000000000130e-05
3.409000000000000000e+03 2.785289999999999890e-05
3.412000000000000000e+03 2.774169999999999902e-05
3.415000000000000000e+03 2.762360000000000095e-05
3.418000000000000000e+03 2.509070000000000018e-05
3.421000000000000000e+03 1.608900000000000130e-05
3.424000000000000000e+03 6.759500000000000249e-06
3.427000000000000000e+03 1.799390000000000074e-07
