1.372000000000000000e+03 0.000000000000000000e+00
1.375000000000000000e+03 2.119100000000000175e-06
1.378000000000000000e+03 1.279730000000000028e-05
1.381000000000000000e+03 2.433959999999999986e-05
1.384000000000000000e+03 2.924959999999999859e-05
1.387000000000000000e+03 2.982540000000000077e-05
1.390000000000000000e+03 3.049829999999999902e-05
1.393000000000000000e+03 3.157709999999999960e-05
1.396000000000000000e+03 3.269819999999999807e-05
1.399000000000000000e+03 3.384330000000000172e-05
1.402000000000000000e+03 3.500470000000000046e-05
1.405000000000000000e+03 3.614709999999999820e-05
1.408000000000000000e+03 3.720729999999999865e-05
1.411000000000000000e+03 3.825870000000000014e-05
1.414000000000000000e+03 3.882309999999999765e-05
1.417000000000000000e+03 3.904909999999999854e-05
1.420000000000000000e+03 3.915490000000000013e-05
1.423000000000000000e+03 3.872270000000000112e-05
1.426000000000000000e+03 3.822739999999999927e-05
1.429000000000000000e+03 3.758449999999999904e-05
1.432000000000000000e+03 3.683579999999999721e-05
1.435000000000000000e+03 3.611200000000000255e-05
1.438000000000000000e+03 3.549400000000000271e-05
1.441000000000000000e+03 3.488800000000000207e-05
1.444000000000000000e+03 3.480889999999999804e-05
1.447000000000000000e+03 3.512240000000000105e-05
1.450000000000000000e+03 3.557189999999999734e-05
1.453000000000000000e+03 3.667460000000000289e-05
1.456000000000000000e+03 3.785359999999999956e-05
1.459000000000000000e+03 3.913859999999999827e-05
1.462000000000000000e+03 4.050519999999999972e-05
1.465000000000000000e+03 4.173650000000000266e-05
1.468000000000000000e+03 4.229369999999999793e-05
1.471000000000000000e+03 4.277019999999999921e-05
1.474000000000000000e+03 4.246359999999999778e-05
1.477000000000000000e+03 4.153480000000000084e-05
1.480000000000000000e+03 4.038890000000000221e-05
1.483000000000000000e+03 3.811780000000000290e-05
1.486000000000000000e+03 3.570859999999999892e-05
1.489000000000000000e+03 3.300960000000000325e-05
1.492000000000000000e+03 3.007300000000000159e-05
1.495000000000000000e+03 2.718610000000000048e-05
1.498000000000000000e+03 2.462610000000000127e-05
1.501000000000000000e+03 2.288110000000000019e-05
1.504000000000000000e+03 2.196070000000000135e-05
1.507000000000000000e+03 2.152109999999999966e-05
1.510000000000000000e+03 2.149860000000000115e-05
1.513000000000000000e+03 2.257580000000000161e-05
1.516000000000000000e+03 2.377580000000000028e-05
1.519000000000000000e+03 2.538770000000000089e-05
1.522000000000000000e+03 2.733709999999999954e-05
1.525000000000000000e+03 2.936470000000000025e-05
1.528000000000000000e+03 3.193749999999999703e-05
1.531000000000000000e+03 3.471480000000000177e-05
1.534000000000000000e+03 3.747070000000000023e-05
1.537000000000000000e+03 4.023329999999999984e-05
1.540000000000000000e+03 4.302490000000000204e-05
1.543000000000000000e+03 4.541050000000000170e-05
1.546000000000000000e+03 4.776530000000000158e-05
1.549000000000000000e+03 4.964339999999999975e-05
1.552000000000000000e+03 5.097419999999999724e-05
1.555000000000000000e+03 5.226009999999999792e-05
1.558000000000000000e+03 5.377240000000000036e-05
1.561000000000000000e+03 5.549750000000000185e-05
1.564000000000000000e+03 5.714549999999999692e-05
1.567000000000000000e+03 5.882600000000000226e-05
1.570000000000000000e+03 6.059159999999999769e-05
1.573000000000000000e+03 6.252549999999999623e-05
1.576000000000000000e+03 6.334829999999999791e-05
1.579000000000000000e+03 6.333460000000000175e-05
1.582000000000000000e+03 6.352029999999999558e-05
1.585000000000000000e+03 6.382630000000000248e-05
1.588000000000000000e+03 6.470570000000000629e-05
1.591000000000000000e+03 6.565909999999999618e-05
1.594000000000000000e+03 6.665810000000000474e-05
1.597000000000000000e+03 6.768749999999999864e-05
1.600000000000000000e+03 6.872759999999999568e-05
1.603000000000000000e+03 6.984659999999999632e-05
1.606000000000000000e+03 7.093729999999999589e-05
1.609000000000000000e+03 7.206929999999999792e-05
1.612000000000000000e+03 7.327710000000000354e-05
1.615000000000000000e+03 7.474500000000000349e-05
1.618000000000000000e+03 7.622780000000000224e-05
1.621000000000000000e+03 7.769920000000000309e-05
1.624000000000000000e+03 7.915040000000000031e-05
1.627000000000000000e+03 8.061049999999999672e-05
1.630000000000000000e+03 8.206320000000000400e-05
1.633000000000000000e+03 8.346170000000000086e-05
1.636000000000000000e+03 8.485259999999999461e-05
1.639000000000000000e+03 8.627510000000000344e-05
1.642000000000000000e+03 8.790860000000000059e-05
1.645000000000000000e+03 8.978389999999999939e-05
1.648000000000000000e+03 9.160919999999999697e-05
1.651000000000000000e+03 9.358139999999999818e-05
1.654000000000000000e+03 9.601710000000000605e-05
1.657000000000000000e+03 9.853099999999999565e-05
1.660000000000000000e+03 1.010370000000000018e-04
1.663000000000000000e+03 1.035520000000000006e-04
1.666000000000000000e+03 1.060719999999999968e-04
1.669000000000000000e+03 1.086890000000000024e-04
1.672000000000000000e+03 1.121270000000000057e-04
1.675000000000000000e+03 1.157540000000000034e-04
1.678000000000000000e+03 1.195060000000000040e-04
1.681000000000000000e+03 1.258019999999999993e-04
1.684000000000000000e+03 1.331500000000000110e-04
1.687000000000000000e+03 1.403470000000000032e-04
1.690000000000000000e+03 1.414069999999999965e-04
1.693000000000000000e+03 1.380850000000000035e-04
1.696000000000000000e+03 1.347909999999999907e-04
1.699000000000000000e+03 1.311920000000000002e-04
1.702000000000000000e+03 1.272079999999999923e-04
1.705000000000000000e+03 1.232139999999999895e-04
1.708000000000000000e+03 1.186919999999999946e-04
1.711000000000000000e+03 1.129490000000000057e-04
1.714000000000000000e+03 1.071409999999999962e-04
1.717000000000000000e+03 1.003309999999999987e-04
1.720000000000000000e+03 8.974580000000000393e-05
1.723000000000000000e+03 7.861150000000000451e-05
1.726000000000000000e+03 6.851890000000000563e-05
1.729000000000000000e+03 6.629830000000000185e-05
1.732000000000000000e+03 6.586249999999999494e-05
1.735000000000000000e+03 6.542560000000000595e-05
1.738000000000000000e+03 6.496550000000000675e-05
1.741000000000000000e+03 6.449350000000000178e-05
1.744000000000000000e+03 6.402530000000000515e-05
1.747000000000000000e+03 6.374380000000000454e-05
1.750000000000000000e+03 6.358539999999999603e-05
1.753000000000000000e+03 6.339760000000000436e-05
1.756000000000000000e+03 6.304739999999999542e-05
1.759000000000000000e+03 6.244020000000000570e-05
1.762000000000000000e+03 6.171270000000000293e-05
1.765000000000000000e+03 6.110969999999999532e-05
1.768000000000000000e+03 6.086339999999999735e-05
1.771000000000000000e+03 6.065790000000000076e-05
1.774000000000000000e+03 6.053609999999999796e-05
1.777000000000000000e+03 6.073429999999999888e-05
1.780000000000000000e+03 6.098520000000000015e-05
1.783000000000000000e+03 6.134799999999999607e-05
1.786000000000000000e+03 6.152790000000000429e-05
1.789000000000000000e+03 6.162420000000000538e-05
1.792000000000000000e+03 6.169069999999999534e-05
1.795000000000000000e+03 6.213350000000000405e-05
1.798000000000000000e+03 6.264019999999999701e-05
1.801000000000000000e+03 6.314030000000000261e-05
1.804000000000000000e+03 6.408570000000000206e-05
1.807000000000000000e+03 6.538330000000000129e-05
1.810000000000000000e+03 6.667809999999999438e-05
1.813000000000000000e+03 6.803639999999999796e-05
1.816000000000000000e+03 6.948179999999999602e-05
1.819000000000000000e+03 7.100460000000000116e-05
1.822000000000000000e+03 7.309440000000000273e-05
1.825000000000000000e+03 7.597030000000000005e-05
1.828000000000000000e+03 7.880600000000000408e-05
1.831000000000000000e+03 8.178679999999999425e-05
1.834000000000000000e+03 8.523509999999999984e-05
1.837000000000000000e+03 8.864159999999999509e-05
1.840000000000000000e+03 9.223819999999999383e-05
1.843000000000000000e+03 9.684829999999999904e-05
1.846000000000000000e+03 1.016469999999999977e-04
1.849000000000000000e+03 1.066380000000000046e-04
1.852000000000000000e+03 1.137950000000000040e-04
1.855000000000000000e+03 1.216430000000000007e-04
1.858000000000000000e+03 1.296020000000000104e-04
1.861000000000000000e+03 1.400739999999999874e-04
1.864000000000000000e+03 1.519690000000000082e-04
1.867000000000000000e+03 1.638649999999999905e-04
1.870000000000000000e+03 1.792549999999999905e-04
1.873000000000000000e+03 1.978419999999999940e-04
1.876000000000000000e+03 2.164660000000000108e-04
1.879000000000000000e+03 2.393270000000000076e-04
1.882000000000000000e+03 2.689610000000000156e-04
1.885000000000000000e+03 2.988730000000000098e-04
1.888000000000000000e+03 3.341220000000000106e-04
1.891000000000000000e+03 3.844280000000000266e-04
1.894000000000000000e+03 4.358240000000000204e-04
1.897000000000000000e+03 4.953130000000000466e-04
1.900000000000000000e+03 5.931320000000000125e-04
1.903000000000000000e+03 6.975930000000000412e-04
1.906000000000000000e+03 8.097290000000000260e-04
1.909000000000000000e+03 1.000360000000000051e-03
1.912000000000000000e+03 1.212890000000000105e-03
1.915000000000000000e+03 1.432880000000000091e-03
1.918000000000000000e+03 1.788270000000000007e-03
1.921000000000000000e+03 2.213609999999999970e-03
1.924000000000000000e+03 2.639470000000000097e-03
1.927000000000000000e+03 3.294239999999999929e-03
1.930000000000000000e+03 4.137840000000000268e-03
1.933000000000000000e+03 4.982770000000000081e-03
1.936000000000000000e+03 6.081180000000000266e-03
1.939000000000000000e+03 7.540119999999999982e-03
1.942000000000000000e+03 9.012579999999999203e-03
1.945000000000000000e+03 1.068249999999999929e-02
1.948000000000000000e+03 1.287330000000000071e-02
1.951000000000000000e+03 1.509530000000000073e-02
1.954000000000000000e+03 1.743230000000000127e-02
1.957000000000000000e+03 2.025060000000000054e-02
1.960000000000000000e+03 2.314319999999999919e-02
1.963000000000000000e+03 2.605239999999999986e-02
1.966000000000000000e+03 2.910489999999999952e-02
1.969000000000000000e+03 3.219410000000000327e-02
1.972000000000000000e+03 3.526900000000000174e-02
1.975000000000000000e+03 3.811749999999999861e-02
1.978000000000000000e+03 4.086139999999999911e-02
1.981000000000000000e+03 4.360209999999999780e-02
1.984000000000000000e+03 4.591060000000000280e-02
1.987000000000000000e+03 4.788850000000000051e-02
1.990000000000000000e+03 4.986770000000000092e-02
1.993000000000000000e+03 5.146300000000000180e-02
1.996000000000000000e+03 5.256199999999999761e-02
1.999000000000000000e+03 5.364519999999999705e-02
2.002000000000000000e+03 5.456249999999999989e-02
2.005000000000000000e+03 5.510290000000000327e-02
2.008000000000000000e+03 5.562759999999999927e-02
2.011000000000000000e+03 5.610749999999999765e-02
2.014000000000000000e+03 5.642330000000000262e-02
2.017000000000000000e+03 5.678509999999999808e-02
2.020000000000000000e+03 5.716620000000000035e-02
2.023000000000000000e+03 5.757539999999999880e-02
2.026000000000000000e+03 5.799990000000000007e-02
2.029000000000000000e+03 5.855099999999999888e-02
2.032000000000000000e+03 5.917909999999999837e-02
2.035000000000000000e+03 5.981949999999999767e-02
2.038000000000000000e+03 6.047539999999999860e-02
2.041000000000000000e+03 6.118559999999999971e-02
2.044000000000000000e+03 6.191669999999999813e-02
2.047000000000000000e+03 6.266960000000000586e-02
2.050000000000000000e+03 6.337700000000000278e-02
2.053000000000000000e+03 6.414159999999999306e-02
2.056000000000000000e+03 6.496689999999999410e-02
2.059000000000000000e+03 6.578610000000000013e-02
2.062000000000000000e+03 6.660099999999999354e-02
2.065000000000000000e+03 6.744699999999999307e-02
2.068000000000000000e+03 6.838879999999999959e-02
2.071000000000000000e+03 6.938120000000000398e-02
2.074000000000000000e+03 7.040760000000000074e-02
2.077000000000000000e+03 7.153719999999999524e-02
2.080000000000000000e+03 7.292329999999999646e-02
2.083000000000000000e+03 7.446569999999999578e-02
2.086000000000000000e+03 7.604740000000000111e-02
2.089000000000000000e+03 7.771559999999999580e-02
2.092000000000000000e+03 7.962539999999999896e-02
2.095000000000000000e+03 8.165690000000000448e-02
2.098000000000000000e+03 8.392840000000000023e-02
2.101000000000000000e+03 8.637450000000000683e-02
2.104000000000000000e+03 8.888279999999999792e-02
2.107000000000000000e+03 9.163040000000000074e-02
2.110000000000000000e+03 9.439210000000000655e-02
2.113000000000000000e+03 9.736640000000000572e-02
2.116000000000000000e+03 1.003750000000000059e-01
2.119000000000000000e+03 1.034329999999999972e-01
2.122000000000000000e+03 1.065839999999999982e-01
2.125000000000000000e+03 1.097560000000000063e-01
2.128000000000000000e+03 1.129600000000000048e-01
2.131000000000000000e+03 1.161879999999999996e-01
2.134000000000000000e+03 1.194069999999999993e-01
2.137000000000000000e+03 1.225360000000000060e-01
2.140000000000000000e+03 1.256460000000000077e-01
2.143000000000000000e+03 1.286019999999999941e-01
2.146000000000000000e+03 1.314589999999999925e-01
2.149000000000000000e+03 1.342250000000000110e-01
2.152000000000000000e+03 1.366829999999999989e-01
2.155000000000000000e+03 1.391310000000000047e-01
2.158000000000000000e+03 1.412849999999999939e-01
2.161000000000000000e+03 1.433139999999999969e-01
2.164000000000000000e+03 1.451530000000000042e-01
2.167000000000000000e+03 1.467539999999999956e-01
2.170000000000000000e+03 1.482469999999999899e-01
2.173000000000000000e+03 1.495259999999999923e-01
2.176000000000000000e+03 1.505970000000000086e-01
2.179000000000000000e+03 1.515779999999999905e-01
2.182000000000000000e+03 1.524320000000000119e-01
2.185000000000000000e+03 1.531919999999999948e-01
2.188000000000000000e+03 1.538629999999999998e-01
2.191000000000000000e+03 1.544419999999999960e-01
2.194000000000000000e+03 1.549119999999999941e-01
2.197000000000000000e+03 1.553090000000000026e-01
2.200000000000000000e+03 1.556939999999999991e-01
2.203000000000000000e+03 1.561309999999999920e-01
2.206000000000000000e+03 1.565840000000000010e-01
2.209000000000000000e+03 1.570199999999999929e-01
2.212000000000000000e+03 1.574770000000000059e-01
2.215000000000000000e+03 1.578660000000000063e-01
2.218000000000000000e+03 1.582659999999999900e-01
2.221000000000000000e+03 1.587149999999999950e-01
2.224000000000000000e+03 1.591909999999999992e-01
2.227000000000000000e+03 1.596889999999999976e-01
2.230000000000000000e+03 1.601829999999999921e-01
2.233000000000000000e+03 1.607599999999999862e-01
2.236000000000000000e+03 1.613340000000000052e-01
2.239000000000000000e+03 1.618580000000000019e-01
2.242000000000000000e+03 1.626289999999999958e-01
2.245000000000000000e+03 1.636070000000000024e-01
2.248000000000000000e+03 1.649579999999999935e-01
2.251000000000000000e+03 1.666209999999999913e-01
2.254000000000000000e+03 1.685520000000000074e-01
2.257000000000000000e+03 1.713449999999999973e-01
2.260000000000000000e+03 1.746360000000000134e-01
2.263000000000000000e+03 1.798069999999999946e-01
2.266000000000000000e+03 1.865940000000000099e-01
2.269000000000000000e+03 1.959269999999999901e-01
2.272000000000000000e+03 2.106379999999999919e-01
2.275000000000000000e+03 2.288910000000000111e-01
2.278000000000000000e+03 2.555160000000000209e-01
2.281000000000000000e+03 2.887179999999999747e-01
2.284000000000000000e+03 3.301830000000000043e-01
2.287000000000000000e+03 3.789359999999999951e-01
2.290000000000000000e+03 4.369390000000000218e-01
2.293000000000000000e+03 4.987170000000000214e-01
2.296000000000000000e+03 5.623439999999999550e-01
2.299000000000000000e+03 6.291409999999999503e-01
2.302000000000000000e+03 6.913650000000000073e-01
2.305000000000000000e+03 7.509050000000000447e-01
2.308000000000000000e+03 8.028279999999999861e-01
2.311000000000000000e+03 8.451790000000000136e-01
2.314000000000000000e+03 8.771989999999999510e-01
2.317000000000000000e+03 9.005919999999999481e-01
2.320000000000000000e+03 9.184139999999999526e-01
2.323000000000000000e+03 9.288999999999999480e-01
2.326000000000000000e+03 9.406759999999999566e-01
2.329000000000000000e+03 9.496250000000000524e-01
2.332000000000000000e+03 9.568590000000000151e-01
2.335000000000000000e+03 9.639910000000000423e-01
2.338000000000000000e+03 9.692340000000000400e-01
2.341000000000000000e+03 9.738740000000000174e-01
2.344000000000000000e+03 9.775509999999999478e-01
2.347000000000000000e+03 9.784260000000000179e-01
2.350000000000000000e+03 9.789269999999999916e-01
2.353000000000000000e+03 9.788419999999999899e-01
2.356000000000000000e+03 9.788930000000000131e-01
2.359000000000000000e+03 9.795930000000000470e-01
2.362000000000000000e+03 9.825319999999999609e-01
2.365000000000000000e+03 9.862870000000000248e-01
2.368000000000000000e+03 9.906589999999999563e-01
2.371000000000000000e+03 9.959200000000000275e-01
2.374000000000000000e+03 9.996950000000000003e-01
2.377000000000000000e+03 1.000000000000000000e+00
2.380000000000000000e+03 9.956450000000000022e-01
2.383000000000000000e+03 9.856920000000000126e-01
2.386000000000000000e+03 9.677189999999999959e-01
2.389000000000000000e+03 9.441129999999999800e-01
2.392000000000000000e+03 9.085459999999999647e-01
2.395000000000000000e+03 8.636300000000000088e-01
2.398000000000000000e+03 8.104850000000000110e-01
2.401000000000000000e+03 7.490059999999999496e-01
2.404000000000000000e+03 6.849229999999999485e-01
2.407000000000000000e+03 6.179170000000000496e-01
2.410000000000000000e+03 5.520699999999999497e-01
2.413000000000000000e+03 4.869280000000000275e-01
2.416000000000000000e+03 4.268759999999999777e-01
2.419000000000000000e+03 3.729029999999999845e-01
2.422000000000000000e+03 3.269810000000000216e-01
2.425000000000000000e+03 2.893729999999999913e-01
2.428000000000000000e+03 2.608099999999999863e-01
2.431000000000000000e+03 2.376250000000000029e-01
2.434000000000000000e+03 2.219659999999999966e-01
2.437000000000000000e+03 2.099999999999999922e-01
2.440000000000000000e+03 2.016060000000000074e-01
2.443000000000000000e+03 1.958149999999999891e-01
2.446000000000000000e+03 1.913960000000000106e-01
2.449000000000000000e+03 1.885570000000000024e-01
2.452000000000000000e+03 1.865749999999999909e-01
2.455000000000000000e+03 1.849580000000000113e-01
2.458000000000000000e+03 1.839909999999999879e-01
2.461000000000000000e+03 1.833380000000000010e-01
2.464000000000000000e+03 1.827840000000000020e-01
2.467000000000000000e+03 1.822169999999999901e-01
2.470000000000000000e+03 1.817380000000000106e-01
2.473000000000000000e+03 1.811089999999999922e-01
2.476000000000000000e+03 1.806810000000000083e-01
2.479000000000000000e+03 1.803160000000000041e-01
2.482000000000000000e+03 1.797680000000000111e-01
2.485000000000000000e+03 1.789669999999999872e-01
2.488000000000000000e+03 1.780990000000000073e-01
2.491000000000000000e+03 1.772150000000000114e-01
2.494000000000000000e+03 1.762160000000000115e-01
2.497000000000000000e+03 1.747579999999999967e-01
2.500000000000000000e+03 1.732599999999999973e-01
2.503000000000000000e+03 1.717879999999999963e-01
2.506000000000000000e+03 1.700959999999999972e-01
2.509000000000000000e+03 1.680270000000000097e-01
2.512000000000000000e+03 1.659329999999999972e-01
2.515000000000000000e+03 1.637409999999999977e-01
2.518000000000000000e+03 1.613890000000000047e-01
2.521000000000000000e+03 1.587530000000000052e-01
2.524000000000000000e+03 1.559869999999999868e-01
2.527000000000000000e+03 1.531379999999999963e-01
2.530000000000000000e+03 1.501989999999999992e-01
2.533000000000000000e+03 1.470680000000000043e-01
2.536000000000000000e+03 1.440950000000000009e-01
2.539000000000000000e+03 1.409080000000000055e-01
2.542000000000000000e+03 1.378250000000000031e-01
2.545000000000000000e+03 1.348439999999999916e-01
2.548000000000000000e+03 1.318989999999999885e-01
2.551000000000000000e+03 1.289579999999999893e-01
2.554000000000000000e+03 1.259629999999999916e-01
2.557000000000000000e+03 1.231109999999999982e-01
2.560000000000000000e+03 1.203660000000000008e-01
2.563000000000000000e+03 1.172470000000000040e-01
2.566000000000000000e+03 1.138440000000000007e-01
2.569000000000000000e+03 1.107029999999999959e-01
2.572000000000000000e+03 1.071349999999999941e-01
2.575000000000000000e+03 1.033590000000000064e-01
2.578000000000000000e+03 9.950499999999999623e-02
2.581000000000000000e+03 9.544110000000000094e-02
2.584000000000000000e+03 9.146519999999999651e-02
2.587000000000000000e+03 8.740570000000000284e-02
2.590000000000000000e+03 8.340899999999999703e-02
2.593000000000000000e+03 7.947809999999999597e-02
2.596000000000000000e+03 7.575540000000000052e-02
2.599000000000000000e+03 7.212300000000000655e-02
2.602000000000000000e+03 6.885030000000000316e-02
2.605000000000000000e+03 6.572550000000000614e-02
2.608000000000000000e+03 6.294249999999999845e-02
2.611000000000000000e+03 6.060499999999999915e-02
2.614000000000000000e+03 5.836580000000000240e-02
2.617000000000000000e+03 5.651919999999999861e-02
2.620000000000000000e+03 5.485020000000000173e-02
2.623000000000000000e+03 5.337889999999999996e-02
2.626000000000000000e+03 5.206630000000000286e-02
2.629000000000000000e+03 5.073550000000000282e-02
2.632000000000000000e+03 4.950000000000000233e-02
2.635000000000000000e+03 4.831130000000000146e-02
2.638000000000000000e+03 4.701489999999999836e-02
2.641000000000000000e+03 4.560929999999999845e-02
2.644000000000000000e+03 4.422349999999999892e-02
2.647000000000000000e+03 4.274719999999999909e-02
2.650000000000000000e+03 4.103280000000000122e-02
2.653000000000000000e+03 3.931230000000000141e-02
2.656000000000000000e+03 3.755340000000000067e-02
2.659000000000000000e+03 3.557380000000000264e-02
2.662000000000000000e+03 3.357750000000000318e-02
2.665000000000000000e+03 3.156649999999999734e-02
2.668000000000000000e+03 2.946500000000000161e-02
2.671000000000000000e+03 2.734309999999999866e-02
2.674000000000000000e+03 2.522970000000000074e-02
2.677000000000000000e+03 2.316539999999999919e-02
2.680000000000000000e+03 2.112659999999999885e-02
2.683000000000000000e+03 1.909840000000000149e-02
2.686000000000000000e+03 1.722649999999999876e-02
2.689000000000000000e+03 1.546179999999999950e-02
2.692000000000000000e+03 1.370219999999999945e-02
2.695000000000000000e+03 1.212599999999999963e-02
2.698000000000000000e+03 1.073540000000000084e-02
2.701000000000000000e+03 9.355920000000000208e-03
2.704000000000000000e+03 8.113350000000000076e-03
2.707000000000000000e+03 7.113129999999999627e-03
2.710000000000000000e+03 6.130670000000000390e-03
2.713000000000000000e+03 5.225060000000000121e-03
2.716000000000000000e+03 4.552829999999999898e-03
2.719000000000000000e+03 3.910649999999999890e-03
2.722000000000000000e+03 3.301580000000000140e-03
2.725000000000000000e+03 2.858429999999999912e-03
2.728000000000000000e+03 2.454009999999999959e-03
2.731000000000000000e+03 2.061279999999999970e-03
2.734000000000000000e+03 1.773529999999999942e-03
2.737000000000000000e+03 1.525950000000000093e-03
2.740000000000000000e+03 1.282659999999999920e-03
2.743000000000000000e+03 1.094389999999999990e-03
2.746000000000000000e+03 9.290449999999999793e-04
2.749000000000000000e+03 7.659290000000000456e-04
2.752000000000000000e+03 6.531990000000000322e-04
2.755000000000000000e+03 5.720589999999999790e-04
2.758000000000000000e+03 4.921059999999999671e-04
2.761000000000000000e+03 4.246569999999999967e-04
2.764000000000000000e+03 3.772979999999999780e-04
2.767000000000000000e+03 3.312860000000000262e-04
2.770000000000000000e+03 2.898789999999999939e-04
2.773000000000000000e+03 2.611739999999999765e-04
2.776000000000000000e+03 2.339839999999999878e-04
2.779000000000000000e+03 2.087839999999999987e-04
2.782000000000000000e+03 1.922589999999999900e-04
2.785000000000000000e+03 1.775389999999999954e-04
2.788000000000000000e+03 1.635060000000000029e-04
2.791000000000000000e+03 1.548830000000000009e-04
2.794000000000000000e+03 1.480420000000000032e-04
2.797000000000000000e+03 1.413780000000000006e-04
2.800000000000000000e+03 1.364890000000000005e-04
2.803000000000000000e+03 1.328459999999999949e-04
2.806000000000000000e+03 1.291780000000000022e-04
2.809000000000000000e+03 1.263939999999999964e-04
2.812000000000000000e+03 1.243790000000000097e-04
2.815000000000000000e+03 1.230620000000000086e-04
2.818000000000000000e+03 1.216159999999999957e-04
2.821000000000000000e+03 1.196290000000000027e-04
2.824000000000000000e+03 1.176090000000000051e-04
2.827000000000000000e+03 1.154560000000000005e-04
2.830000000000000000e+03 1.129889999999999985e-04
2.833000000000000000e+03 1.104880000000000033e-04
2.836000000000000000e+03 1.077020000000000066e-04
2.839000000000000000e+03 1.040939999999999964e-04
2.842000000000000000e+03 1.003409999999999936e-04
2.845000000000000000e+03 9.651860000000000116e-05
2.848000000000000000e+03 9.221470000000000328e-05
2.851000000000000000e+03 8.729069999999999419e-05
2.854000000000000000e+03 8.252819999999999362e-05
2.857000000000000000e+03 7.862080000000000457e-05
2.860000000000000000e+03 7.494789999999999439e-05
2.863000000000000000e+03 7.130100000000000055e-05
2.866000000000000000e+03 6.807439999999999997e-05
2.869000000000000000e+03 6.519870000000000309e-05
2.872000000000000000e+03 6.291409999999999451e-05
2.875000000000000000e+03 6.132250000000000114e-05
2.878000000000000000e+03 6.036860000000000338e-05
2.881000000000000000e+03 5.943840000000000337e-05
2.884000000000000000e+03 5.867790000000000278e-05
2.887000000000000000e+03 5.781929999999999714e-05
2.890000000000000000e+03 5.694660000000000124e-05
2.893000000000000000e+03 5.622330000000000090e-05
2.896000000000000000e+03 5.607309999999999682e-05
2.899000000000000000e+03 5.608090000000000037e-05
2.902000000000000000e+03 5.637329999999999777e-05
2.905000000000000000e+03 5.687860000000000122e-05
2.908000000000000000e+03 5.741849999999999922e-05
2.911000000000000000e+03 5.792890000000000029e-05
2.914000000000000000e+03 5.844510000000000053e-05
2.917000000000000000e+03 5.902900000000000014e-05
2.920000000000000000e+03 5.963610000000000319e-05
2.923000000000000000e+03 6.030620000000000208e-05
2.926000000000000000e+03 6.123110000000000401e-05
2.929000000000000000e+03 6.218359999999999871e-05
2.932000000000000000e+03 6.302350000000000400e-05
2.935000000000000000e+03 6.382119999999999807e-05
2.938000000000000000e+03 6.459629999999999680e-05
2.941000000000000000e+03 6.553870000000000323e-05
2.944000000000000000e+03 6.691670000000000257e-05
2.947000000000000000e+03 6.842990000000000021e-05
2.950000000000000000e+03 6.997820000000000028e-05
2.953000000000000000e+03 7.150299999999999625e-05
2.956000000000000000e+03 7.297910000000000063e-05
2.959000000000000000e+03 7.451000000000000320e-05
2.962000000000000000e+03 7.670369999999999543e-05
2.965000000000000000e+03 7.918110000000000664e-05
2.968000000000000000e+03 8.165279999999999858e-05
2.971000000000000000e+03 8.387909999999999453e-05
2.974000000000000000e+03 8.630949999999999755e-05
2.977000000000000000e+03 8.884989999999999782e-05
2.980000000000000000e+03 9.106780000000000246e-05
2.983000000000000000e+03 9.310089999999999490e-05
2.986000000000000000e+03 9.570150000000000521e-05
2.989000000000000000e+03 9.875609999999999456e-05
2.992000000000000000e+03 1.017439999999999935e-04
2.995000000000000000e+03 1.047830000000000029e-04
2.998000000000000000e+03 1.085059999999999942e-04
3.001000000000000000e+03 1.134209999999999971e-04
3.004000000000000000e+03 1.182890000000000054e-04
3.007000000000000000e+03 1.233010000000000041e-04
3.010000000000000000e+03 1.296229999999999887e-04
3.013000000000000000e+03 1.382479999999999950e-04
3.016000000000000000e+03 1.469080000000000104e-04
3.019000000000000000e+03 1.557189999999999909e-04
3.022000000000000000e+03 1.659529999999999881e-04
3.025000000000000000e+03 1.808199999999999933e-04
3.028000000000000000e+03 1.963400000000000074e-04
3.031000000000000000e+03 2.120299999999999876e-04
3.034000000000000000e+03 2.288869999999999924e-04
3.037000000000000000e+03 2.509969999999999823e-04
3.040000000000000000e+03 2.737050000000000095e-04
3.043000000000000000e+03 2.963139999999999958e-04
3.046000000000000000e+03 3.196170000000000131e-04
3.049000000000000000e+03 3.497749999999999774e-04
3.052000000000000000e+03 3.810970000000000004e-04
3.055000000000000000e+03 4.124709999999999748e-04
3.058000000000000000e+03 4.443560000000000261e-04
3.061000000000000000e+03 4.807389999999999927e-04
3.064000000000000000e+03 5.181740000000000434e-04
3.067000000000000000e+03 5.554559999999999619e-04
3.070000000000000000e+03 5.927130000000000289e-04
3.073000000000000000e+03 6.281939999999999963e-04
3.076000000000000000e+03 6.571360000000000048e-04
3.079000000000000000e+03 6.858339999999999662e-04
3.082000000000000000e+03 7.209550000000000116e-04
3.085000000000000000e+03 7.551959999999999706e-04
3.088000000000000000e+03 7.877370000000000509e-04
3.091000000000000000e+03 8.202990000000000281e-04
3.094000000000000000e+03 8.531240000000000264e-04
3.097000000000000000e+03 8.778030000000000251e-04
3.100000000000000000e+03 8.972659999999999707e-04
3.103000000000000000e+03 9.168429999999999766e-04
3.106000000000000000e+03 9.365180000000000076e-04
3.109000000000000000e+03 9.465040000000000302e-04
3.112000000000000000e+03 9.475399999999999708e-04
3.115000000000000000e+03 9.485739999999999884e-04
3.118000000000000000e+03 9.496080000000000059e-04
3.121000000000000000e+03 9.431100000000000420e-04
3.124000000000000000e+03 9.264580000000000124e-04
3.127000000000000000e+03 9.098049999999999670e-04
3.130000000000000000e+03 8.931129999999999581e-04
3.133000000000000000e+03 8.720400000000000330e-04
3.136000000000000000e+03 8.424450000000000428e-04
3.139000000000000000e+03 8.127990000000000085e-04
3.142000000000000000e+03 7.828610000000000386e-04
3.145000000000000000e+03 7.512540000000000277e-04
3.148000000000000000e+03 7.155669999999999609e-04
3.151000000000000000e+03 6.794309999999999803e-04
3.154000000000000000e+03 6.431469999999999462e-04
3.157000000000000000e+03 6.070620000000000096e-04
3.160000000000000000e+03 5.718890000000000128e-04
3.163000000000000000e+03 5.369640000000000177e-04
3.166000000000000000e+03 5.020470000000000401e-04
3.169000000000000000e+03 4.678150000000000060e-04
3.172000000000000000e+03 4.372040000000000106e-04
3.175000000000000000e+03 4.070419999999999833e-04
3.178000000000000000e+03 3.768810000000000259e-04
3.181000000000000000e+03 3.473220000000000062e-04
3.184000000000000000e+03 3.225430000000000050e-04
3.187000000000000000e+03 2.986479999999999907e-04
3.190000000000000000e+03 2.747509999999999991e-04
3.193000000000000000e+03 2.513039999999999914e-04
3.196000000000000000e+03 2.329330000000000007e-04
3.199000000000000000e+03 2.159750000000000049e-04
3.202000000000000000e+03 1.990170000000000090e-04
3.205000000000000000e+03 1.822709999999999901e-04
3.208000000000000000e+03 1.699600000000000058e-04
3.211000000000000000e+03 1.593370000000000094e-04
3.214000000000000000e+03 1.487150000000000017e-04
3.217000000000000000e+03 1.381020000000000001e-04
3.220000000000000000e+03 1.307480000000000025e-04
3.223000000000000000e+03 1.249989999999999869e-04
3.226000000000000000e+03 1.194399999999999948e-04
3.229000000000000000e+03 1.140980000000000043e-04
3.232000000000000000e+03 1.110979999999999992e-04
3.235000000000000000e+03 1.096650000000000012e-04
3.238000000000000000e+03 1.079960000000000007e-04
3.241000000000000000e+03 1.062990000000000067e-04
3.244000000000000000e+03 1.056689999999999941e-04
3.247000000000000000e+03 1.062600000000000025e-04
3.250000000000000000e+03 1.068739999999999935e-04
3.253000000000000000e+03 1.074329999999999995e-04
3.256000000000000000e+03 1.083819999999999933e-04
3.259000000000000000e+03 1.102790000000000058e-04
3.262000000000000000e+03 1.122110000000000002e-04
3.265000000000000000e+03 1.144589999999999963e-04
3.268000000000000000e+03 1.169199999999999986e-04
3.271000000000000000e+03 1.195279999999999981e-04
3.274000000000000000e+03 1.222519999999999944e-04
3.277000000000000000e+03 1.250570000000000056e-04
3.280000000000000000e+03 1.277060000000000001e-04
3.283000000000000000e+03 1.298039999999999925e-04
3.286000000000000000e+03 1.317789999999999999e-04
3.289000000000000000e+03 1.337479999999999941e-04
3.292000000000000000e+03 1.355929999999999874e-04
3.295000000000000000e+03 1.367689999999999911e-04
3.298000000000000000e+03 1.378779999999999969e-04
3.301000000000000000e+03 1.388940000000000021e-04
3.304000000000000000e+03 1.394859999999999991e-04
3.307000000000000000e+03 1.390490000000000031e-04
3.310000000000000000e+03 1.384900000000000107e-04
3.313000000000000000e+03 1.379870000000000055e-04
3.316000000000000000e+03 1.374280000000000130e-04
3.319000000000000000e+03 1.362099999999999986e-04
3.322000000000000000e+03 1.347149999999999867e-04
3.325000000000000000e+03 1.331620000000000102e-04
3.328000000000000000e+03 1.316669999999999982e-04
3.331000000000000000e+03 1.309829999999999892e-04
3.334000000000000000e+03 1.306749999999999915e-04
3.337000000000000000e+03 1.303739999999999955e-04
3.340000000000000000e+03 1.299779999999999946e-04
3.343000000000000000e+03 1.297779999999999897e-04
3.346000000000000000e+03 1.296950000000000110e-04
3.349000000000000000e+03 1.295360000000000012e-04
3.352000000000000000e+03 1.292599999999999923e-04
3.355000000000000000e+03 1.300480000000000125e-04
3.358000000000000000e+03 1.316000000000000004e-04
3.361000000000000000e+03 1.335499999999999936e-04
3.364000000000000000e+03 1.355569999999999898e-04
3.367000000000000000e+03 1.390159999999999985e-04
3.370000000000000000e+03 1.435829999999999973e-04
3.373000000000000000e+03 1.481149999999999871e-04
3.376000000000000000e+03 1.525879999999999966e-04
3.379000000000000000e+03 1.574009999999999927e-04
3.382000000000000000e+03 1.629690000000000045e-04
3.385000000000000000e+03 1.685439999999999909e-04
3.388000000000000000e+03 1.742059999999999919e-04
3.391000000000000000e+03 1.804379999999999960e-04
3.394000000000000000e+03 1.876070000000000081e-04
3.397000000000000000e+03 1.947530000000000105e-04
3.400000000000000000e+03 2.018780000000000075e-04
3.403000000000000000e+03 1.953670000000000016e-04
3.406000000000000000e+03 1.559309999999999950e-04
3.409000000000000000e+03 1.154940000000000025e-04
3.412000000000000000e+03 7.507240000000000310e-05
3.415000000000000000e+03 4.376229999999999942e-05
3.418000000000000000e+03 4.199169999999999981e-05
3.421000000000000000e+03 4.249789999999999845e-05
3.424000000000000000e+03 4.300539999999999994e-05
3.427000000000000000e+03 4.351729999999999753e-05
3.430000000000000000e+03 4.403029999999999753e-05
3.433000000000000000e+03 4.450260000000000316e-05
3.436000000000000000e+03 4.472869999999999749e-05
3.439000000000000000e+03 4.486209999999999861e-05
3.442000000000000000e+03 4.501589999999999704e-05
3.445000000000000000e+03 4.539210000000000201e-05
3.448000000000000000e+03 4.589500000000000019e-05
3.451000000000000000e+03 4.639650000000000208e-05
3.454000000000000000e+03 4.679780000000000111e-05
3.457000000000000000e+03 4.711690000000000284e-05
3.460000000000000000e+03 4.743140000000000127e-05
3.463000000000000000e+03 4.776079999999999849e-05
3.466000000000000000e+03 4.810860000000000218e-05
3.469000000000000000e+03 4.845810000000000281e-05
3.472000000000000000e+03 4.892199999999999679e-05
3.475000000000000000e+03 4.961970000000000199e-05
3.478000000000000000e+03 5.034930000000000259e-05
3.481000000000000000e+03 5.099450000000000109e-05
3.484000000000000000e+03 5.134919999999999957e-05
3.487000000000000000e+03 5.164360000000000136e-05
3.490000000000000000e+03 5.193609999999999899e-05
3.493000000000000000e+03 5.221920000000000310e-05
3.496000000000000000e+03 5.249889999999999977e-05
3.499000000000000000e+03 5.280169999999999964e-05
3.502000000000000000e+03 5.332999999999999931e-05
3.505000000000000000e+03 5.397750000000000285e-05
3.508000000000000000e+03 5.462119999999999806e-05
3.511000000000000000e+03 5.516010000000000065e-05
3.514000000000000000e+03 5.561889999999999700e-05
3.517000000000000000e+03 5.607349999999999769e-05
3.520000000000000000e+03 5.644139999999999802e-05
3.523000000000000000e+03 5.671250000000000293e-05
3.526000000000000000e+03 5.697549999999999685e-05
3.529000000000000000e+03 5.735679999999999945e-05
3.532000000000000000e+03 5.795400000000000112e-05
3.535000000000000000e+03 5.857979999999999774e-05
3.538000000000000000e+03 5.916630000000000305e-05
3.541000000000000000e+03 5.962799999999999898e-05
3.544000000000000000e+03 6.006659999999999848e-05
3.547000000000000000e+03 6.055469999999999809e-05
3.550000000000000000e+03 6.127600000000000082e-05
3.553000000000000000e+03 6.207389999999999533e-05
3.556000000000000000e+03 6.288380000000000261e-05
3.559000000000000000e+03 6.379940000000000448e-05
3.562000000000000000e+03 6.476690000000000496e-05
3.565000000000000000e+03 6.573420000000000500e-05
3.568000000000000000e+03 6.669459999999999668e-05
3.571000000000000000e+03 6.765029999999999839e-05
3.574000000000000000e+03 6.860530000000000534e-05
3.577000000000000000e+03 6.946990000000000381e-05
3.580000000000000000e+03 7.024130000000000120e-05
3.583000000000000000e+03 7.100569999999999679e-05
3.586000000000000000e+03 7.164089999999999369e-05
3.589000000000000000e+03 7.206519999999999571e-05
3.592000000000000000e+03 7.246259999999999973e-05
3.595000000000000000e+03 7.109860000000000398e-05
3.598000000000000000e+03 6.464790000000000152e-05
3.601000000000000000e+03 5.733880000000000064e-05
3.604000000000000000e+03 5.149099999999999879e-05
3.607000000000000000e+03 5.184180000000000228e-05
3.610000000000000000e+03 5.407719999999999785e-05
3.613000000000000000e+03 5.612150000000000130e-05
3.616000000000000000e+03 5.670230000000000089e-05
3.619000000000000000e+03 5.661340000000000247e-05
3.622000000000000000e+03 5.673499999999999805e-05
3.625000000000000000e+03 5.968279999999999717e-05
3.628000000000000000e+03 6.451509999999999493e-05
3.631000000000000000e+03 6.942409999999999825e-05
3.634000000000000000e+03 7.391069999999999693e-05
3.637000000000000000e+03 7.799790000000000076e-05
3.640000000000000000e+03 8.205560000000000089e-05
3.643000000000000000e+03 8.459820000000000599e-05
3.646000000000000000e+03 8.491599999999999810e-05
3.649000000000000000e+03 8.496089999999999491e-05
3.652000000000000000e+03 8.490970000000000462e-05
3.655000000000000000e+03 8.461330000000000522e-05
3.658000000000000000e+03 8.427709999999999986e-05
3.661000000000000000e+03 7.952690000000000594e-05
3.664000000000000000e+03 5.774480000000000319e-05
3.667000000000000000e+03 3.119540000000000290e-05
3.670000000000000000e+03 7.216999999999999681e-06
