1.399000000000000000e+03 0.000000000000000000e+00
1.402000000000000000e+03 3.721149999999999939e-06
1.405000000000000000e+03 1.390159999999999917e-05
1.408000000000000000e+03 2.360770000000000099e-05
1.411000000000000000e+03 2.639089999999999833e-05
1.414000000000000000e+03 2.689870000000000049e-05
1.417000000000000000e+03 2.754399999999999920e-05
1.420000000000000000e+03 2.852130000000000084e-05
1.423000000000000000e+03 2.951069999999999852e-05
1.426000000000000000e+03 3.052420000000000160e-05
1.429000000000000000e+03 3.154849999999999788e-05
1.432000000000000000e+03 3.255180000000000232e-05
1.435000000000000000e+03 3.348480000000000168e-05
1.438000000000000000e+03 3.441220000000000232e-05
1.441000000000000000e+03 3.489629999999999994e-05
1.444000000000000000e+03 3.509319999999999801e-05
1.447000000000000000e+03 3.519670000000000134e-05
1.450000000000000000e+03 3.482040000000000292e-05
1.453000000000000000e+03 3.438539999999999777e-05
1.456000000000000000e+03 3.383809999999999710e-05
1.459000000000000000e+03 3.317989999999999720e-05
1.462000000000000000e+03 3.253350000000000285e-05
1.465000000000000000e+03 3.198129999999999821e-05
1.468000000000000000e+03 3.144679999999999850e-05
1.471000000000000000e+03 3.123659999999999837e-05
1.474000000000000000e+03 3.151310000000000157e-05
1.477000000000000000e+03 3.183569999999999743e-05
1.480000000000000000e+03 3.271349999999999773e-05
1.483000000000000000e+03 3.375330000000000089e-05
1.486000000000000000e+03 3.484430000000000112e-05
1.489000000000000000e+03 3.604759999999999686e-05
1.492000000000000000e+03 3.723249999999999970e-05
1.495000000000000000e+03 3.787360000000000276e-05
1.498000000000000000e+03 3.829380000000000257e-05
1.501000000000000000e+03 3.841690000000000144e-05
1.504000000000000000e+03 3.765569999999999931e-05
1.507000000000000000e+03 3.683659999999999897e-05
1.510000000000000000e+03 3.518009999999999882e-05
1.513000000000000000e+03 3.305510000000000138e-05
1.516000000000000000e+03 3.085069999999999924e-05
1.519000000000000000e+03 2.829829999999999976e-05
1.522000000000000000e+03 2.570819999999999892e-05
1.525000000000000000e+03 2.328490000000000131e-05
1.528000000000000000e+03 2.100489999999999942e-05
1.531000000000000000e+03 1.882200000000000038e-05
1.534000000000000000e+03 1.734360000000000112e-05
1.537000000000000000e+03 1.597499999999999867e-05
1.540000000000000000e+03 1.508330000000000007e-05
1.543000000000000000e+03 1.481290000000000009e-05
1.546000000000000000e+03 1.461009999999999925e-05
1.549000000000000000e+03 1.510089999999999970e-05
1.552000000000000000e+03 1.576959999999999891e-05
1.555000000000000000e+03 1.661570000000000085e-05
1.558000000000000000e+03 1.781849999999999889e-05
1.561000000000000000e+03 1.902020000000000129e-05
1.564000000000000000e+03 2.019090000000000010e-05
1.567000000000000000e+03 2.135030000000000123e-05
1.570000000000000000e+03 2.238520000000000042e-05
1.573000000000000000e+03 2.308749999999999876e-05
1.576000000000000000e+03 2.377000000000000112e-05
1.579000000000000000e+03 2.375280000000000067e-05
1.582000000000000000e+03 2.339349999999999888e-05
1.585000000000000000e+03 2.283690000000000153e-05
1.588000000000000000e+03 2.152989999999999863e-05
1.591000000000000000e+03 2.015169999999999885e-05
1.594000000000000000e+03 1.869289999999999851e-05
1.597000000000000000e+03 1.717370000000000127e-05
1.600000000000000000e+03 1.567849999999999905e-05
1.603000000000000000e+03 1.433080000000000008e-05
1.606000000000000000e+03 1.300309999999999922e-05
1.609000000000000000e+03 1.184219999999999988e-05
1.612000000000000000e+03 1.087029999999999992e-05
1.615000000000000000e+03 9.945090000000000017e-06
1.618000000000000000e+03 9.439999999999999403e-06
1.621000000000000000e+03 9.028159999999999972e-06
1.624000000000000000e+03 8.651659999999999426e-06
1.627000000000000000e+03 8.336590000000000086e-06
1.630000000000000000e+03 8.026410000000000627e-06
1.633000000000000000e+03 7.787780000000000508e-06
1.636000000000000000e+03 7.572710000000000210e-06
1.639000000000000000e+03 7.382469999999999640e-06
1.642000000000000000e+03 7.252280000000000298e-06
1.645000000000000000e+03 7.123249999999999943e-06
1.648000000000000000e+03 6.950829999999999991e-06
1.651000000000000000e+03 6.759019999999999705e-06
1.654000000000000000e+03 6.579829999999999647e-06
1.657000000000000000e+03 6.442949999999999867e-06
1.660000000000000000e+03 6.309469999999999918e-06
1.663000000000000000e+03 6.136829999999999823e-06
1.666000000000000000e+03 5.938780000000000084e-06
1.669000000000000000e+03 5.749480000000000050e-06
1.672000000000000000e+03 5.605190000000000285e-06
1.675000000000000000e+03 5.466409999999999726e-06
1.678000000000000000e+03 5.294710000000000167e-06
1.681000000000000000e+03 5.090489999999999944e-06
1.684000000000000000e+03 4.895130000000000344e-06
1.687000000000000000e+03 4.770900000000000349e-06
1.690000000000000000e+03 4.660089999999999796e-06
1.693000000000000000e+03 4.593840000000000218e-06
1.696000000000000000e+03 4.594590000000000169e-06
1.699000000000000000e+03 4.596310000000000213e-06
1.702000000000000000e+03 4.609709999999999950e-06
1.705000000000000000e+03 4.626530000000000070e-06
1.708000000000000000e+03 4.633180000000000252e-06
1.711000000000000000e+03 4.617440000000000297e-06
1.714000000000000000e+03 4.597010000000000054e-06
1.717000000000000000e+03 4.461860000000000171e-06
1.720000000000000000e+03 4.280070000000000341e-06
1.723000000000000000e+03 4.137199999999999962e-06
1.726000000000000000e+03 4.110269999999999866e-06
1.729000000000000000e+03 4.090960000000000046e-06
1.732000000000000000e+03 4.090679999999999940e-06
1.735000000000000000e+03 4.101070000000000022e-06
1.738000000000000000e+03 4.110990000000000259e-06
1.741000000000000000e+03 4.118839999999999684e-06
1.744000000000000000e+03 4.126469999999999813e-06
1.747000000000000000e+03 4.124759999999999621e-06
1.750000000000000000e+03 4.115000000000000412e-06
1.753000000000000000e+03 4.096180000000000142e-06
1.756000000000000000e+03 4.011510000000000324e-06
1.759000000000000000e+03 3.916559999999999649e-06
1.762000000000000000e+03 3.858100000000000381e-06
1.765000000000000000e+03 3.847260000000000160e-06
1.768000000000000000e+03 3.837620000000000029e-06
1.771000000000000000e+03 3.840339999999999725e-06
1.774000000000000000e+03 3.846239999999999956e-06
1.777000000000000000e+03 3.852119999999999636e-06
1.780000000000000000e+03 3.857950000000000052e-06
1.783000000000000000e+03 3.862490000000000012e-06
1.786000000000000000e+03 3.842639999999999686e-06
1.789000000000000000e+03 3.813810000000000082e-06
1.792000000000000000e+03 3.739439999999999979e-06
1.795000000000000000e+03 3.543210000000000081e-06
1.798000000000000000e+03 3.341259999999999838e-06
1.801000000000000000e+03 3.242910000000000178e-06
1.804000000000000000e+03 3.195270000000000156e-06
1.807000000000000000e+03 3.140779999999999938e-06
1.810000000000000000e+03 3.060240000000000197e-06
1.813000000000000000e+03 2.977220000000000186e-06
1.816000000000000000e+03 2.994080000000000139e-06
1.819000000000000000e+03 3.085720000000000079e-06
1.822000000000000000e+03 3.166479999999999963e-06
1.825000000000000000e+03 3.179740000000000069e-06
1.828000000000000000e+03 3.183870000000000147e-06
1.831000000000000000e+03 3.146770000000000112e-06
1.834000000000000000e+03 3.062839999999999969e-06
1.837000000000000000e+03 2.993600000000000019e-06
1.840000000000000000e+03 3.056600000000000093e-06
1.843000000000000000e+03 3.148989999999999983e-06
1.846000000000000000e+03 3.228640000000000143e-06
1.849000000000000000e+03 3.286089999999999907e-06
1.852000000000000000e+03 3.352270000000000093e-06
1.855000000000000000e+03 3.546770000000000094e-06
1.858000000000000000e+03 3.783699999999999874e-06
1.861000000000000000e+03 3.996109999999999590e-06
1.864000000000000000e+03 4.147779999999999783e-06
1.867000000000000000e+03 4.294540000000000390e-06
1.870000000000000000e+03 4.355689999999999797e-06
1.873000000000000000e+03 4.377660000000000198e-06
1.876000000000000000e+03 4.395340000000000340e-06
1.879000000000000000e+03 4.400039999999999634e-06
1.882000000000000000e+03 4.404109999999999750e-06
1.885000000000000000e+03 4.408670000000000262e-06
1.888000000000000000e+03 4.413419999999999666e-06
1.891000000000000000e+03 4.418169999999999917e-06
1.894000000000000000e+03 4.422959999999999578e-06
1.897000000000000000e+03 4.427750000000000086e-06
1.900000000000000000e+03 4.432539999999999747e-06
1.903000000000000000e+03 4.437349999999999960e-06
1.906000000000000000e+03 4.442129999999999769e-06
1.909000000000000000e+03 4.446789999999999653e-06
1.912000000000000000e+03 4.451419999999999979e-06
1.915000000000000000e+03 4.470240000000000250e-06
1.918000000000000000e+03 4.510400000000000048e-06
1.921000000000000000e+03 4.562650000000000268e-06
1.924000000000000000e+03 4.760549999999999678e-06
1.927000000000000000e+03 5.001100000000000280e-06
1.930000000000000000e+03 5.224970000000000391e-06
1.933000000000000000e+03 5.412069999999999837e-06
1.936000000000000000e+03 5.600399999999999777e-06
1.939000000000000000e+03 5.839920000000000323e-06
1.942000000000000000e+03 6.100270000000000295e-06
1.945000000000000000e+03 6.343280000000000192e-06
1.948000000000000000e+03 6.534569999999999677e-06
1.951000000000000000e+03 6.722450000000000325e-06
1.954000000000000000e+03 6.993190000000000379e-06
1.957000000000000000e+03 7.310429999999999903e-06
1.960000000000000000e+03 7.671760000000000558e-06
1.963000000000000000e+03 8.226820000000000289e-06
1.966000000000000000e+03 9.114119999999999400e-06
1.969000000000000000e+03 1.045519999999999944e-05
1.972000000000000000e+03 1.229680000000000058e-05
1.975000000000000000e+03 1.439200000000000044e-05
1.978000000000000000e+03 1.673330000000000122e-05
1.981000000000000000e+03 1.953719999999999990e-05
1.984000000000000000e+03 2.274200000000000012e-05
1.987000000000000000e+03 2.639559999999999847e-05
1.990000000000000000e+03 3.020710000000000086e-05
1.993000000000000000e+03 3.473310000000000123e-05
1.996000000000000000e+03 3.955639999999999959e-05
1.999000000000000000e+03 4.489609999999999863e-05
2.002000000000000000e+03 5.078170000000000204e-05
2.005000000000000000e+03 5.850609999999999876e-05
2.008000000000000000e+03 6.750499999999999827e-05
2.011000000000000000e+03 7.838139999999999463e-05
2.014000000000000000e+03 9.018810000000000477e-05
2.017000000000000000e+03 1.083079999999999937e-04
2.020000000000000000e+03 1.288229999999999963e-04
2.023000000000000000e+03 1.560750000000000126e-04
2.026000000000000000e+03 1.851140000000000034e-04
2.029000000000000000e+03 2.317879999999999973e-04
2.032000000000000000e+03 2.885569999999999954e-04
2.035000000000000000e+03 3.718190000000000123e-04
2.038000000000000000e+03 6.438289999999999508e-04
2.041000000000000000e+03 1.033899999999999923e-03
2.044000000000000000e+03 1.465410000000000107e-03
2.047000000000000000e+03 1.971039999999999858e-03
2.050000000000000000e+03 2.511709999999999898e-03
2.053000000000000000e+03 3.348020000000000163e-03
2.056000000000000000e+03 4.361779999999999997e-03
2.059000000000000000e+03 5.525269999999999661e-03
2.062000000000000000e+03 6.934079999999999584e-03
2.065000000000000000e+03 8.389630000000000351e-03
2.068000000000000000e+03 1.002059999999999930e-02
2.071000000000000000e+03 1.174170000000000075e-02
2.074000000000000000e+03 1.354879999999999973e-02
2.077000000000000000e+03 1.558149999999999986e-02
2.080000000000000000e+03 1.776010000000000089e-02
2.083000000000000000e+03 1.993560000000000124e-02
2.086000000000000000e+03 2.220530000000000073e-02
2.089000000000000000e+03 2.446999999999999870e-02
2.092000000000000000e+03 2.695929999999999854e-02
2.095000000000000000e+03 2.956519999999999981e-02
2.098000000000000000e+03 3.219140000000000196e-02
2.101000000000000000e+03 3.499929999999999708e-02
2.104000000000000000e+03 3.778800000000000214e-02
2.107000000000000000e+03 4.063470000000000276e-02
2.110000000000000000e+03 4.354480000000000156e-02
2.113000000000000000e+03 4.636409999999999837e-02
2.116000000000000000e+03 4.916750000000000287e-02
2.119000000000000000e+03 5.192750000000000143e-02
2.122000000000000000e+03 5.457929999999999726e-02
2.125000000000000000e+03 5.722630000000000078e-02
2.128000000000000000e+03 5.981109999999999899e-02
2.131000000000000000e+03 6.240230000000000082e-02
2.134000000000000000e+03 6.494569999999999510e-02
2.137000000000000000e+03 6.742209999999999870e-02
2.140000000000000000e+03 6.991509999999999392e-02
2.143000000000000000e+03 7.238609999999999489e-02
2.146000000000000000e+03 7.489049999999999874e-02
2.149000000000000000e+03 7.742150000000000420e-02
2.152000000000000000e+03 8.000430000000000041e-02
2.155000000000000000e+03 8.260879999999999612e-02
2.158000000000000000e+03 8.520529999999999771e-02
2.161000000000000000e+03 8.781700000000000617e-02
2.164000000000000000e+03 9.041970000000000562e-02
2.167000000000000000e+03 9.299780000000000546e-02
2.170000000000000000e+03 9.557939999999999492e-02
2.173000000000000000e+03 9.818559999999999788e-02
2.176000000000000000e+03 1.007060000000000038e-01
2.179000000000000000e+03 1.031460000000000016e-01
2.182000000000000000e+03 1.055149999999999977e-01
2.185000000000000000e+03 1.077179999999999943e-01
2.188000000000000000e+03 1.098539999999999933e-01
2.191000000000000000e+03 1.118460000000000010e-01
2.194000000000000000e+03 1.137439999999999979e-01
2.197000000000000000e+03 1.155690000000000051e-01
2.200000000000000000e+03 1.171439999999999981e-01
2.203000000000000000e+03 1.186330000000000023e-01
2.206000000000000000e+03 1.199500000000000011e-01
2.209000000000000000e+03 1.210040000000000004e-01
2.212000000000000000e+03 1.220320000000000016e-01
2.215000000000000000e+03 1.228540000000000049e-01
2.218000000000000000e+03 1.235900000000000054e-01
2.221000000000000000e+03 1.242309999999999942e-01
2.224000000000000000e+03 1.247270000000000045e-01
2.227000000000000000e+03 1.252099999999999880e-01
2.230000000000000000e+03 1.256150000000000044e-01
2.233000000000000000e+03 1.259770000000000056e-01
2.236000000000000000e+03 1.263259999999999939e-01
2.239000000000000000e+03 1.266919999999999991e-01
2.242000000000000000e+03 1.270489999999999953e-01
2.245000000000000000e+03 1.274730000000000030e-01
2.248000000000000000e+03 1.278880000000000017e-01
2.251000000000000000e+03 1.283189999999999886e-01
2.254000000000000000e+03 1.288529999999999953e-01
2.257000000000000000e+03 1.293710000000000138e-01
2.260000000000000000e+03 1.297629999999999895e-01
2.263000000000000000e+03 1.301789999999999892e-01
2.266000000000000000e+03 1.306970000000000076e-01
2.269000000000000000e+03 1.313549999999999995e-01
2.272000000000000000e+03 1.322170000000000012e-01
2.275000000000000000e+03 1.331330000000000013e-01
2.278000000000000000e+03 1.342969999999999997e-01
2.281000000000000000e+03 1.355609999999999871e-01
2.284000000000000000e+03 1.375550000000000106e-01
2.287000000000000000e+03 1.400349999999999928e-01
2.290000000000000000e+03 1.440970000000000029e-01
2.293000000000000000e+03 1.490869999999999973e-01
2.296000000000000000e+03 1.569460000000000022e-01
2.299000000000000000e+03 1.669640000000000013e-01
2.302000000000000000e+03 1.806909999999999905e-01
2.305000000000000000e+03 1.970200000000000007e-01
2.308000000000000000e+03 2.179560000000000108e-01
2.311000000000000000e+03 2.404820000000000013e-01
2.314000000000000000e+03 2.675279999999999880e-01
2.317000000000000000e+03 2.958970000000000211e-01
2.320000000000000000e+03 3.269819999999999949e-01
2.323000000000000000e+03 3.647110000000000074e-01
2.326000000000000000e+03 4.026069999999999927e-01
2.329000000000000000e+03 4.502639999999999976e-01
2.332000000000000000e+03 4.994560000000000111e-01
2.335000000000000000e+03 5.556759999999999478e-01
2.338000000000000000e+03 6.152999999999999581e-01
2.341000000000000000e+03 6.740859999999999630e-01
2.344000000000000000e+03 7.345899999999999652e-01
2.347000000000000000e+03 7.903940000000000410e-01
2.350000000000000000e+03 8.341659999999999631e-01
2.353000000000000000e+03 8.727970000000000450e-01
2.356000000000000000e+03 8.985589999999999966e-01
2.359000000000000000e+03 9.132059999999999622e-01
2.362000000000000000e+03 9.256739999999999968e-01
2.365000000000000000e+03 9.300439999999999818e-01
2.368000000000000000e+03 9.360349999999999504e-01
2.371000000000000000e+03 9.449999999999999512e-01
2.374000000000000000e+03 9.546449999999999658e-01
2.377000000000000000e+03 9.645059999999999745e-01
2.380000000000000000e+03 9.739900000000000224e-01
2.383000000000000000e+03 9.814869999999999983e-01
2.386000000000000000e+03 9.890860000000000207e-01
2.389000000000000000e+03 9.959930000000000172e-01
2.392000000000000000e+03 9.986690000000000289e-01
2.395000000000000000e+03 9.996260000000000145e-01
2.398000000000000000e+03 1.000000000000000000e+00
2.401000000000000000e+03 9.967679999999999874e-01
2.404000000000000000e+03 9.941170000000000284e-01
2.407000000000000000e+03 9.901140000000000496e-01
2.410000000000000000e+03 9.846690000000000165e-01
2.413000000000000000e+03 9.748440000000000438e-01
2.416000000000000000e+03 9.640239999999999920e-01
2.419000000000000000e+03 9.514810000000000212e-01
2.422000000000000000e+03 9.365120000000000111e-01
2.425000000000000000e+03 9.216119999999999868e-01
2.428000000000000000e+03 9.001820000000000377e-01
2.431000000000000000e+03 8.763189999999999591e-01
2.434000000000000000e+03 8.465730000000000199e-01
2.437000000000000000e+03 8.102399999999999602e-01
2.440000000000000000e+03 7.681670000000000442e-01
2.443000000000000000e+03 7.160809999999999675e-01
2.446000000000000000e+03 6.628540000000000543e-01
2.449000000000000000e+03 6.016599999999999726e-01
2.452000000000000000e+03 5.406760000000000455e-01
2.455000000000000000e+03 4.814820000000000211e-01
2.458000000000000000e+03 4.218370000000000175e-01
2.461000000000000000e+03 3.684049999999999825e-01
2.464000000000000000e+03 3.230819999999999803e-01
2.467000000000000000e+03 2.820779999999999954e-01
2.470000000000000000e+03 2.522969999999999935e-01
2.473000000000000000e+03 2.293060000000000098e-01
2.476000000000000000e+03 2.110970000000000069e-01
2.479000000000000000e+03 2.002400000000000013e-01
2.482000000000000000e+03 1.910280000000000034e-01
2.485000000000000000e+03 1.855789999999999940e-01
2.488000000000000000e+03 1.811959999999999960e-01
2.491000000000000000e+03 1.781290000000000096e-01
2.494000000000000000e+03 1.760559999999999903e-01
2.497000000000000000e+03 1.743240000000000067e-01
2.500000000000000000e+03 1.727450000000000097e-01
2.503000000000000000e+03 1.709759999999999891e-01
2.506000000000000000e+03 1.698860000000000092e-01
2.509000000000000000e+03 1.690220000000000056e-01
2.512000000000000000e+03 1.682180000000000064e-01
2.515000000000000000e+03 1.671980000000000133e-01
2.518000000000000000e+03 1.660949999999999926e-01
2.521000000000000000e+03 1.646730000000000138e-01
2.524000000000000000e+03 1.631660000000000055e-01
2.527000000000000000e+03 1.614329999999999932e-01
2.530000000000000000e+03 1.596069999999999989e-01
2.533000000000000000e+03 1.575320000000000054e-01
2.536000000000000000e+03 1.552580000000000071e-01
2.539000000000000000e+03 1.527270000000000016e-01
2.542000000000000000e+03 1.501059999999999894e-01
2.545000000000000000e+03 1.473299999999999887e-01
2.548000000000000000e+03 1.442980000000000096e-01
2.551000000000000000e+03 1.410700000000000010e-01
2.554000000000000000e+03 1.377559999999999896e-01
2.557000000000000000e+03 1.342830000000000135e-01
2.560000000000000000e+03 1.306849999999999956e-01
2.563000000000000000e+03 1.269399999999999973e-01
2.566000000000000000e+03 1.231010000000000021e-01
2.569000000000000000e+03 1.193059999999999954e-01
2.572000000000000000e+03 1.154069999999999957e-01
2.575000000000000000e+03 1.116710000000000064e-01
2.578000000000000000e+03 1.080450000000000021e-01
2.581000000000000000e+03 1.044770000000000004e-01
2.584000000000000000e+03 1.011289999999999967e-01
2.587000000000000000e+03 9.791809999999999403e-02
2.590000000000000000e+03 9.498689999999999911e-02
2.593000000000000000e+03 9.204160000000000119e-02
2.596000000000000000e+03 8.922729999999999551e-02
2.599000000000000000e+03 8.646719999999999406e-02
2.602000000000000000e+03 8.382560000000000011e-02
2.605000000000000000e+03 8.098139999999999505e-02
2.608000000000000000e+03 7.822709999999999386e-02
2.611000000000000000e+03 7.536329999999999418e-02
2.614000000000000000e+03 7.214719999999999467e-02
2.617000000000000000e+03 6.892829999999999790e-02
2.620000000000000000e+03 6.542340000000000655e-02
2.623000000000000000e+03 6.184459999999999957e-02
2.626000000000000000e+03 5.833970000000000128e-02
2.629000000000000000e+03 5.452710000000000196e-02
2.632000000000000000e+03 5.086670000000000080e-02
2.635000000000000000e+03 4.731060000000000126e-02
2.638000000000000000e+03 4.387569999999999665e-02
2.641000000000000000e+03 4.058280000000000221e-02
2.644000000000000000e+03 3.725880000000000164e-02
2.647000000000000000e+03 3.413879999999999693e-02
2.650000000000000000e+03 3.112670000000000020e-02
2.653000000000000000e+03 2.826889999999999958e-02
2.656000000000000000e+03 2.552180000000000074e-02
2.659000000000000000e+03 2.304379999999999970e-02
2.662000000000000000e+03 2.071850000000000080e-02
2.665000000000000000e+03 1.854830000000000020e-02
2.668000000000000000e+03 1.664919999999999942e-02
2.671000000000000000e+03 1.482709999999999931e-02
2.674000000000000000e+03 1.322210000000000052e-02
2.677000000000000000e+03 1.174099999999999970e-02
2.680000000000000000e+03 1.034610000000000044e-02
2.683000000000000000e+03 9.182940000000000547e-03
2.686000000000000000e+03 8.054439999999999517e-03
2.689000000000000000e+03 7.108630000000000330e-03
2.692000000000000000e+03 6.270010000000000340e-03
2.695000000000000000e+03 5.481330000000000403e-03
2.698000000000000000e+03 4.801180000000000378e-03
2.701000000000000000e+03 4.071899999999999825e-03
2.704000000000000000e+03 3.447669999999999901e-03
2.707000000000000000e+03 3.028369999999999847e-03
2.710000000000000000e+03 2.658370000000000177e-03
2.713000000000000000e+03 2.377039999999999969e-03
2.716000000000000000e+03 2.108389999999999917e-03
2.719000000000000000e+03 1.876590000000000029e-03
2.722000000000000000e+03 1.688199999999999944e-03
2.725000000000000000e+03 1.505370000000000015e-03
2.728000000000000000e+03 1.360759999999999921e-03
2.731000000000000000e+03 1.224889999999999963e-03
2.734000000000000000e+03 1.101430000000000031e-03
2.737000000000000000e+03 9.979730000000000892e-04
2.740000000000000000e+03 8.968990000000000469e-04
2.743000000000000000e+03 8.166620000000000086e-04
2.746000000000000000e+03 7.446840000000000143e-04
2.749000000000000000e+03 6.414699999999999959e-04
2.752000000000000000e+03 4.615590000000000036e-04
2.755000000000000000e+03 2.813539999999999900e-04
2.758000000000000000e+03 2.201989999999999969e-04
2.761000000000000000e+03 2.126130000000000055e-04
2.764000000000000000e+03 2.054810000000000067e-04
2.767000000000000000e+03 1.984549999999999964e-04
2.770000000000000000e+03 1.918119999999999992e-04
2.773000000000000000e+03 1.855860000000000083e-04
2.776000000000000000e+03 1.794520000000000024e-04
2.779000000000000000e+03 1.733290000000000069e-04
2.782000000000000000e+03 1.672590000000000058e-04
2.785000000000000000e+03 1.611940000000000020e-04
2.788000000000000000e+03 1.554860000000000085e-04
2.791000000000000000e+03 1.499729999999999954e-04
2.794000000000000000e+03 1.445779999999999971e-04
2.797000000000000000e+03 1.395869999999999902e-04
2.800000000000000000e+03 1.345999999999999920e-04
2.803000000000000000e+03 1.296360000000000036e-04
2.806000000000000000e+03 1.247160000000000033e-04
2.809000000000000000e+03 1.197499999999999970e-04
2.812000000000000000e+03 1.147609999999999944e-04
2.815000000000000000e+03 1.097879999999999998e-04
2.818000000000000000e+03 1.048500000000000007e-04
2.821000000000000000e+03 1.000430000000000042e-04
2.824000000000000000e+03 9.547139999999999533e-05
2.827000000000000000e+03 9.122099999999999957e-05
2.830000000000000000e+03 8.702620000000000375e-05
2.833000000000000000e+03 8.318049999999999413e-05
2.836000000000000000e+03 7.956159999999999394e-05
2.839000000000000000e+03 7.616589999999999526e-05
2.842000000000000000e+03 7.283469999999999571e-05
2.845000000000000000e+03 6.975910000000000097e-05
2.848000000000000000e+03 6.699349999999999479e-05
2.851000000000000000e+03 6.489539999999999534e-05
2.854000000000000000e+03 6.284860000000000674e-05
2.857000000000000000e+03 6.117869999999999754e-05
2.860000000000000000e+03 5.983660000000000237e-05
2.863000000000000000e+03 5.848550000000000103e-05
2.866000000000000000e+03 5.711320000000000063e-05
2.869000000000000000e+03 5.573459999999999997e-05
2.872000000000000000e+03 5.438870000000000325e-05
2.875000000000000000e+03 5.342829999999999802e-05
2.878000000000000000e+03 5.256619999999999826e-05
2.881000000000000000e+03 5.183840000000000160e-05
2.884000000000000000e+03 5.147980000000000134e-05
2.887000000000000000e+03 5.126080000000000225e-05
2.890000000000000000e+03 5.109060000000000175e-05
2.893000000000000000e+03 5.093999999999999678e-05
2.896000000000000000e+03 5.078140000000000139e-05
2.899000000000000000e+03 5.058680000000000159e-05
2.902000000000000000e+03 5.016070000000000240e-05
2.905000000000000000e+03 4.911169999999999940e-05
2.908000000000000000e+03 4.803350000000000013e-05
2.911000000000000000e+03 4.777249999999999704e-05
2.914000000000000000e+03 4.791350000000000128e-05
2.917000000000000000e+03 4.806250000000000274e-05
2.920000000000000000e+03 4.824319999999999916e-05
2.923000000000000000e+03 4.848240000000000188e-05
2.926000000000000000e+03 4.924719999999999836e-05
2.929000000000000000e+03 5.032040000000000021e-05
2.932000000000000000e+03 5.149550000000000188e-05
2.935000000000000000e+03 5.276510000000000071e-05
2.938000000000000000e+03 5.416329999999999691e-05
2.941000000000000000e+03 5.522419999999999890e-05
2.944000000000000000e+03 5.596619999999999959e-05
2.947000000000000000e+03 5.680029999999999893e-05
2.950000000000000000e+03 5.755759999999999929e-05
2.953000000000000000e+03 5.829760000000000237e-05
2.956000000000000000e+03 5.908729999999999923e-05
2.959000000000000000e+03 5.997689999999999830e-05
2.962000000000000000e+03 6.099890000000000309e-05
2.965000000000000000e+03 6.202919999999999896e-05
2.968000000000000000e+03 6.308590000000000530e-05
2.971000000000000000e+03 6.430009999999999784e-05
2.974000000000000000e+03 6.558730000000000137e-05
2.977000000000000000e+03 6.687939999999999532e-05
2.980000000000000000e+03 6.826109999999999600e-05
2.983000000000000000e+03 6.968579999999999610e-05
2.986000000000000000e+03 7.108310000000000388e-05
2.989000000000000000e+03 7.238199999999999918e-05
2.992000000000000000e+03 7.367299999999999750e-05
2.995000000000000000e+03 7.492059999999999551e-05
2.998000000000000000e+03 7.637879999999999453e-05
3.001000000000000000e+03 7.816459999999999359e-05
3.004000000000000000e+03 8.003939999999999807e-05
3.007000000000000000e+03 8.228540000000000333e-05
3.010000000000000000e+03 8.485669999999999682e-05
3.013000000000000000e+03 8.777500000000000580e-05
3.016000000000000000e+03 9.069510000000000516e-05
3.019000000000000000e+03 9.384380000000000434e-05
3.022000000000000000e+03 9.749000000000000341e-05
3.025000000000000000e+03 1.019760000000000008e-04
3.028000000000000000e+03 1.065770000000000064e-04
3.031000000000000000e+03 1.115489999999999987e-04
3.034000000000000000e+03 1.173730000000000026e-04
3.037000000000000000e+03 1.250289999999999984e-04
3.040000000000000000e+03 1.329509999999999947e-04
3.043000000000000000e+03 1.414409999999999897e-04
3.046000000000000000e+03 1.518360000000000011e-04
3.049000000000000000e+03 1.646560000000000037e-04
3.052000000000000000e+03 1.781490000000000048e-04
3.055000000000000000e+03 1.920439999999999929e-04
3.058000000000000000e+03 2.083230000000000043e-04
3.061000000000000000e+03 2.288380000000000069e-04
3.064000000000000000e+03 2.511370000000000182e-04
3.067000000000000000e+03 2.738570000000000175e-04
3.070000000000000000e+03 3.007950000000000229e-04
3.073000000000000000e+03 3.322949999999999754e-04
3.076000000000000000e+03 3.664720000000000109e-04
3.079000000000000000e+03 4.006869999999999941e-04
3.082000000000000000e+03 4.390579999999999830e-04
3.085000000000000000e+03 4.826130000000000090e-04
3.088000000000000000e+03 5.307919999999999826e-04
3.091000000000000000e+03 5.789789999999999737e-04
3.094000000000000000e+03 6.316400000000000443e-04
3.097000000000000000e+03 6.893109999999999602e-04
3.100000000000000000e+03 7.505139999999999771e-04
3.103000000000000000e+03 8.115699999999999564e-04
3.106000000000000000e+03 8.746669999999999792e-04
3.109000000000000000e+03 9.410350000000000052e-04
3.112000000000000000e+03 1.008109999999999996e-03
3.115000000000000000e+03 1.075250000000000034e-03
3.118000000000000000e+03 1.142779999999999924e-03
3.121000000000000000e+03 1.210399999999999931e-03
3.124000000000000000e+03 1.274139999999999995e-03
3.127000000000000000e+03 1.337159999999999998e-03
3.130000000000000000e+03 1.399290000000000082e-03
3.133000000000000000e+03 1.451379999999999944e-03
3.136000000000000000e+03 1.491520000000000085e-03
3.139000000000000000e+03 1.530679999999999975e-03
3.142000000000000000e+03 1.574950000000000091e-03
3.145000000000000000e+03 1.610539999999999932e-03
3.148000000000000000e+03 1.633010000000000060e-03
3.151000000000000000e+03 1.650290000000000003e-03
3.154000000000000000e+03 1.666930000000000061e-03
3.157000000000000000e+03 1.671879999999999937e-03
3.160000000000000000e+03 1.663839999999999980e-03
3.163000000000000000e+03 1.648740000000000101e-03
3.166000000000000000e+03 1.633649999999999946e-03
3.169000000000000000e+03 1.608709999999999958e-03
3.172000000000000000e+03 1.573259999999999936e-03
3.175000000000000000e+03 1.531070000000000044e-03
3.178000000000000000e+03 1.488890000000000092e-03
3.181000000000000000e+03 1.441400000000000016e-03
3.184000000000000000e+03 1.386410000000000029e-03
3.187000000000000000e+03 1.327849999999999994e-03
3.190000000000000000e+03 1.269160000000000080e-03
3.193000000000000000e+03 1.208829999999999931e-03
3.196000000000000000e+03 1.145170000000000042e-03
3.199000000000000000e+03 1.082099999999999902e-03
3.202000000000000000e+03 1.019090000000000057e-03
3.205000000000000000e+03 9.562509999999999760e-04
3.208000000000000000e+03 8.944530000000000232e-04
3.211000000000000000e+03 8.359710000000000231e-04
3.214000000000000000e+03 7.780349999999999462e-04
3.217000000000000000e+03 7.205700000000000213e-04
3.220000000000000000e+03 6.666940000000000106e-04
3.223000000000000000e+03 6.173249999999999484e-04
3.226000000000000000e+03 5.692139999999999613e-04
3.229000000000000000e+03 5.214339999999999817e-04
3.232000000000000000e+03 4.777340000000000037e-04
3.235000000000000000e+03 4.394010000000000168e-04
3.238000000000000000e+03 4.030619999999999841e-04
3.241000000000000000e+03 3.667659999999999779e-04
3.244000000000000000e+03 3.346259999999999773e-04
3.247000000000000000e+03 3.075080000000000109e-04
3.250000000000000000e+03 2.829970000000000012e-04
3.253000000000000000e+03 2.584849999999999756e-04
3.256000000000000000e+03 2.369689999999999872e-04
3.259000000000000000e+03 2.198079999999999934e-04
3.262000000000000000e+03 2.052830000000000063e-04
3.265000000000000000e+03 1.907579999999999920e-04
3.268000000000000000e+03 1.778589999999999924e-04
3.271000000000000000e+03 1.686629999999999944e-04
3.274000000000000000e+03 1.619629999999999941e-04
3.277000000000000000e+03 1.553620000000000077e-04
3.280000000000000000e+03 1.496810000000000057e-04
3.283000000000000000e+03 1.468600000000000135e-04
3.286000000000000000e+03 1.455820000000000031e-04
3.289000000000000000e+03 1.444480000000000102e-04
3.292000000000000000e+03 1.436010000000000097e-04
3.295000000000000000e+03 1.443279999999999910e-04
3.298000000000000000e+03 1.463790000000000024e-04
3.301000000000000000e+03 1.486389999999999977e-04
3.304000000000000000e+03 1.510179999999999964e-04
3.307000000000000000e+03 1.545290000000000108e-04
3.310000000000000000e+03 1.584330000000000059e-04
3.313000000000000000e+03 1.623809999999999891e-04
3.316000000000000000e+03 1.663330000000000082e-04
3.319000000000000000e+03 1.704130000000000098e-04
3.322000000000000000e+03 1.741599999999999995e-04
3.325000000000000000e+03 1.777170000000000063e-04
3.328000000000000000e+03 1.812740000000000130e-04
3.331000000000000000e+03 1.844910000000000061e-04
3.334000000000000000e+03 1.869739999999999889e-04
3.337000000000000000e+03 1.890050000000000107e-04
3.340000000000000000e+03 1.910360000000000053e-04
3.343000000000000000e+03 1.926519999999999979e-04
3.346000000000000000e+03 1.933009999999999980e-04
3.349000000000000000e+03 1.932439999999999950e-04
3.352000000000000000e+03 1.931869999999999920e-04
3.355000000000000000e+03 1.927909999999999910e-04
3.358000000000000000e+03 1.914150000000000096e-04
3.361000000000000000e+03 1.894839999999999903e-04
3.364000000000000000e+03 1.875280000000000111e-04
3.367000000000000000e+03 1.854249999999999941e-04
3.370000000000000000e+03 1.828599999999999941e-04
3.373000000000000000e+03 1.806699999999999897e-04
3.376000000000000000e+03 1.785249999999999890e-04
3.379000000000000000e+03 1.764380000000000072e-04
3.382000000000000000e+03 1.748219999999999874e-04
3.385000000000000000e+03 1.735700000000000068e-04
3.388000000000000000e+03 1.723740000000000135e-04
3.391000000000000000e+03 1.711960000000000055e-04
3.394000000000000000e+03 1.703569999999999954e-04
3.397000000000000000e+03 1.706819999999999898e-04
3.400000000000000000e+03 1.713730000000000006e-04
3.403000000000000000e+03 1.720650000000000001e-04
3.406000000000000000e+03 1.737409999999999888e-04
3.409000000000000000e+03 1.775400000000000112e-04
3.412000000000000000e+03 1.821760000000000122e-04
3.415000000000000000e+03 1.868130000000000018e-04
3.418000000000000000e+03 1.926630000000000085e-04
3.421000000000000000e+03 2.004949999999999972e-04
3.424000000000000000e+03 2.090539999999999944e-04
3.427000000000000000e+03 2.176129999999999916e-04
3.430000000000000000e+03 2.266819999999999957e-04
3.433000000000000000e+03 2.372030000000000124e-04
3.436000000000000000e+03 2.485450000000000268e-04
3.439000000000000000e+03 2.598869999999999869e-04
3.442000000000000000e+03 2.715330000000000174e-04
3.445000000000000000e+03 2.730009999999999837e-04
3.448000000000000000e+03 2.444650000000000252e-04
3.451000000000000000e+03 2.143550000000000034e-04
3.454000000000000000e+03 1.786550000000000030e-04
3.457000000000000000e+03 1.162699999999999964e-04
3.460000000000000000e+03 7.696599999999999460e-05
3.463000000000000000e+03 4.075920000000000102e-05
3.466000000000000000e+03 7.057899999999999798e-06
