2.537450000000000000e+04 0.000000000000000000e+00
2.543250000000000000e+04 7.261409999999999904e-07
2.549050000000000000e+04 1.741549999999999953e-05
2.554850000000000000e+04 4.036670000000000096e-05
2.560650000000000000e+04 6.042640000000000137e-05
2.566450000000000000e+04 7.618090000000000105e-05
2.572250000000000000e+04 6.882099999999999719e-05
2.578050000000000000e+04 5.861230000000000124e-05
2.583850000000000000e+04 5.425210000000000189e-05
2.589650000000000000e+04 5.062990000000000123e-05
2.595450000000000000e+04 4.722430000000000117e-05
2.601250000000000000e+04 4.798869999999999677e-05
2.607050000000000000e+04 7.064000000000000129e-05
2.612850000000000000e+04 9.273959999999999550e-05
2.618650000000000000e+04 1.021909999999999979e-04
2.624450000000000000e+04 1.250789999999999996e-04
2.630250000000000000e+04 1.402449999999999964e-04
2.636050000000000000e+04 1.464790000000000048e-04
2.641850000000000000e+04 1.567449999999999909e-04
2.647650000000000000e+04 1.727640000000000013e-04
2.653450000000000000e+04 1.960900000000000013e-04
2.659250000000000000e+04 2.753240000000000223e-04
2.665050000000000000e+04 4.495440000000000178e-04
2.670850000000000000e+04 1.078479999999999933e-03
2.676650000000000000e+04 2.232759999999999866e-03
2.682450000000000000e+04 5.135810000000000201e-03
2.688250000000000000e+04 8.799599999999999436e-03
2.694050000000000000e+04 1.396269999999999976e-02
2.699850000000000000e+04 1.949520000000000072e-02
2.705650000000000000e+04 2.559739999999999932e-02
2.711450000000000000e+04 3.136560000000000042e-02
2.717250000000000000e+04 3.672969999999999707e-02
2.723050000000000000e+04 4.035570000000000129e-02
2.728850000000000000e+04 4.285869999999999957e-02
2.734650000000000000e+04 4.579699999999999743e-02
2.740450000000000000e+04 4.998020000000000240e-02
2.746250000000000000e+04 5.487670000000000048e-02
2.752050000000000000e+04 6.081720000000000181e-02
2.757850000000000000e+04 6.678900000000000114e-02
2.763650000000000000e+04 7.313310000000000644e-02
2.769450000000000000e+04 7.945560000000000123e-02
2.775250000000000000e+04 8.514069999999999971e-02
2.781050000000000000e+04 9.023609999999999964e-02
2.786850000000000000e+04 9.309760000000000257e-02
2.792650000000000000e+04 9.521680000000000421e-02
2.798450000000000000e+04 9.788080000000000391e-02
2.804250000000000000e+04 1.015139999999999931e-01
2.810050000000000000e+04 1.069139999999999951e-01
2.815850000000000000e+04 1.157460000000000017e-01
2.821650000000000000e+04 1.292010000000000103e-01
2.827450000000000000e+04 1.471339999999999870e-01
2.833250000000000000e+04 1.683399999999999896e-01
2.839050000000000000e+04 1.910540000000000016e-01
2.844850000000000000e+04 2.131939999999999946e-01
2.850650000000000000e+04 2.340270000000000128e-01
2.856450000000000000e+04 2.523650000000000060e-01
2.862250000000000000e+04 2.673690000000000233e-01
2.868050000000000000e+04 2.797819999999999752e-01
2.873850000000000000e+04 2.944590000000000263e-01
2.879650000000000000e+04 3.094930000000000181e-01
2.885450000000000000e+04 3.253719999999999946e-01
2.891250000000000000e+04 3.428249999999999909e-01
2.897050000000000000e+04 3.587620000000000253e-01
2.902850000000000000e+04 3.749939999999999940e-01
2.908650000000000000e+04 3.886299999999999755e-01
2.914450000000000000e+04 3.998349999999999960e-01
2.920250000000000000e+04 4.084909999999999930e-01
2.926050000000000000e+04 4.162790000000000101e-01
2.931850000000000000e+04 4.227859999999999951e-01
2.937650000000000000e+04 4.293310000000000182e-01
2.943450000000000000e+04 4.339230000000000032e-01
2.949250000000000000e+04 4.355910000000000060e-01
2.955050000000000000e+04 4.369009999999999838e-01
2.960850000000000000e+04 4.380780000000000229e-01
2.966650000000000000e+04 4.467510000000000092e-01
2.972450000000000000e+04 4.580560000000000187e-01
2.978250000000000000e+04 4.715799999999999992e-01
2.984050000000000000e+04 4.846799999999999997e-01
2.989850000000000000e+04 4.948770000000000113e-01
2.995650000000000000e+04 5.046329999999999982e-01
3.001450000000000000e+04 5.148179999999999978e-01
3.007250000000000000e+04 5.248699999999999477e-01
3.013050000000000000e+04 5.323059999999999459e-01
3.018850000000000000e+04 5.384510000000000129e-01
3.024650000000000000e+04 5.411319999999999464e-01
3.030450000000000000e+04 5.444409999999999528e-01
3.036250000000000000e+04 5.492960000000000065e-01
3.042050000000000000e+04 5.558969999999999745e-01
3.047850000000000000e+04 5.655769999999999964e-01
3.053650000000000000e+04 5.756419999999999870e-01
3.059450000000000000e+04 5.855679999999999774e-01
3.065250000000000000e+04 5.950839999999999463e-01
3.071050000000000000e+04 6.052990000000000315e-01
3.076850000000000000e+04 6.167169999999999597e-01
3.082650000000000000e+04 6.288970000000000393e-01
3.088450000000000000e+04 6.420350000000000223e-01
3.094250000000000000e+04 6.528359999999999719e-01
3.100050000000000000e+04 6.647849999999999593e-01
3.105850000000000000e+04 6.775480000000000391e-01
3.111650000000000000e+04 6.932469999999999466e-01
3.117450000000000000e+04 7.125129999999999519e-01
3.123250000000000000e+04 7.314180000000000126e-01
3.129050000000000000e+04 7.477759999999999962e-01
3.134850000000000000e+04 7.582649999999999668e-01
3.140650000000000000e+04 7.653079999999999883e-01
3.146450000000000000e+04 7.682689999999999797e-01
3.152250000000000000e+04 7.719340000000000090e-01
3.158050000000000000e+04 7.758230000000000404e-01
3.163850000000000000e+04 7.798089999999999744e-01
3.169650000000000000e+04 7.847889999999999588e-01
3.175450000000000000e+04 7.883440000000000447e-01
3.181250000000000000e+04 7.927309999999999635e-01
3.187050000000000000e+04 7.987750000000000128e-01
3.192850000000000000e+04 8.053960000000000008e-01
3.198650000000000000e+04 8.137680000000000469e-01
3.204450000000000000e+04 8.213880000000000070e-01
3.210250000000000000e+04 8.274890000000000301e-01
3.216050000000000000e+04 8.316519999999999468e-01
3.221850000000000000e+04 8.335559999999999636e-01
3.227650000000000000e+04 8.350300000000000500e-01
3.233450000000000000e+04 8.370180000000000398e-01
3.239250000000000000e+04 8.399370000000000447e-01
3.245050000000000000e+04 8.444000000000000394e-01
3.250850000000000000e+04 8.491640000000000299e-01
3.256650000000000000e+04 8.546550000000000535e-01
3.262450000000000000e+04 8.601149999999999629e-01
3.268250000000000000e+04 8.646470000000000544e-01
3.274050000000000000e+04 8.683300000000000463e-01
3.279850000000000000e+04 8.692109999999999559e-01
3.285650000000000000e+04 8.681330000000000435e-01
3.291450000000000000e+04 8.647660000000000347e-01
3.297250000000000000e+04 8.612929999999999753e-01
3.303050000000000000e+04 8.612130000000000063e-01
3.308850000000000000e+04 8.652830000000000243e-01
3.314650000000000000e+04 8.754250000000000087e-01
3.320450000000000000e+04 8.881710000000000438e-01
3.326250000000000000e+04 9.008300000000000196e-01
3.332050000000000000e+04 9.112620000000000164e-01
3.337850000000000000e+04 9.169859999999999678e-01
3.343650000000000000e+04 9.203480000000000549e-01
3.349450000000000000e+04 9.220479999999999787e-01
3.355250000000000000e+04 9.238819999999999810e-01
3.361050000000000000e+04 9.262590000000000545e-01
3.366850000000000000e+04 9.273569999999999869e-01
3.372650000000000000e+04 9.270260000000000167e-01
3.378450000000000000e+04 9.256419999999999648e-01
3.384250000000000000e+04 9.243590000000000417e-01
3.390050000000000000e+04 9.255459999999999798e-01
3.395850000000000000e+04 9.291150000000000242e-01
3.401650000000000000e+04 9.346860000000000168e-01
3.407450000000000000e+04 9.403420000000000112e-01
3.413250000000000000e+04 9.439990000000000325e-01
3.419050000000000000e+04 9.454080000000000261e-01
3.424850000000000000e+04 9.444519999999999582e-01
3.430650000000000000e+04 9.432310000000000416e-01
3.436450000000000000e+04 9.426430000000000087e-01
3.442250000000000000e+04 9.442139999999999977e-01
3.448050000000000000e+04 9.476590000000000291e-01
3.453850000000000000e+04 9.521570000000000311e-01
3.459650000000000000e+04 9.568719999999999448e-01
3.465450000000000000e+04 9.605359999999999454e-01
3.471250000000000000e+04 9.640490000000000448e-01
3.477050000000000000e+04 9.673089999999999744e-01
3.482850000000000000e+04 9.710140000000000438e-01
3.488650000000000000e+04 9.748040000000000038e-01
3.494450000000000000e+04 9.775899999999999590e-01
3.500250000000000000e+04 9.793610000000000371e-01
3.506050000000000000e+04 9.795549999999999535e-01
3.511850000000000000e+04 9.788240000000000274e-01
3.517650000000000000e+04 9.781940000000000079e-01
3.523450000000000000e+04 9.779130000000000322e-01
3.529250000000000000e+04 9.790879999999999583e-01
3.535050000000000000e+04 9.807050000000000489e-01
3.540850000000000000e+04 9.821450000000000458e-01
3.546650000000000000e+04 9.833760000000000279e-01
3.552450000000000000e+04 9.839900000000000313e-01
3.558250000000000000e+04 9.848369999999999624e-01
3.564050000000000000e+04 9.861100000000000421e-01
3.569850000000000000e+04 9.882159999999999833e-01
3.575650000000000000e+04 9.916110000000000202e-01
3.581450000000000000e+04 9.951579999999999870e-01
3.587250000000000000e+04 9.983990000000000364e-01
3.593050000000000000e+04 1.000000000000000000e+00
3.598850000000000000e+04 9.993020000000000236e-01
3.604650000000000000e+04 9.969310000000000116e-01
3.610450000000000000e+04 9.931259999999999533e-01
3.616250000000000000e+04 9.899609999999999799e-01
3.622050000000000000e+04 9.878879999999999884e-01
3.627850000000000000e+04 9.878160000000000274e-01
3.633650000000000000e+04 9.894920000000000382e-01
3.639450000000000000e+04 9.921590000000000131e-01
3.645250000000000000e+04 9.950590000000000268e-01
3.651050000000000000e+04 9.966519999999999824e-01
3.656850000000000000e+04 9.973100000000000298e-01
3.662650000000000000e+04 9.963309999999999667e-01
3.668450000000000000e+04 9.952720000000000455e-01
3.674250000000000000e+04 9.934340000000000392e-01
3.680050000000000000e+04 9.918320000000000469e-01
3.685850000000000000e+04 9.891119999999999912e-01
3.691650000000000000e+04 9.846300000000000052e-01
3.697450000000000000e+04 9.782610000000000472e-01
3.703250000000000000e+04 9.708560000000000523e-01
3.709050000000000000e+04 9.629699999999999926e-01
3.714850000000000000e+04 9.549100000000000366e-01
3.720650000000000000e+04 9.450100000000000167e-01
3.726450000000000000e+04 9.330370000000000053e-01
3.732250000000000000e+04 9.173489999999999700e-01
3.738050000000000000e+04 8.989549999999999486e-01
3.743850000000000000e+04 8.802969999999999962e-01
3.749650000000000000e+04 8.619269999999999987e-01
3.755450000000000000e+04 8.460950000000000415e-01
3.761250000000000000e+04 8.324820000000000553e-01
3.767050000000000000e+04 8.203599999999999781e-01
3.772850000000000000e+04 8.104519999999999502e-01
3.778650000000000000e+04 8.028210000000000068e-01
3.784450000000000000e+04 7.967180000000000373e-01
3.790250000000000000e+04 7.935140000000000526e-01
3.796050000000000000e+04 7.902820000000000400e-01
3.801850000000000000e+04 7.884470000000000089e-01
3.807650000000000000e+04 7.847229999999999484e-01
3.813450000000000000e+04 7.807269999999999488e-01
3.819250000000000000e+04 7.739949999999999886e-01
3.825050000000000000e+04 7.660940000000000527e-01
3.830850000000000000e+04 7.559289999999999621e-01
3.836650000000000000e+04 7.444659999999999611e-01
3.842450000000000000e+04 7.329700000000000104e-01
3.848250000000000000e+04 7.214760000000000062e-01
3.854050000000000000e+04 7.108050000000000201e-01
3.859850000000000000e+04 7.007240000000000135e-01
3.865650000000000000e+04 6.902509999999999479e-01
3.871450000000000000e+04 6.797549999999999981e-01
3.877250000000000000e+04 6.695950000000000513e-01
3.883050000000000000e+04 6.592930000000000179e-01
3.888850000000000000e+04 6.517589999999999772e-01
3.894650000000000000e+04 6.445060000000000233e-01
3.900450000000000000e+04 6.391769999999999952e-01
3.906250000000000000e+04 6.344349999999999712e-01
3.912050000000000000e+04 6.287230000000000318e-01
3.917850000000000000e+04 6.232119999999999882e-01
3.923650000000000000e+04 6.157359999999999500e-01
3.929450000000000000e+04 6.073730000000000517e-01
3.935250000000000000e+04 5.983779999999999655e-01
3.941050000000000000e+04 5.882290000000000019e-01
3.946850000000000000e+04 5.772059999999999969e-01
3.952650000000000000e+04 5.644080000000000208e-01
3.958450000000000000e+04 5.492899999999999450e-01
3.964250000000000000e+04 5.310700000000000420e-01
3.970050000000000000e+04 5.115100000000000202e-01
3.975850000000000000e+04 4.888129999999999975e-01
3.981650000000000000e+04 4.668970000000000065e-01
3.987450000000000000e+04 4.442590000000000150e-01
3.993250000000000000e+04 4.227529999999999899e-01
3.999050000000000000e+04 4.019809999999999772e-01
4.004850000000000000e+04 3.814730000000000065e-01
4.010650000000000000e+04 3.607029999999999959e-01
4.016450000000000000e+04 3.404789999999999761e-01
4.022250000000000000e+04 3.205930000000000168e-01
4.028050000000000000e+04 3.021570000000000089e-01
4.033850000000000000e+04 2.870139999999999914e-01
4.039650000000000000e+04 2.732600000000000029e-01
4.045450000000000000e+04 2.635709999999999997e-01
4.051250000000000000e+04 2.545160000000000200e-01
4.057050000000000000e+04 2.472020000000000051e-01
4.062850000000000000e+04 2.394429999999999892e-01
4.068650000000000000e+04 2.315740000000000021e-01
4.074450000000000000e+04 2.228279999999999983e-01
4.080250000000000000e+04 2.135950000000000071e-01
4.086050000000000000e+04 2.037529999999999897e-01
4.091850000000000000e+04 1.934839999999999893e-01
4.097650000000000000e+04 1.829999999999999960e-01
4.103450000000000000e+04 1.725200000000000067e-01
4.109250000000000000e+04 1.624520000000000131e-01
4.115050000000000000e+04 1.529189999999999994e-01
4.120850000000000000e+04 1.440849999999999909e-01
4.126650000000000000e+04 1.355449999999999988e-01
4.132450000000000000e+04 1.272800000000000042e-01
4.138250000000000000e+04 1.186519999999999936e-01
4.144050000000000000e+04 1.096140000000000031e-01
4.149850000000000000e+04 1.000380000000000019e-01
4.155650000000000000e+04 9.009129999999999916e-02
4.161450000000000000e+04 8.046300000000000674e-02
4.167250000000000000e+04 7.115760000000000141e-02
4.173050000000000000e+04 6.246480000000000088e-02
4.178850000000000000e+04 5.426269999999999705e-02
4.184650000000000000e+04 4.638319999999999943e-02
4.190450000000000000e+04 3.874070000000000291e-02
4.196250000000000000e+04 3.165939999999999727e-02
4.202050000000000000e+04 2.505550000000000138e-02
4.207850000000000000e+04 1.955959999999999990e-02
4.213650000000000000e+04 1.489099999999999972e-02
4.219450000000000000e+04 1.142899999999999992e-02
4.225250000000000000e+04 8.809539999999999385e-03
4.231050000000000000e+04 6.920929999999999617e-03
4.236850000000000000e+04 5.460859999999999673e-03
4.242650000000000000e+04 4.379519999999999594e-03
4.248450000000000000e+04 3.569000000000000124e-03
4.254250000000000000e+04 2.948880000000000078e-03
4.260050000000000000e+04 2.437250000000000180e-03
4.265850000000000000e+04 2.033779999999999789e-03
4.271650000000000000e+04 1.691779999999999933e-03
4.277450000000000000e+04 1.415569999999999893e-03
4.283250000000000000e+04 1.182880000000000086e-03
4.289050000000000000e+04 1.097639999999999987e-03
4.294850000000000000e+04 1.101100000000000039e-03
4.300650000000000000e+04 1.059889999999999964e-03
4.306450000000000000e+04 9.846469999999999528e-04
4.312250000000000000e+04 8.447230000000000233e-04
4.318050000000000000e+04 6.839040000000000440e-04
4.323850000000000000e+04 5.994870000000000016e-04
4.329650000000000000e+04 5.203119999999999881e-04
4.335450000000000000e+04 4.427629999999999890e-04
4.341250000000000000e+04 4.077460000000000090e-04
4.347050000000000000e+04 4.064779999999999934e-04
4.352850000000000000e+04 4.073920000000000189e-04
4.358650000000000000e+04 3.723509999999999862e-04
4.364450000000000000e+04 3.265300000000000060e-04
4.370250000000000000e+04 3.254830000000000006e-04
4.376050000000000000e+04 3.439960000000000045e-04
4.381850000000000000e+04 3.669810000000000021e-04
4.387650000000000000e+04 3.881420000000000117e-04
4.393450000000000000e+04 3.838359999999999754e-04
4.399250000000000000e+04 3.655029999999999868e-04
4.405050000000000000e+04 3.177899999999999779e-04
4.410850000000000000e+04 2.636469999999999916e-04
4.416650000000000000e+04 2.394669999999999893e-04
4.422450000000000000e+04 2.297649999999999931e-04
4.428250000000000000e+04 2.397129999999999866e-04
4.434050000000000000e+04 2.528540000000000019e-04
4.439850000000000000e+04 2.520679999999999861e-04
4.445650000000000000e+04 2.323489999999999941e-04
4.451450000000000000e+04 1.332899999999999927e-04
4.457250000000000000e+04 2.553720000000000005e-05
4.463050000000000000e+04 2.996680000000000037e-09
