6.557500000000000000e+03 0.000000000000000000e+00
6.569500000000000000e+03 1.418559999999999965e-07
6.581500000000000000e+03 1.366660000000000058e-05
6.593500000000000000e+03 4.553569999999999840e-05
6.605500000000000000e+03 6.651369999999999982e-05
6.617500000000000000e+03 6.953819999999999771e-05
6.629500000000000000e+03 6.853889999999999527e-05
6.641500000000000000e+03 6.324969999999999854e-05
6.653500000000000000e+03 6.220989999999999539e-05
6.665500000000000000e+03 6.914210000000000332e-05
6.677500000000000000e+03 7.440759999999999551e-05
6.689500000000000000e+03 7.517120000000000290e-05
6.701500000000000000e+03 7.522290000000000107e-05
6.713500000000000000e+03 7.475769999999999746e-05
6.725500000000000000e+03 7.446820000000000642e-05
6.737500000000000000e+03 7.469910000000000449e-05
6.749500000000000000e+03 7.640539999999999864e-05
6.761500000000000000e+03 8.154059999999999650e-05
6.773500000000000000e+03 8.420089999999999541e-05
6.785500000000000000e+03 7.910960000000000572e-05
6.797500000000000000e+03 7.508349999999999356e-05
6.809500000000000000e+03 7.738090000000000311e-05
6.821500000000000000e+03 8.023360000000000377e-05
6.833500000000000000e+03 8.181489999999999488e-05
6.845500000000000000e+03 1.745799999999999989e-04
6.857500000000000000e+03 3.443610000000000052e-04
6.869500000000000000e+03 5.398539999999999849e-04
6.881500000000000000e+03 7.321810000000000427e-04
6.893500000000000000e+03 1.187969999999999998e-03
6.905500000000000000e+03 1.881450000000000006e-03
6.917500000000000000e+03 3.139920000000000037e-03
6.929500000000000000e+03 5.101099999999999905e-03
6.941500000000000000e+03 8.247100000000000264e-03
6.953500000000000000e+03 1.312199999999999998e-02
6.965500000000000000e+03 2.039730000000000015e-02
6.977500000000000000e+03 3.118769999999999876e-02
6.989500000000000000e+03 4.500330000000000302e-02
7.001500000000000000e+03 6.295299999999999507e-02
7.013500000000000000e+03 7.907839999999999314e-02
7.025500000000000000e+03 8.534550000000000469e-02
7.037500000000000000e+03 9.492820000000000424e-02
7.049500000000000000e+03 1.125479999999999953e-01
7.061500000000000000e+03 1.245570000000000010e-01
7.073500000000000000e+03 1.275509999999999977e-01
7.085500000000000000e+03 1.357669999999999988e-01
7.097500000000000000e+03 1.593859999999999999e-01
7.109500000000000000e+03 1.852310000000000068e-01
7.121500000000000000e+03 2.140269999999999950e-01
7.133500000000000000e+03 2.473619999999999985e-01
7.145500000000000000e+03 2.882109999999999950e-01
7.157500000000000000e+03 3.321029999999999816e-01
7.169500000000000000e+03 3.745009999999999728e-01
7.181500000000000000e+03 4.164240000000000164e-01
7.193500000000000000e+03 4.401740000000000097e-01
7.205500000000000000e+03 4.597680000000000100e-01
7.217500000000000000e+03 4.731650000000000023e-01
7.229500000000000000e+03 4.854220000000000201e-01
7.241500000000000000e+03 5.007749999999999702e-01
7.253500000000000000e+03 5.169200000000000461e-01
7.265500000000000000e+03 5.349080000000000501e-01
7.277500000000000000e+03 5.533829999999999583e-01
7.289500000000000000e+03 5.843129999999999713e-01
7.301500000000000000e+03 6.214370000000000172e-01
7.313500000000000000e+03 6.524109999999999632e-01
7.325500000000000000e+03 6.759230000000000516e-01
7.337500000000000000e+03 7.022180000000000089e-01
7.349500000000000000e+03 7.252140000000000253e-01
7.361500000000000000e+03 7.400160000000000071e-01
7.373500000000000000e+03 7.445659999999999501e-01
7.385500000000000000e+03 7.527810000000000334e-01
7.397500000000000000e+03 7.711510000000000309e-01
7.409500000000000000e+03 7.931780000000000497e-01
7.421500000000000000e+03 8.151279999999999637e-01
7.433500000000000000e+03 8.375749999999999584e-01
7.445500000000000000e+03 8.556780000000000497e-01
7.457500000000000000e+03 8.652809999999999668e-01
7.469500000000000000e+03 8.669329999999999536e-01
7.481500000000000000e+03 8.722419999999999618e-01
7.493500000000000000e+03 8.842309999999999892e-01
7.505500000000000000e+03 8.981489999999999752e-01
7.517500000000000000e+03 9.146210000000000173e-01
7.529500000000000000e+03 9.227060000000000262e-01
7.541500000000000000e+03 9.229530000000000234e-01
7.553500000000000000e+03 9.323129999999999473e-01
7.565500000000000000e+03 9.456090000000000328e-01
7.577500000000000000e+03 9.604359999999999564e-01
7.589500000000000000e+03 9.725749999999999673e-01
7.601500000000000000e+03 9.820659999999999945e-01
7.613500000000000000e+03 9.876749999999999696e-01
7.625500000000000000e+03 9.895509999999999584e-01
7.637500000000000000e+03 9.903809999999999558e-01
7.649500000000000000e+03 9.903760000000000341e-01
7.661500000000000000e+03 9.875880000000000214e-01
7.673500000000000000e+03 9.841029999999999500e-01
7.685500000000000000e+03 9.843480000000000008e-01
7.697500000000000000e+03 9.848890000000000144e-01
7.709500000000000000e+03 9.838860000000000383e-01
7.721500000000000000e+03 9.851119999999999877e-01
7.733500000000000000e+03 9.871339999999999559e-01
7.745500000000000000e+03 9.895859999999999657e-01
7.757500000000000000e+03 9.947540000000000271e-01
7.769500000000000000e+03 9.997540000000000315e-01
7.781500000000000000e+03 1.000000000000000000e+00
7.793500000000000000e+03 9.946340000000000181e-01
7.805500000000000000e+03 9.864540000000000530e-01
7.817500000000000000e+03 9.834209999999999896e-01
7.829500000000000000e+03 9.871499999999999719e-01
7.841500000000000000e+03 9.887259999999999938e-01
7.853500000000000000e+03 9.836810000000000276e-01
7.865500000000000000e+03 9.785460000000000269e-01
7.877500000000000000e+03 9.759640000000000537e-01
7.889500000000000000e+03 9.732189999999999452e-01
7.901500000000000000e+03 9.673770000000000424e-01
7.913500000000000000e+03 9.585230000000000139e-01
7.925500000000000000e+03 9.401939999999999742e-01
7.937500000000000000e+03 9.172970000000000290e-01
7.949500000000000000e+03 8.942579999999999973e-01
7.961500000000000000e+03 8.714809999999999501e-01
7.973500000000000000e+03 8.484359999999999680e-01
7.985500000000000000e+03 8.260399999999999965e-01
7.997500000000000000e+03 8.140929999999999556e-01
8.009500000000000000e+03 8.104240000000000332e-01
8.021500000000000000e+03 8.085400000000000365e-01
8.033500000000000000e+03 8.052829999999999711e-01
8.045500000000000000e+03 7.964090000000000336e-01
8.057500000000000000e+03 7.872130000000000516e-01
8.069500000000000000e+03 7.775969999999999827e-01
8.081500000000000000e+03 7.658789999999999765e-01
8.093500000000000000e+03 7.534210000000000074e-01
8.105500000000000000e+03 7.399860000000000326e-01
8.117500000000000000e+03 7.261630000000000029e-01
8.129500000000000000e+03 7.043099999999999916e-01
8.141500000000000000e+03 6.847870000000000346e-01
8.153500000000000000e+03 6.673459999999999948e-01
8.165500000000000000e+03 6.476629999999999887e-01
8.177500000000000000e+03 6.217580000000000329e-01
8.189500000000000000e+03 5.950250000000000261e-01
8.201500000000000000e+03 5.702949999999999964e-01
8.213500000000000000e+03 5.453820000000000334e-01
8.225500000000000000e+03 5.262149999999999883e-01
8.237500000000000000e+03 5.073999999999999622e-01
8.249500000000000000e+03 4.836150000000000171e-01
8.261500000000000000e+03 4.572899999999999743e-01
8.273500000000000000e+03 4.279359999999999831e-01
8.285500000000000000e+03 3.978689999999999727e-01
8.297500000000000000e+03 3.588569999999999816e-01
8.309500000000000000e+03 3.174939999999999984e-01
8.321500000000000000e+03 2.715429999999999788e-01
8.333500000000000000e+03 2.261350000000000027e-01
8.345500000000000000e+03 1.869609999999999883e-01
8.357500000000000000e+03 1.520189999999999875e-01
8.369500000000000000e+03 1.240200000000000052e-01
8.381500000000000000e+03 1.032909999999999939e-01
8.393500000000000000e+03 8.926109999999999600e-02
8.405500000000000000e+03 8.151869999999999949e-02
8.417500000000000000e+03 7.515189999999999371e-02
8.429500000000000000e+03 7.017289999999999639e-02
8.441500000000000000e+03 6.620339999999999558e-02
8.453500000000000000e+03 6.248759999999999731e-02
8.465500000000000000e+03 5.776270000000000016e-02
8.477500000000000000e+03 4.913180000000000325e-02
8.489500000000000000e+03 4.053760000000000002e-02
8.501500000000000000e+03 3.219659999999999883e-02
8.513500000000000000e+03 2.417980000000000129e-02
8.525500000000000000e+03 1.808819999999999872e-02
8.537500000000000000e+03 1.259320000000000057e-02
8.549500000000000000e+03 8.946809999999999485e-03
8.561500000000000000e+03 6.112270000000000376e-03
8.573500000000000000e+03 4.221230000000000294e-03
8.585500000000000000e+03 3.031010000000000214e-03
8.597500000000000000e+03 1.910519999999999970e-03
8.609500000000000000e+03 8.507350000000000328e-04
8.621500000000000000e+03 1.310620000000000133e-04
8.633500000000000000e+03 1.044500000000000045e-04
8.645500000000000000e+03 1.080999999999999984e-04
8.657500000000000000e+03 1.086030000000000036e-04
8.669500000000000000e+03 1.028600000000000011e-04
8.681500000000000000e+03 9.789769999999999614e-05
8.693500000000000000e+03 9.466179999999999549e-05
8.705500000000000000e+03 9.405400000000000446e-05
8.717500000000000000e+03 9.297030000000000669e-05
8.729500000000000000e+03 7.099759999999999936e-05
8.741500000000000000e+03 3.570579999999999956e-05
8.753500000000000000e+03 2.134270000000000150e-05
8.765500000000000000e+03 2.216649999999999860e-05
8.777500000000000000e+03 1.834979999999999836e-05
8.789500000000000000e+03 7.223120000000000056e-06
8.801500000000000000e+03 1.163649999999999968e-07
