3.883500000000000000e+03 0.000000000000000000e+00
3.891500000000000000e+03 2.037710000000000053e-07
3.899500000000000000e+03 7.441899999999999848e-06
3.907500000000000000e+03 1.748290000000000163e-05
3.915500000000000000e+03 1.983570000000000052e-05
3.923500000000000000e+03 1.979949999999999907e-05
3.931500000000000000e+03 1.975469999999999909e-05
3.939500000000000000e+03 1.971520000000000057e-05
3.947500000000000000e+03 1.970699999999999953e-05
3.955500000000000000e+03 1.983829999999999944e-05
3.963500000000000000e+03 2.035530000000000144e-05
3.971500000000000000e+03 2.088820000000000103e-05
3.979500000000000000e+03 2.140850000000000009e-05
3.987500000000000000e+03 2.274899999999999852e-05
3.995500000000000000e+03 3.168370000000000295e-05
4.003500000000000000e+03 4.126099999999999679e-05
4.011500000000000000e+03 4.285969999999999895e-05
4.019500000000000000e+03 4.318250000000000202e-05
4.027500000000000000e+03 4.363219999999999875e-05
4.035500000000000000e+03 4.374929999999999802e-05
4.043500000000000000e+03 4.378260000000000328e-05
4.051500000000000000e+03 4.385000000000000199e-05
4.059500000000000000e+03 4.427580000000000052e-05
4.067500000000000000e+03 4.472339999999999942e-05
4.075500000000000000e+03 4.514750000000000100e-05
4.083500000000000000e+03 4.568959999999999704e-05
4.091500000000000000e+03 4.656260000000000038e-05
4.099500000000000000e+03 4.716220000000000053e-05
4.107500000000000000e+03 4.761309999999999989e-05
4.115500000000000000e+03 4.874029999999999818e-05
4.123500000000000000e+03 5.030989999999999751e-05
4.131500000000000000e+03 5.174089999999999787e-05
4.139500000000000000e+03 5.257660000000000073e-05
4.147500000000000000e+03 5.315089999999999962e-05
4.155500000000000000e+03 5.354180000000000294e-05
4.163500000000000000e+03 5.392140000000000182e-05
4.171500000000000000e+03 5.449690000000000334e-05
4.179500000000000000e+03 5.496709999999999758e-05
4.187500000000000000e+03 5.498510000000000317e-05
4.195500000000000000e+03 5.504660000000000249e-05
4.203500000000000000e+03 5.514929999999999729e-05
4.211500000000000000e+03 5.598429999999999862e-05
4.219500000000000000e+03 5.723380000000000080e-05
4.227500000000000000e+03 5.914599999999999919e-05
4.235500000000000000e+03 6.142230000000000313e-05
4.243500000000000000e+03 6.332119999999999947e-05
4.251500000000000000e+03 6.516659999999999369e-05
4.259500000000000000e+03 6.702589999999999807e-05
4.267500000000000000e+03 6.897320000000000566e-05
4.275500000000000000e+03 7.055110000000000287e-05
4.283500000000000000e+03 7.164579999999999766e-05
4.291500000000000000e+03 7.171089999999999810e-05
4.299500000000000000e+03 7.157759999999999719e-05
4.307500000000000000e+03 7.127950000000000084e-05
4.315500000000000000e+03 7.151760000000000116e-05
4.323500000000000000e+03 7.275899999999999913e-05
4.331500000000000000e+03 7.467239999999999338e-05
4.339500000000000000e+03 7.709849999999999375e-05
4.347500000000000000e+03 7.946680000000000291e-05
4.355500000000000000e+03 8.175940000000000193e-05
4.363500000000000000e+03 8.420370000000000155e-05
4.371500000000000000e+03 8.667070000000000351e-05
4.379500000000000000e+03 8.896189999999999946e-05
4.387500000000000000e+03 9.115119999999999559e-05
4.395500000000000000e+03 9.254190000000000246e-05
4.403500000000000000e+03 9.371429999999999821e-05
4.411500000000000000e+03 9.460340000000000296e-05
4.419500000000000000e+03 9.590570000000000572e-05
4.427500000000000000e+03 9.894579999999999717e-05
4.435500000000000000e+03 1.019979999999999948e-04
4.443500000000000000e+03 1.047169999999999937e-04
4.451500000000000000e+03 1.074379999999999969e-04
4.459500000000000000e+03 1.101389999999999970e-04
4.467500000000000000e+03 1.126440000000000010e-04
4.475500000000000000e+03 1.149620000000000015e-04
4.483500000000000000e+03 1.172169999999999994e-04
4.491500000000000000e+03 1.195970000000000003e-04
4.499500000000000000e+03 1.224010000000000094e-04
4.507500000000000000e+03 1.253700000000000008e-04
4.515500000000000000e+03 1.287340000000000045e-04
4.523500000000000000e+03 1.321349999999999944e-04
4.531500000000000000e+03 1.361719999999999966e-04
4.539500000000000000e+03 1.383699999999999915e-04
4.547500000000000000e+03 1.322709999999999945e-04
4.555500000000000000e+03 1.277899999999999945e-04
4.563500000000000000e+03 1.291970000000000032e-04
4.571500000000000000e+03 1.328690000000000047e-04
4.579500000000000000e+03 1.392920000000000074e-04
4.587500000000000000e+03 1.505909999999999953e-04
4.595500000000000000e+03 1.660809999999999977e-04
4.603500000000000000e+03 1.778539999999999950e-04
4.611500000000000000e+03 1.878709999999999907e-04
4.619500000000000000e+03 1.962570000000000015e-04
4.627500000000000000e+03 2.044030000000000011e-04
4.635500000000000000e+03 2.121620000000000060e-04
4.643500000000000000e+03 2.200620000000000083e-04
4.651500000000000000e+03 2.756710000000000107e-04
4.659500000000000000e+03 3.821729999999999745e-04
4.667500000000000000e+03 4.701020000000000199e-04
4.675500000000000000e+03 5.110380000000000087e-04
4.683500000000000000e+03 5.562180000000000336e-04
4.691500000000000000e+03 6.141529999999999863e-04
4.699500000000000000e+03 7.044380000000000476e-04
4.707500000000000000e+03 8.309180000000000428e-04
4.715500000000000000e+03 9.392400000000000401e-04
4.723500000000000000e+03 1.045050000000000059e-03
4.731500000000000000e+03 1.152430000000000078e-03
4.739500000000000000e+03 1.269790000000000025e-03
4.747500000000000000e+03 1.404459999999999953e-03
4.755500000000000000e+03 1.566560000000000044e-03
4.763500000000000000e+03 1.766870000000000029e-03
4.771500000000000000e+03 2.026990000000000215e-03
4.779500000000000000e+03 2.404270000000000018e-03
4.787500000000000000e+03 2.809390000000000151e-03
4.795500000000000000e+03 3.250760000000000108e-03
4.803500000000000000e+03 3.747560000000000040e-03
4.811500000000000000e+03 4.418949999999999614e-03
4.819500000000000000e+03 5.218050000000000119e-03
4.827500000000000000e+03 6.320560000000000241e-03
4.835500000000000000e+03 7.672889999999999919e-03
4.843500000000000000e+03 9.568880000000000094e-03
4.851500000000000000e+03 1.200410000000000019e-02
4.859500000000000000e+03 1.535319999999999914e-02
4.867500000000000000e+03 1.975820000000000007e-02
4.875500000000000000e+03 2.582910000000000067e-02
4.883500000000000000e+03 3.410149999999999987e-02
4.891500000000000000e+03 4.582440000000000124e-02
4.899500000000000000e+03 6.178600000000000064e-02
4.907500000000000000e+03 8.356840000000000102e-02
4.915500000000000000e+03 1.096199999999999952e-01
4.923500000000000000e+03 1.403939999999999910e-01
4.931500000000000000e+03 1.660570000000000102e-01
4.939500000000000000e+03 1.858400000000000052e-01
4.947500000000000000e+03 1.985020000000000118e-01
4.955500000000000000e+03 2.053449999999999998e-01
4.963500000000000000e+03 2.140269999999999950e-01
4.971500000000000000e+03 2.246970000000000078e-01
4.979500000000000000e+03 2.382529999999999926e-01
4.987500000000000000e+03 2.536309999999999953e-01
4.995500000000000000e+03 2.680370000000000252e-01
5.003500000000000000e+03 2.802520000000000011e-01
5.011500000000000000e+03 2.825440000000000174e-01
5.019500000000000000e+03 2.816119999999999735e-01
5.027500000000000000e+03 2.915510000000000046e-01
5.035500000000000000e+03 3.064569999999999794e-01
5.043500000000000000e+03 3.247849999999999904e-01
5.051500000000000000e+03 3.414490000000000025e-01
5.059500000000000000e+03 3.440340000000000065e-01
5.067500000000000000e+03 3.465320000000000067e-01
5.075500000000000000e+03 3.630760000000000098e-01
5.083500000000000000e+03 3.856209999999999916e-01
5.091500000000000000e+03 4.136900000000000022e-01
5.099500000000000000e+03 4.409660000000000246e-01
5.107500000000000000e+03 4.626839999999999842e-01
5.115500000000000000e+03 4.809610000000000274e-01
5.123500000000000000e+03 4.960200000000000164e-01
5.131500000000000000e+03 5.075709999999999944e-01
5.139500000000000000e+03 5.168679999999999941e-01
5.147500000000000000e+03 5.243299999999999628e-01
5.155500000000000000e+03 5.308540000000000481e-01
5.163500000000000000e+03 5.376790000000000180e-01
5.171500000000000000e+03 5.448509999999999742e-01
5.179500000000000000e+03 5.575250000000000483e-01
5.187500000000000000e+03 5.763869999999999827e-01
5.195500000000000000e+03 5.955230000000000246e-01
5.203500000000000000e+03 6.093060000000000143e-01
5.211500000000000000e+03 6.200099999999999500e-01
5.219500000000000000e+03 6.285579999999999501e-01
5.227500000000000000e+03 6.316730000000000400e-01
5.235500000000000000e+03 6.329050000000000509e-01
5.243500000000000000e+03 6.370970000000000244e-01
5.251500000000000000e+03 6.436169999999999947e-01
5.259500000000000000e+03 6.475539999999999630e-01
5.267500000000000000e+03 6.509989999999999943e-01
5.275500000000000000e+03 6.617520000000000069e-01
5.283500000000000000e+03 6.771230000000000304e-01
5.291500000000000000e+03 6.975860000000000394e-01
5.299500000000000000e+03 7.248019999999999463e-01
5.307500000000000000e+03 7.633119999999999905e-01
5.315500000000000000e+03 8.112310000000000354e-01
5.323500000000000000e+03 8.594289999999999985e-01
5.331500000000000000e+03 9.068209999999999882e-01
5.339500000000000000e+03 9.439650000000000540e-01
5.347500000000000000e+03 9.686379999999999990e-01
5.355500000000000000e+03 9.838120000000000198e-01
5.363500000000000000e+03 9.911060000000000425e-01
5.371500000000000000e+03 9.956770000000000342e-01
5.379500000000000000e+03 9.979080000000000172e-01
5.387500000000000000e+03 1.000000000000000000e+00
5.395500000000000000e+03 9.996829999999999883e-01
5.403500000000000000e+03 9.983729999999999549e-01
5.411500000000000000e+03 9.959449999999999692e-01
5.419500000000000000e+03 9.935239999999999627e-01
5.427500000000000000e+03 9.913079999999999670e-01
5.435500000000000000e+03 9.893340000000000467e-01
5.443500000000000000e+03 9.874070000000000347e-01
5.451500000000000000e+03 9.849780000000000202e-01
5.459500000000000000e+03 9.833279999999999799e-01
5.467500000000000000e+03 9.813990000000000213e-01
5.475500000000000000e+03 9.780550000000000077e-01
5.483500000000000000e+03 9.747970000000000246e-01
5.491500000000000000e+03 9.704239999999999533e-01
5.499500000000000000e+03 9.620440000000000103e-01
5.507500000000000000e+03 9.460910000000000153e-01
5.515500000000000000e+03 9.227020000000000222e-01
5.523500000000000000e+03 8.879129999999999523e-01
5.531500000000000000e+03 8.481680000000000330e-01
5.539500000000000000e+03 8.016410000000000480e-01
5.547500000000000000e+03 7.497629999999999573e-01
5.555500000000000000e+03 6.967499999999999805e-01
5.563500000000000000e+03 6.412419999999999787e-01
5.571500000000000000e+03 5.875580000000000247e-01
5.579500000000000000e+03 5.397089999999999943e-01
5.587500000000000000e+03 4.904200000000000226e-01
5.595500000000000000e+03 4.433250000000000246e-01
5.603500000000000000e+03 4.038829999999999920e-01
5.611500000000000000e+03 3.773449999999999860e-01
5.619500000000000000e+03 3.612389999999999768e-01
5.627500000000000000e+03 3.502489999999999770e-01
5.635500000000000000e+03 3.431460000000000066e-01
5.643500000000000000e+03 3.374630000000000130e-01
5.651500000000000000e+03 3.297140000000000071e-01
5.659500000000000000e+03 3.212849999999999873e-01
5.667500000000000000e+03 3.108489999999999864e-01
5.675500000000000000e+03 3.015109999999999735e-01
5.683500000000000000e+03 2.920269999999999810e-01
5.691500000000000000e+03 2.822089999999999876e-01
5.699500000000000000e+03 2.728860000000000174e-01
5.707500000000000000e+03 2.643220000000000014e-01
5.715500000000000000e+03 2.569489999999999830e-01
5.723500000000000000e+03 2.476839999999999875e-01
5.731500000000000000e+03 2.367009999999999947e-01
5.739500000000000000e+03 2.274359999999999993e-01
5.747500000000000000e+03 2.201799999999999868e-01
5.755500000000000000e+03 2.135289999999999966e-01
5.763500000000000000e+03 2.050510000000000110e-01
5.771500000000000000e+03 1.944029999999999925e-01
5.779500000000000000e+03 1.808629999999999960e-01
5.787500000000000000e+03 1.667250000000000121e-01
5.795500000000000000e+03 1.499749999999999972e-01
5.803500000000000000e+03 1.353469999999999951e-01
5.811500000000000000e+03 1.217909999999999965e-01
5.819500000000000000e+03 1.092189999999999966e-01
5.827500000000000000e+03 9.805919999999999914e-02
5.835500000000000000e+03 8.842250000000000110e-02
5.843500000000000000e+03 8.047890000000000599e-02
5.851500000000000000e+03 7.483499999999999874e-02
5.859500000000000000e+03 6.966529999999999945e-02
5.867500000000000000e+03 6.585190000000000488e-02
5.875500000000000000e+03 6.231169999999999765e-02
5.883500000000000000e+03 5.987309999999999854e-02
5.891500000000000000e+03 5.721770000000000328e-02
5.899500000000000000e+03 5.504570000000000296e-02
5.907500000000000000e+03 5.283279999999999921e-02
5.915500000000000000e+03 5.026900000000000118e-02
5.923500000000000000e+03 4.767550000000000260e-02
5.931500000000000000e+03 4.505470000000000308e-02
5.939500000000000000e+03 4.254220000000000224e-02
5.947500000000000000e+03 4.056560000000000027e-02
5.955500000000000000e+03 3.855150000000000243e-02
5.963500000000000000e+03 3.653529999999999972e-02
5.971500000000000000e+03 3.451180000000000220e-02
5.979500000000000000e+03 3.244360000000000299e-02
5.987500000000000000e+03 3.061310000000000073e-02
5.995500000000000000e+03 2.908940000000000137e-02
6.003500000000000000e+03 2.773609999999999964e-02
6.011500000000000000e+03 2.644670000000000007e-02
6.019500000000000000e+03 2.536530000000000035e-02
6.027500000000000000e+03 2.436879999999999949e-02
6.035500000000000000e+03 2.335840000000000138e-02
6.043500000000000000e+03 2.228360000000000063e-02
6.051500000000000000e+03 2.124430000000000068e-02
6.059500000000000000e+03 2.023739999999999914e-02
6.067500000000000000e+03 1.920420000000000113e-02
6.075500000000000000e+03 1.816660000000000150e-02
6.083500000000000000e+03 1.709690000000000168e-02
6.091500000000000000e+03 1.602779999999999830e-02
6.099500000000000000e+03 1.499160000000000076e-02
6.107500000000000000e+03 1.405529999999999974e-02
6.115500000000000000e+03 1.281750000000000077e-02
6.123500000000000000e+03 1.116759999999999975e-02
6.131500000000000000e+03 1.014540000000000060e-02
6.139500000000000000e+03 9.639659999999999548e-03
6.147500000000000000e+03 9.141269999999999951e-03
6.155500000000000000e+03 8.630409999999999818e-03
6.163500000000000000e+03 8.096970000000000209e-03
6.171500000000000000e+03 7.568069999999999659e-03
6.179500000000000000e+03 7.068229999999999999e-03
6.187500000000000000e+03 6.562339999999999840e-03
6.195500000000000000e+03 6.040769999999999994e-03
6.203500000000000000e+03 5.525480000000000148e-03
6.211500000000000000e+03 5.016839999999999841e-03
6.219500000000000000e+03 4.498900000000000121e-03
6.227500000000000000e+03 3.974710000000000222e-03
6.235500000000000000e+03 3.456219999999999865e-03
6.243500000000000000e+03 2.949259999999999989e-03
6.251500000000000000e+03 2.529539999999999827e-03
6.259500000000000000e+03 2.111989999999999788e-03
6.267500000000000000e+03 1.189960000000000106e-03
6.275500000000000000e+03 1.938820000000000116e-04
