7.580500000000000000e+03 0.000000000000000000e+00
7.594500000000000000e+03 8.504290000000000192e-06
7.608500000000000000e+03 3.773839999999999768e-05
7.622500000000000000e+03 6.059020000000000139e-05
7.636500000000000000e+03 6.674129999999999744e-05
7.650500000000000000e+03 7.232889999999999795e-05
7.664500000000000000e+03 7.968699999999999785e-05
7.678500000000000000e+03 8.782229999999999431e-05
7.692500000000000000e+03 9.739979999999999537e-05
7.706500000000000000e+03 1.165880000000000025e-04
7.720500000000000000e+03 1.459619999999999960e-04
7.734500000000000000e+03 2.001190000000000130e-04
7.748500000000000000e+03 2.734540000000000148e-04
7.762500000000000000e+03 3.794280000000000135e-04
7.776500000000000000e+03 5.134039999999999654e-04
7.790500000000000000e+03 7.098090000000000475e-04
7.804500000000000000e+03 9.925489999999999053e-04
7.818500000000000000e+03 1.514960000000000091e-03
7.832500000000000000e+03 2.284599999999999912e-03
7.846500000000000000e+03 3.462400000000000026e-03
7.860500000000000000e+03 5.414999999999999675e-03
7.874500000000000000e+03 8.583840000000000567e-03
7.888500000000000000e+03 1.397359999999999922e-02
7.902500000000000000e+03 2.241649999999999893e-02
7.916500000000000000e+03 3.583259999999999917e-02
7.930500000000000000e+03 5.463210000000000288e-02
7.944500000000000000e+03 8.029930000000000401e-02
7.958500000000000000e+03 1.118230000000000057e-01
7.972500000000000000e+03 1.445099999999999996e-01
7.986500000000000000e+03 1.769030000000000047e-01
8.000500000000000000e+03 2.062700000000000089e-01
8.014500000000000000e+03 2.354449999999999876e-01
8.028500000000000000e+03 2.550810000000000022e-01
8.042500000000000000e+03 2.686569999999999792e-01
8.056500000000000000e+03 2.819729999999999737e-01
8.070500000000000000e+03 2.989249999999999963e-01
8.084500000000000000e+03 3.199859999999999927e-01
8.098500000000000000e+03 3.452990000000000226e-01
8.112500000000000000e+03 3.690599999999999992e-01
8.126500000000000000e+03 3.848440000000000194e-01
8.140500000000000000e+03 4.064050000000000162e-01
8.154500000000000000e+03 4.354560000000000097e-01
8.168500000000000000e+03 4.566790000000000016e-01
8.182500000000000000e+03 4.657180000000000208e-01
8.196500000000000000e+03 4.723550000000000249e-01
8.210500000000000000e+03 4.932869999999999755e-01
8.224500000000000000e+03 5.195870000000000211e-01
8.238500000000000000e+03 5.461009999999999476e-01
8.252500000000000000e+03 5.762270000000000447e-01
8.266500000000000000e+03 6.076369999999999827e-01
8.280500000000000000e+03 6.438669999999999671e-01
8.294500000000000000e+03 6.746630000000000127e-01
8.308500000000000000e+03 6.969260000000000455e-01
8.322500000000000000e+03 7.073329999999999895e-01
8.336500000000000000e+03 7.073690000000000255e-01
8.350500000000000000e+03 7.046599999999999531e-01
8.364500000000000000e+03 7.015310000000000157e-01
8.378500000000000000e+03 7.077599999999999447e-01
8.392500000000000000e+03 7.170670000000000099e-01
8.406500000000000000e+03 7.213870000000000005e-01
8.420500000000000000e+03 7.281940000000000079e-01
8.434500000000000000e+03 7.506990000000000052e-01
8.448500000000000000e+03 7.887119999999999687e-01
8.462500000000000000e+03 8.201300000000000257e-01
8.476500000000000000e+03 8.393899999999999695e-01
8.490500000000000000e+03 8.620120000000000005e-01
8.504500000000000000e+03 8.898810000000000331e-01
8.518500000000000000e+03 9.126929999999999765e-01
8.532500000000000000e+03 9.306179999999999453e-01
8.546500000000000000e+03 9.456579999999999986e-01
8.560500000000000000e+03 9.600009999999999932e-01
8.574500000000000000e+03 9.716900000000000537e-01
8.588500000000000000e+03 9.785030000000000117e-01
8.602500000000000000e+03 9.838719999999999688e-01
8.616500000000000000e+03 9.852619999999999711e-01
8.630500000000000000e+03 9.843790000000000040e-01
8.644500000000000000e+03 9.850790000000000379e-01
8.658500000000000000e+03 9.869900000000000340e-01
8.672500000000000000e+03 9.889559999999999462e-01
8.686500000000000000e+03 9.889189999999999925e-01
8.700500000000000000e+03 9.885979999999999768e-01
8.714500000000000000e+03 9.904789999999999983e-01
8.728500000000000000e+03 9.938900000000000512e-01
8.742500000000000000e+03 9.999409999999999688e-01
8.756500000000000000e+03 1.000000000000000000e+00
8.770500000000000000e+03 9.924910000000000121e-01
8.784500000000000000e+03 9.894169999999999909e-01
8.798500000000000000e+03 9.924790000000000001e-01
8.812500000000000000e+03 9.947190000000000198e-01
8.826500000000000000e+03 9.937780000000000502e-01
8.840500000000000000e+03 9.852699999999999791e-01
8.854500000000000000e+03 9.698970000000000091e-01
8.868500000000000000e+03 9.455350000000000144e-01
8.882500000000000000e+03 9.143700000000000161e-01
8.896500000000000000e+03 8.783710000000000129e-01
8.910500000000000000e+03 8.366479999999999473e-01
8.924500000000000000e+03 7.971949999999999870e-01
8.938500000000000000e+03 7.640869999999999607e-01
8.952500000000000000e+03 7.422649999999999526e-01
8.966500000000000000e+03 7.266880000000000006e-01
8.980500000000000000e+03 7.148349999999999982e-01
8.994500000000000000e+03 7.027839999999999643e-01
9.008500000000000000e+03 6.949739999999999807e-01
9.022500000000000000e+03 6.913369999999999793e-01
9.036500000000000000e+03 6.903789999999999649e-01
9.050500000000000000e+03 6.914200000000000346e-01
9.064500000000000000e+03 6.924409999999999732e-01
9.078500000000000000e+03 6.925259999999999749e-01
9.092500000000000000e+03 6.904379999999999962e-01
9.106500000000000000e+03 6.886759999999999549e-01
9.120500000000000000e+03 6.887339999999999574e-01
9.134500000000000000e+03 6.885900000000000354e-01
9.148500000000000000e+03 6.882759999999999989e-01
9.162500000000000000e+03 6.844249999999999501e-01
9.176500000000000000e+03 6.807659999999999823e-01
9.190500000000000000e+03 6.809889999999999555e-01
9.204500000000000000e+03 6.819929999999999604e-01
9.218500000000000000e+03 6.841310000000000446e-01
9.232500000000000000e+03 6.852880000000000082e-01
9.246500000000000000e+03 6.862780000000000546e-01
9.260500000000000000e+03 6.862960000000000171e-01
9.274500000000000000e+03 6.839169999999999972e-01
9.288500000000000000e+03 6.767950000000000355e-01
9.302500000000000000e+03 6.668960000000000443e-01
9.316500000000000000e+03 6.529089999999999616e-01
9.330500000000000000e+03 6.357469999999999510e-01
9.344500000000000000e+03 6.167329999999999757e-01
9.358500000000000000e+03 5.901960000000000539e-01
9.372500000000000000e+03 5.641359999999999708e-01
9.386500000000000000e+03 5.305440000000000156e-01
9.400500000000000000e+03 4.890840000000000187e-01
9.414500000000000000e+03 4.468840000000000034e-01
9.428500000000000000e+03 4.046270000000000144e-01
9.442500000000000000e+03 3.688690000000000024e-01
9.456500000000000000e+03 3.328510000000000080e-01
9.470500000000000000e+03 2.958439999999999959e-01
9.484500000000000000e+03 2.557269999999999821e-01
9.498500000000000000e+03 2.165320000000000022e-01
9.512500000000000000e+03 1.800879999999999981e-01
9.526500000000000000e+03 1.460400000000000031e-01
9.540500000000000000e+03 1.155459999999999959e-01
9.554500000000000000e+03 8.843789999999999984e-02
9.568500000000000000e+03 6.657799999999999829e-02
9.582500000000000000e+03 4.910479999999999706e-02
9.596500000000000000e+03 3.571649999999999825e-02
9.610500000000000000e+03 2.507910000000000000e-02
9.624500000000000000e+03 1.707849999999999993e-02
9.638500000000000000e+03 1.155839999999999992e-02
9.652500000000000000e+03 8.183990000000000362e-03
9.666500000000000000e+03 6.095139999999999759e-03
9.680500000000000000e+03 4.441510000000000076e-03
9.694500000000000000e+03 3.118520000000000059e-03
9.708500000000000000e+03 2.183130000000000140e-03
9.722500000000000000e+03 1.642819999999999914e-03
9.736500000000000000e+03 1.274540000000000005e-03
9.750500000000000000e+03 9.232020000000000287e-04
9.764500000000000000e+03 5.335579999999999490e-04
9.778500000000000000e+03 2.684699999999999825e-04
9.792500000000000000e+03 1.481259999999999977e-04
9.806500000000000000e+03 1.392769999999999881e-04
9.820500000000000000e+03 1.410860000000000109e-04
9.834500000000000000e+03 1.423189999999999904e-04
9.848500000000000000e+03 1.357209999999999970e-04
9.862500000000000000e+03 1.286699999999999997e-04
9.876500000000000000e+03 1.281739999999999963e-04
9.890500000000000000e+03 1.287879999999999873e-04
9.904500000000000000e+03 1.293610000000000105e-04
9.918500000000000000e+03 1.304199999999999880e-04
9.932500000000000000e+03 1.282619999999999995e-04
9.946500000000000000e+03 1.246440000000000080e-04
9.960500000000000000e+03 1.232849999999999962e-04
9.974500000000000000e+03 1.239980000000000010e-04
9.988500000000000000e+03 1.261939999999999915e-04
1.000250000000000000e+04 1.273369999999999906e-04
1.001650000000000000e+04 1.252740000000000071e-04
1.003050000000000000e+04 1.218379999999999946e-04
1.004450000000000000e+04 1.157319999999999958e-04
1.005850000000000000e+04 1.006680000000000059e-04
1.007250000000000000e+04 8.833919999999999609e-05
1.008650000000000000e+04 8.605020000000000496e-05
1.010050000000000000e+04 8.290759999999999883e-05
1.011450000000000000e+04 7.888620000000000376e-05
1.012850000000000000e+04 5.471449999999999936e-05
1.014250000000000000e+04 1.691169999999999937e-05
