7.482500000000000000e+03 0.000000000000000000e+00
7.496500000000000000e+03 2.927159999999999855e-06
7.510500000000000000e+03 1.237839999999999993e-05
7.524500000000000000e+03 2.068619999999999856e-05
7.538500000000000000e+03 2.611439999999999852e-05
7.552500000000000000e+03 2.923830000000000092e-05
7.566500000000000000e+03 2.795610000000000158e-05
7.580500000000000000e+03 2.841480000000000110e-05
7.594500000000000000e+03 3.697390000000000187e-05
7.608500000000000000e+03 4.774990000000000170e-05
7.622500000000000000e+03 5.659849999999999690e-05
7.636500000000000000e+03 6.694870000000000497e-05
7.650500000000000000e+03 7.862939999999999632e-05
7.664500000000000000e+03 9.291279999999999580e-05
7.678500000000000000e+03 1.103669999999999955e-04
7.692500000000000000e+03 1.247180000000000077e-04
7.706500000000000000e+03 1.323969999999999997e-04
7.720500000000000000e+03 1.388799999999999985e-04
7.734500000000000000e+03 1.624820000000000073e-04
7.748500000000000000e+03 2.235829999999999903e-04
7.762500000000000000e+03 3.086019999999999974e-04
7.776500000000000000e+03 4.155469999999999975e-04
7.790500000000000000e+03 5.572139999999999949e-04
7.804500000000000000e+03 7.637120000000000497e-04
7.818500000000000000e+03 1.135270000000000072e-03
7.832500000000000000e+03 1.802549999999999986e-03
7.846500000000000000e+03 2.901149999999999909e-03
7.860500000000000000e+03 4.700720000000000245e-03
7.874500000000000000e+03 7.376780000000000316e-03
7.888500000000000000e+03 1.140369999999999925e-02
7.902500000000000000e+03 1.666429999999999995e-02
7.916500000000000000e+03 2.348909999999999887e-02
7.930500000000000000e+03 2.913400000000000017e-02
7.944500000000000000e+03 3.241209999999999924e-02
7.958500000000000000e+03 3.454179999999999751e-02
7.972500000000000000e+03 3.551990000000000008e-02
7.986500000000000000e+03 3.832329999999999764e-02
8.000500000000000000e+03 4.340659999999999658e-02
8.014500000000000000e+03 5.143650000000000305e-02
8.028500000000000000e+03 6.351790000000000214e-02
8.042500000000000000e+03 7.892509999999999803e-02
8.056500000000000000e+03 9.835420000000000273e-02
8.070500000000000000e+03 1.164739999999999942e-01
8.084500000000000000e+03 1.316940000000000055e-01
8.098500000000000000e+03 1.432660000000000045e-01
8.112500000000000000e+03 1.577300000000000091e-01
8.126500000000000000e+03 1.739050000000000040e-01
8.140500000000000000e+03 1.861960000000000004e-01
8.154500000000000000e+03 2.003409999999999913e-01
8.168500000000000000e+03 2.232329999999999870e-01
8.182500000000000000e+03 2.525299999999999767e-01
8.196500000000000000e+03 2.827600000000000113e-01
8.210500000000000000e+03 3.139199999999999768e-01
8.224500000000000000e+03 3.455880000000000063e-01
8.238500000000000000e+03 3.795040000000000080e-01
8.252500000000000000e+03 4.126600000000000268e-01
8.266500000000000000e+03 4.492639999999999967e-01
8.280500000000000000e+03 4.843709999999999960e-01
8.294500000000000000e+03 5.188059999999999894e-01
8.308500000000000000e+03 5.553890000000000216e-01
8.322500000000000000e+03 5.956550000000000455e-01
8.336500000000000000e+03 6.404029999999999445e-01
8.350500000000000000e+03 6.821690000000000254e-01
8.364500000000000000e+03 7.223749999999999893e-01
8.378500000000000000e+03 7.602929999999999966e-01
8.392500000000000000e+03 7.968629999999999880e-01
8.406500000000000000e+03 8.330290000000000195e-01
8.420500000000000000e+03 8.653650000000000508e-01
8.434500000000000000e+03 8.946060000000000123e-01
8.448500000000000000e+03 9.201890000000000347e-01
8.462500000000000000e+03 9.421420000000000350e-01
8.476500000000000000e+03 9.585909999999999709e-01
8.490500000000000000e+03 9.685139999999999860e-01
8.504500000000000000e+03 9.748539999999999983e-01
8.518500000000000000e+03 9.799839999999999662e-01
8.532500000000000000e+03 9.843720000000000248e-01
8.546500000000000000e+03 9.866890000000000382e-01
8.560500000000000000e+03 9.883100000000000218e-01
8.574500000000000000e+03 9.898989999999999734e-01
8.588500000000000000e+03 9.914340000000000375e-01
8.602500000000000000e+03 9.939409999999999634e-01
8.616500000000000000e+03 9.971480000000000343e-01
8.630500000000000000e+03 9.992929999999999868e-01
8.644500000000000000e+03 1.000000000000000000e+00
8.658500000000000000e+03 9.997509999999999453e-01
8.672500000000000000e+03 9.988310000000000244e-01
8.686500000000000000e+03 9.981870000000000465e-01
8.700500000000000000e+03 9.966660000000000519e-01
8.714500000000000000e+03 9.939989999999999659e-01
8.728500000000000000e+03 9.906000000000000361e-01
8.742500000000000000e+03 9.875979999999999759e-01
8.756500000000000000e+03 9.862630000000000008e-01
8.770500000000000000e+03 9.861440000000000206e-01
8.784500000000000000e+03 9.868670000000000497e-01
8.798500000000000000e+03 9.876139999999999919e-01
8.812500000000000000e+03 9.882739999999999858e-01
8.826500000000000000e+03 9.884129999999999860e-01
8.840500000000000000e+03 9.880830000000000446e-01
8.854500000000000000e+03 9.866390000000000438e-01
8.868500000000000000e+03 9.834580000000000544e-01
8.882500000000000000e+03 9.791919999999999513e-01
8.896500000000000000e+03 9.730799999999999450e-01
8.910500000000000000e+03 9.683869999999999978e-01
8.924500000000000000e+03 9.667609999999999815e-01
8.938500000000000000e+03 9.652910000000000101e-01
8.952500000000000000e+03 9.645409999999999817e-01
8.966500000000000000e+03 9.640060000000000295e-01
8.980500000000000000e+03 9.622180000000000177e-01
8.994500000000000000e+03 9.594430000000000458e-01
9.008500000000000000e+03 9.555420000000000025e-01
9.022500000000000000e+03 9.502230000000000398e-01
9.036500000000000000e+03 9.394649999999999945e-01
9.050500000000000000e+03 9.245999999999999774e-01
9.064500000000000000e+03 9.033879999999999688e-01
9.078500000000000000e+03 8.807009999999999561e-01
9.092500000000000000e+03 8.578740000000000254e-01
9.106500000000000000e+03 8.358900000000000219e-01
9.120500000000000000e+03 8.185109999999999886e-01
9.134500000000000000e+03 7.994970000000000132e-01
9.148500000000000000e+03 7.792339999999999822e-01
9.162500000000000000e+03 7.567800000000000082e-01
9.176500000000000000e+03 7.331379999999999564e-01
9.190500000000000000e+03 7.068090000000000206e-01
9.204500000000000000e+03 6.765440000000000342e-01
9.218500000000000000e+03 6.406490000000000240e-01
9.232500000000000000e+03 5.966050000000000519e-01
9.246500000000000000e+03 5.493710000000000537e-01
9.260500000000000000e+03 4.987440000000000206e-01
9.274500000000000000e+03 4.481939999999999813e-01
9.288500000000000000e+03 3.985139999999999794e-01
9.302500000000000000e+03 3.504900000000000237e-01
9.316500000000000000e+03 3.053469999999999795e-01
9.330500000000000000e+03 2.651200000000000223e-01
9.344500000000000000e+03 2.309479999999999866e-01
9.358500000000000000e+03 2.005349999999999910e-01
9.372500000000000000e+03 1.743989999999999985e-01
9.386500000000000000e+03 1.523509999999999864e-01
9.400500000000000000e+03 1.352180000000000049e-01
9.414500000000000000e+03 1.197679999999999995e-01
9.428500000000000000e+03 1.022730000000000028e-01
9.442500000000000000e+03 8.607059999999999711e-02
9.456500000000000000e+03 7.058440000000000547e-02
9.470500000000000000e+03 5.676699999999999802e-02
9.484500000000000000e+03 4.461969999999999825e-02
9.498500000000000000e+03 3.417030000000000067e-02
9.512500000000000000e+03 2.557919999999999985e-02
9.526500000000000000e+03 1.849579999999999974e-02
9.540500000000000000e+03 1.353350000000000039e-02
9.554500000000000000e+03 9.562849999999999476e-03
9.568500000000000000e+03 6.742200000000000276e-03
9.582500000000000000e+03 4.388369999999999944e-03
9.596500000000000000e+03 3.182429999999999981e-03
9.610500000000000000e+03 2.323780000000000116e-03
9.624500000000000000e+03 1.765419999999999967e-03
9.638500000000000000e+03 1.287039999999999929e-03
9.652500000000000000e+03 9.196939999999999803e-04
9.666500000000000000e+03 6.255359999999999957e-04
9.680500000000000000e+03 4.872890000000000164e-04
9.694500000000000000e+03 4.081819999999999893e-04
9.708500000000000000e+03 2.781680000000000242e-04
9.722500000000000000e+03 1.474919999999999899e-04
9.736500000000000000e+03 1.190339999999999991e-04
9.750500000000000000e+03 1.186460000000000021e-04
9.764500000000000000e+03 1.168800000000000058e-04
9.778500000000000000e+03 1.142040000000000064e-04
9.792500000000000000e+03 1.070669999999999966e-04
9.806500000000000000e+03 9.782750000000000484e-05
9.820500000000000000e+03 8.975559999999999832e-05
9.834500000000000000e+03 8.059320000000000622e-05
9.848500000000000000e+03 7.440980000000000033e-05
9.862500000000000000e+03 7.310629999999999494e-05
9.876500000000000000e+03 7.240579999999999716e-05
9.890500000000000000e+03 7.200259999999999397e-05
9.904500000000000000e+03 7.325819999999999598e-05
9.918500000000000000e+03 7.508670000000000058e-05
9.932500000000000000e+03 7.526079999999999608e-05
9.946500000000000000e+03 7.509000000000000104e-05
9.960500000000000000e+03 7.484739999999999764e-05
9.974500000000000000e+03 7.325270000000000425e-05
9.988500000000000000e+03 6.325099999999999462e-05
1.000250000000000000e+04 4.538880000000000155e-05
1.001650000000000000e+04 3.486749999999999778e-05
1.003050000000000000e+04 2.489399999999999916e-05
1.004450000000000000e+04 1.263719999999999990e-05
1.005850000000000000e+04 4.790279999999999984e-06
1.007250000000000000e+04 3.531049999999999845e-07
