1.653500000000000000e+03 0.000000000000000000e+00
1.657500000000000000e+03 6.206969999999999629e-07
1.661500000000000000e+03 4.510630000000000044e-06
1.665500000000000000e+03 8.718819999999999983e-06
1.669500000000000000e+03 1.003700000000000063e-05
1.673500000000000000e+03 1.025439999999999960e-05
1.677500000000000000e+03 1.057620000000000049e-05
1.681500000000000000e+03 1.099950000000000031e-05
1.685500000000000000e+03 1.142709999999999940e-05
1.689500000000000000e+03 1.186519999999999949e-05
1.693500000000000000e+03 1.229900000000000032e-05
1.697500000000000000e+03 1.270179999999999924e-05
1.701500000000000000e+03 1.309190000000000081e-05
1.705500000000000000e+03 1.327260000000000062e-05
1.709500000000000000e+03 1.335690000000000081e-05
1.713500000000000000e+03 1.331970000000000056e-05
1.717500000000000000e+03 1.313399999999999995e-05
1.721500000000000000e+03 1.292679999999999963e-05
1.725500000000000000e+03 1.265109999999999988e-05
1.729500000000000000e+03 1.237519999999999969e-05
1.733500000000000000e+03 1.213789999999999944e-05
1.737500000000000000e+03 1.191089999999999975e-05
1.741500000000000000e+03 1.190590000000000065e-05
1.745500000000000000e+03 1.202269999999999926e-05
1.749500000000000000e+03 1.226880000000000017e-05
1.753500000000000000e+03 1.271380000000000014e-05
1.757500000000000000e+03 1.317249999999999967e-05
1.761500000000000000e+03 1.368420000000000020e-05
1.765500000000000000e+03 1.418020000000000020e-05
1.769500000000000000e+03 1.442569999999999980e-05
1.773500000000000000e+03 1.460559999999999955e-05
1.777500000000000000e+03 1.446669999999999991e-05
1.781500000000000000e+03 1.411600000000000003e-05
1.785500000000000000e+03 1.357169999999999916e-05
1.789500000000000000e+03 1.266709999999999939e-05
1.793500000000000000e+03 1.172520000000000083e-05
1.797500000000000000e+03 1.063379999999999973e-05
1.801500000000000000e+03 9.530859999999999411e-06
1.805500000000000000e+03 8.523099999999999763e-06
1.809500000000000000e+03 7.546889999999999838e-06
1.813500000000000000e+03 6.784569999999999825e-06
1.817500000000000000e+03 6.289400000000000295e-06
1.821500000000000000e+03 6.091519999999999743e-06
1.825500000000000000e+03 6.514670000000000088e-06
1.829500000000000000e+03 7.301089999999999582e-06
1.833500000000000000e+03 8.702260000000000263e-06
1.837500000000000000e+03 1.040889999999999956e-05
1.841500000000000000e+03 1.236330000000000071e-05
1.845500000000000000e+03 1.440370000000000069e-05
1.849500000000000000e+03 1.641439999999999992e-05
1.853500000000000000e+03 1.835850000000000050e-05
1.857500000000000000e+03 2.023799999999999834e-05
1.861500000000000000e+03 2.199359999999999895e-05
1.865500000000000000e+03 2.376779999999999968e-05
1.869500000000000000e+03 2.528049999999999961e-05
1.873500000000000000e+03 2.677899999999999890e-05
1.877500000000000000e+03 2.804510000000000022e-05
1.881500000000000000e+03 2.924320000000000150e-05
1.885500000000000000e+03 3.054960000000000309e-05
1.889500000000000000e+03 3.203619999999999661e-05
1.893500000000000000e+03 3.399500000000000232e-05
1.897500000000000000e+03 3.634869999999999979e-05
1.901500000000000000e+03 3.913160000000000325e-05
1.905500000000000000e+03 4.233180000000000016e-05
1.909500000000000000e+03 4.550080000000000319e-05
1.913500000000000000e+03 4.858939999999999933e-05
1.917500000000000000e+03 5.120240000000000295e-05
1.921500000000000000e+03 5.338960000000000125e-05
1.925500000000000000e+03 5.511700000000000101e-05
1.929500000000000000e+03 5.655659999999999990e-05
1.933500000000000000e+03 5.798470000000000067e-05
1.937500000000000000e+03 5.944030000000000076e-05
1.941500000000000000e+03 6.093300000000000089e-05
1.945500000000000000e+03 6.242250000000000077e-05
1.949500000000000000e+03 6.387739999999999933e-05
1.953500000000000000e+03 6.531530000000000127e-05
1.957500000000000000e+03 6.678110000000000339e-05
1.961500000000000000e+03 6.833600000000000438e-05
1.965500000000000000e+03 6.994849999999999614e-05
1.969500000000000000e+03 7.162750000000000497e-05
1.973500000000000000e+03 7.334829999999999703e-05
1.977500000000000000e+03 7.511330000000000469e-05
1.981500000000000000e+03 7.686629999999999960e-05
1.985500000000000000e+03 7.859219999999999607e-05
1.989500000000000000e+03 8.032970000000000442e-05
1.993500000000000000e+03 8.212250000000000528e-05
1.997500000000000000e+03 8.406429999999999404e-05
2.001500000000000000e+03 8.614149999999999509e-05
2.005500000000000000e+03 8.842829999999999495e-05
2.009500000000000000e+03 9.095120000000000429e-05
2.013500000000000000e+03 9.361000000000000668e-05
2.017500000000000000e+03 9.639489999999999420e-05
2.021500000000000000e+03 9.925120000000000275e-05
2.025500000000000000e+03 1.022110000000000011e-04
2.029500000000000000e+03 1.052989999999999959e-04
2.033500000000000000e+03 1.086679999999999970e-04
2.037500000000000000e+03 1.126299999999999974e-04
2.041500000000000000e+03 1.175999999999999989e-04
2.045500000000000000e+03 1.231949999999999885e-04
2.049500000000000000e+03 1.287609999999999959e-04
2.053500000000000000e+03 1.327450000000000038e-04
2.057500000000000000e+03 1.351459999999999966e-04
2.061500000000000000e+03 1.349210000000000047e-04
2.065500000000000000e+03 1.325990000000000090e-04
2.069500000000000000e+03 1.286330000000000134e-04
2.073500000000000000e+03 1.241290000000000037e-04
2.077500000000000000e+03 1.190000000000000058e-04
2.081500000000000000e+03 1.130720000000000043e-04
2.085500000000000000e+03 1.062290000000000022e-04
2.089500000000000000e+03 9.773559999999999984e-05
2.093500000000000000e+03 8.909319999999999599e-05
2.097500000000000000e+03 8.018799999999999865e-05
2.101500000000000000e+03 7.336899999999999498e-05
2.105500000000000000e+03 6.778879999999999715e-05
2.109500000000000000e+03 6.476329999999999706e-05
2.113500000000000000e+03 6.334330000000000049e-05
2.117500000000000000e+03 6.285249999999999496e-05
2.121500000000000000e+03 6.235820000000000208e-05
2.125500000000000000e+03 6.189339999999999935e-05
2.129500000000000000e+03 6.147380000000000086e-05
2.133500000000000000e+03 6.110940000000000144e-05
2.137500000000000000e+03 6.073039999999999710e-05
2.141500000000000000e+03 6.031860000000000216e-05
2.145500000000000000e+03 5.991100000000000288e-05
2.149500000000000000e+03 5.959619999999999702e-05
2.153500000000000000e+03 5.940650000000000119e-05
2.157500000000000000e+03 5.937270000000000161e-05
2.161500000000000000e+03 5.943259999999999743e-05
2.165500000000000000e+03 5.958709999999999739e-05
2.169500000000000000e+03 5.972250000000000291e-05
2.173500000000000000e+03 5.992880000000000125e-05
2.177500000000000000e+03 6.017290000000000117e-05
2.181500000000000000e+03 6.052920000000000316e-05
2.185500000000000000e+03 6.097219999999999875e-05
2.189500000000000000e+03 6.159659999999999907e-05
2.193500000000000000e+03 6.250879999999999349e-05
2.197500000000000000e+03 6.363650000000000643e-05
2.201500000000000000e+03 6.493089999999999864e-05
2.205500000000000000e+03 6.636199999999999922e-05
2.209500000000000000e+03 6.800089999999999466e-05
2.213500000000000000e+03 6.980830000000000043e-05
2.217500000000000000e+03 7.197419999999999946e-05
2.221500000000000000e+03 7.442719999999999783e-05
2.225500000000000000e+03 7.727989999999999849e-05
2.229500000000000000e+03 8.053669999999999753e-05
2.233500000000000000e+03 8.415089999999999420e-05
2.237500000000000000e+03 8.819590000000000036e-05
2.241500000000000000e+03 9.278459999999999930e-05
2.245500000000000000e+03 9.794869999999999955e-05
2.249500000000000000e+03 1.040579999999999988e-04
2.253500000000000000e+03 1.111790000000000006e-04
2.257500000000000000e+03 1.193380000000000016e-04
2.261500000000000000e+03 1.290530000000000128e-04
2.265500000000000000e+03 1.403630000000000112e-04
2.269500000000000000e+03 1.532489999999999959e-04
2.273500000000000000e+03 1.686570000000000083e-04
2.277500000000000000e+03 1.866009999999999978e-04
2.281500000000000000e+03 2.072049999999999923e-04
2.285500000000000000e+03 2.321280000000000110e-04
2.289500000000000000e+03 2.613919999999999937e-04
2.293500000000000000e+03 2.955550000000000256e-04
2.297500000000000000e+03 3.537510000000000220e-04
2.301500000000000000e+03 4.459570000000000266e-04
2.305500000000000000e+03 5.606860000000000186e-04
2.309500000000000000e+03 7.205500000000000316e-04
2.313500000000000000e+03 8.920339999999999910e-04
2.317500000000000000e+03 1.080529999999999902e-03
2.321500000000000000e+03 1.320420000000000101e-03
2.325500000000000000e+03 1.610829999999999944e-03
2.329500000000000000e+03 1.972900000000000088e-03
2.333500000000000000e+03 2.425930000000000187e-03
2.337500000000000000e+03 2.970330000000000192e-03
2.341500000000000000e+03 3.659869999999999964e-03
2.345500000000000000e+03 4.514449999999999713e-03
2.349500000000000000e+03 5.530400000000000420e-03
2.353500000000000000e+03 6.798389999999999642e-03
2.357500000000000000e+03 8.307550000000000351e-03
2.361500000000000000e+03 1.005449999999999920e-02
2.365500000000000000e+03 1.212850000000000039e-02
2.369500000000000000e+03 1.447000000000000022e-02
2.373500000000000000e+03 1.708070000000000074e-02
2.377500000000000000e+03 2.000270000000000173e-02
2.381500000000000000e+03 2.313559999999999922e-02
2.385500000000000000e+03 2.648359999999999950e-02
2.389500000000000000e+03 2.997669999999999849e-02
2.393500000000000000e+03 3.354769999999999974e-02
2.397500000000000000e+03 3.715310000000000140e-02
2.401500000000000000e+03 4.066390000000000282e-02
2.405500000000000000e+03 4.408360000000000056e-02
2.409500000000000000e+03 4.732240000000000058e-02
2.413500000000000000e+03 5.029159999999999880e-02
2.417500000000000000e+03 5.305180000000000312e-02
2.421500000000000000e+03 5.549769999999999703e-02
2.425500000000000000e+03 5.763689999999999786e-02
2.429500000000000000e+03 5.953320000000000140e-02
2.433500000000000000e+03 6.112929999999999753e-02
2.437500000000000000e+03 6.250870000000000037e-02
2.441500000000000000e+03 6.369859999999999411e-02
2.445500000000000000e+03 6.472550000000000525e-02
2.449500000000000000e+03 6.565160000000000440e-02
2.453500000000000000e+03 6.648729999999999918e-02
2.457500000000000000e+03 6.728439999999999421e-02
2.461500000000000000e+03 6.805110000000000325e-02
2.465500000000000000e+03 6.880010000000000292e-02
2.469500000000000000e+03 6.956110000000000071e-02
2.473500000000000000e+03 7.032650000000000012e-02
2.477500000000000000e+03 7.111169999999999991e-02
2.481500000000000000e+03 7.188769999999999882e-02
2.485500000000000000e+03 7.273200000000000498e-02
2.489500000000000000e+03 7.369960000000000400e-02
2.493500000000000000e+03 7.477620000000000100e-02
2.497500000000000000e+03 7.585909999999999875e-02
2.501500000000000000e+03 7.704429999999999612e-02
2.505500000000000000e+03 7.846999999999999809e-02
2.509500000000000000e+03 8.020009999999999639e-02
2.513500000000000000e+03 8.226419999999999566e-02
2.517500000000000000e+03 8.459319999999999340e-02
2.521500000000000000e+03 8.717919999999999836e-02
2.525500000000000000e+03 9.008869999999999378e-02
2.529500000000000000e+03 9.335930000000000617e-02
2.533500000000000000e+03 9.691460000000000352e-02
2.537500000000000000e+03 1.007679999999999965e-01
2.541500000000000000e+03 1.048940000000000011e-01
2.545500000000000000e+03 1.092329999999999968e-01
2.549500000000000000e+03 1.137689999999999951e-01
2.553500000000000000e+03 1.183960000000000012e-01
2.557500000000000000e+03 1.230679999999999968e-01
2.561500000000000000e+03 1.276919999999999999e-01
2.565500000000000000e+03 1.322409999999999974e-01
2.569500000000000000e+03 1.367109999999999992e-01
2.573500000000000000e+03 1.410180000000000045e-01
2.577500000000000000e+03 1.451639999999999875e-01
2.581500000000000000e+03 1.490779999999999883e-01
2.585500000000000000e+03 1.527280000000000026e-01
2.589500000000000000e+03 1.561410000000000020e-01
2.593500000000000000e+03 1.592590000000000117e-01
2.597500000000000000e+03 1.621390000000000053e-01
2.601500000000000000e+03 1.647699999999999998e-01
2.605500000000000000e+03 1.671930000000000083e-01
2.609500000000000000e+03 1.694829999999999948e-01
2.613500000000000000e+03 1.715859999999999885e-01
2.617500000000000000e+03 1.736050000000000093e-01
2.621500000000000000e+03 1.754670000000000119e-01
2.625500000000000000e+03 1.772150000000000114e-01
2.629500000000000000e+03 1.788339999999999930e-01
2.633500000000000000e+03 1.804040000000000088e-01
2.637500000000000000e+03 1.820160000000000111e-01
2.641500000000000000e+03 1.836200000000000054e-01
2.645500000000000000e+03 1.851440000000000030e-01
2.649500000000000000e+03 1.866029999999999911e-01
2.653500000000000000e+03 1.879240000000000077e-01
2.657500000000000000e+03 1.891849999999999921e-01
2.661500000000000000e+03 1.903990000000000127e-01
2.665500000000000000e+03 1.914629999999999943e-01
2.669500000000000000e+03 1.923799999999999955e-01
2.673500000000000000e+03 1.931410000000000071e-01
2.677500000000000000e+03 1.937860000000000138e-01
2.681500000000000000e+03 1.943920000000000092e-01
2.685500000000000000e+03 1.950020000000000087e-01
2.689500000000000000e+03 1.956340000000000023e-01
2.693500000000000000e+03 1.963040000000000063e-01
2.697500000000000000e+03 1.970040000000000124e-01
2.701500000000000000e+03 1.977250000000000119e-01
2.705500000000000000e+03 1.986120000000000108e-01
2.709500000000000000e+03 1.996169999999999889e-01
2.713500000000000000e+03 2.007799999999999863e-01
2.717500000000000000e+03 2.023429999999999951e-01
2.721500000000000000e+03 2.043919999999999904e-01
2.725500000000000000e+03 2.071320000000000106e-01
2.729500000000000000e+03 2.107499999999999929e-01
2.733500000000000000e+03 2.161780000000000090e-01
2.737500000000000000e+03 2.240779999999999994e-01
2.741500000000000000e+03 2.356109999999999871e-01
2.745500000000000000e+03 2.543869999999999743e-01
2.749500000000000000e+03 2.795579999999999732e-01
2.753500000000000000e+03 3.185209999999999986e-01
2.757500000000000000e+03 3.684870000000000090e-01
2.761500000000000000e+03 4.326499999999999790e-01
2.765500000000000000e+03 5.080170000000000519e-01
2.769500000000000000e+03 5.926390000000000269e-01
2.773500000000000000e+03 6.780420000000000336e-01
2.777500000000000000e+03 7.599439999999999529e-01
2.781500000000000000e+03 8.319360000000000088e-01
2.785500000000000000e+03 8.864030000000000520e-01
2.789500000000000000e+03 9.267849999999999699e-01
2.793500000000000000e+03 9.528130000000000210e-01
2.797500000000000000e+03 9.670140000000000402e-01
2.801500000000000000e+03 9.760459999999999692e-01
2.805500000000000000e+03 9.807439999999999491e-01
2.809500000000000000e+03 9.834289999999999976e-01
2.813500000000000000e+03 9.869670000000000387e-01
2.817500000000000000e+03 9.908360000000000500e-01
2.821500000000000000e+03 9.940849999999999964e-01
2.825500000000000000e+03 9.961710000000000287e-01
2.829500000000000000e+03 9.974129999999999940e-01
2.833500000000000000e+03 9.988350000000000284e-01
2.837500000000000000e+03 9.996699999999999475e-01
2.841500000000000000e+03 1.000000000000000000e+00
2.845500000000000000e+03 9.993640000000000301e-01
2.849500000000000000e+03 9.986739999999999506e-01
2.853500000000000000e+03 9.983710000000000084e-01
2.857500000000000000e+03 9.978489999999999860e-01
2.861500000000000000e+03 9.964420000000000499e-01
2.865500000000000000e+03 9.944150000000000489e-01
2.869500000000000000e+03 9.899850000000000039e-01
2.873500000000000000e+03 9.807169999999999499e-01
2.877500000000000000e+03 9.659860000000000113e-01
2.881500000000000000e+03 9.419459999999999500e-01
2.885500000000000000e+03 9.084379999999999677e-01
2.889500000000000000e+03 8.630039999999999933e-01
2.893500000000000000e+03 8.079399999999999915e-01
2.897500000000000000e+03 7.419339999999999824e-01
2.901500000000000000e+03 6.710429999999999451e-01
2.905500000000000000e+03 5.969139999999999446e-01
2.909500000000000000e+03 5.256140000000000256e-01
2.913500000000000000e+03 4.598869999999999902e-01
2.917500000000000000e+03 4.029360000000000164e-01
2.921500000000000000e+03 3.542230000000000101e-01
2.925500000000000000e+03 3.173630000000000062e-01
2.929500000000000000e+03 2.870860000000000078e-01
2.933500000000000000e+03 2.662889999999999979e-01
2.937500000000000000e+03 2.503279999999999950e-01
2.941500000000000000e+03 2.394920000000000104e-01
2.945500000000000000e+03 2.327639999999999987e-01
2.949500000000000000e+03 2.279869999999999952e-01
2.953500000000000000e+03 2.243330000000000046e-01
2.957500000000000000e+03 2.213320000000000010e-01
2.961500000000000000e+03 2.196140000000000037e-01
2.965500000000000000e+03 2.187890000000000112e-01
2.969500000000000000e+03 2.180880000000000041e-01
2.973500000000000000e+03 2.173160000000000092e-01
2.977500000000000000e+03 2.166569999999999885e-01
2.981500000000000000e+03 2.160469999999999891e-01
2.985500000000000000e+03 2.155720000000000136e-01
2.989500000000000000e+03 2.151700000000000002e-01
2.993500000000000000e+03 2.147580000000000044e-01
2.997500000000000000e+03 2.144149999999999945e-01
3.001500000000000000e+03 2.141750000000000043e-01
3.005500000000000000e+03 2.138909999999999978e-01
3.009500000000000000e+03 2.136010000000000131e-01
3.013500000000000000e+03 2.131830000000000114e-01
3.017500000000000000e+03 2.125479999999999869e-01
3.021500000000000000e+03 2.116230000000000055e-01
3.025500000000000000e+03 2.103049999999999919e-01
3.029500000000000000e+03 2.086020000000000096e-01
3.033500000000000000e+03 2.063730000000000009e-01
3.037500000000000000e+03 2.036419999999999897e-01
3.041500000000000000e+03 2.004150000000000098e-01
3.045500000000000000e+03 1.965929999999999900e-01
3.049500000000000000e+03 1.923080000000000067e-01
3.053500000000000000e+03 1.875479999999999925e-01
3.057500000000000000e+03 1.823909999999999976e-01
3.061500000000000000e+03 1.768800000000000094e-01
3.065500000000000000e+03 1.711560000000000026e-01
3.069500000000000000e+03 1.652139999999999997e-01
3.073500000000000000e+03 1.591930000000000012e-01
3.077500000000000000e+03 1.531069999999999931e-01
3.081500000000000000e+03 1.470470000000000110e-01
3.085500000000000000e+03 1.410760000000000070e-01
3.089500000000000000e+03 1.351729999999999876e-01
3.093500000000000000e+03 1.294220000000000093e-01
3.097500000000000000e+03 1.238540000000000058e-01
3.101500000000000000e+03 1.184459999999999957e-01
3.105500000000000000e+03 1.132920000000000038e-01
3.109500000000000000e+03 1.083490000000000009e-01
3.113500000000000000e+03 1.036409999999999970e-01
3.117500000000000000e+03 9.916389999999999927e-02
3.121500000000000000e+03 9.499399999999999511e-02
3.125500000000000000e+03 9.098889999999999756e-02
3.129500000000000000e+03 8.719280000000000086e-02
3.133500000000000000e+03 8.366200000000000025e-02
3.137500000000000000e+03 8.027510000000000201e-02
3.141500000000000000e+03 7.708560000000000412e-02
3.145500000000000000e+03 7.417229999999999657e-02
3.149500000000000000e+03 7.136660000000000226e-02
3.153500000000000000e+03 6.879939999999999667e-02
3.157500000000000000e+03 6.642720000000000569e-02
3.161500000000000000e+03 6.421079999999999843e-02
3.165500000000000000e+03 6.220160000000000272e-02
3.169500000000000000e+03 6.032570000000000293e-02
3.173500000000000000e+03 5.865460000000000118e-02
3.177500000000000000e+03 5.710090000000000304e-02
3.181500000000000000e+03 5.567679999999999851e-02
3.185500000000000000e+03 5.438069999999999710e-02
3.189500000000000000e+03 5.315629999999999661e-02
3.193500000000000000e+03 5.199340000000000211e-02
3.197500000000000000e+03 5.083719999999999906e-02
3.201500000000000000e+03 4.971369999999999956e-02
3.205500000000000000e+03 4.852410000000000057e-02
3.209500000000000000e+03 4.725359999999999977e-02
3.213500000000000000e+03 4.595989999999999798e-02
3.217500000000000000e+03 4.450280000000000208e-02
3.221500000000000000e+03 4.292780000000000207e-02
3.225500000000000000e+03 4.129540000000000294e-02
3.229500000000000000e+03 3.946729999999999683e-02
3.233500000000000000e+03 3.754679999999999823e-02
3.237500000000000000e+03 3.555740000000000289e-02
3.241500000000000000e+03 3.343140000000000001e-02
3.245500000000000000e+03 3.126009999999999900e-02
3.249500000000000000e+03 2.904810000000000031e-02
3.253500000000000000e+03 2.681609999999999897e-02
3.257500000000000000e+03 2.458350000000000118e-02
3.261500000000000000e+03 2.236990000000000159e-02
3.265500000000000000e+03 2.026060000000000014e-02
3.269500000000000000e+03 1.818130000000000093e-02
3.273500000000000000e+03 1.619249999999999856e-02
3.277500000000000000e+03 1.439050000000000051e-02
3.281500000000000000e+03 1.262950000000000010e-02
3.285500000000000000e+03 1.100759999999999933e-02
3.289500000000000000e+03 9.580520000000000355e-03
3.293500000000000000e+03 8.216779999999999917e-03
3.297500000000000000e+03 7.037850000000000009e-03
3.301500000000000000e+03 6.033550000000000371e-03
3.305500000000000000e+03 5.079829999999999589e-03
3.309500000000000000e+03 4.289679999999999709e-03
3.313500000000000000e+03 3.626279999999999955e-03
3.317500000000000000e+03 3.005209999999999913e-03
3.321500000000000000e+03 2.514849999999999898e-03
3.325500000000000000e+03 2.107799999999999951e-03
3.329500000000000000e+03 1.738949999999999958e-03
3.333500000000000000e+03 1.455899999999999989e-03
3.337500000000000000e+03 1.211590000000000019e-03
3.341500000000000000e+03 9.943099999999999855e-04
3.345500000000000000e+03 8.331519999999999811e-04
3.349500000000000000e+03 6.916480000000000024e-04
3.353500000000000000e+03 5.693459999999999797e-04
3.357500000000000000e+03 4.805179999999999825e-04
3.361500000000000000e+03 4.013619999999999970e-04
3.365500000000000000e+03 3.344749999999999850e-04
3.369500000000000000e+03 2.862900000000000254e-04
3.373500000000000000e+03 2.426879999999999912e-04
3.377500000000000000e+03 2.067799999999999955e-04
3.381500000000000000e+03 1.811190000000000120e-04
3.385500000000000000e+03 1.577240000000000098e-04
3.389500000000000000e+03 1.393319999999999867e-04
3.393500000000000000e+03 1.264760000000000135e-04
3.397500000000000000e+03 1.150399999999999963e-04
3.401500000000000000e+03 1.066010000000000048e-04
3.405500000000000000e+03 1.009899999999999936e-04
3.409500000000000000e+03 9.617349999999999662e-05
3.413500000000000000e+03 9.286100000000000420e-05
3.417500000000000000e+03 9.067630000000000460e-05
3.421500000000000000e+03 8.881160000000000194e-05
3.425500000000000000e+03 8.723410000000000560e-05
3.429500000000000000e+03 8.588889999999999687e-05
3.433500000000000000e+03 8.449149999999999564e-05
3.437500000000000000e+03 8.255060000000000208e-05
3.441500000000000000e+03 8.054369999999999932e-05
3.445500000000000000e+03 7.869429999999999633e-05
3.449500000000000000e+03 7.627379999999999468e-05
3.453500000000000000e+03 7.368329999999999975e-05
3.457500000000000000e+03 7.086570000000000152e-05
3.461500000000000000e+03 6.772400000000000414e-05
3.465500000000000000e+03 6.457909999999999974e-05
3.469500000000000000e+03 6.123420000000000404e-05
3.473500000000000000e+03 5.768780000000000018e-05
3.477500000000000000e+03 5.405599999999999880e-05
3.481500000000000000e+03 5.029270000000000046e-05
3.485500000000000000e+03 4.665660000000000320e-05
3.489500000000000000e+03 4.300479999999999863e-05
3.493500000000000000e+03 3.967679999999999932e-05
3.497500000000000000e+03 3.674550000000000250e-05
3.501500000000000000e+03 3.395500000000000270e-05
3.505500000000000000e+03 3.162990000000000018e-05
3.509500000000000000e+03 2.971829999999999971e-05
3.513500000000000000e+03 2.795860000000000028e-05
3.517500000000000000e+03 2.669529999999999833e-05
3.521500000000000000e+03 2.576739999999999998e-05
3.525500000000000000e+03 2.499739999999999889e-05
3.529500000000000000e+03 2.454309999999999885e-05
3.533500000000000000e+03 2.427020000000000016e-05
3.537500000000000000e+03 2.405799999999999904e-05
3.541500000000000000e+03 2.397439999999999868e-05
3.545500000000000000e+03 2.395080000000000115e-05
3.549500000000000000e+03 2.394869999999999993e-05
3.553500000000000000e+03 2.400500000000000141e-05
3.557500000000000000e+03 2.408380000000000140e-05
3.561500000000000000e+03 2.416769999999999902e-05
3.565500000000000000e+03 2.430029999999999839e-05
3.569500000000000000e+03 2.442790000000000036e-05
3.573500000000000000e+03 2.463520000000000090e-05
3.577500000000000000e+03 2.499299999999999940e-05
3.581500000000000000e+03 2.539850000000000086e-05
3.585500000000000000e+03 2.591529999999999902e-05
3.589500000000000000e+03 2.654340000000000068e-05
3.593500000000000000e+03 2.720089999999999905e-05
3.597500000000000000e+03 2.798370000000000111e-05
3.601500000000000000e+03 2.887820000000000076e-05
3.605500000000000000e+03 2.981580000000000005e-05
3.609500000000000000e+03 3.073609999999999868e-05
3.613500000000000000e+03 3.166379999999999998e-05
3.617500000000000000e+03 3.259790000000000176e-05
3.621500000000000000e+03 3.334550000000000117e-05
3.625500000000000000e+03 3.401310000000000135e-05
3.629500000000000000e+03 3.459319999999999941e-05
3.633500000000000000e+03 3.483220000000000169e-05
3.637500000000000000e+03 3.489829999999999755e-05
3.641500000000000000e+03 3.482630000000000231e-05
3.645500000000000000e+03 3.439869999999999983e-05
3.649500000000000000e+03 3.383889999999999885e-05
3.653500000000000000e+03 3.323380000000000019e-05
3.657500000000000000e+03 3.254810000000000098e-05
3.661500000000000000e+03 3.178279999999999663e-05
3.665500000000000000e+03 3.103949999999999987e-05
3.669500000000000000e+03 3.033739999999999858e-05
3.673500000000000000e+03 2.955010000000000021e-05
3.677500000000000000e+03 2.892049999999999864e-05
3.681500000000000000e+03 2.852059999999999931e-05
3.685500000000000000e+03 2.817970000000000059e-05
3.689500000000000000e+03 2.798929999999999983e-05
3.693500000000000000e+03 2.793059999999999987e-05
3.697500000000000000e+03 2.785820000000000036e-05
3.701500000000000000e+03 2.779530000000000135e-05
3.705500000000000000e+03 2.652680000000000156e-05
3.709500000000000000e+03 2.293850000000000069e-05
3.713500000000000000e+03 1.989470000000000114e-05
3.717500000000000000e+03 1.955369999999999881e-05
3.721500000000000000e+03 1.953389999999999944e-05
3.725500000000000000e+03 1.951399999999999985e-05
3.729500000000000000e+03 1.949410000000000026e-05
3.733500000000000000e+03 1.947420000000000067e-05
3.737500000000000000e+03 1.945390000000000021e-05
3.741500000000000000e+03 1.943359999999999974e-05
3.745500000000000000e+03 1.942859999999999894e-05
3.749500000000000000e+03 1.946099999999999883e-05
3.753500000000000000e+03 1.949489999999999863e-05
3.757500000000000000e+03 1.959000000000000048e-05
3.761500000000000000e+03 1.980439999999999965e-05
3.765500000000000000e+03 2.003210000000000087e-05
3.769500000000000000e+03 2.033460000000000009e-05
3.773500000000000000e+03 2.076869999999999988e-05
3.777500000000000000e+03 2.124530000000000139e-05
3.781500000000000000e+03 2.178509999999999916e-05
3.785500000000000000e+03 2.240730000000000144e-05
3.789500000000000000e+03 2.306650000000000014e-05
3.793500000000000000e+03 2.372530000000000136e-05
3.797500000000000000e+03 2.439499999999999937e-05
3.801500000000000000e+03 2.506470000000000076e-05
3.805500000000000000e+03 2.564130000000000131e-05
3.809500000000000000e+03 2.617929999999999853e-05
3.813500000000000000e+03 2.668609999999999849e-05
3.817500000000000000e+03 2.701409999999999941e-05
3.821500000000000000e+03 2.725309999999999831e-05
3.825500000000000000e+03 2.744789999999999855e-05
3.829500000000000000e+03 2.748539999999999946e-05
3.833500000000000000e+03 2.740299999999999835e-05
3.837500000000000000e+03 2.729760000000000102e-05
3.841500000000000000e+03 2.719179999999999942e-05
3.845500000000000000e+03 2.700260000000000130e-05
3.849500000000000000e+03 2.680989999999999890e-05
3.853500000000000000e+03 2.665760000000000037e-05
3.857500000000000000e+03 2.652099999999999900e-05
3.861500000000000000e+03 2.641609999999999938e-05
3.865500000000000000e+03 2.634570000000000087e-05
3.869500000000000000e+03 2.631140000000000020e-05
3.873500000000000000e+03 2.627819999999999855e-05
3.877500000000000000e+03 2.624490000000000007e-05
3.881500000000000000e+03 2.621160000000000159e-05
3.885500000000000000e+03 2.617819999999999951e-05
3.889500000000000000e+03 2.614450000000000015e-05
3.893500000000000000e+03 2.611080000000000079e-05
3.897500000000000000e+03 2.607700000000000122e-05
3.901500000000000000e+03 2.604310000000000143e-05
3.905500000000000000e+03 2.601699999999999841e-05
3.909500000000000000e+03 2.603050000000000090e-05
3.913500000000000000e+03 2.604930000000000147e-05
3.917500000000000000e+03 2.607609999999999925e-05
3.921500000000000000e+03 2.617270000000000100e-05
3.925500000000000000e+03 2.629989999999999870e-05
3.929500000000000000e+03 2.642819999999999881e-05
3.933500000000000000e+03 2.653730000000000086e-05
3.937500000000000000e+03 2.669650000000000096e-05
3.941500000000000000e+03 2.685100000000000092e-05
3.945500000000000000e+03 2.699969999999999833e-05
3.949500000000000000e+03 2.713540000000000112e-05
3.953500000000000000e+03 2.725270000000000082e-05
3.957500000000000000e+03 2.730660000000000043e-05
3.961500000000000000e+03 2.733890000000000010e-05
3.965500000000000000e+03 2.744400000000000016e-05
3.969500000000000000e+03 2.759540000000000010e-05
3.973500000000000000e+03 2.773239999999999896e-05
3.977500000000000000e+03 2.790480000000000090e-05
3.981500000000000000e+03 2.817060000000000096e-05
3.985500000000000000e+03 2.844909999999999838e-05
3.989500000000000000e+03 2.876850000000000078e-05
3.993500000000000000e+03 2.914120000000000146e-05
3.997500000000000000e+03 2.955899999999999939e-05
4.001500000000000000e+03 2.998300000000000075e-05
4.005500000000000000e+03 3.040450000000000002e-05
4.009500000000000000e+03 3.082009999999999990e-05
4.013500000000000000e+03 3.115279999999999758e-05
4.017500000000000000e+03 3.147290000000000151e-05
4.021500000000000000e+03 3.177419999999999810e-05
4.025500000000000000e+03 3.204530000000000301e-05
4.029500000000000000e+03 3.226529999999999752e-05
4.033500000000000000e+03 3.249660000000000325e-05
4.037500000000000000e+03 3.269290000000000000e-05
4.041500000000000000e+03 3.285829999999999675e-05
4.045500000000000000e+03 3.305500000000000116e-05
4.049500000000000000e+03 3.335770000000000082e-05
4.053500000000000000e+03 3.365309999999999802e-05
4.057500000000000000e+03 3.393689999999999690e-05
4.061500000000000000e+03 3.425110000000000144e-05
4.065500000000000000e+03 3.462760000000000030e-05
4.069500000000000000e+03 3.504069999999999809e-05
4.073500000000000000e+03 3.544450000000000259e-05
4.077500000000000000e+03 3.588129999999999814e-05
4.081500000000000000e+03 3.639369999999999682e-05
4.085500000000000000e+03 3.694220000000000012e-05
4.089500000000000000e+03 3.744670000000000182e-05
4.093500000000000000e+03 3.788830000000000111e-05
4.097500000000000000e+03 3.839949999999999717e-05
4.101500000000000000e+03 3.891460000000000177e-05
4.105500000000000000e+03 3.932339999999999691e-05
4.109500000000000000e+03 3.967059999999999928e-05
4.113500000000000000e+03 4.004210000000000072e-05
4.117500000000000000e+03 4.035170000000000195e-05
4.121500000000000000e+03 4.053539999999999818e-05
4.125500000000000000e+03 4.069329999999999882e-05
4.129500000000000000e+03 4.081870000000000274e-05
4.133500000000000000e+03 4.091859999999999817e-05
4.137500000000000000e+03 4.103029999999999915e-05
4.141500000000000000e+03 4.122439999999999785e-05
4.145500000000000000e+03 4.143320000000000168e-05
4.149500000000000000e+03 4.168950000000000124e-05
4.153500000000000000e+03 4.202330000000000133e-05
4.157500000000000000e+03 4.239909999999999865e-05
4.161500000000000000e+03 4.276609999999999700e-05
4.165500000000000000e+03 4.317880000000000069e-05
4.169500000000000000e+03 4.364630000000000256e-05
4.173500000000000000e+03 4.409380000000000124e-05
4.177500000000000000e+03 4.450150000000000075e-05
4.181500000000000000e+03 4.492290000000000318e-05
4.185500000000000000e+03 4.537590000000000037e-05
4.189500000000000000e+03 4.580970000000000289e-05
4.193500000000000000e+03 4.621130000000000257e-05
4.197500000000000000e+03 4.657999999999999787e-05
4.201500000000000000e+03 4.697180000000000317e-05
4.205500000000000000e+03 4.737220000000000021e-05
4.209500000000000000e+03 4.781800000000000194e-05
4.213500000000000000e+03 4.825529999999999859e-05
4.217500000000000000e+03 4.871110000000000191e-05
4.221500000000000000e+03 4.922209999999999753e-05
4.225500000000000000e+03 4.975029999999999698e-05
4.229500000000000000e+03 5.023889999999999769e-05
4.233500000000000000e+03 5.067249999999999977e-05
4.237500000000000000e+03 5.116289999999999765e-05
4.241500000000000000e+03 5.168100000000000206e-05
4.245500000000000000e+03 5.218470000000000199e-05
4.249500000000000000e+03 5.263870000000000137e-05
4.253500000000000000e+03 5.313650000000000193e-05
4.257500000000000000e+03 5.366110000000000026e-05
4.261500000000000000e+03 5.414990000000000141e-05
4.265500000000000000e+03 5.459260000000000311e-05
4.269500000000000000e+03 5.505329999999999686e-05
4.273500000000000000e+03 5.556989999999999798e-05
4.277500000000000000e+03 5.608069999999999993e-05
4.281500000000000000e+03 5.656489999999999777e-05
4.285500000000000000e+03 5.705790000000000135e-05
4.289500000000000000e+03 5.759779999999999935e-05
4.293500000000000000e+03 5.813249999999999949e-05
4.297500000000000000e+03 5.864789999999999798e-05
4.301500000000000000e+03 5.916379999999999757e-05
4.305500000000000000e+03 5.971570000000000155e-05
4.309500000000000000e+03 6.030590000000000142e-05
4.313500000000000000e+03 6.099929999999999719e-05
4.317500000000000000e+03 6.170610000000000201e-05
4.321500000000000000e+03 6.245760000000000320e-05
4.325500000000000000e+03 6.327719999999999786e-05
4.329500000000000000e+03 6.416079999999999733e-05
4.333500000000000000e+03 6.503279999999999846e-05
4.337500000000000000e+03 6.594880000000000121e-05
4.341500000000000000e+03 6.691489999999999862e-05
4.345500000000000000e+03 6.785389999999999759e-05
4.349500000000000000e+03 6.876080000000000072e-05
4.353500000000000000e+03 6.952390000000000024e-05
4.357500000000000000e+03 6.950119999999999790e-05
4.361500000000000000e+03 6.929380000000000392e-05
4.365500000000000000e+03 6.924909999999999399e-05
4.369500000000000000e+03 6.850539999999999635e-05
4.373500000000000000e+03 6.654539999999999479e-05
4.377500000000000000e+03 6.451330000000000454e-05
4.381500000000000000e+03 6.371530000000000303e-05
4.385500000000000000e+03 6.290309999999999749e-05
4.389500000000000000e+03 6.139440000000000294e-05
4.393500000000000000e+03 6.018679999999999777e-05
4.397500000000000000e+03 5.974199999999999823e-05
4.401500000000000000e+03 5.973810000000000323e-05
4.405500000000000000e+03 6.103490000000000071e-05
4.409500000000000000e+03 6.298369999999999804e-05
4.413500000000000000e+03 6.533029999999999350e-05
4.417500000000000000e+03 6.785809999999999325e-05
4.421500000000000000e+03 7.112099999999999889e-05
4.425500000000000000e+03 7.402049999999999374e-05
4.429500000000000000e+03 7.624970000000000283e-05
4.433500000000000000e+03 7.812330000000000467e-05
4.437500000000000000e+03 7.776020000000000132e-05
4.441500000000000000e+03 7.633260000000000164e-05
4.445500000000000000e+03 7.462649999999999438e-05
4.449500000000000000e+03 7.084239999999999786e-05
4.453500000000000000e+03 6.200970000000000364e-05
4.457500000000000000e+03 5.255449999999999971e-05
4.461500000000000000e+03 4.612869999999999763e-05
4.465500000000000000e+03 4.061490000000000309e-05
4.469500000000000000e+03 3.095609999999999996e-05
4.473500000000000000e+03 2.250789999999999841e-05
4.477500000000000000e+03 1.530560000000000132e-05
4.481500000000000000e+03 1.029960000000000046e-05
4.485500000000000000e+03 4.644129999999999698e-06
4.489500000000000000e+03 1.273569999999999988e-06
