6.077000000000000000e+03 0.000000000000000000e+00
6.088000000000000000e+03 3.040140000000000169e-06
6.099000000000000000e+03 1.062689999999999985e-05
6.110000000000000000e+03 1.881959999999999850e-05
6.121000000000000000e+03 3.381870000000000199e-05
6.132000000000000000e+03 4.484679999999999895e-05
6.143000000000000000e+03 6.003919999999999938e-05
6.154000000000000000e+03 1.018780000000000027e-04
6.165000000000000000e+03 1.431380000000000109e-04
6.176000000000000000e+03 1.682300000000000071e-04
6.187000000000000000e+03 1.841810000000000040e-04
6.198000000000000000e+03 2.035600000000000094e-04
6.209000000000000000e+03 2.421050000000000003e-04
6.220000000000000000e+03 2.996639999999999959e-04
6.231000000000000000e+03 3.814110000000000113e-04
6.242000000000000000e+03 5.113480000000000109e-04
6.253000000000000000e+03 7.086809999999999594e-04
6.264000000000000000e+03 9.961600000000000576e-04
6.275000000000000000e+03 1.428500000000000082e-03
6.286000000000000000e+03 2.045400000000000169e-03
6.297000000000000000e+03 3.037989999999999961e-03
6.308000000000000000e+03 4.605520000000000100e-03
6.319000000000000000e+03 7.238890000000000428e-03
6.330000000000000000e+03 1.133679999999999931e-02
6.341000000000000000e+03 1.770230000000000067e-02
6.352000000000000000e+03 2.681969999999999840e-02
6.363000000000000000e+03 3.910299999999999887e-02
6.374000000000000000e+03 5.500420000000000309e-02
6.385000000000000000e+03 7.395210000000000672e-02
6.396000000000000000e+03 9.495739999999999736e-02
6.407000000000000000e+03 1.188000000000000028e-01
6.418000000000000000e+03 1.433389999999999942e-01
6.429000000000000000e+03 1.707609999999999961e-01
6.440000000000000000e+03 1.998820000000000041e-01
6.451000000000000000e+03 2.256070000000000020e-01
6.462000000000000000e+03 2.476839999999999875e-01
6.473000000000000000e+03 2.642909999999999981e-01
6.484000000000000000e+03 2.794420000000000237e-01
6.495000000000000000e+03 2.975960000000000272e-01
6.506000000000000000e+03 3.191620000000000013e-01
6.517000000000000000e+03 3.437209999999999988e-01
6.528000000000000000e+03 3.672590000000000021e-01
6.539000000000000000e+03 3.899929999999999786e-01
6.550000000000000000e+03 4.070730000000000182e-01
6.561000000000000000e+03 4.139610000000000234e-01
6.572000000000000000e+03 4.238029999999999853e-01
6.583000000000000000e+03 4.352860000000000062e-01
6.594000000000000000e+03 4.508329999999999838e-01
6.605000000000000000e+03 4.681080000000000241e-01
6.616000000000000000e+03 4.730139999999999900e-01
6.627000000000000000e+03 4.753080000000000083e-01
6.638000000000000000e+03 4.880380000000000273e-01
6.649000000000000000e+03 5.108049999999999535e-01
6.660000000000000000e+03 5.454830000000000512e-01
6.671000000000000000e+03 5.773179999999999978e-01
6.682000000000000000e+03 5.985009999999999497e-01
6.693000000000000000e+03 6.209170000000000522e-01
6.704000000000000000e+03 6.417500000000000426e-01
6.715000000000000000e+03 6.684179999999999566e-01
6.726000000000000000e+03 6.968339999999999534e-01
6.737000000000000000e+03 7.210450000000000470e-01
6.748000000000000000e+03 7.435739999999999572e-01
6.759000000000000000e+03 7.649599999999999733e-01
6.770000000000000000e+03 7.888840000000000297e-01
6.781000000000000000e+03 8.131169999999999787e-01
6.792000000000000000e+03 8.367470000000000185e-01
6.803000000000000000e+03 8.551490000000000480e-01
6.814000000000000000e+03 8.654699999999999616e-01
6.825000000000000000e+03 8.750510000000000232e-01
6.836000000000000000e+03 8.829090000000000549e-01
6.847000000000000000e+03 8.854279999999999928e-01
6.858000000000000000e+03 8.910259999999999847e-01
6.869000000000000000e+03 8.985870000000000246e-01
6.880000000000000000e+03 9.026699999999999724e-01
6.891000000000000000e+03 9.087979999999999947e-01
6.902000000000000000e+03 9.175429999999999975e-01
6.913000000000000000e+03 9.284409999999999608e-01
6.924000000000000000e+03 9.375780000000000225e-01
6.935000000000000000e+03 9.434080000000000243e-01
6.946000000000000000e+03 9.488550000000000040e-01
6.957000000000000000e+03 9.542279999999999651e-01
6.968000000000000000e+03 9.587320000000000286e-01
6.979000000000000000e+03 9.621170000000000000e-01
6.990000000000000000e+03 9.663549999999999640e-01
7.001000000000000000e+03 9.699579999999999869e-01
7.012000000000000000e+03 9.722129999999999939e-01
7.023000000000000000e+03 9.735989999999999922e-01
7.034000000000000000e+03 9.760510000000000019e-01
7.045000000000000000e+03 9.803340000000000387e-01
7.056000000000000000e+03 9.822490000000000387e-01
7.067000000000000000e+03 9.827160000000000339e-01
7.078000000000000000e+03 9.813450000000000228e-01
7.089000000000000000e+03 9.790520000000000334e-01
7.100000000000000000e+03 9.789360000000000284e-01
7.111000000000000000e+03 9.795629999999999615e-01
7.122000000000000000e+03 9.801640000000000352e-01
7.133000000000000000e+03 9.815749999999999753e-01
7.144000000000000000e+03 9.841069999999999540e-01
7.155000000000000000e+03 9.879240000000000244e-01
7.166000000000000000e+03 9.908080000000000220e-01
7.177000000000000000e+03 9.919930000000000136e-01
7.188000000000000000e+03 9.948010000000000463e-01
7.199000000000000000e+03 9.981560000000000432e-01
7.210000000000000000e+03 1.000000000000000000e+00
7.221000000000000000e+03 9.965669999999999806e-01
7.232000000000000000e+03 9.876690000000000191e-01
7.243000000000000000e+03 9.739200000000000079e-01
7.254000000000000000e+03 9.526550000000000296e-01
7.265000000000000000e+03 9.237589999999999968e-01
7.276000000000000000e+03 8.882949999999999458e-01
7.287000000000000000e+03 8.451260000000000439e-01
7.298000000000000000e+03 7.987400000000000055e-01
7.309000000000000000e+03 7.507019999999999804e-01
7.320000000000000000e+03 7.070400000000000018e-01
7.331000000000000000e+03 6.675060000000000437e-01
7.342000000000000000e+03 6.333809999999999718e-01
7.353000000000000000e+03 6.007829999999999560e-01
7.364000000000000000e+03 5.725280000000000369e-01
7.375000000000000000e+03 5.423010000000000330e-01
7.386000000000000000e+03 5.134600000000000275e-01
7.397000000000000000e+03 4.839800000000000213e-01
7.408000000000000000e+03 4.538070000000000159e-01
7.419000000000000000e+03 4.243649999999999922e-01
7.430000000000000000e+03 3.994159999999999933e-01
7.441000000000000000e+03 3.775569999999999760e-01
7.452000000000000000e+03 3.554869999999999974e-01
7.463000000000000000e+03 3.329799999999999982e-01
7.474000000000000000e+03 3.096789999999999821e-01
7.485000000000000000e+03 2.894920000000000271e-01
7.496000000000000000e+03 2.705330000000000235e-01
7.507000000000000000e+03 2.522039999999999837e-01
7.518000000000000000e+03 2.336699999999999888e-01
7.529000000000000000e+03 2.134359999999999868e-01
7.540000000000000000e+03 1.913590000000000013e-01
7.551000000000000000e+03 1.666479999999999906e-01
7.562000000000000000e+03 1.402700000000000058e-01
7.573000000000000000e+03 1.136699999999999933e-01
7.584000000000000000e+03 8.807909999999999351e-02
7.595000000000000000e+03 6.512900000000000633e-02
7.606000000000000000e+03 4.628140000000000032e-02
7.617000000000000000e+03 3.183359999999999662e-02
7.628000000000000000e+03 2.170000000000000054e-02
7.639000000000000000e+03 1.400150000000000006e-02
7.650000000000000000e+03 9.298199999999999521e-03
7.661000000000000000e+03 6.270050000000000102e-03
7.672000000000000000e+03 4.479549999999999678e-03
7.683000000000000000e+03 3.136449999999999828e-03
7.694000000000000000e+03 2.230810000000000171e-03
7.705000000000000000e+03 1.579729999999999893e-03
7.716000000000000000e+03 1.219819999999999932e-03
7.727000000000000000e+03 9.739780000000000182e-04
7.738000000000000000e+03 7.773759999999999785e-04
7.749000000000000000e+03 6.054020000000000018e-04
7.760000000000000000e+03 4.690949999999999937e-04
7.771000000000000000e+03 3.684639999999999877e-04
7.782000000000000000e+03 3.136109999999999896e-04
7.793000000000000000e+03 2.868020000000000096e-04
7.804000000000000000e+03 2.664480000000000212e-04
7.815000000000000000e+03 2.380159999999999925e-04
7.826000000000000000e+03 2.027879999999999971e-04
7.837000000000000000e+03 1.778910000000000083e-04
7.848000000000000000e+03 1.674740000000000029e-04
7.859000000000000000e+03 1.603789999999999903e-04
7.870000000000000000e+03 1.525879999999999966e-04
7.881000000000000000e+03 1.516499999999999999e-04
7.892000000000000000e+03 1.539540000000000103e-04
7.903000000000000000e+03 1.520020000000000128e-04
7.914000000000000000e+03 1.496590000000000116e-04
7.925000000000000000e+03 1.471819999999999878e-04
7.936000000000000000e+03 1.374039999999999875e-04
7.947000000000000000e+03 1.301019999999999954e-04
7.958000000000000000e+03 1.236649999999999891e-04
7.969000000000000000e+03 1.026950000000000052e-04
7.980000000000000000e+03 8.436760000000000179e-05
7.991000000000000000e+03 7.203089999999999504e-05
8.002000000000000000e+03 6.356130000000000417e-05
8.013000000000000000e+03 6.163979999999999893e-05
8.024000000000000000e+03 5.812219999999999724e-05
8.035000000000000000e+03 5.360799999999999902e-05
8.046000000000000000e+03 5.123960000000000320e-05
8.057000000000000000e+03 4.497730000000000049e-05
8.068000000000000000e+03 3.207200000000000057e-05
8.079000000000000000e+03 2.450730000000000166e-05
8.090000000000000000e+03 1.824290000000000113e-05
8.101000000000000000e+03 1.488909999999999946e-05
8.112000000000000000e+03 1.446840000000000025e-05
8.123000000000000000e+03 1.384699999999999973e-05
8.134000000000000000e+03 1.203519999999999956e-05
8.145000000000000000e+03 6.042330000000000135e-06
8.156000000000000000e+03 6.440569999999999815e-07
