4.270000000000000000e+03 0.000000000000000000e+00
4.279000000000000000e+03 1.659659999999999921e-06
4.288000000000000000e+03 7.406289999999999862e-06
4.297000000000000000e+03 1.477539999999999918e-05
4.306000000000000000e+03 1.907750000000000157e-05
4.315000000000000000e+03 1.943230000000000028e-05
4.324000000000000000e+03 1.939050000000000010e-05
4.333000000000000000e+03 1.935990000000000077e-05
4.342000000000000000e+03 1.937410000000000141e-05
4.351000000000000000e+03 1.960720000000000092e-05
4.360000000000000000e+03 2.003909999999999928e-05
4.369000000000000000e+03 2.057140000000000094e-05
4.378000000000000000e+03 2.117029999999999956e-05
4.387000000000000000e+03 2.193420000000000084e-05
4.396000000000000000e+03 2.263049999999999957e-05
4.405000000000000000e+03 2.302449999999999953e-05
4.414000000000000000e+03 2.322630000000000156e-05
4.423000000000000000e+03 2.355089999999999842e-05
4.432000000000000000e+03 2.388400000000000036e-05
4.441000000000000000e+03 2.406119999999999928e-05
4.450000000000000000e+03 2.406399999999999864e-05
4.459000000000000000e+03 2.402529999999999849e-05
4.468000000000000000e+03 2.396349999999999850e-05
4.477000000000000000e+03 2.389449999999999967e-05
4.486000000000000000e+03 2.381040000000000161e-05
4.495000000000000000e+03 2.375519999999999916e-05
4.504000000000000000e+03 2.376109999999999854e-05
4.513000000000000000e+03 2.409750000000000095e-05
4.522000000000000000e+03 2.470699999999999909e-05
4.531000000000000000e+03 2.571149999999999938e-05
4.540000000000000000e+03 2.678999999999999931e-05
4.549000000000000000e+03 2.773170000000000081e-05
4.558000000000000000e+03 2.843810000000000137e-05
4.567000000000000000e+03 2.894819999999999840e-05
4.576000000000000000e+03 2.943450000000000084e-05
4.585000000000000000e+03 2.998809999999999838e-05
4.594000000000000000e+03 3.047399999999999995e-05
4.603000000000000000e+03 3.078159999999999680e-05
4.612000000000000000e+03 3.082209999999999751e-05
4.621000000000000000e+03 3.081919999999999793e-05
4.630000000000000000e+03 3.093480000000000069e-05
4.639000000000000000e+03 3.124790000000000282e-05
4.648000000000000000e+03 3.201400000000000214e-05
4.657000000000000000e+03 3.309200000000000097e-05
4.666000000000000000e+03 3.437490000000000185e-05
4.675000000000000000e+03 3.572550000000000210e-05
4.684000000000000000e+03 3.715880000000000073e-05
4.693000000000000000e+03 3.846529999999999914e-05
4.702000000000000000e+03 3.955209999999999694e-05
4.711000000000000000e+03 4.005790000000000148e-05
4.720000000000000000e+03 4.026530000000000224e-05
4.729000000000000000e+03 4.010969999999999987e-05
4.738000000000000000e+03 3.999610000000000150e-05
4.747000000000000000e+03 4.028509999999999822e-05
4.756000000000000000e+03 4.101560000000000080e-05
4.765000000000000000e+03 4.210430000000000276e-05
4.774000000000000000e+03 4.326320000000000279e-05
4.783000000000000000e+03 4.439660000000000112e-05
4.792000000000000000e+03 4.545599999999999982e-05
4.801000000000000000e+03 4.650969999999999958e-05
4.810000000000000000e+03 4.773869999999999747e-05
4.819000000000000000e+03 4.909450000000000234e-05
4.828000000000000000e+03 5.053909999999999864e-05
4.837000000000000000e+03 5.190789999999999814e-05
4.846000000000000000e+03 5.312710000000000164e-05
4.855000000000000000e+03 5.445560000000000087e-05
4.864000000000000000e+03 5.617450000000000232e-05
4.873000000000000000e+03 5.815669999999999835e-05
4.882000000000000000e+03 6.005479999999999971e-05
4.891000000000000000e+03 6.171120000000000641e-05
4.900000000000000000e+03 6.334430000000000269e-05
4.909000000000000000e+03 6.490930000000000549e-05
4.918000000000000000e+03 6.635620000000000006e-05
4.927000000000000000e+03 6.750640000000000134e-05
4.936000000000000000e+03 8.013929999999999350e-05
4.945000000000000000e+03 1.349269999999999907e-04
4.954000000000000000e+03 2.363149999999999897e-04
4.963000000000000000e+03 3.692929999999999759e-04
4.972000000000000000e+03 4.757189999999999900e-04
4.981000000000000000e+03 5.614840000000000065e-04
4.990000000000000000e+03 6.882840000000000529e-04
4.999000000000000000e+03 8.094750000000000383e-04
5.008000000000000000e+03 9.027689999999999890e-04
5.017000000000000000e+03 1.012319999999999930e-03
5.026000000000000000e+03 1.134339999999999958e-03
5.035000000000000000e+03 1.282439999999999925e-03
5.044000000000000000e+03 1.449530000000000089e-03
5.053000000000000000e+03 1.653670000000000096e-03
5.062000000000000000e+03 1.930550000000000061e-03
5.071000000000000000e+03 2.340300000000000019e-03
5.080000000000000000e+03 2.771410000000000193e-03
5.089000000000000000e+03 3.277770000000000163e-03
5.098000000000000000e+03 4.000290000000000096e-03
5.107000000000000000e+03 5.080819999999999781e-03
5.116000000000000000e+03 6.876300000000000121e-03
5.125000000000000000e+03 9.479049999999999282e-03
5.134000000000000000e+03 1.363580000000000000e-02
5.143000000000000000e+03 1.944219999999999976e-02
5.152000000000000000e+03 2.740470000000000059e-02
5.161000000000000000e+03 3.735639999999999794e-02
5.170000000000000000e+03 4.998890000000000278e-02
5.179000000000000000e+03 6.474549999999999750e-02
5.188000000000000000e+03 8.352769999999999639e-02
5.197000000000000000e+03 1.048430000000000056e-01
5.206000000000000000e+03 1.307180000000000009e-01
5.215000000000000000e+03 1.581770000000000120e-01
5.224000000000000000e+03 1.852989999999999915e-01
5.233000000000000000e+03 2.077859999999999985e-01
5.242000000000000000e+03 2.267399999999999971e-01
5.251000000000000000e+03 2.421659999999999924e-01
5.260000000000000000e+03 2.568630000000000080e-01
5.269000000000000000e+03 2.725230000000000152e-01
5.278000000000000000e+03 2.891380000000000061e-01
5.287000000000000000e+03 3.074250000000000038e-01
5.296000000000000000e+03 3.251140000000000141e-01
5.305000000000000000e+03 3.406390000000000251e-01
5.314000000000000000e+03 3.538259999999999739e-01
5.323000000000000000e+03 3.682960000000000123e-01
5.332000000000000000e+03 3.861249999999999960e-01
5.341000000000000000e+03 4.044889999999999874e-01
5.350000000000000000e+03 4.220030000000000170e-01
5.359000000000000000e+03 4.380459999999999909e-01
5.368000000000000000e+03 4.524569999999999981e-01
5.377000000000000000e+03 4.700650000000000106e-01
5.386000000000000000e+03 4.890039999999999942e-01
5.395000000000000000e+03 5.083170000000000188e-01
5.404000000000000000e+03 5.313909999999999467e-01
5.413000000000000000e+03 5.565120000000000067e-01
5.422000000000000000e+03 5.839860000000000051e-01
5.431000000000000000e+03 6.136120000000000463e-01
5.440000000000000000e+03 6.424630000000000063e-01
5.449000000000000000e+03 6.677279999999999882e-01
5.458000000000000000e+03 6.899800000000000377e-01
5.467000000000000000e+03 7.114549999999999486e-01
5.476000000000000000e+03 7.335530000000000106e-01
5.485000000000000000e+03 7.564290000000000180e-01
5.494000000000000000e+03 7.807809999999999473e-01
5.503000000000000000e+03 8.032709999999999573e-01
5.512000000000000000e+03 8.252110000000000278e-01
5.521000000000000000e+03 8.454230000000000356e-01
5.530000000000000000e+03 8.614460000000000450e-01
5.539000000000000000e+03 8.761269999999999891e-01
5.548000000000000000e+03 8.932219999999999605e-01
5.557000000000000000e+03 9.086969999999999770e-01
5.566000000000000000e+03 9.220500000000000362e-01
5.575000000000000000e+03 9.346299999999999608e-01
5.584000000000000000e+03 9.438509999999999955e-01
5.593000000000000000e+03 9.500530000000000364e-01
5.602000000000000000e+03 9.561060000000000114e-01
5.611000000000000000e+03 9.614690000000000181e-01
5.620000000000000000e+03 9.704230000000000356e-01
5.629000000000000000e+03 9.793570000000000331e-01
5.638000000000000000e+03 9.868179999999999730e-01
5.647000000000000000e+03 9.923459999999999503e-01
5.656000000000000000e+03 9.929109999999999880e-01
5.665000000000000000e+03 9.936430000000000540e-01
5.674000000000000000e+03 9.963079999999999714e-01
5.683000000000000000e+03 9.973490000000000411e-01
5.692000000000000000e+03 9.983880000000000532e-01
5.701000000000000000e+03 9.988449999999999829e-01
5.710000000000000000e+03 9.986300000000000177e-01
5.719000000000000000e+03 9.985530000000000239e-01
5.728000000000000000e+03 9.993589999999999973e-01
5.737000000000000000e+03 1.000000000000000000e+00
5.746000000000000000e+03 9.996119999999999450e-01
5.755000000000000000e+03 9.990569999999999729e-01
5.764000000000000000e+03 9.963699999999999779e-01
5.773000000000000000e+03 9.913570000000000437e-01
5.782000000000000000e+03 9.857040000000000246e-01
5.791000000000000000e+03 9.814439999999999831e-01
5.800000000000000000e+03 9.788569999999999771e-01
5.809000000000000000e+03 9.771929999999999783e-01
5.818000000000000000e+03 9.759250000000000425e-01
5.827000000000000000e+03 9.748940000000000383e-01
5.836000000000000000e+03 9.758459999999999912e-01
5.845000000000000000e+03 9.771330000000000293e-01
5.854000000000000000e+03 9.780140000000000500e-01
5.863000000000000000e+03 9.795049999999999590e-01
5.872000000000000000e+03 9.776120000000000365e-01
5.881000000000000000e+03 9.714479999999999782e-01
5.890000000000000000e+03 9.595089999999999453e-01
5.899000000000000000e+03 9.424529999999999852e-01
5.908000000000000000e+03 9.195790000000000353e-01
5.917000000000000000e+03 8.929979999999999585e-01
5.926000000000000000e+03 8.661950000000000482e-01
5.935000000000000000e+03 8.396679999999999700e-01
5.944000000000000000e+03 8.181969999999999521e-01
5.953000000000000000e+03 8.013660000000000228e-01
5.962000000000000000e+03 7.857450000000000268e-01
5.971000000000000000e+03 7.706180000000000252e-01
5.980000000000000000e+03 7.573100000000000387e-01
5.989000000000000000e+03 7.462349999999999817e-01
5.998000000000000000e+03 7.361079999999999846e-01
6.007000000000000000e+03 7.227230000000000043e-01
6.016000000000000000e+03 7.072040000000000548e-01
6.025000000000000000e+03 6.948600000000000332e-01
6.034000000000000000e+03 6.827379999999999560e-01
6.043000000000000000e+03 6.690439999999999721e-01
6.052000000000000000e+03 6.544010000000000105e-01
6.061000000000000000e+03 6.374809999999999643e-01
6.070000000000000000e+03 6.207420000000000160e-01
6.079000000000000000e+03 6.018660000000000121e-01
6.088000000000000000e+03 5.826409999999999645e-01
6.097000000000000000e+03 5.635339999999999794e-01
6.106000000000000000e+03 5.464550000000000241e-01
6.115000000000000000e+03 5.277779999999999694e-01
6.124000000000000000e+03 5.054750000000000076e-01
6.133000000000000000e+03 4.808069999999999844e-01
6.142000000000000000e+03 4.519469999999999876e-01
6.151000000000000000e+03 4.199490000000000167e-01
6.160000000000000000e+03 3.828250000000000264e-01
6.169000000000000000e+03 3.460469999999999935e-01
6.178000000000000000e+03 3.122650000000000148e-01
6.187000000000000000e+03 2.812680000000000180e-01
6.196000000000000000e+03 2.540299999999999780e-01
6.205000000000000000e+03 2.293240000000000001e-01
6.214000000000000000e+03 2.051840000000000053e-01
6.223000000000000000e+03 1.810940000000000050e-01
6.232000000000000000e+03 1.581809999999999883e-01
6.241000000000000000e+03 1.364960000000000062e-01
6.250000000000000000e+03 1.174970000000000042e-01
6.259000000000000000e+03 1.000609999999999972e-01
6.268000000000000000e+03 8.385620000000000573e-02
6.277000000000000000e+03 6.968679999999999319e-02
6.286000000000000000e+03 5.758590000000000236e-02
6.295000000000000000e+03 4.784870000000000095e-02
6.304000000000000000e+03 3.991050000000000153e-02
6.313000000000000000e+03 3.366720000000000129e-02
6.322000000000000000e+03 2.922229999999999966e-02
6.331000000000000000e+03 2.612149999999999889e-02
6.340000000000000000e+03 2.418779999999999888e-02
6.349000000000000000e+03 2.289640000000000078e-02
6.358000000000000000e+03 2.188319999999999849e-02
6.367000000000000000e+03 2.098500000000000018e-02
6.376000000000000000e+03 2.049110000000000167e-02
6.385000000000000000e+03 2.021620000000000014e-02
6.394000000000000000e+03 1.999400000000000135e-02
6.403000000000000000e+03 1.966539999999999955e-02
6.412000000000000000e+03 1.905350000000000099e-02
6.421000000000000000e+03 1.845240000000000075e-02
6.430000000000000000e+03 1.779029999999999848e-02
6.439000000000000000e+03 1.725499999999999950e-02
6.448000000000000000e+03 1.684309999999999974e-02
6.457000000000000000e+03 1.650679999999999856e-02
6.466000000000000000e+03 1.617820000000000022e-02
6.475000000000000000e+03 1.582880000000000051e-02
6.484000000000000000e+03 1.548129999999999992e-02
6.493000000000000000e+03 1.508480000000000064e-02
6.502000000000000000e+03 1.467019999999999956e-02
6.511000000000000000e+03 1.424120000000000073e-02
6.520000000000000000e+03 1.378470000000000042e-02
6.529000000000000000e+03 1.329709999999999920e-02
6.538000000000000000e+03 1.278529999999999944e-02
6.547000000000000000e+03 1.225180000000000019e-02
6.556000000000000000e+03 1.172360000000000069e-02
6.565000000000000000e+03 1.120110000000000029e-02
6.574000000000000000e+03 1.068509999999999946e-02
6.583000000000000000e+03 1.016300000000000016e-02
6.592000000000000000e+03 9.634339999999999918e-03
6.601000000000000000e+03 9.103289999999999993e-03
6.610000000000000000e+03 8.578229999999999189e-03
6.619000000000000000e+03 8.056630000000000388e-03
6.628000000000000000e+03 7.537959999999999799e-03
6.637000000000000000e+03 7.005260000000000133e-03
6.646000000000000000e+03 6.460389999999999883e-03
6.655000000000000000e+03 5.909120000000000344e-03
6.664000000000000000e+03 5.360819999999999648e-03
6.673000000000000000e+03 4.821800000000000218e-03
6.682000000000000000e+03 4.283529999999999803e-03
6.691000000000000000e+03 3.744770000000000130e-03
6.700000000000000000e+03 3.235880000000000006e-03
6.709000000000000000e+03 2.763279999999999903e-03
6.718000000000000000e+03 2.094030000000000197e-03
6.727000000000000000e+03 1.341919999999999918e-03
6.736000000000000000e+03 8.097550000000000017e-04
6.745000000000000000e+03 2.482590000000000231e-04
6.754000000000000000e+03 5.162140000000000012e-05
6.763000000000000000e+03 5.299629999999999944e-05
6.772000000000000000e+03 5.395309999999999679e-05
6.781000000000000000e+03 5.536520000000000314e-05
6.790000000000000000e+03 5.328210000000000270e-05
6.799000000000000000e+03 4.815979999999999925e-05
6.808000000000000000e+03 4.618010000000000192e-05
6.817000000000000000e+03 3.780969999999999817e-05
6.826000000000000000e+03 2.616780000000000042e-05
6.835000000000000000e+03 2.372129999999999936e-05
6.844000000000000000e+03 2.535650000000000024e-05
6.853000000000000000e+03 2.602240000000000008e-05
6.862000000000000000e+03 2.094309999999999943e-05
6.871000000000000000e+03 1.159619999999999919e-05
6.880000000000000000e+03 3.314239999999999798e-06
