1.977950000000000000e+04 0.000000000000000000e+00
1.981950000000000000e+04 2.379830000000000049e-06
1.985950000000000000e+04 1.741120000000000027e-05
1.989950000000000000e+04 3.759679999999999891e-05
1.993950000000000000e+04 5.313090000000000320e-05
1.997950000000000000e+04 6.051060000000000303e-05
2.001950000000000000e+04 5.982169999999999681e-05
2.005950000000000000e+04 6.948879999999999781e-05
2.009950000000000000e+04 8.800120000000000034e-05
2.013950000000000000e+04 1.134130000000000066e-04
2.017950000000000000e+04 1.491960000000000129e-04
2.021950000000000000e+04 2.185699999999999893e-04
2.025950000000000000e+04 3.092689999999999827e-04
2.029950000000000000e+04 4.441770000000000267e-04
2.033950000000000000e+04 6.302229999999999594e-04
2.037950000000000000e+04 9.571029999999999469e-04
2.041950000000000000e+04 1.389920000000000001e-03
2.045950000000000000e+04 2.053370000000000108e-03
2.049950000000000000e+04 2.905739999999999972e-03
2.053950000000000000e+04 4.204199999999999951e-03
2.057950000000000000e+04 5.909130000000000285e-03
2.061950000000000000e+04 8.634440000000000170e-03
2.065950000000000000e+04 1.239080000000000042e-02
2.069950000000000000e+04 1.871760000000000090e-02
2.073950000000000000e+04 2.718910000000000077e-02
2.077950000000000000e+04 4.018059999999999687e-02
2.081950000000000000e+04 5.545060000000000267e-02
2.085950000000000000e+04 7.253469999999999362e-02
2.089950000000000000e+04 9.068210000000000159e-02
2.093950000000000000e+04 1.082479999999999970e-01
2.097950000000000000e+04 1.271609999999999963e-01
2.101950000000000000e+04 1.484340000000000104e-01
2.105950000000000000e+04 1.715220000000000078e-01
2.109950000000000000e+04 1.985879999999999868e-01
2.113950000000000000e+04 2.253259999999999985e-01
2.117950000000000000e+04 2.535229999999999984e-01
2.121950000000000000e+04 2.806710000000000038e-01
2.125950000000000000e+04 3.048930000000000251e-01
2.129950000000000000e+04 3.292149999999999799e-01
2.133950000000000000e+04 3.502560000000000118e-01
2.137950000000000000e+04 3.699339999999999851e-01
2.141950000000000000e+04 3.887889999999999957e-01
2.145950000000000000e+04 4.058530000000000193e-01
2.149950000000000000e+04 4.232239999999999891e-01
2.153950000000000000e+04 4.415189999999999948e-01
2.157950000000000000e+04 4.588389999999999969e-01
2.161950000000000000e+04 4.755730000000000235e-01
2.165950000000000000e+04 4.885390000000000010e-01
2.169950000000000000e+04 4.979939999999999922e-01
2.173950000000000000e+04 5.043760000000000465e-01
2.177950000000000000e+04 5.093800000000000550e-01
2.181950000000000000e+04 5.146020000000000039e-01
2.185950000000000000e+04 5.208289999999999864e-01
2.189950000000000000e+04 5.296410000000000284e-01
2.193950000000000000e+04 5.394820000000000171e-01
2.197950000000000000e+04 5.513099999999999667e-01
2.201950000000000000e+04 5.637140000000000484e-01
2.205950000000000000e+04 5.769349999999999756e-01
2.209950000000000000e+04 5.904369999999999896e-01
2.213950000000000000e+04 6.059470000000000134e-01
2.217950000000000000e+04 6.221309999999999896e-01
2.221950000000000000e+04 6.404180000000000428e-01
2.225950000000000000e+04 6.601339999999999986e-01
2.229950000000000000e+04 6.789119999999999600e-01
2.233950000000000000e+04 6.982340000000000213e-01
2.237950000000000000e+04 7.160090000000000066e-01
2.241950000000000000e+04 7.327850000000000197e-01
2.245950000000000000e+04 7.484549999999999814e-01
2.249950000000000000e+04 7.630909999999999638e-01
2.253950000000000000e+04 7.758140000000000036e-01
2.257950000000000000e+04 7.877199999999999758e-01
2.261950000000000000e+04 7.986609999999999543e-01
2.265950000000000000e+04 8.096050000000000191e-01
2.269950000000000000e+04 8.215339999999999865e-01
2.273950000000000000e+04 8.339320000000000066e-01
2.277950000000000000e+04 8.475930000000000408e-01
2.281950000000000000e+04 8.608320000000000416e-01
2.285950000000000000e+04 8.722659999999999858e-01
2.289950000000000000e+04 8.831949999999999523e-01
2.293950000000000000e+04 8.905499999999999527e-01
2.297950000000000000e+04 8.976319999999999855e-01
2.301950000000000000e+04 9.026819999999999844e-01
2.305950000000000000e+04 9.074489999999999501e-01
2.309950000000000000e+04 9.117929999999999646e-01
2.313950000000000000e+04 9.160329999999999862e-01
2.317950000000000000e+04 9.209389999999999521e-01
2.321950000000000000e+04 9.263730000000000020e-01
2.325950000000000000e+04 9.322869999999999768e-01
2.329950000000000000e+04 9.385609999999999786e-01
2.333950000000000000e+04 9.451770000000000449e-01
2.337950000000000000e+04 9.516989999999999617e-01
2.341950000000000000e+04 9.580769999999999564e-01
2.345950000000000000e+04 9.645129999999999537e-01
2.349950000000000000e+04 9.706059999999999688e-01
2.353950000000000000e+04 9.767850000000000144e-01
2.357950000000000000e+04 9.820990000000000553e-01
2.361950000000000000e+04 9.868519999999999515e-01
2.365950000000000000e+04 9.906279999999999530e-01
2.369950000000000000e+04 9.934380000000000432e-01
2.373950000000000000e+04 9.958069999999999977e-01
2.377950000000000000e+04 9.972299999999999498e-01
2.381950000000000000e+04 9.982699999999999907e-01
2.385950000000000000e+04 9.989900000000000446e-01
2.389950000000000000e+04 9.996209999999999818e-01
2.393950000000000000e+04 1.000000000000000000e+00
2.397950000000000000e+04 9.997230000000000283e-01
2.401950000000000000e+04 9.985939999999999817e-01
2.405950000000000000e+04 9.964030000000000387e-01
2.409950000000000000e+04 9.937340000000000062e-01
2.413950000000000000e+04 9.908649999999999958e-01
2.417950000000000000e+04 9.882659999999999778e-01
2.421950000000000000e+04 9.863490000000000313e-01
2.425950000000000000e+04 9.851199999999999957e-01
2.429950000000000000e+04 9.846719999999999917e-01
2.433950000000000000e+04 9.847139999999999782e-01
2.437950000000000000e+04 9.849849999999999994e-01
2.441950000000000000e+04 9.851079999999999837e-01
2.445950000000000000e+04 9.853340000000000432e-01
2.449950000000000000e+04 9.858029999999999848e-01
2.453950000000000000e+04 9.862699999999999800e-01
2.457950000000000000e+04 9.872039999999999704e-01
2.461950000000000000e+04 9.884720000000000173e-01
2.465950000000000000e+04 9.902750000000000163e-01
2.469950000000000000e+04 9.920879999999999699e-01
2.473950000000000000e+04 9.940409999999999524e-01
2.477950000000000000e+04 9.962309999999999777e-01
2.481950000000000000e+04 9.976390000000000535e-01
2.485950000000000000e+04 9.984030000000000404e-01
2.489950000000000000e+04 9.982020000000000337e-01
2.493950000000000000e+04 9.973720000000000363e-01
2.497950000000000000e+04 9.964870000000000116e-01
2.501950000000000000e+04 9.957279999999999465e-01
2.505950000000000000e+04 9.951710000000000278e-01
2.509950000000000000e+04 9.948150000000000048e-01
2.513950000000000000e+04 9.943319999999999936e-01
2.517950000000000000e+04 9.935279999999999667e-01
2.521950000000000000e+04 9.922130000000000116e-01
2.525950000000000000e+04 9.902739999999999876e-01
2.529950000000000000e+04 9.878270000000000106e-01
2.533950000000000000e+04 9.847850000000000215e-01
2.537950000000000000e+04 9.813150000000000484e-01
2.541950000000000000e+04 9.773739999999999650e-01
2.545950000000000000e+04 9.733720000000000150e-01
2.549950000000000000e+04 9.693580000000000529e-01
2.553950000000000000e+04 9.656150000000000011e-01
2.557950000000000000e+04 9.620389999999999775e-01
2.561950000000000000e+04 9.584869999999999779e-01
2.565950000000000000e+04 9.547959999999999781e-01
2.569950000000000000e+04 9.500480000000000036e-01
2.573950000000000000e+04 9.446679999999999522e-01
2.577950000000000000e+04 9.374700000000000255e-01
2.581950000000000000e+04 9.296980000000000244e-01
2.585950000000000000e+04 9.203670000000000462e-01
2.589950000000000000e+04 9.112569999999999837e-01
2.593950000000000000e+04 9.031489999999999796e-01
2.597950000000000000e+04 8.953630000000000200e-01
2.601950000000000000e+04 8.880660000000000220e-01
2.605950000000000000e+04 8.769360000000000488e-01
2.609950000000000000e+04 8.606350000000000389e-01
2.613950000000000000e+04 8.423939999999999761e-01
2.617950000000000000e+04 8.231789999999999941e-01
2.621950000000000000e+04 8.078400000000000025e-01
2.625950000000000000e+04 7.966800000000000548e-01
2.629950000000000000e+04 7.868509999999999671e-01
2.633950000000000000e+04 7.775410000000000377e-01
2.637950000000000000e+04 7.651229999999999976e-01
2.641950000000000000e+04 7.520360000000000378e-01
2.645950000000000000e+04 7.334479999999999889e-01
2.649950000000000000e+04 7.116019999999999568e-01
2.653950000000000000e+04 6.914059999999999651e-01
2.657950000000000000e+04 6.681230000000000224e-01
2.661950000000000000e+04 6.473029999999999617e-01
2.665950000000000000e+04 6.268890000000000295e-01
2.669950000000000000e+04 6.057310000000000194e-01
2.673950000000000000e+04 5.852129999999999832e-01
2.677950000000000000e+04 5.639420000000000543e-01
2.681950000000000000e+04 5.441709999999999603e-01
2.685950000000000000e+04 5.251639999999999642e-01
2.689950000000000000e+04 5.100989999999999691e-01
2.693950000000000000e+04 4.997240000000000015e-01
2.697950000000000000e+04 4.869660000000000100e-01
2.701950000000000000e+04 4.699849999999999861e-01
2.705950000000000000e+04 4.509360000000000035e-01
2.709950000000000000e+04 4.323629999999999973e-01
2.713950000000000000e+04 4.161540000000000239e-01
2.717950000000000000e+04 4.042069999999999830e-01
2.721950000000000000e+04 3.944900000000000073e-01
2.725950000000000000e+04 3.855850000000000111e-01
2.729950000000000000e+04 3.768380000000000063e-01
2.733950000000000000e+04 3.692920000000000091e-01
2.737950000000000000e+04 3.623210000000000042e-01
2.741950000000000000e+04 3.559300000000000241e-01
2.745950000000000000e+04 3.496299999999999963e-01
2.749950000000000000e+04 3.434639999999999915e-01
2.753950000000000000e+04 3.370639999999999747e-01
2.757950000000000000e+04 3.306970000000000187e-01
2.761950000000000000e+04 3.245939999999999936e-01
2.765950000000000000e+04 3.188610000000000055e-01
2.769950000000000000e+04 3.127349999999999852e-01
2.773950000000000000e+04 3.065720000000000112e-01
2.777950000000000000e+04 2.983379999999999921e-01
2.781950000000000000e+04 2.870570000000000066e-01
2.785950000000000000e+04 2.749360000000000137e-01
2.789950000000000000e+04 2.588599999999999790e-01
2.793950000000000000e+04 2.423140000000000016e-01
2.797950000000000000e+04 2.273380000000000123e-01
2.801950000000000000e+04 2.124270000000000047e-01
2.805950000000000000e+04 1.994209999999999872e-01
2.809950000000000000e+04 1.866839999999999888e-01
2.813950000000000000e+04 1.722480000000000122e-01
2.817950000000000000e+04 1.576299999999999923e-01
2.821950000000000000e+04 1.437190000000000134e-01
2.825950000000000000e+04 1.326779999999999904e-01
2.829950000000000000e+04 1.246150000000000035e-01
2.833950000000000000e+04 1.179150000000000059e-01
2.837950000000000000e+04 1.099470000000000031e-01
2.841950000000000000e+04 1.025749999999999995e-01
2.845950000000000000e+04 9.304510000000000558e-02
2.849950000000000000e+04 8.077049999999999508e-02
2.853950000000000000e+04 6.945010000000000072e-02
2.857950000000000000e+04 5.390360000000000290e-02
2.861950000000000000e+04 3.941379999999999884e-02
2.865950000000000000e+04 2.703880000000000172e-02
2.869950000000000000e+04 1.614350000000000160e-02
2.873950000000000000e+04 9.043900000000000550e-03
2.877950000000000000e+04 5.194800000000000285e-03
2.881950000000000000e+04 2.584980000000000177e-03
2.885950000000000000e+04 1.098889999999999936e-03
2.889950000000000000e+04 7.481099999999999914e-05
2.893950000000000000e+04 1.515590000000000002e-05
2.897950000000000000e+04 6.498329999999999665e-06
2.901950000000000000e+04 2.639429999999999965e-07
