1.822200000000000000e+04 0.000000000000000000e+00
1.825900000000000000e+04 3.300060000000000130e-06
1.829600000000000000e+04 2.731420000000000015e-05
1.833300000000000000e+04 5.490019999999999997e-05
1.837000000000000000e+04 9.058219999999999477e-05
1.840700000000000000e+04 1.519539999999999888e-04
1.844400000000000000e+04 2.175079999999999917e-04
1.848100000000000000e+04 2.936559999999999952e-04
1.851800000000000000e+04 4.978680000000000518e-04
1.855500000000000000e+04 7.960660000000000045e-04
1.859200000000000000e+04 1.613999999999999983e-03
1.862900000000000000e+04 2.710699999999999915e-03
1.866600000000000000e+04 4.427099999999999785e-03
1.870300000000000000e+04 6.406610000000000082e-03
1.874000000000000000e+04 8.517159999999999315e-03
1.877700000000000000e+04 1.065739999999999917e-02
1.881400000000000000e+04 1.268380000000000028e-02
1.885100000000000000e+04 1.466119999999999923e-02
1.888800000000000000e+04 1.619160000000000044e-02
1.892500000000000000e+04 1.757030000000000050e-02
1.896200000000000000e+04 1.828180000000000083e-02
1.899900000000000000e+04 1.908320000000000155e-02
1.903600000000000000e+04 2.015899999999999984e-02
1.907300000000000000e+04 2.193480000000000082e-02
1.911000000000000000e+04 2.536769999999999997e-02
1.914700000000000000e+04 3.015879999999999950e-02
1.918400000000000000e+04 3.725119999999999820e-02
1.922100000000000000e+04 4.682959999999999900e-02
1.925800000000000000e+04 5.859849999999999781e-02
1.929500000000000000e+04 7.437560000000000004e-02
1.933200000000000000e+04 9.150890000000000413e-02
1.936900000000000000e+04 1.133090000000000069e-01
1.940600000000000000e+04 1.368219999999999992e-01
1.944300000000000000e+04 1.658810000000000007e-01
1.948000000000000000e+04 1.980129999999999946e-01
1.951700000000000000e+04 2.327519999999999867e-01
1.955400000000000000e+04 2.665409999999999724e-01
1.959100000000000000e+04 2.965679999999999983e-01
1.962800000000000000e+04 3.217249999999999832e-01
1.966500000000000000e+04 3.421420000000000017e-01
1.970200000000000000e+04 3.610099999999999976e-01
1.973900000000000000e+04 3.795189999999999952e-01
1.977600000000000000e+04 3.985699999999999799e-01
1.981300000000000000e+04 4.178330000000000100e-01
1.985000000000000000e+04 4.364069999999999894e-01
1.988700000000000000e+04 4.535170000000000035e-01
1.992400000000000000e+04 4.702430000000000221e-01
1.996100000000000000e+04 4.861300000000000066e-01
1.999800000000000000e+04 5.035690000000000444e-01
2.003500000000000000e+04 5.204590000000000050e-01
2.007200000000000000e+04 5.378730000000000455e-01
2.010900000000000000e+04 5.544729999999999936e-01
2.014600000000000000e+04 5.697600000000000442e-01
2.018300000000000000e+04 5.843970000000000553e-01
2.022000000000000000e+04 5.978360000000000340e-01
2.025700000000000000e+04 6.111940000000000150e-01
2.029400000000000000e+04 6.236920000000000242e-01
2.033100000000000000e+04 6.367610000000000214e-01
2.036800000000000000e+04 6.495189999999999575e-01
2.040500000000000000e+04 6.630230000000000290e-01
2.044200000000000000e+04 6.753029999999999866e-01
2.047900000000000000e+04 6.861909999999999954e-01
2.051600000000000000e+04 6.955000000000000071e-01
2.055300000000000000e+04 7.024249999999999661e-01
2.059000000000000000e+04 7.098379999999999690e-01
2.062700000000000000e+04 7.189720000000000555e-01
2.066400000000000000e+04 7.305589999999999584e-01
2.070100000000000000e+04 7.466789999999999816e-01
2.073800000000000000e+04 7.656600000000000072e-01
2.077500000000000000e+04 7.849509999999999543e-01
2.081200000000000000e+04 8.046489999999999476e-01
2.084900000000000000e+04 8.214489999999999847e-01
2.088600000000000000e+04 8.350990000000000357e-01
2.092300000000000000e+04 8.463929999999999509e-01
2.096000000000000000e+04 8.543859999999999788e-01
2.099700000000000000e+04 8.604540000000000521e-01
2.103400000000000000e+04 8.641640000000000432e-01
2.107100000000000000e+04 8.666160000000000529e-01
2.110800000000000000e+04 8.680330000000000545e-01
2.114500000000000000e+04 8.698649999999999993e-01
2.118200000000000000e+04 8.727899999999999547e-01
2.121900000000000000e+04 8.764210000000000056e-01
2.125600000000000000e+04 8.817270000000000385e-01
2.129300000000000000e+04 8.872700000000000031e-01
2.133000000000000000e+04 8.941620000000000124e-01
2.136700000000000000e+04 9.012829999999999453e-01
2.140400000000000000e+04 9.089049999999999629e-01
2.144100000000000000e+04 9.165649999999999631e-01
2.147800000000000000e+04 9.243999999999999995e-01
2.151500000000000000e+04 9.325849999999999973e-01
2.155200000000000000e+04 9.402800000000000047e-01
2.158900000000000000e+04 9.481699999999999573e-01
2.162600000000000000e+04 9.549159999999999870e-01
2.166300000000000000e+04 9.608750000000000346e-01
2.170000000000000000e+04 9.653699999999999504e-01
2.173700000000000000e+04 9.688569999999999682e-01
2.177400000000000000e+04 9.716960000000000042e-01
2.181100000000000000e+04 9.741490000000000427e-01
2.184800000000000000e+04 9.764530000000000154e-01
2.188500000000000000e+04 9.783619999999999539e-01
2.192200000000000000e+04 9.799700000000000077e-01
2.195900000000000000e+04 9.808390000000000164e-01
2.199600000000000000e+04 9.816369999999999818e-01
2.203300000000000000e+04 9.819440000000000390e-01
2.207000000000000000e+04 9.820130000000000248e-01
2.210700000000000000e+04 9.818580000000000085e-01
2.214400000000000000e+04 9.812910000000000244e-01
2.218100000000000000e+04 9.807719999999999771e-01
2.221800000000000000e+04 9.802560000000000162e-01
2.225500000000000000e+04 9.797460000000000058e-01
2.229200000000000000e+04 9.798350000000000115e-01
2.232900000000000000e+04 9.801220000000000487e-01
2.236600000000000000e+04 9.810100000000000486e-01
2.240300000000000000e+04 9.822779999999999845e-01
2.244000000000000000e+04 9.837050000000000516e-01
2.247700000000000000e+04 9.853169999999999984e-01
2.251400000000000000e+04 9.865390000000000548e-01
2.255100000000000000e+04 9.876840000000000064e-01
2.258800000000000000e+04 9.882760000000000433e-01
2.262500000000000000e+04 9.888780000000000348e-01
2.266200000000000000e+04 9.896679999999999922e-01
2.269900000000000000e+04 9.905110000000000303e-01
2.273600000000000000e+04 9.916800000000000059e-01
2.277300000000000000e+04 9.930759999999999588e-01
2.281000000000000000e+04 9.946650000000000214e-01
2.284700000000000000e+04 9.961839999999999584e-01
2.288400000000000000e+04 9.974049999999999860e-01
2.292100000000000000e+04 9.988099999999999756e-01
2.295800000000000000e+04 9.997399999999999620e-01
2.299500000000000000e+04 1.000000000000000000e+00
2.303200000000000000e+04 9.995739999999999625e-01
2.306900000000000000e+04 9.984459999999999447e-01
2.310600000000000000e+04 9.969240000000000324e-01
2.314300000000000000e+04 9.949569999999999803e-01
2.318000000000000000e+04 9.927920000000000078e-01
2.321700000000000000e+04 9.907740000000000435e-01
2.325400000000000000e+04 9.886909999999999865e-01
2.329100000000000000e+04 9.859320000000000306e-01
2.332800000000000000e+04 9.827869999999999662e-01
2.336500000000000000e+04 9.789510000000000156e-01
2.340200000000000000e+04 9.746979999999999533e-01
2.343900000000000000e+04 9.700950000000000406e-01
2.347600000000000000e+04 9.655299999999999994e-01
2.351300000000000000e+04 9.611610000000000431e-01
2.355000000000000000e+04 9.573270000000000390e-01
2.358700000000000000e+04 9.542289999999999939e-01
2.362400000000000000e+04 9.515339999999999909e-01
2.366100000000000000e+04 9.496130000000000404e-01
2.369800000000000000e+04 9.480420000000000513e-01
2.373500000000000000e+04 9.455000000000000071e-01
2.377200000000000000e+04 9.415980000000000461e-01
2.380900000000000000e+04 9.343920000000000003e-01
2.384600000000000000e+04 9.236569999999999503e-01
2.388300000000000000e+04 9.095950000000000424e-01
2.392000000000000000e+04 8.920700000000000296e-01
2.395700000000000000e+04 8.708759999999999835e-01
2.399400000000000000e+04 8.458839999999999693e-01
2.403100000000000000e+04 8.154069999999999929e-01
2.406800000000000000e+04 7.815640000000000365e-01
2.410500000000000000e+04 7.449970000000000203e-01
2.414200000000000000e+04 7.097780000000000200e-01
2.417900000000000000e+04 6.785240000000000160e-01
2.421600000000000000e+04 6.503579999999999917e-01
2.425300000000000000e+04 6.280799999999999716e-01
2.429000000000000000e+04 6.061170000000000169e-01
2.432700000000000000e+04 5.865270000000000206e-01
2.436400000000000000e+04 5.659440000000000026e-01
2.440100000000000000e+04 5.459249999999999936e-01
2.443800000000000000e+04 5.253299999999999637e-01
2.447500000000000000e+04 5.019489999999999785e-01
2.451200000000000000e+04 4.786020000000000274e-01
2.454900000000000000e+04 4.563349999999999906e-01
2.458600000000000000e+04 4.378589999999999982e-01
2.462300000000000000e+04 4.243830000000000102e-01
2.466000000000000000e+04 4.156099999999999794e-01
2.469700000000000000e+04 4.078289999999999971e-01
2.473400000000000000e+04 4.015349999999999753e-01
2.477100000000000000e+04 3.937820000000000209e-01
2.480800000000000000e+04 3.855180000000000273e-01
2.484500000000000000e+04 3.770080000000000098e-01
2.488200000000000000e+04 3.687549999999999994e-01
2.491900000000000000e+04 3.629809999999999981e-01
2.495600000000000000e+04 3.590539999999999843e-01
2.499300000000000000e+04 3.554889999999999994e-01
2.503000000000000000e+04 3.519880000000000231e-01
2.506700000000000000e+04 3.474340000000000206e-01
2.510400000000000000e+04 3.394110000000000182e-01
2.514100000000000000e+04 3.305960000000000010e-01
2.517800000000000000e+04 3.205089999999999884e-01
2.521500000000000000e+04 3.100849999999999995e-01
2.525200000000000000e+04 3.003799999999999804e-01
2.528900000000000000e+04 2.889599999999999946e-01
2.532600000000000000e+04 2.766930000000000223e-01
2.536300000000000000e+04 2.657240000000000157e-01
2.540000000000000000e+04 2.575729999999999964e-01
2.543700000000000000e+04 2.514569999999999861e-01
2.547400000000000000e+04 2.466700000000000004e-01
2.551100000000000000e+04 2.382039999999999991e-01
2.554800000000000000e+04 2.293820000000000026e-01
2.558500000000000000e+04 2.158839999999999926e-01
2.562200000000000000e+04 1.996219999999999939e-01
2.565900000000000000e+04 1.846250000000000113e-01
2.569600000000000000e+04 1.683469999999999966e-01
2.573300000000000000e+04 1.554149999999999976e-01
2.577000000000000000e+04 1.445110000000000006e-01
2.580700000000000000e+04 1.345580000000000109e-01
2.584400000000000000e+04 1.265890000000000071e-01
2.588100000000000000e+04 1.176949999999999941e-01
2.591800000000000000e+04 1.084070000000000034e-01
2.595500000000000000e+04 9.709539999999999837e-02
2.599200000000000000e+04 8.016389999999999627e-02
2.602900000000000000e+04 6.118230000000000196e-02
2.606600000000000000e+04 4.318249999999999866e-02
2.610300000000000000e+04 2.646379999999999913e-02
2.614000000000000000e+04 1.524469999999999992e-02
2.617700000000000000e+04 9.057600000000000720e-03
2.621400000000000000e+04 4.767139999999999572e-03
2.625100000000000000e+04 1.907000000000000058e-03
2.628800000000000000e+04 3.079159999999999840e-04
2.632500000000000000e+04 9.447719999999999729e-05
2.636200000000000000e+04 6.620730000000000560e-05
2.639900000000000000e+04 4.684060000000000009e-05
2.643600000000000000e+04 3.129000000000000027e-05
2.647300000000000000e+04 2.995970000000000049e-05
2.651000000000000000e+04 3.082919999999999953e-05
2.654700000000000000e+04 3.191709999999999974e-05
2.658400000000000000e+04 2.891759999999999906e-05
2.662100000000000000e+04 1.369980000000000053e-05
2.665800000000000000e+04 1.007879999999999996e-06
