2.276500000000000000e+03 0.000000000000000000e+00
2.282500000000000000e+03 1.045680000000000083e-06
2.288500000000000000e+03 4.131730000000000165e-06
2.294500000000000000e+03 6.996580000000000358e-06
2.300500000000000000e+03 1.009829999999999952e-05
2.306500000000000000e+03 1.301779999999999927e-05
2.312500000000000000e+03 1.383420000000000046e-05
2.318500000000000000e+03 1.430760000000000003e-05
2.324500000000000000e+03 1.489900000000000084e-05
2.330500000000000000e+03 1.551280000000000164e-05
2.336500000000000000e+03 1.611190000000000069e-05
2.342500000000000000e+03 1.668879999999999851e-05
2.348500000000000000e+03 1.707659999999999842e-05
2.354500000000000000e+03 1.740540000000000110e-05
2.360500000000000000e+03 1.745310000000000066e-05
2.366500000000000000e+03 1.737649999999999872e-05
2.372500000000000000e+03 1.714440000000000140e-05
2.378500000000000000e+03 1.680969999999999933e-05
2.384500000000000000e+03 1.646849999999999996e-05
2.390500000000000000e+03 1.610479999999999868e-05
2.396500000000000000e+03 1.590810000000000105e-05
2.402500000000000000e+03 1.583019999999999965e-05
2.408500000000000000e+03 1.595760000000000117e-05
2.414500000000000000e+03 1.635709999999999963e-05
2.420500000000000000e+03 1.684260000000000032e-05
2.426500000000000000e+03 1.752069999999999981e-05
2.432500000000000000e+03 1.812260000000000162e-05
2.438500000000000000e+03 1.861660000000000062e-05
2.444500000000000000e+03 1.895429999999999909e-05
2.450500000000000000e+03 1.886370000000000034e-05
2.456500000000000000e+03 1.859640000000000037e-05
2.462500000000000000e+03 1.776459999999999929e-05
2.468500000000000000e+03 1.680529999999999985e-05
2.474500000000000000e+03 1.545350000000000036e-05
2.480500000000000000e+03 1.401939999999999998e-05
2.486500000000000000e+03 1.255839999999999990e-05
2.492500000000000000e+03 1.110359999999999987e-05
2.498500000000000000e+03 9.919699999999999232e-06
2.504500000000000000e+03 8.833449999999999256e-06
2.510500000000000000e+03 8.160740000000000745e-06
2.516500000000000000e+03 7.678289999999999969e-06
2.522500000000000000e+03 7.569289999999999826e-06
2.528500000000000000e+03 7.699030000000000722e-06
2.534500000000000000e+03 8.059019999999999964e-06
2.540500000000000000e+03 8.632520000000000487e-06
2.546500000000000000e+03 9.251069999999999842e-06
2.552500000000000000e+03 9.971239999999999758e-06
2.558500000000000000e+03 1.060209999999999968e-05
2.564500000000000000e+03 1.116720000000000042e-05
2.570500000000000000e+03 1.152810000000000064e-05
2.576500000000000000e+03 1.163600000000000006e-05
2.582500000000000000e+03 1.154130000000000078e-05
2.588500000000000000e+03 1.104050000000000043e-05
2.594500000000000000e+03 1.045790000000000028e-05
2.600500000000000000e+03 9.616299999999999731e-06
2.606500000000000000e+03 8.744740000000000575e-06
2.612500000000000000e+03 7.880269999999999346e-06
2.618500000000000000e+03 7.039560000000000072e-06
2.624500000000000000e+03 6.316470000000000021e-06
2.630500000000000000e+03 5.651579999999999683e-06
2.636500000000000000e+03 5.182250000000000231e-06
2.642500000000000000e+03 4.764389999999999797e-06
2.648500000000000000e+03 4.469600000000000371e-06
2.654500000000000000e+03 4.250910000000000098e-06
2.660500000000000000e+03 4.070199999999999587e-06
2.666500000000000000e+03 3.910279999999999939e-06
2.672500000000000000e+03 3.783119999999999957e-06
2.678500000000000000e+03 3.676869999999999916e-06
2.684500000000000000e+03 3.565369999999999798e-06
2.690500000000000000e+03 3.467439999999999873e-06
2.696500000000000000e+03 3.377329999999999816e-06
2.702500000000000000e+03 3.277980000000000081e-06
2.708500000000000000e+03 3.168609999999999890e-06
2.714500000000000000e+03 3.065889999999999881e-06
2.720500000000000000e+03 2.972340000000000158e-06
2.726500000000000000e+03 2.871090000000000068e-06
2.732500000000000000e+03 2.758989999999999905e-06
2.738500000000000000e+03 2.651209999999999982e-06
2.744500000000000000e+03 2.557949999999999794e-06
2.750500000000000000e+03 2.465370000000000165e-06
2.756500000000000000e+03 2.383680000000000021e-06
2.762500000000000000e+03 2.342849999999999939e-06
2.768500000000000000e+03 2.311609999999999879e-06
2.774500000000000000e+03 2.306119999999999953e-06
2.780500000000000000e+03 2.487989999999999874e-06
2.786500000000000000e+03 3.282159999999999844e-06
2.792500000000000000e+03 4.187490000000000289e-06
2.798500000000000000e+03 5.619560000000000115e-06
2.804500000000000000e+03 7.135719999999999842e-06
2.810500000000000000e+03 8.789839999999999516e-06
2.816500000000000000e+03 1.095349999999999940e-05
2.822500000000000000e+03 1.182220000000000008e-05
2.828500000000000000e+03 1.148460000000000012e-05
2.834500000000000000e+03 1.118519999999999923e-05
2.840500000000000000e+03 1.093729999999999945e-05
2.846500000000000000e+03 1.077819999999999957e-05
2.852500000000000000e+03 1.195639999999999957e-05
2.858500000000000000e+03 1.393729999999999953e-05
2.864500000000000000e+03 1.457559999999999984e-05
2.870500000000000000e+03 1.470880000000000053e-05
2.876500000000000000e+03 1.493479999999999972e-05
2.882500000000000000e+03 1.517400000000000075e-05
2.888500000000000000e+03 1.545200000000000046e-05
2.894500000000000000e+03 1.577510000000000080e-05
2.900500000000000000e+03 1.604199999999999989e-05
2.906500000000000000e+03 1.624310000000000039e-05
2.912500000000000000e+03 1.629300000000000138e-05
2.918500000000000000e+03 1.631900000000000080e-05
2.924500000000000000e+03 1.620859999999999928e-05
2.930500000000000000e+03 1.589220000000000007e-05
2.936500000000000000e+03 1.554839999999999838e-05
2.942500000000000000e+03 1.516010000000000076e-05
2.948500000000000000e+03 1.485230000000000008e-05
2.954500000000000000e+03 1.465049999999999975e-05
2.960500000000000000e+03 1.450930000000000015e-05
2.966500000000000000e+03 1.446119999999999971e-05
2.972500000000000000e+03 1.443300000000000056e-05
2.978500000000000000e+03 1.443659999999999998e-05
2.984500000000000000e+03 1.441029999999999991e-05
2.990500000000000000e+03 1.436549999999999993e-05
2.996500000000000000e+03 1.437900000000000074e-05
3.002500000000000000e+03 1.440709999999999967e-05
3.008500000000000000e+03 1.454699999999999980e-05
3.014500000000000000e+03 1.475980000000000055e-05
3.020500000000000000e+03 1.506079999999999987e-05
3.026500000000000000e+03 1.533089999999999919e-05
3.032500000000000000e+03 1.551299999999999869e-05
3.038500000000000000e+03 1.570459999999999868e-05
3.044500000000000000e+03 1.586770000000000056e-05
3.050500000000000000e+03 1.603030000000000134e-05
3.056500000000000000e+03 1.619090000000000112e-05
3.062500000000000000e+03 1.624040000000000124e-05
3.068500000000000000e+03 1.625039999999999945e-05
3.074500000000000000e+03 1.624160000000000049e-05
3.080500000000000000e+03 1.624889999999999955e-05
3.086500000000000000e+03 1.631290000000000097e-05
3.092500000000000000e+03 1.644430000000000110e-05
3.098500000000000000e+03 1.667649999999999864e-05
3.104500000000000000e+03 1.691639999999999951e-05
3.110500000000000000e+03 1.716300000000000152e-05
3.116500000000000000e+03 1.743920000000000068e-05
3.122500000000000000e+03 1.773580000000000051e-05
3.128500000000000000e+03 1.799860000000000077e-05
3.134500000000000000e+03 1.826669999999999911e-05
3.140500000000000000e+03 1.850690000000000063e-05
3.146500000000000000e+03 1.878070000000000130e-05
3.152500000000000000e+03 1.908680000000000164e-05
3.158500000000000000e+03 1.964910000000000132e-05
3.164500000000000000e+03 2.038239999999999987e-05
3.170500000000000000e+03 2.110320000000000151e-05
3.176500000000000000e+03 2.188490000000000116e-05
3.182500000000000000e+03 2.269069999999999944e-05
3.188500000000000000e+03 2.345040000000000167e-05
3.194500000000000000e+03 2.434940000000000102e-05
3.200500000000000000e+03 2.540450000000000046e-05
3.206500000000000000e+03 2.658629999999999988e-05
3.212500000000000000e+03 2.783400000000000151e-05
3.218500000000000000e+03 2.915310000000000045e-05
3.224500000000000000e+03 3.049039999999999864e-05
3.230500000000000000e+03 3.194389999999999751e-05
3.236500000000000000e+03 3.367670000000000234e-05
3.242500000000000000e+03 3.566920000000000062e-05
3.248500000000000000e+03 3.771779999999999995e-05
3.254500000000000000e+03 3.991489999999999963e-05
3.260500000000000000e+03 4.243839999999999673e-05
3.266500000000000000e+03 4.530590000000000273e-05
3.272500000000000000e+03 4.849230000000000326e-05
3.278500000000000000e+03 5.198940000000000066e-05
3.284500000000000000e+03 5.607180000000000074e-05
3.290500000000000000e+03 6.068799999999999900e-05
3.296500000000000000e+03 6.617439999999999445e-05
3.302500000000000000e+03 7.242479999999999816e-05
3.308500000000000000e+03 7.965360000000000593e-05
3.314500000000000000e+03 8.760950000000000204e-05
3.320500000000000000e+03 9.657540000000000373e-05
3.326500000000000000e+03 1.050159999999999988e-04
3.332500000000000000e+03 1.152040000000000036e-04
3.338500000000000000e+03 1.280090000000000004e-04
3.344500000000000000e+03 1.436519999999999995e-04
3.350500000000000000e+03 1.618269999999999941e-04
3.356500000000000000e+03 1.841579999999999942e-04
3.362500000000000000e+03 2.104350000000000003e-04
3.368500000000000000e+03 2.404639999999999935e-04
3.374500000000000000e+03 2.744910000000000253e-04
3.380500000000000000e+03 3.562589999999999919e-04
3.386500000000000000e+03 4.805720000000000196e-04
3.392500000000000000e+03 6.174070000000000469e-04
3.398500000000000000e+03 7.899969999999999649e-04
3.404500000000000000e+03 1.066349999999999980e-03
3.410500000000000000e+03 1.421439999999999943e-03
3.416500000000000000e+03 1.823720000000000029e-03
3.422500000000000000e+03 2.313239999999999828e-03
3.428500000000000000e+03 2.944519999999999950e-03
3.434500000000000000e+03 3.670899999999999944e-03
3.440500000000000000e+03 4.505150000000000300e-03
3.446500000000000000e+03 5.481569999999999845e-03
3.452500000000000000e+03 6.577170000000000238e-03
3.458500000000000000e+03 7.819480000000000181e-03
3.464500000000000000e+03 9.253960000000000310e-03
3.470500000000000000e+03 1.093260000000000065e-02
3.476500000000000000e+03 1.274600000000000039e-02
3.482500000000000000e+03 1.480229999999999914e-02
3.488500000000000000e+03 1.716130000000000086e-02
3.494500000000000000e+03 1.981139999999999984e-02
3.500500000000000000e+03 2.278410000000000157e-02
3.506500000000000000e+03 2.602640000000000162e-02
3.512500000000000000e+03 2.962419999999999984e-02
3.518500000000000000e+03 3.346360000000000307e-02
3.524500000000000000e+03 3.766280000000000322e-02
3.530500000000000000e+03 4.212040000000000228e-02
3.536500000000000000e+03 4.686470000000000219e-02
3.542500000000000000e+03 5.183569999999999844e-02
3.548500000000000000e+03 5.697750000000000037e-02
3.554500000000000000e+03 6.230000000000000121e-02
3.560500000000000000e+03 6.764749999999999930e-02
3.566500000000000000e+03 7.313640000000000418e-02
3.572500000000000000e+03 7.859570000000000445e-02
3.578500000000000000e+03 8.405999999999999583e-02
3.584500000000000000e+03 8.940929999999999711e-02
3.590500000000000000e+03 9.468580000000000052e-02
3.596500000000000000e+03 9.980239999999999945e-02
3.602500000000000000e+03 1.047420000000000018e-01
3.608500000000000000e+03 1.095050000000000051e-01
3.614500000000000000e+03 1.139600000000000057e-01
3.620500000000000000e+03 1.181309999999999999e-01
3.626500000000000000e+03 1.218859999999999943e-01
3.632500000000000000e+03 1.251170000000000060e-01
3.638500000000000000e+03 1.277250000000000052e-01
3.644500000000000000e+03 1.298940000000000095e-01
3.650500000000000000e+03 1.315389999999999893e-01
3.656500000000000000e+03 1.324770000000000114e-01
3.662500000000000000e+03 1.333239999999999981e-01
3.668500000000000000e+03 1.335909999999999875e-01
3.674500000000000000e+03 1.335500000000000020e-01
3.680500000000000000e+03 1.338399999999999868e-01
3.686500000000000000e+03 1.342009999999999870e-01
3.692500000000000000e+03 1.345840000000000092e-01
3.698500000000000000e+03 1.350200000000000011e-01
3.704500000000000000e+03 1.353109999999999868e-01
3.710500000000000000e+03 1.354879999999999973e-01
3.716500000000000000e+03 1.356809999999999961e-01
3.722500000000000000e+03 1.359360000000000013e-01
3.728500000000000000e+03 1.363840000000000052e-01
3.734500000000000000e+03 1.368419999999999914e-01
3.740500000000000000e+03 1.374110000000000054e-01
3.746500000000000000e+03 1.382549999999999890e-01
3.752500000000000000e+03 1.392180000000000084e-01
3.758500000000000000e+03 1.403230000000000033e-01
3.764500000000000000e+03 1.419199999999999906e-01
3.770500000000000000e+03 1.441379999999999884e-01
3.776500000000000000e+03 1.477829999999999977e-01
3.782500000000000000e+03 1.534320000000000128e-01
3.788500000000000000e+03 1.629390000000000005e-01
3.794500000000000000e+03 1.775500000000000134e-01
3.800500000000000000e+03 2.004519999999999913e-01
3.806500000000000000e+03 2.334090000000000054e-01
3.812500000000000000e+03 2.789579999999999838e-01
3.818500000000000000e+03 3.375719999999999832e-01
3.824500000000000000e+03 4.078399999999999803e-01
3.830500000000000000e+03 4.867259999999999920e-01
3.836500000000000000e+03 5.715679999999999650e-01
3.842500000000000000e+03 6.546650000000000524e-01
3.848500000000000000e+03 7.337010000000000476e-01
3.854500000000000000e+03 7.991289999999999782e-01
3.860500000000000000e+03 8.520060000000000411e-01
3.866500000000000000e+03 8.908610000000000140e-01
3.872500000000000000e+03 9.158720000000000194e-01
3.878500000000000000e+03 9.348670000000000035e-01
3.884500000000000000e+03 9.448419999999999597e-01
3.890500000000000000e+03 9.524099999999999788e-01
3.896500000000000000e+03 9.584880000000000067e-01
3.902500000000000000e+03 9.651729999999999476e-01
3.908500000000000000e+03 9.729379999999999695e-01
3.914500000000000000e+03 9.811060000000000336e-01
3.920500000000000000e+03 9.877500000000000169e-01
3.926500000000000000e+03 9.927730000000000166e-01
3.932500000000000000e+03 9.963689999999999491e-01
3.938500000000000000e+03 9.976669999999999705e-01
3.944500000000000000e+03 9.988609999999999989e-01
3.950500000000000000e+03 1.000000000000000000e+00
3.956500000000000000e+03 9.999360000000000470e-01
3.962500000000000000e+03 9.986279999999999601e-01
3.968500000000000000e+03 9.953469999999999818e-01
3.974500000000000000e+03 9.895639999999999992e-01
3.980500000000000000e+03 9.780929999999999902e-01
3.986500000000000000e+03 9.594080000000000386e-01
3.992500000000000000e+03 9.287819999999999965e-01
3.998500000000000000e+03 8.864849999999999675e-01
4.004500000000000000e+03 8.290779999999999816e-01
4.010500000000000000e+03 7.596300000000000274e-01
4.016500000000000000e+03 6.825539999999999941e-01
4.022500000000000000e+03 5.993359999999999799e-01
4.028500000000000000e+03 5.168610000000000149e-01
4.034500000000000000e+03 4.354020000000000112e-01
4.040500000000000000e+03 3.622929999999999762e-01
4.046500000000000000e+03 2.984780000000000211e-01
4.052500000000000000e+03 2.486639999999999961e-01
4.058500000000000000e+03 2.097299999999999998e-01
4.064500000000000000e+03 1.819280000000000064e-01
4.070500000000000000e+03 1.626259999999999928e-01
4.076500000000000000e+03 1.494099999999999873e-01
4.082500000000000000e+03 1.400849999999999873e-01
4.088500000000000000e+03 1.332879999999999898e-01
4.094500000000000000e+03 1.287480000000000013e-01
4.100500000000000000e+03 1.253789999999999905e-01
4.106500000000000000e+03 1.231840000000000018e-01
4.112500000000000000e+03 1.214510000000000034e-01
4.118500000000000000e+03 1.201710000000000000e-01
4.124500000000000000e+03 1.189640000000000003e-01
4.130500000000000000e+03 1.177480000000000054e-01
4.136500000000000000e+03 1.161920000000000036e-01
4.142500000000000000e+03 1.146879999999999983e-01
4.148500000000000000e+03 1.134479999999999933e-01
4.154500000000000000e+03 1.121199999999999974e-01
4.160500000000000000e+03 1.108429999999999971e-01
4.166500000000000000e+03 1.096580000000000055e-01
4.172500000000000000e+03 1.085030000000000022e-01
4.178500000000000000e+03 1.074299999999999977e-01
4.184500000000000000e+03 1.064490000000000020e-01
4.190500000000000000e+03 1.055360000000000048e-01
4.196500000000000000e+03 1.046149999999999997e-01
4.202500000000000000e+03 1.036640000000000061e-01
4.208500000000000000e+03 1.027089999999999947e-01
4.214500000000000000e+03 1.018749999999999933e-01
4.220500000000000000e+03 1.010729999999999962e-01
4.226500000000000000e+03 1.001419999999999949e-01
4.232500000000000000e+03 9.918620000000000214e-02
4.238500000000000000e+03 9.823429999999999662e-02
4.244500000000000000e+03 9.718870000000000287e-02
4.250500000000000000e+03 9.606699999999999962e-02
4.256500000000000000e+03 9.467580000000000440e-02
4.262500000000000000e+03 9.309109999999999607e-02
4.268500000000000000e+03 9.109949999999999992e-02
4.274500000000000000e+03 8.884949999999999792e-02
4.280500000000000000e+03 8.610320000000000473e-02
4.286500000000000000e+03 8.301039999999999808e-02
4.292500000000000000e+03 7.953549999999999509e-02
4.298500000000000000e+03 7.573929999999999552e-02
4.304500000000000000e+03 7.164629999999999610e-02
4.310500000000000000e+03 6.725879999999999359e-02
4.316500000000000000e+03 6.273259999999999947e-02
4.322500000000000000e+03 5.805029999999999912e-02
4.328500000000000000e+03 5.333940000000000209e-02
4.334500000000000000e+03 4.859490000000000337e-02
4.340500000000000000e+03 4.393310000000000271e-02
4.346500000000000000e+03 3.940189999999999665e-02
4.352500000000000000e+03 3.504440000000000333e-02
4.358500000000000000e+03 3.093539999999999832e-02
4.364500000000000000e+03 2.707210000000000172e-02
4.370500000000000000e+03 2.355190000000000061e-02
4.376500000000000000e+03 2.030919999999999948e-02
4.382500000000000000e+03 1.740689999999999946e-02
4.388500000000000000e+03 1.482600000000000064e-02
4.394500000000000000e+03 1.257780000000000009e-02
4.400500000000000000e+03 1.060760000000000002e-02
4.406500000000000000e+03 8.937030000000000321e-03
4.412500000000000000e+03 7.504440000000000242e-03
4.418500000000000000e+03 6.311190000000000376e-03
4.424500000000000000e+03 5.291470000000000375e-03
4.430500000000000000e+03 4.477710000000000197e-03
4.436500000000000000e+03 3.781459999999999943e-03
4.442500000000000000e+03 3.204980000000000068e-03
4.448500000000000000e+03 2.701470000000000087e-03
4.454500000000000000e+03 2.299400000000000055e-03
4.460500000000000000e+03 1.940129999999999980e-03
4.466500000000000000e+03 1.647330000000000018e-03
4.472500000000000000e+03 1.363459999999999932e-03
4.478500000000000000e+03 9.901639999999999747e-04
4.484500000000000000e+03 6.842120000000000146e-04
4.490500000000000000e+03 5.863570000000000240e-04
4.496500000000000000e+03 5.215340000000000384e-04
4.502500000000000000e+03 4.487270000000000017e-04
4.508500000000000000e+03 3.677029999999999860e-04
4.514500000000000000e+03 3.038860000000000107e-04
4.520500000000000000e+03 2.642300000000000096e-04
4.526500000000000000e+03 2.305329999999999966e-04
4.532500000000000000e+03 2.144930000000000079e-04
4.538500000000000000e+03 1.952199999999999910e-04
4.544500000000000000e+03 1.669049999999999885e-04
4.550500000000000000e+03 1.449339999999999917e-04
4.556500000000000000e+03 1.380649999999999868e-04
4.562500000000000000e+03 1.340070000000000063e-04
4.568500000000000000e+03 1.268519999999999977e-04
4.574500000000000000e+03 1.150170000000000001e-04
4.580500000000000000e+03 1.051009999999999954e-04
4.586500000000000000e+03 1.000519999999999968e-04
4.592500000000000000e+03 8.549579999999999550e-05
4.598500000000000000e+03 6.721919999999999501e-05
4.604500000000000000e+03 5.857369999999999791e-05
4.610500000000000000e+03 5.268780000000000062e-05
4.616500000000000000e+03 3.460489999999999796e-05
4.622500000000000000e+03 1.395259999999999919e-05
4.628500000000000000e+03 6.737659999999999625e-06
4.634500000000000000e+03 6.458519999999999787e-06
4.640500000000000000e+03 6.487529999999999701e-06
4.646500000000000000e+03 6.526339999999999927e-06
4.652500000000000000e+03 6.545390000000000194e-06
4.658500000000000000e+03 6.567589999999999744e-06
4.664500000000000000e+03 6.590770000000000088e-06
4.670500000000000000e+03 6.624820000000000211e-06
4.676500000000000000e+03 6.650330000000000073e-06
4.682500000000000000e+03 6.642980000000000050e-06
4.688500000000000000e+03 6.631530000000000355e-06
4.694500000000000000e+03 6.614080000000000209e-06
4.700500000000000000e+03 6.595640000000000263e-06
4.706500000000000000e+03 6.576879999999999955e-06
4.712500000000000000e+03 6.539010000000000265e-06
4.718500000000000000e+03 6.460359999999999756e-06
4.724500000000000000e+03 6.310950000000000114e-06
4.730500000000000000e+03 5.968190000000000028e-06
4.736500000000000000e+03 5.689719999999999626e-06
4.742500000000000000e+03 5.647050000000000423e-06
4.748500000000000000e+03 5.610389999999999828e-06
4.754500000000000000e+03 5.421839999999999745e-06
4.760500000000000000e+03 5.152850000000000140e-06
4.766500000000000000e+03 5.241199999999999895e-06
4.772500000000000000e+03 5.538039999999999581e-06
4.778500000000000000e+03 5.835769999999999693e-06
4.784500000000000000e+03 6.127349999999999873e-06
4.790500000000000000e+03 6.329629999999999908e-06
4.796500000000000000e+03 6.617350000000000264e-06
4.802500000000000000e+03 6.883709999999999692e-06
4.808500000000000000e+03 7.137509999999999702e-06
4.814500000000000000e+03 7.368399999999999620e-06
4.820500000000000000e+03 7.448830000000000136e-06
4.826500000000000000e+03 7.503900000000000271e-06
4.832500000000000000e+03 7.530150000000000232e-06
4.838500000000000000e+03 7.571749999999999969e-06
4.844500000000000000e+03 7.656509999999999306e-06
4.850500000000000000e+03 7.763830000000000508e-06
4.856500000000000000e+03 7.884790000000000448e-06
4.862500000000000000e+03 7.988920000000000415e-06
4.868500000000000000e+03 8.085189999999999410e-06
4.874500000000000000e+03 8.180980000000000402e-06
4.880500000000000000e+03 8.288140000000000576e-06
4.886500000000000000e+03 8.415939999999999589e-06
4.892500000000000000e+03 8.543790000000000407e-06
4.898500000000000000e+03 8.653300000000000651e-06
4.904500000000000000e+03 8.736530000000000530e-06
4.910500000000000000e+03 8.804870000000000624e-06
4.916500000000000000e+03 8.874370000000000552e-06
4.922500000000000000e+03 8.964469999999999909e-06
4.928500000000000000e+03 9.065249999999999307e-06
4.934500000000000000e+03 9.152669999999999225e-06
4.940500000000000000e+03 9.189939999999999294e-06
4.946500000000000000e+03 9.203520000000000610e-06
4.952500000000000000e+03 9.221610000000000635e-06
4.958500000000000000e+03 9.258019999999999835e-06
4.964500000000000000e+03 9.328969999999999553e-06
4.970500000000000000e+03 9.373579999999999792e-06
4.976500000000000000e+03 9.421290000000000052e-06
4.982500000000000000e+03 9.472869999999999988e-06
4.988500000000000000e+03 9.538489999999999540e-06
4.994500000000000000e+03 9.656499999999999787e-06
5.000500000000000000e+03 9.772299999999999593e-06
5.006500000000000000e+03 9.884499999999999976e-06
5.012500000000000000e+03 9.981389999999999992e-06
5.018500000000000000e+03 1.006530000000000001e-05
5.024500000000000000e+03 1.016040000000000016e-05
5.030500000000000000e+03 1.025139999999999980e-05
5.036500000000000000e+03 1.033999999999999926e-05
5.042500000000000000e+03 1.042049999999999959e-05
5.048500000000000000e+03 1.045720000000000044e-05
5.054500000000000000e+03 1.043049999999999949e-05
5.060500000000000000e+03 1.041930000000000034e-05
5.066500000000000000e+03 1.045199999999999920e-05
5.072500000000000000e+03 1.051200000000000032e-05
5.078500000000000000e+03 1.059390000000000033e-05
5.084500000000000000e+03 1.060790000000000054e-05
5.090500000000000000e+03 1.058599999999999995e-05
5.096500000000000000e+03 1.038489999999999945e-05
5.102500000000000000e+03 8.258400000000000417e-06
5.108500000000000000e+03 5.864160000000000280e-06
5.114500000000000000e+03 5.334759999999999894e-06
5.120500000000000000e+03 5.349570000000000011e-06
5.126500000000000000e+03 5.125819999999999824e-06
5.132500000000000000e+03 2.972669999999999950e-06
5.138500000000000000e+03 5.569800000000000019e-07
