3.427500000000000000e+03 0.000000000000000000e+00
3.435500000000000000e+03 1.086690000000000051e-06
3.443500000000000000e+03 3.608379999999999916e-06
3.451500000000000000e+03 4.842609999999999871e-06
3.459500000000000000e+03 4.625559999999999976e-06
3.467500000000000000e+03 4.391709999999999665e-06
3.475500000000000000e+03 4.141830000000000289e-06
3.483500000000000000e+03 4.025899999999999859e-06
3.491500000000000000e+03 4.018410000000000207e-06
3.499500000000000000e+03 4.011450000000000362e-06
3.507500000000000000e+03 4.005789999999999979e-06
3.515500000000000000e+03 4.063929999999999730e-06
3.523500000000000000e+03 4.162620000000000305e-06
3.531500000000000000e+03 4.345270000000000157e-06
3.539500000000000000e+03 4.569100000000000011e-06
3.547500000000000000e+03 6.938870000000000194e-06
3.555500000000000000e+03 1.278490000000000019e-05
3.563500000000000000e+03 1.486969999999999927e-05
3.571500000000000000e+03 1.488839999999999962e-05
3.579500000000000000e+03 1.482889999999999960e-05
3.587500000000000000e+03 1.473689999999999946e-05
3.595500000000000000e+03 1.449380000000000004e-05
3.603500000000000000e+03 1.437519999999999918e-05
3.611500000000000000e+03 1.447610000000000020e-05
3.619500000000000000e+03 1.460579999999999999e-05
3.627500000000000000e+03 1.602690000000000066e-05
3.635500000000000000e+03 2.175960000000000085e-05
3.643500000000000000e+03 2.544620000000000042e-05
3.651500000000000000e+03 2.546310000000000020e-05
3.659500000000000000e+03 2.563709999999999888e-05
3.667500000000000000e+03 2.586210000000000096e-05
3.675500000000000000e+03 2.591020000000000139e-05
3.683500000000000000e+03 2.597300000000000018e-05
3.691500000000000000e+03 2.620350000000000077e-05
3.699500000000000000e+03 2.644600000000000057e-05
3.707500000000000000e+03 2.668349999999999956e-05
3.715500000000000000e+03 2.705389999999999859e-05
3.723500000000000000e+03 2.748150000000000107e-05
3.731500000000000000e+03 2.759489999999999900e-05
3.739500000000000000e+03 2.791149999999999865e-05
3.747500000000000000e+03 2.866279999999999940e-05
3.755500000000000000e+03 2.945010000000000116e-05
3.763500000000000000e+03 3.008530000000000145e-05
3.771500000000000000e+03 3.043450000000000143e-05
3.779500000000000000e+03 3.069279999999999860e-05
3.787500000000000000e+03 3.088669999999999686e-05
3.795500000000000000e+03 3.116889999999999900e-05
3.803500000000000000e+03 3.144800000000000113e-05
3.811500000000000000e+03 3.151089999999999675e-05
3.819500000000000000e+03 3.156610000000000259e-05
3.827500000000000000e+03 3.186399999999999850e-05
3.835500000000000000e+03 3.244320000000000136e-05
3.843500000000000000e+03 3.328519999999999770e-05
3.851500000000000000e+03 3.442680000000000046e-05
3.859500000000000000e+03 3.557740000000000262e-05
3.867500000000000000e+03 3.679820000000000286e-05
3.875500000000000000e+03 3.801659999999999783e-05
3.883500000000000000e+03 3.937969999999999839e-05
3.891500000000000000e+03 4.040780000000000299e-05
3.899500000000000000e+03 4.096459999999999739e-05
3.907500000000000000e+03 4.120039999999999944e-05
3.915500000000000000e+03 4.137500000000000281e-05
3.923500000000000000e+03 4.161320000000000334e-05
3.931500000000000000e+03 4.237349999999999673e-05
3.939500000000000000e+03 4.369319999999999698e-05
3.947500000000000000e+03 4.527410000000000077e-05
3.955500000000000000e+03 4.698469999999999757e-05
3.963500000000000000e+03 4.868849999999999979e-05
3.971500000000000000e+03 5.047379999999999776e-05
3.979500000000000000e+03 5.209609999999999746e-05
3.987500000000000000e+03 5.386530000000000078e-05
3.995500000000000000e+03 5.539989999999999791e-05
4.003500000000000000e+03 5.677030000000000092e-05
4.011500000000000000e+03 5.805910000000000118e-05
4.019500000000000000e+03 5.963600000000000297e-05
4.027500000000000000e+03 6.216430000000000382e-05
4.035500000000000000e+03 6.528439999999999450e-05
4.043500000000000000e+03 6.824960000000000466e-05
4.051500000000000000e+03 7.137470000000000630e-05
4.059500000000000000e+03 7.463940000000000234e-05
4.067500000000000000e+03 7.805720000000000204e-05
4.075500000000000000e+03 8.161950000000000010e-05
4.083500000000000000e+03 8.572049999999999353e-05
4.091500000000000000e+03 9.000070000000000043e-05
4.099500000000000000e+03 9.500669999999999959e-05
4.107500000000000000e+03 1.004700000000000054e-04
4.115500000000000000e+03 1.071310000000000014e-04
4.123500000000000000e+03 1.147170000000000064e-04
4.131500000000000000e+03 1.224870000000000082e-04
4.139500000000000000e+03 1.262409999999999997e-04
4.147500000000000000e+03 1.324150000000000121e-04
4.155500000000000000e+03 1.426900000000000043e-04
4.163500000000000000e+03 1.565329999999999868e-04
4.171500000000000000e+03 1.734999999999999889e-04
4.179500000000000000e+03 1.969700000000000064e-04
4.187500000000000000e+03 2.232419999999999880e-04
4.195500000000000000e+03 2.512330000000000119e-04
4.203500000000000000e+03 2.825020000000000135e-04
4.211500000000000000e+03 3.181260000000000099e-04
4.219500000000000000e+03 3.595280000000000177e-04
4.227500000000000000e+03 4.199280000000000222e-04
4.235500000000000000e+03 6.036779999999999620e-04
4.243500000000000000e+03 8.281780000000000521e-04
4.251500000000000000e+03 1.096970000000000063e-03
4.259500000000000000e+03 1.460509999999999933e-03
4.267500000000000000e+03 2.095309999999999968e-03
4.275500000000000000e+03 2.797200000000000120e-03
4.283500000000000000e+03 3.676420000000000122e-03
4.291500000000000000e+03 4.637310000000000390e-03
4.299500000000000000e+03 5.826529999999999904e-03
4.307500000000000000e+03 7.144610000000000023e-03
4.315500000000000000e+03 8.762739999999999765e-03
4.323500000000000000e+03 1.046640000000000070e-02
4.331500000000000000e+03 1.241270000000000047e-02
4.339500000000000000e+03 1.445319999999999938e-02
4.347500000000000000e+03 1.673219999999999916e-02
4.355500000000000000e+03 1.910950000000000149e-02
4.363500000000000000e+03 2.165409999999999904e-02
4.371500000000000000e+03 2.424820000000000100e-02
4.379500000000000000e+03 2.692900000000000155e-02
4.387500000000000000e+03 2.964870000000000005e-02
4.395500000000000000e+03 3.243399999999999755e-02
4.403500000000000000e+03 3.531560000000000255e-02
4.411500000000000000e+03 3.834749999999999964e-02
4.419500000000000000e+03 4.149599999999999816e-02
4.427500000000000000e+03 4.474790000000000018e-02
4.435500000000000000e+03 4.840389999999999970e-02
4.443500000000000000e+03 5.244080000000000269e-02
4.451500000000000000e+03 5.743020000000000069e-02
4.459500000000000000e+03 6.335520000000000040e-02
4.467500000000000000e+03 7.116970000000000240e-02
4.475500000000000000e+03 8.105840000000000267e-02
4.483500000000000000e+03 9.382390000000000174e-02
4.491500000000000000e+03 1.094760000000000039e-01
4.499500000000000000e+03 1.292190000000000005e-01
4.507500000000000000e+03 1.506240000000000079e-01
4.515500000000000000e+03 1.745029999999999915e-01
4.523500000000000000e+03 1.974029999999999951e-01
4.531500000000000000e+03 2.206140000000000045e-01
4.539500000000000000e+03 2.427839999999999998e-01
4.547500000000000000e+03 2.641950000000000132e-01
4.555500000000000000e+03 2.839780000000000082e-01
4.563500000000000000e+03 3.021739999999999982e-01
4.571500000000000000e+03 3.196109999999999784e-01
4.579500000000000000e+03 3.353340000000000209e-01
4.587500000000000000e+03 3.524200000000000110e-01
4.595500000000000000e+03 3.705160000000000120e-01
4.603500000000000000e+03 3.875689999999999968e-01
4.611500000000000000e+03 4.053709999999999813e-01
4.619500000000000000e+03 4.191549999999999998e-01
4.627500000000000000e+03 4.310789999999999900e-01
4.635500000000000000e+03 4.434779999999999833e-01
4.643500000000000000e+03 4.553679999999999950e-01
4.651500000000000000e+03 4.676139999999999741e-01
4.659500000000000000e+03 4.803990000000000204e-01
4.667500000000000000e+03 4.891119999999999912e-01
4.675500000000000000e+03 4.937670000000000115e-01
4.683500000000000000e+03 4.982860000000000067e-01
4.691500000000000000e+03 5.038139999999999841e-01
4.699500000000000000e+03 5.114929999999999755e-01
4.707500000000000000e+03 5.209329999999999794e-01
4.715500000000000000e+03 5.341270000000000184e-01
4.723500000000000000e+03 5.518629999999999924e-01
4.731500000000000000e+03 5.777860000000000218e-01
4.739500000000000000e+03 6.138160000000000283e-01
4.747500000000000000e+03 6.559160000000000545e-01
4.755500000000000000e+03 6.956369999999999498e-01
4.763500000000000000e+03 7.320069999999999633e-01
4.771500000000000000e+03 7.593579999999999774e-01
4.779500000000000000e+03 7.793569999999999665e-01
4.787500000000000000e+03 7.960230000000000361e-01
4.795500000000000000e+03 8.083789999999999587e-01
4.803500000000000000e+03 8.193639999999999812e-01
4.811500000000000000e+03 8.283369999999999900e-01
4.819500000000000000e+03 8.367059999999999498e-01
4.827500000000000000e+03 8.468080000000000052e-01
4.835500000000000000e+03 8.624899999999999789e-01
4.843500000000000000e+03 8.816730000000000400e-01
4.851500000000000000e+03 9.048370000000000024e-01
4.859500000000000000e+03 9.263569999999999860e-01
4.867500000000000000e+03 9.477910000000000501e-01
4.875500000000000000e+03 9.651980000000000004e-01
4.883500000000000000e+03 9.796690000000000120e-01
4.891500000000000000e+03 9.893089999999999939e-01
4.899500000000000000e+03 9.958399999999999475e-01
4.907500000000000000e+03 9.986610000000000209e-01
4.915500000000000000e+03 9.994669999999999943e-01
4.923500000000000000e+03 1.000000000000000000e+00
4.931500000000000000e+03 9.950059999999999460e-01
4.939500000000000000e+03 9.856899999999999551e-01
4.947500000000000000e+03 9.697900000000000409e-01
4.955500000000000000e+03 9.493179999999999952e-01
4.963500000000000000e+03 9.254139999999999588e-01
4.971500000000000000e+03 8.993090000000000250e-01
4.979500000000000000e+03 8.714420000000000499e-01
4.987500000000000000e+03 8.474669999999999703e-01
4.995500000000000000e+03 8.275529999999999831e-01
5.003500000000000000e+03 8.122009999999999508e-01
5.011500000000000000e+03 7.978159999999999696e-01
5.019500000000000000e+03 7.855309999999999793e-01
5.027500000000000000e+03 7.723219999999999530e-01
5.035500000000000000e+03 7.581250000000000488e-01
5.043500000000000000e+03 7.387230000000000185e-01
5.051500000000000000e+03 7.180079999999999796e-01
5.059500000000000000e+03 6.948330000000000339e-01
5.067500000000000000e+03 6.715229999999999810e-01
5.075500000000000000e+03 6.490629999999999455e-01
5.083500000000000000e+03 6.244880000000000431e-01
5.091500000000000000e+03 5.998989999999999601e-01
5.099500000000000000e+03 5.752850000000000463e-01
5.107500000000000000e+03 5.543620000000000214e-01
5.115500000000000000e+03 5.312670000000000448e-01
5.123500000000000000e+03 5.084429999999999783e-01
5.131500000000000000e+03 4.839749999999999885e-01
5.139500000000000000e+03 4.602160000000000140e-01
5.147500000000000000e+03 4.356579999999999897e-01
5.155500000000000000e+03 4.122430000000000261e-01
5.163500000000000000e+03 3.945569999999999911e-01
5.171500000000000000e+03 3.795930000000000137e-01
5.179500000000000000e+03 3.661650000000000182e-01
5.187500000000000000e+03 3.539100000000000024e-01
5.195500000000000000e+03 3.434479999999999755e-01
5.203500000000000000e+03 3.334980000000000167e-01
5.211500000000000000e+03 3.235689999999999955e-01
5.219500000000000000e+03 3.134529999999999816e-01
5.227500000000000000e+03 3.015289999999999915e-01
5.235500000000000000e+03 2.880309999999999815e-01
5.243500000000000000e+03 2.731720000000000259e-01
5.251500000000000000e+03 2.541370000000000018e-01
5.259500000000000000e+03 2.355659999999999976e-01
5.267500000000000000e+03 2.179989999999999983e-01
5.275500000000000000e+03 2.015540000000000109e-01
5.283500000000000000e+03 1.872429999999999928e-01
5.291500000000000000e+03 1.733169999999999988e-01
5.299500000000000000e+03 1.580259999999999998e-01
5.307500000000000000e+03 1.415859999999999896e-01
5.315500000000000000e+03 1.242090000000000000e-01
5.323500000000000000e+03 1.073780000000000012e-01
5.331500000000000000e+03 9.144120000000000026e-02
5.339500000000000000e+03 7.766570000000000418e-02
5.347500000000000000e+03 6.570399999999999852e-02
5.355500000000000000e+03 5.598020000000000079e-02
5.363500000000000000e+03 4.859779999999999656e-02
5.371500000000000000e+03 4.258130000000000248e-02
5.379500000000000000e+03 3.752830000000000055e-02
5.387500000000000000e+03 3.329649999999999971e-02
5.395500000000000000e+03 3.000299999999999842e-02
5.403500000000000000e+03 2.718620000000000064e-02
5.411500000000000000e+03 2.496309999999999849e-02
5.419500000000000000e+03 2.287250000000000047e-02
5.427500000000000000e+03 2.106819999999999873e-02
5.435500000000000000e+03 1.926129999999999856e-02
5.443500000000000000e+03 1.774840000000000098e-02
5.451500000000000000e+03 1.650240000000000040e-02
5.459500000000000000e+03 1.543369999999999985e-02
5.467500000000000000e+03 1.451719999999999920e-02
5.475500000000000000e+03 1.376520000000000001e-02
5.483500000000000000e+03 1.307870000000000039e-02
5.491500000000000000e+03 1.238099999999999964e-02
5.499500000000000000e+03 1.168899999999999974e-02
5.507500000000000000e+03 1.102099999999999955e-02
5.515500000000000000e+03 1.039200000000000020e-02
5.523500000000000000e+03 9.770179999999999837e-03
5.531500000000000000e+03 9.133640000000000161e-03
5.539500000000000000e+03 8.504869999999999444e-03
5.547500000000000000e+03 7.884969999999999826e-03
5.555500000000000000e+03 7.299680000000000231e-03
5.563500000000000000e+03 6.693639999999999833e-03
5.571500000000000000e+03 5.812340000000000041e-03
5.579500000000000000e+03 5.078410000000000216e-03
5.587500000000000000e+03 4.776729999999999865e-03
5.595500000000000000e+03 4.499849999999999683e-03
5.603500000000000000e+03 4.220940000000000282e-03
5.611500000000000000e+03 3.925090000000000003e-03
5.619500000000000000e+03 3.628500000000000215e-03
5.627500000000000000e+03 3.341470000000000030e-03
5.635500000000000000e+03 3.050039999999999956e-03
5.643500000000000000e+03 2.747209999999999930e-03
5.651500000000000000e+03 2.437390000000000216e-03
5.659500000000000000e+03 2.145240000000000081e-03
5.667500000000000000e+03 1.863499999999999922e-03
5.675500000000000000e+03 1.583060000000000066e-03
5.683500000000000000e+03 1.345319999999999893e-03
5.691500000000000000e+03 1.096559999999999896e-03
5.699500000000000000e+03 5.627720000000000118e-04
5.707500000000000000e+03 9.274739999999999905e-05
5.715500000000000000e+03 5.866180000000000136e-05
5.723500000000000000e+03 5.855310000000000018e-05
5.731500000000000000e+03 4.748490000000000339e-05
5.739500000000000000e+03 3.131560000000000219e-05
5.747500000000000000e+03 2.227440000000000141e-05
5.755500000000000000e+03 2.025069999999999908e-05
5.763500000000000000e+03 2.090879999999999876e-05
5.771500000000000000e+03 2.147289999999999900e-05
5.779500000000000000e+03 2.268279999999999906e-05
5.787500000000000000e+03 2.455259999999999935e-05
5.795500000000000000e+03 2.597670000000000152e-05
5.803500000000000000e+03 2.428649999999999863e-05
5.811500000000000000e+03 1.632040000000000048e-05
5.819500000000000000e+03 6.076479999999999630e-06
5.827500000000000000e+03 3.666529999999999944e-07
