2.452000000000000000e+03 0.000000000000000000e+00
2.457000000000000000e+03 4.287020000000000228e-07
2.462000000000000000e+03 1.689769999999999917e-06
2.467000000000000000e+03 2.741639999999999978e-06
2.472000000000000000e+03 3.012340000000000198e-06
2.477000000000000000e+03 4.084379999999999679e-06
2.482000000000000000e+03 5.127729999999999608e-06
2.487000000000000000e+03 5.155739999999999870e-06
2.492000000000000000e+03 4.992650000000000386e-06
2.497000000000000000e+03 4.869820000000000073e-06
2.502000000000000000e+03 4.740880000000000085e-06
2.507000000000000000e+03 4.657580000000000391e-06
2.512000000000000000e+03 4.659299999999999588e-06
2.517000000000000000e+03 4.700739999999999991e-06
2.522000000000000000e+03 4.750899999999999694e-06
2.527000000000000000e+03 4.852520000000000256e-06
2.532000000000000000e+03 5.005070000000000176e-06
2.537000000000000000e+03 5.132120000000000086e-06
2.542000000000000000e+03 5.275190000000000056e-06
2.547000000000000000e+03 5.431570000000000243e-06
2.552000000000000000e+03 5.546660000000000356e-06
2.557000000000000000e+03 5.613789999999999660e-06
2.562000000000000000e+03 5.636280000000000016e-06
2.567000000000000000e+03 5.621390000000000231e-06
2.572000000000000000e+03 5.514699999999999903e-06
2.577000000000000000e+03 5.349759999999999750e-06
2.582000000000000000e+03 5.210019999999999798e-06
2.587000000000000000e+03 5.025690000000000158e-06
2.592000000000000000e+03 4.826539999999999701e-06
2.597000000000000000e+03 4.696859999999999615e-06
2.602000000000000000e+03 4.605019999999999661e-06
2.607000000000000000e+03 4.527780000000000380e-06
2.612000000000000000e+03 4.513869999999999695e-06
2.617000000000000000e+03 4.508419999999999603e-06
2.622000000000000000e+03 4.503689999999999904e-06
2.627000000000000000e+03 4.499190000000000201e-06
2.632000000000000000e+03 4.494760000000000313e-06
2.637000000000000000e+03 4.490400000000000240e-06
2.642000000000000000e+03 4.486040000000000166e-06
2.647000000000000000e+03 4.481670000000000240e-06
2.652000000000000000e+03 4.477300000000000314e-06
2.657000000000000000e+03 4.472930000000000388e-06
2.662000000000000000e+03 4.468599999999999873e-06
2.667000000000000000e+03 4.464280000000000056e-06
2.672000000000000000e+03 4.460020000000000202e-06
2.677000000000000000e+03 4.455830000000000163e-06
2.682000000000000000e+03 4.451750000000000195e-06
2.687000000000000000e+03 4.447800000000000004e-06
2.692000000000000000e+03 4.444100000000000361e-06
2.697000000000000000e+03 4.440950000000000230e-06
2.702000000000000000e+03 4.437970000000000134e-06
2.707000000000000000e+03 4.435129999999999666e-06
2.712000000000000000e+03 4.432790000000000295e-06
2.717000000000000000e+03 4.430649999999999668e-06
2.722000000000000000e+03 4.428559999999999998e-06
2.727000000000000000e+03 4.426490000000000033e-06
2.732000000000000000e+03 4.424379999999999811e-06
2.737000000000000000e+03 4.422129999999999960e-06
2.742000000000000000e+03 4.419580000000000298e-06
2.747000000000000000e+03 4.417079999999999898e-06
2.752000000000000000e+03 4.415280000000000187e-06
2.757000000000000000e+03 4.417319999999999747e-06
2.762000000000000000e+03 4.500869999999999989e-06
2.767000000000000000e+03 4.615140000000000336e-06
2.772000000000000000e+03 4.727529999999999611e-06
2.777000000000000000e+03 4.865349999999999928e-06
2.782000000000000000e+03 5.068839999999999906e-06
2.787000000000000000e+03 5.240639999999999684e-06
2.792000000000000000e+03 5.421259999999999828e-06
2.797000000000000000e+03 5.667860000000000144e-06
2.802000000000000000e+03 5.889140000000000336e-06
2.807000000000000000e+03 6.095100000000000309e-06
2.812000000000000000e+03 6.339979999999999733e-06
2.817000000000000000e+03 6.624360000000000219e-06
2.822000000000000000e+03 6.900699999999999846e-06
2.827000000000000000e+03 7.203930000000000160e-06
2.832000000000000000e+03 7.553369999999999986e-06
2.837000000000000000e+03 7.890040000000000101e-06
2.842000000000000000e+03 8.227049999999999438e-06
2.847000000000000000e+03 8.616599999999999799e-06
2.852000000000000000e+03 9.112730000000000418e-06
2.857000000000000000e+03 9.634779999999999934e-06
2.862000000000000000e+03 1.018360000000000021e-05
2.867000000000000000e+03 1.077199999999999953e-05
2.872000000000000000e+03 1.148419999999999925e-05
2.877000000000000000e+03 1.228220000000000075e-05
2.882000000000000000e+03 1.315019999999999990e-05
2.887000000000000000e+03 1.418139999999999944e-05
2.892000000000000000e+03 1.531430000000000006e-05
2.897000000000000000e+03 1.662449999999999982e-05
2.902000000000000000e+03 1.805039999999999916e-05
2.907000000000000000e+03 1.971459999999999925e-05
2.912000000000000000e+03 2.148300000000000082e-05
2.917000000000000000e+03 2.352659999999999935e-05
2.922000000000000000e+03 2.582350000000000102e-05
2.927000000000000000e+03 2.831989999999999969e-05
2.932000000000000000e+03 3.109590000000000157e-05
2.937000000000000000e+03 3.416629999999999846e-05
2.942000000000000000e+03 3.786040000000000092e-05
2.947000000000000000e+03 4.179840000000000286e-05
2.952000000000000000e+03 4.647020000000000106e-05
2.957000000000000000e+03 5.757199999999999698e-05
2.962000000000000000e+03 1.560739999999999968e-04
2.967000000000000000e+03 2.821449999999999761e-04
2.972000000000000000e+03 4.167549999999999900e-04
2.977000000000000000e+03 5.570840000000000080e-04
2.982000000000000000e+03 7.667789999999999849e-04
2.987000000000000000e+03 1.058909999999999929e-03
2.992000000000000000e+03 1.385710000000000067e-03
2.997000000000000000e+03 1.790939999999999980e-03
3.002000000000000000e+03 2.211349999999999948e-03
3.007000000000000000e+03 2.681489999999999915e-03
3.012000000000000000e+03 3.160039999999999811e-03
3.017000000000000000e+03 3.646470000000000180e-03
3.022000000000000000e+03 4.138239999999999627e-03
3.027000000000000000e+03 4.690380000000000070e-03
3.032000000000000000e+03 5.341829999999999669e-03
3.037000000000000000e+03 5.977999999999999807e-03
3.042000000000000000e+03 6.623699999999999727e-03
3.047000000000000000e+03 7.382389999999999959e-03
3.052000000000000000e+03 8.299209999999999574e-03
3.057000000000000000e+03 9.315590000000000329e-03
3.062000000000000000e+03 1.044239999999999925e-02
3.067000000000000000e+03 1.170580000000000058e-02
3.072000000000000000e+03 1.309820000000000081e-02
3.077000000000000000e+03 1.464810000000000070e-02
3.082000000000000000e+03 1.630370000000000083e-02
3.087000000000000000e+03 1.816670000000000090e-02
3.092000000000000000e+03 2.011189999999999853e-02
3.097000000000000000e+03 2.225449999999999998e-02
3.102000000000000000e+03 2.448039999999999938e-02
3.107000000000000000e+03 2.685409999999999880e-02
3.112000000000000000e+03 2.931900000000000131e-02
3.117000000000000000e+03 3.185840000000000199e-02
3.122000000000000000e+03 3.452650000000000163e-02
3.127000000000000000e+03 3.721889999999999921e-02
3.132000000000000000e+03 3.996700000000000252e-02
3.137000000000000000e+03 4.270229999999999859e-02
3.142000000000000000e+03 4.543869999999999854e-02
3.147000000000000000e+03 4.815320000000000017e-02
3.152000000000000000e+03 5.075280000000000069e-02
3.157000000000000000e+03 5.333879999999999871e-02
3.162000000000000000e+03 5.579119999999999913e-02
3.167000000000000000e+03 5.817030000000000117e-02
3.172000000000000000e+03 6.043910000000000254e-02
3.177000000000000000e+03 6.253549999999999387e-02
3.182000000000000000e+03 6.453789999999999527e-02
3.187000000000000000e+03 6.630769999999999720e-02
3.192000000000000000e+03 6.794809999999999739e-02
3.197000000000000000e+03 6.926870000000000249e-02
3.202000000000000000e+03 7.031790000000000262e-02
3.207000000000000000e+03 7.114890000000000103e-02
3.212000000000000000e+03 7.158849999999999936e-02
3.217000000000000000e+03 7.194789999999999519e-02
3.222000000000000000e+03 7.230849999999999778e-02
3.227000000000000000e+03 7.260450000000000237e-02
3.232000000000000000e+03 7.268959999999999311e-02
3.237000000000000000e+03 7.277139999999999997e-02
3.242000000000000000e+03 7.299980000000000357e-02
3.247000000000000000e+03 7.321070000000000355e-02
3.252000000000000000e+03 7.349870000000000014e-02
3.257000000000000000e+03 7.378550000000000386e-02
3.262000000000000000e+03 7.401409999999999934e-02
3.267000000000000000e+03 7.414840000000000320e-02
3.272000000000000000e+03 7.429910000000000680e-02
3.277000000000000000e+03 7.458109999999999740e-02
3.282000000000000000e+03 7.491250000000000686e-02
3.287000000000000000e+03 7.523970000000000657e-02
3.292000000000000000e+03 7.557890000000000441e-02
3.297000000000000000e+03 7.597320000000000462e-02
3.302000000000000000e+03 7.630530000000000646e-02
3.307000000000000000e+03 7.679999999999999327e-02
3.312000000000000000e+03 7.764419999999999655e-02
3.317000000000000000e+03 7.902259999999999840e-02
3.322000000000000000e+03 8.061609999999999610e-02
3.327000000000000000e+03 8.334650000000000392e-02
3.332000000000000000e+03 8.768670000000000631e-02
3.337000000000000000e+03 9.475169999999999426e-02
3.342000000000000000e+03 1.062410000000000021e-01
3.347000000000000000e+03 1.232189999999999952e-01
3.352000000000000000e+03 1.487360000000000071e-01
3.357000000000000000e+03 1.830110000000000070e-01
3.362000000000000000e+03 2.275699999999999945e-01
3.367000000000000000e+03 2.813869999999999982e-01
3.372000000000000000e+03 3.430010000000000003e-01
3.377000000000000000e+03 4.118829999999999991e-01
3.382000000000000000e+03 4.826030000000000042e-01
3.387000000000000000e+03 5.560279999999999667e-01
3.392000000000000000e+03 6.277869999999999839e-01
3.397000000000000000e+03 6.978450000000000486e-01
3.402000000000000000e+03 7.628059999999999841e-01
3.407000000000000000e+03 8.212049999999999628e-01
3.412000000000000000e+03 8.700160000000000116e-01
3.417000000000000000e+03 9.090960000000000152e-01
3.422000000000000000e+03 9.370920000000000361e-01
3.427000000000000000e+03 9.548569999999999558e-01
3.432000000000000000e+03 9.650210000000000177e-01
3.437000000000000000e+03 9.709280000000000133e-01
3.442000000000000000e+03 9.754089999999999705e-01
3.447000000000000000e+03 9.793990000000000196e-01
3.452000000000000000e+03 9.832969999999999766e-01
3.457000000000000000e+03 9.882670000000000066e-01
3.462000000000000000e+03 9.931090000000000195e-01
3.467000000000000000e+03 9.970550000000000246e-01
3.472000000000000000e+03 9.999829999999999552e-01
3.477000000000000000e+03 1.000000000000000000e+00
3.482000000000000000e+03 9.982290000000000330e-01
3.487000000000000000e+03 9.947019999999999751e-01
3.492000000000000000e+03 9.895530000000000159e-01
3.497000000000000000e+03 9.803880000000000372e-01
3.502000000000000000e+03 9.686860000000000470e-01
3.507000000000000000e+03 9.519969999999999821e-01
3.512000000000000000e+03 9.309870000000000090e-01
3.517000000000000000e+03 9.029599999999999849e-01
3.522000000000000000e+03 8.639829999999999455e-01
3.527000000000000000e+03 8.169480000000000075e-01
3.532000000000000000e+03 7.635009999999999852e-01
3.537000000000000000e+03 7.067590000000000261e-01
3.542000000000000000e+03 6.479589999999999517e-01
3.547000000000000000e+03 5.854810000000000292e-01
3.552000000000000000e+03 5.220909999999999718e-01
3.557000000000000000e+03 4.561930000000000152e-01
3.562000000000000000e+03 3.904739999999999878e-01
3.567000000000000000e+03 3.286819999999999742e-01
3.572000000000000000e+03 2.707430000000000114e-01
3.577000000000000000e+03 2.220360000000000111e-01
3.582000000000000000e+03 1.824540000000000051e-01
3.587000000000000000e+03 1.511939999999999951e-01
3.592000000000000000e+03 1.282770000000000021e-01
3.597000000000000000e+03 1.108640000000000042e-01
3.602000000000000000e+03 9.924489999999999701e-02
3.607000000000000000e+03 9.082070000000000420e-02
3.612000000000000000e+03 8.548129999999999618e-02
3.617000000000000000e+03 8.136390000000000289e-02
3.622000000000000000e+03 7.809380000000000488e-02
3.627000000000000000e+03 7.559559999999999891e-02
3.632000000000000000e+03 7.389479999999999660e-02
3.637000000000000000e+03 7.238529999999999964e-02
3.642000000000000000e+03 7.125320000000000265e-02
3.647000000000000000e+03 7.054499999999999660e-02
3.652000000000000000e+03 6.993439999999999379e-02
3.657000000000000000e+03 6.927690000000000237e-02
3.662000000000000000e+03 6.857689999999999619e-02
3.667000000000000000e+03 6.784450000000000203e-02
3.672000000000000000e+03 6.708820000000000061e-02
3.677000000000000000e+03 6.622939999999999383e-02
3.682000000000000000e+03 6.541099999999999692e-02
3.687000000000000000e+03 6.452389999999999515e-02
3.692000000000000000e+03 6.356340000000000601e-02
3.697000000000000000e+03 6.247079999999999994e-02
3.702000000000000000e+03 6.129930000000000101e-02
3.707000000000000000e+03 5.999349999999999822e-02
3.712000000000000000e+03 5.865449999999999831e-02
3.717000000000000000e+03 5.723509999999999709e-02
3.722000000000000000e+03 5.582820000000000144e-02
3.727000000000000000e+03 5.440740000000000159e-02
3.732000000000000000e+03 5.300350000000000200e-02
3.737000000000000000e+03 5.159989999999999716e-02
3.742000000000000000e+03 5.022130000000000344e-02
3.747000000000000000e+03 4.879750000000000060e-02
3.752000000000000000e+03 4.746170000000000250e-02
3.757000000000000000e+03 4.607039999999999746e-02
3.762000000000000000e+03 4.469179999999999681e-02
3.767000000000000000e+03 4.324200000000000266e-02
3.772000000000000000e+03 4.160400000000000209e-02
3.777000000000000000e+03 3.992600000000000315e-02
3.782000000000000000e+03 3.801969999999999655e-02
3.787000000000000000e+03 3.606430000000000052e-02
3.792000000000000000e+03 3.397010000000000307e-02
3.797000000000000000e+03 3.176910000000000150e-02
3.802000000000000000e+03 2.957430000000000128e-02
3.807000000000000000e+03 2.724880000000000010e-02
3.812000000000000000e+03 2.498310000000000114e-02
3.817000000000000000e+03 2.268449999999999980e-02
3.822000000000000000e+03 2.041789999999999924e-02
3.827000000000000000e+03 1.830530000000000004e-02
3.832000000000000000e+03 1.618529999999999969e-02
3.837000000000000000e+03 1.430230000000000043e-02
3.842000000000000000e+03 1.247119999999999999e-02
3.847000000000000000e+03 1.081679999999999968e-02
3.852000000000000000e+03 9.318150000000000738e-03
3.857000000000000000e+03 7.921519999999999603e-03
3.862000000000000000e+03 6.751469999999999867e-03
3.867000000000000000e+03 5.669949999999999990e-03
3.872000000000000000e+03 4.774519999999999979e-03
3.877000000000000000e+03 3.990259999999999814e-03
3.882000000000000000e+03 3.309159999999999793e-03
3.887000000000000000e+03 2.764930000000000079e-03
3.892000000000000000e+03 2.276970000000000122e-03
3.897000000000000000e+03 1.914389999999999972e-03
3.902000000000000000e+03 1.595360000000000094e-03
3.907000000000000000e+03 1.332089999999999967e-03
3.912000000000000000e+03 1.114219999999999967e-03
3.917000000000000000e+03 9.335219999999999976e-04
3.922000000000000000e+03 7.569750000000000090e-04
3.927000000000000000e+03 5.804169999999999555e-04
3.932000000000000000e+03 4.678729999999999977e-04
3.937000000000000000e+03 3.976389999999999786e-04
3.942000000000000000e+03 3.485410000000000092e-04
3.947000000000000000e+03 3.061380000000000156e-04
3.952000000000000000e+03 2.714330000000000150e-04
3.957000000000000000e+03 2.460590000000000238e-04
3.962000000000000000e+03 2.260110000000000016e-04
3.967000000000000000e+03 2.110699999999999968e-04
3.972000000000000000e+03 1.912379999999999874e-04
3.977000000000000000e+03 1.657619999999999894e-04
3.982000000000000000e+03 1.450859999999999997e-04
3.987000000000000000e+03 1.360350000000000079e-04
3.992000000000000000e+03 1.282909999999999953e-04
3.997000000000000000e+03 1.101499999999999940e-04
4.002000000000000000e+03 8.583360000000000436e-05
4.007000000000000000e+03 7.251659999999999617e-05
4.012000000000000000e+03 7.039019999999999565e-05
4.017000000000000000e+03 6.822039999999999485e-05
4.022000000000000000e+03 6.570120000000000040e-05
4.027000000000000000e+03 6.331129999999999809e-05
4.032000000000000000e+03 6.094059999999999722e-05
4.037000000000000000e+03 5.234800000000000092e-05
4.042000000000000000e+03 3.911109999999999896e-05
4.047000000000000000e+03 3.001840000000000045e-05
4.052000000000000000e+03 2.850019999999999862e-05
4.057000000000000000e+03 2.717599999999999866e-05
4.062000000000000000e+03 2.200899999999999883e-05
4.067000000000000000e+03 1.041439999999999976e-05
4.072000000000000000e+03 8.986030000000000428e-07
