6.701000000000000000e+03 0.000000000000000000e+00
6.714000000000000000e+03 2.588349999999999960e-06
6.727000000000000000e+03 1.010260000000000048e-05
6.740000000000000000e+03 1.470740000000000084e-05
6.753000000000000000e+03 1.512350000000000013e-05
6.766000000000000000e+03 1.466039999999999943e-05
6.779000000000000000e+03 1.337310000000000076e-05
6.792000000000000000e+03 1.388220000000000068e-05
6.805000000000000000e+03 1.561770000000000126e-05
6.818000000000000000e+03 1.624920000000000021e-05
6.831000000000000000e+03 1.631199999999999900e-05
6.844000000000000000e+03 1.624160000000000049e-05
6.857000000000000000e+03 1.613390000000000150e-05
6.870000000000000000e+03 1.616379999999999930e-05
6.883000000000000000e+03 1.635829999999999888e-05
6.896000000000000000e+03 1.746459999999999877e-05
6.909000000000000000e+03 1.964430000000000096e-05
6.922000000000000000e+03 2.511890000000000103e-05
6.935000000000000000e+03 5.657310000000000219e-05
6.948000000000000000e+03 1.461040000000000093e-04
6.961000000000000000e+03 3.020519999999999737e-04
6.974000000000000000e+03 4.682770000000000161e-04
6.987000000000000000e+03 6.983580000000000516e-04
7.000000000000000000e+03 1.034839999999999979e-03
7.013000000000000000e+03 1.775239999999999978e-03
7.026000000000000000e+03 2.836940000000000035e-03
7.039000000000000000e+03 4.778420000000000237e-03
7.052000000000000000e+03 7.436149999999999878e-03
7.065000000000000000e+03 1.188479999999999918e-02
7.078000000000000000e+03 1.759250000000000050e-02
7.091000000000000000e+03 2.531500000000000070e-02
7.104000000000000000e+03 3.232209999999999944e-02
7.117000000000000000e+03 3.307700000000000223e-02
7.130000000000000000e+03 3.377820000000000128e-02
7.143000000000000000e+03 3.766300000000000203e-02
7.156000000000000000e+03 4.208150000000000085e-02
7.169000000000000000e+03 4.752540000000000237e-02
7.182000000000000000e+03 5.636889999999999956e-02
7.195000000000000000e+03 7.046950000000000436e-02
7.208000000000000000e+03 8.461770000000000402e-02
7.221000000000000000e+03 9.936109999999999387e-02
7.234000000000000000e+03 1.116690000000000044e-01
7.247000000000000000e+03 1.228289999999999937e-01
7.260000000000000000e+03 1.356330000000000036e-01
7.273000000000000000e+03 1.520650000000000057e-01
7.286000000000000000e+03 1.691479999999999928e-01
7.299000000000000000e+03 1.876369999999999982e-01
7.312000000000000000e+03 2.091480000000000006e-01
7.325000000000000000e+03 2.318959999999999910e-01
7.338000000000000000e+03 2.616370000000000084e-01
7.351000000000000000e+03 2.966360000000000108e-01
7.364000000000000000e+03 3.296169999999999933e-01
7.377000000000000000e+03 3.587879999999999958e-01
7.390000000000000000e+03 3.895640000000000214e-01
7.403000000000000000e+03 4.214640000000000053e-01
7.416000000000000000e+03 4.545179999999999776e-01
7.429000000000000000e+03 4.894839999999999747e-01
7.442000000000000000e+03 5.253259999999999597e-01
7.455000000000000000e+03 5.602530000000000010e-01
7.468000000000000000e+03 5.941539999999999599e-01
7.481000000000000000e+03 6.240759999999999641e-01
7.494000000000000000e+03 6.467929999999999513e-01
7.507000000000000000e+03 6.712690000000000046e-01
7.520000000000000000e+03 6.981979999999999853e-01
7.533000000000000000e+03 7.299400000000000333e-01
7.546000000000000000e+03 7.615399999999999947e-01
7.559000000000000000e+03 7.915879999999999583e-01
7.572000000000000000e+03 8.264110000000000067e-01
7.585000000000000000e+03 8.606730000000000214e-01
7.598000000000000000e+03 8.928979999999999695e-01
7.611000000000000000e+03 9.208290000000000086e-01
7.624000000000000000e+03 9.429849999999999621e-01
7.637000000000000000e+03 9.586700000000000221e-01
7.650000000000000000e+03 9.700060000000000349e-01
7.663000000000000000e+03 9.781250000000000222e-01
7.676000000000000000e+03 9.844049999999999745e-01
7.689000000000000000e+03 9.896719999999999962e-01
7.702000000000000000e+03 9.935610000000000275e-01
7.715000000000000000e+03 9.947890000000000343e-01
7.728000000000000000e+03 9.936610000000000165e-01
7.741000000000000000e+03 9.931039999999999868e-01
7.754000000000000000e+03 9.933800000000000407e-01
7.767000000000000000e+03 9.934979999999999922e-01
7.780000000000000000e+03 9.925530000000000186e-01
7.793000000000000000e+03 9.886329999999999840e-01
7.806000000000000000e+03 9.825669999999999682e-01
7.819000000000000000e+03 9.775359999999999605e-01
7.832000000000000000e+03 9.775899999999999590e-01
7.845000000000000000e+03 9.796829999999999705e-01
7.858000000000000000e+03 9.797609999999999930e-01
7.871000000000000000e+03 9.799120000000000053e-01
7.884000000000000000e+03 9.800280000000000102e-01
7.897000000000000000e+03 9.809609999999999719e-01
7.910000000000000000e+03 9.829139999999999544e-01
7.923000000000000000e+03 9.847320000000000517e-01
7.936000000000000000e+03 9.873129999999999962e-01
7.949000000000000000e+03 9.902509999999999923e-01
7.962000000000000000e+03 9.916369999999999907e-01
7.975000000000000000e+03 9.926869999999999861e-01
7.988000000000000000e+03 9.961400000000000254e-01
8.001000000000000000e+03 9.995680000000000121e-01
8.014000000000000000e+03 1.000000000000000000e+00
8.027000000000000000e+03 9.969630000000000436e-01
8.040000000000000000e+03 9.928829999999999600e-01
8.053000000000000000e+03 9.878230000000000066e-01
8.066000000000000000e+03 9.790299999999999558e-01
8.079000000000000000e+03 9.685179999999999900e-01
8.092000000000000000e+03 9.511889999999999512e-01
8.105000000000000000e+03 9.306210000000000315e-01
8.118000000000000000e+03 9.043700000000000072e-01
8.131000000000000000e+03 8.814980000000000038e-01
8.144000000000000000e+03 8.640339999999999687e-01
8.157000000000000000e+03 8.462749999999999995e-01
8.170000000000000000e+03 8.271690000000000431e-01
8.183000000000000000e+03 8.079849999999999532e-01
8.196000000000000000e+03 7.916360000000000063e-01
8.209000000000000000e+03 7.769620000000000415e-01
8.222000000000000000e+03 7.666469999999999674e-01
8.235000000000000000e+03 7.523039999999999727e-01
8.248000000000000000e+03 7.276730000000000143e-01
8.261000000000000000e+03 6.965759999999999730e-01
8.274000000000000000e+03 6.598140000000000116e-01
8.287000000000000000e+03 6.223319999999999963e-01
8.300000000000000000e+03 5.789429999999999854e-01
8.313000000000000000e+03 5.279220000000000024e-01
8.326000000000000000e+03 4.705489999999999950e-01
8.339000000000000000e+03 4.155960000000000210e-01
8.352000000000000000e+03 3.660470000000000113e-01
8.365000000000000000e+03 3.220149999999999957e-01
8.378000000000000000e+03 2.809760000000000035e-01
8.391000000000000000e+03 2.406810000000000060e-01
8.404000000000000000e+03 2.005109999999999948e-01
8.417000000000000000e+03 1.603259999999999963e-01
8.430000000000000000e+03 1.222049999999999942e-01
8.443000000000000000e+03 8.873469999999999969e-02
8.456000000000000000e+03 6.151059999999999861e-02
8.469000000000000000e+03 4.190230000000000343e-02
8.482000000000000000e+03 2.821919999999999984e-02
8.495000000000000000e+03 1.845050000000000162e-02
8.508000000000000000e+03 1.218789999999999978e-02
8.521000000000000000e+03 7.600530000000000307e-03
8.534000000000000000e+03 4.522560000000000122e-03
8.547000000000000000e+03 2.633180000000000156e-03
8.560000000000000000e+03 1.922410000000000048e-03
8.573000000000000000e+03 1.453019999999999963e-03
8.586000000000000000e+03 1.071660000000000104e-03
8.599000000000000000e+03 8.025519999999999963e-04
8.612000000000000000e+03 6.926970000000000393e-04
8.625000000000000000e+03 6.015550000000000367e-04
8.638000000000000000e+03 5.010939999999999969e-04
8.651000000000000000e+03 4.117050000000000028e-04
8.664000000000000000e+03 3.385409999999999830e-04
8.677000000000000000e+03 2.946140000000000087e-04
8.690000000000000000e+03 2.843629999999999877e-04
8.703000000000000000e+03 2.748240000000000101e-04
8.716000000000000000e+03 2.622279999999999837e-04
8.729000000000000000e+03 2.375629999999999886e-04
8.742000000000000000e+03 2.174020000000000032e-04
8.755000000000000000e+03 1.982709999999999995e-04
8.768000000000000000e+03 1.647920000000000038e-04
8.781000000000000000e+03 1.410700000000000029e-04
8.794000000000000000e+03 1.278420000000000001e-04
8.807000000000000000e+03 1.162569999999999950e-04
8.820000000000000000e+03 1.004089999999999936e-04
8.833000000000000000e+03 9.074319999999999544e-05
8.846000000000000000e+03 9.090689999999999524e-05
8.859000000000000000e+03 8.843600000000000506e-05
8.872000000000000000e+03 8.413880000000000154e-05
8.885000000000000000e+03 8.384200000000000127e-05
8.898000000000000000e+03 8.391569999999999347e-05
8.911000000000000000e+03 8.375649999999999675e-05
8.924000000000000000e+03 8.297390000000000191e-05
8.937000000000000000e+03 8.164050000000000549e-05
8.950000000000000000e+03 7.560859999999999977e-05
8.963000000000000000e+03 6.161620000000000139e-05
8.976000000000000000e+03 4.778700000000000173e-05
8.989000000000000000e+03 3.868779999999999913e-05
9.002000000000000000e+03 3.761259999999999967e-05
9.015000000000000000e+03 3.906719999999999757e-05
9.028000000000000000e+03 3.840480000000000201e-05
9.041000000000000000e+03 3.732759999999999816e-05
9.054000000000000000e+03 3.567399999999999760e-05
9.067000000000000000e+03 3.085319999999999794e-05
9.080000000000000000e+03 1.468659999999999928e-05
9.093000000000000000e+03 1.102470000000000051e-06
