1.521500000000000000e+03 0.000000000000000000e+00
1.525500000000000000e+03 3.067119999999999740e-07
1.529500000000000000e+03 4.431269999999999842e-06
1.533500000000000000e+03 9.370130000000000697e-06
1.537500000000000000e+03 1.088799999999999977e-05
1.541500000000000000e+03 1.114800000000000067e-05
1.545500000000000000e+03 1.156779999999999960e-05
1.549500000000000000e+03 1.206580000000000059e-05
1.553500000000000000e+03 1.257470000000000007e-05
1.557500000000000000e+03 1.309049999999999943e-05
1.561500000000000000e+03 1.358080000000000048e-05
1.565500000000000000e+03 1.404779999999999957e-05
1.569500000000000000e+03 1.435279999999999919e-05
1.573500000000000000e+03 1.445199999999999987e-05
1.577500000000000000e+03 1.443639999999999954e-05
1.581500000000000000e+03 1.421890000000000035e-05
1.585500000000000000e+03 1.396649999999999918e-05
1.589500000000000000e+03 1.363790000000000033e-05
1.593500000000000000e+03 1.332100000000000002e-05
1.597500000000000000e+03 1.304889999999999970e-05
1.601500000000000000e+03 1.285150000000000054e-05
1.605500000000000000e+03 1.296040000000000046e-05
1.609500000000000000e+03 1.315089999999999974e-05
1.613500000000000000e+03 1.362969999999999929e-05
1.617500000000000000e+03 1.416100000000000045e-05
1.621500000000000000e+03 1.475479999999999975e-05
1.625500000000000000e+03 1.533979999999999838e-05
1.629500000000000000e+03 1.563379999999999929e-05
1.633500000000000000e+03 1.582399999999999961e-05
1.637500000000000000e+03 1.558119999999999915e-05
1.641500000000000000e+03 1.516000000000000054e-05
1.645500000000000000e+03 1.431039999999999939e-05
1.649500000000000000e+03 1.324029999999999925e-05
1.653500000000000000e+03 1.203119999999999926e-05
1.657500000000000000e+03 1.072670000000000015e-05
1.661500000000000000e+03 9.501650000000000753e-06
1.665500000000000000e+03 8.353420000000000059e-06
1.669500000000000000e+03 7.399529999999999609e-06
1.673500000000000000e+03 6.710270000000000384e-06
1.677500000000000000e+03 6.213329999999999853e-06
1.681500000000000000e+03 6.072130000000000256e-06
1.685500000000000000e+03 6.070360000000000102e-06
1.689500000000000000e+03 6.392819999999999722e-06
1.693500000000000000e+03 6.788999999999999713e-06
1.697500000000000000e+03 7.381160000000000325e-06
1.701500000000000000e+03 7.983470000000000323e-06
1.705500000000000000e+03 8.569179999999999498e-06
1.709500000000000000e+03 9.123270000000000828e-06
1.713500000000000000e+03 9.498420000000000108e-06
1.717500000000000000e+03 9.800330000000000407e-06
1.721500000000000000e+03 9.707560000000000616e-06
1.725500000000000000e+03 9.500310000000000186e-06
1.729500000000000000e+03 8.919720000000000041e-06
1.733500000000000000e+03 8.223489999999999424e-06
1.737500000000000000e+03 7.478640000000000110e-06
1.741500000000000000e+03 6.714439999999999871e-06
1.745500000000000000e+03 6.012199999999999798e-06
1.749500000000000000e+03 5.343549999999999856e-06
1.753500000000000000e+03 4.778069999999999639e-06
1.757500000000000000e+03 4.288609999999999754e-06
1.761500000000000000e+03 3.937660000000000175e-06
1.765500000000000000e+03 3.730249999999999988e-06
1.769500000000000000e+03 3.542640000000000017e-06
1.773500000000000000e+03 3.383970000000000145e-06
1.777500000000000000e+03 3.242149999999999951e-06
1.781500000000000000e+03 3.133169999999999938e-06
1.785500000000000000e+03 3.036730000000000061e-06
1.789500000000000000e+03 2.970700000000000204e-06
1.793500000000000000e+03 2.899520000000000066e-06
1.797500000000000000e+03 2.804700000000000015e-06
1.801500000000000000e+03 2.712759999999999841e-06
1.805500000000000000e+03 2.642850000000000031e-06
1.809500000000000000e+03 2.571850000000000203e-06
1.813500000000000000e+03 2.476460000000000088e-06
1.817500000000000000e+03 2.378919999999999917e-06
1.821500000000000000e+03 2.303769999999999883e-06
1.825500000000000000e+03 2.232319999999999915e-06
1.829500000000000000e+03 2.137190000000000200e-06
1.833500000000000000e+03 2.035549999999999933e-06
1.837500000000000000e+03 1.965750000000000195e-06
1.841500000000000000e+03 1.910199999999999939e-06
1.845500000000000000e+03 1.890280000000000010e-06
1.849500000000000000e+03 1.890659999999999911e-06
1.853500000000000000e+03 1.895560000000000067e-06
1.857500000000000000e+03 1.904030000000000090e-06
1.861500000000000000e+03 1.904629999999999923e-06
1.865500000000000000e+03 1.896499999999999969e-06
1.869500000000000000e+03 1.855900000000000095e-06
1.873500000000000000e+03 1.764340000000000035e-06
1.877500000000000000e+03 1.699150000000000071e-06
1.881500000000000000e+03 1.687980000000000058e-06
1.885500000000000000e+03 1.682120000000000083e-06
1.889500000000000000e+03 1.686779999999999967e-06
1.893500000000000000e+03 1.691740000000000086e-06
1.897500000000000000e+03 1.695660000000000084e-06
1.901500000000000000e+03 1.698190000000000041e-06
1.905500000000000000e+03 1.694149999999999907e-06
1.909500000000000000e+03 1.684609999999999995e-06
1.913500000000000000e+03 1.642899999999999974e-06
1.917500000000000000e+03 1.597850000000000084e-06
1.921500000000000000e+03 1.584559999999999996e-06
1.925500000000000000e+03 1.579460000000000036e-06
1.929500000000000000e+03 1.580350000000000040e-06
1.933500000000000000e+03 1.583320000000000072e-06
1.937500000000000000e+03 1.586269999999999976e-06
1.941500000000000000e+03 1.589199999999999963e-06
1.945500000000000000e+03 1.581219999999999914e-06
1.949500000000000000e+03 1.566699999999999967e-06
1.953500000000000000e+03 1.504840000000000020e-06
1.957500000000000000e+03 1.402910000000000007e-06
1.961500000000000000e+03 1.336589999999999980e-06
1.965500000000000000e+03 1.312599999999999935e-06
1.969500000000000000e+03 1.281959999999999920e-06
1.973500000000000000e+03 1.240159999999999956e-06
1.977500000000000000e+03 1.225559999999999918e-06
1.981500000000000000e+03 1.269790000000000043e-06
1.985500000000000000e+03 1.305110000000000071e-06
1.989500000000000000e+03 1.309090000000000031e-06
1.993500000000000000e+03 1.303009999999999913e-06
1.997500000000000000e+03 1.263679999999999944e-06
2.001500000000000000e+03 1.233980000000000042e-06
2.005500000000000000e+03 1.270880000000000062e-06
2.009500000000000000e+03 1.315669999999999975e-06
2.013500000000000000e+03 1.347259999999999955e-06
2.017500000000000000e+03 1.381549999999999927e-06
2.021500000000000000e+03 1.482770000000000035e-06
2.025500000000000000e+03 1.599920000000000049e-06
2.029500000000000000e+03 1.685930000000000010e-06
2.033500000000000000e+03 1.759340000000000083e-06
2.037500000000000000e+03 1.791360000000000074e-06
2.041500000000000000e+03 1.803090000000000087e-06
2.045500000000000000e+03 1.809169999999999993e-06
2.049500000000000000e+03 1.811620000000000072e-06
2.053500000000000000e+03 1.814039999999999957e-06
2.057500000000000000e+03 1.816430000000000073e-06
2.061500000000000000e+03 1.818830000000000041e-06
2.065500000000000000e+03 1.821249999999999927e-06
2.069500000000000000e+03 1.823659999999999960e-06
2.073500000000000000e+03 1.826080000000000057e-06
2.077500000000000000e+03 1.828469999999999961e-06
2.081500000000000000e+03 1.830809999999999967e-06
2.085500000000000000e+03 1.837310000000000032e-06
2.089500000000000000e+03 1.856690000000000091e-06
2.093500000000000000e+03 1.894610000000000102e-06
2.097500000000000000e+03 2.008230000000000083e-06
2.101500000000000000e+03 2.125749999999999934e-06
2.105500000000000000e+03 2.222830000000000112e-06
2.109500000000000000e+03 2.320090000000000177e-06
2.113500000000000000e+03 5.165890000000000103e-06
2.117500000000000000e+03 5.859009999999999999e-05
2.121500000000000000e+03 1.368490000000000038e-04
2.125500000000000000e+03 1.852400000000000086e-04
2.129500000000000000e+03 3.088699999999999887e-04
2.133500000000000000e+03 4.247100000000000181e-04
2.137500000000000000e+03 5.205430000000000473e-04
2.141500000000000000e+03 6.391749999999999645e-04
2.145500000000000000e+03 7.742359999999999780e-04
2.149500000000000000e+03 9.255920000000000380e-04
2.153500000000000000e+03 1.098859999999999898e-03
2.157500000000000000e+03 1.296709999999999963e-03
2.161500000000000000e+03 1.521629999999999944e-03
2.165500000000000000e+03 1.783480000000000048e-03
2.169500000000000000e+03 2.086209999999999801e-03
2.173500000000000000e+03 2.426869999999999809e-03
2.177500000000000000e+03 2.806529999999999789e-03
2.181500000000000000e+03 3.225009999999999943e-03
2.185500000000000000e+03 3.669760000000000209e-03
2.189500000000000000e+03 4.137700000000000232e-03
2.193500000000000000e+03 4.618240000000000019e-03
2.197500000000000000e+03 5.106430000000000344e-03
2.201500000000000000e+03 5.600270000000000074e-03
2.205500000000000000e+03 6.090970000000000238e-03
2.209500000000000000e+03 6.571689999999999823e-03
2.213500000000000000e+03 7.040150000000000227e-03
2.217500000000000000e+03 7.506099999999999925e-03
2.221500000000000000e+03 7.970400000000000748e-03
2.225500000000000000e+03 8.441179999999999517e-03
2.229500000000000000e+03 8.926079999999999431e-03
2.233500000000000000e+03 9.448029999999999623e-03
2.237500000000000000e+03 1.000739999999999963e-02
2.241500000000000000e+03 1.060419999999999939e-02
2.245500000000000000e+03 1.124029999999999994e-02
2.249500000000000000e+03 1.191079999999999917e-02
2.253500000000000000e+03 1.262390000000000040e-02
2.257500000000000000e+03 1.334699999999999949e-02
2.261500000000000000e+03 1.407639999999999933e-02
2.265500000000000000e+03 1.481219999999999933e-02
2.269500000000000000e+03 1.553960000000000063e-02
2.273500000000000000e+03 1.626400000000000068e-02
2.277500000000000000e+03 1.698440000000000019e-02
2.281500000000000000e+03 1.771249999999999908e-02
2.285500000000000000e+03 1.844760000000000150e-02
2.289500000000000000e+03 1.922640000000000113e-02
2.293500000000000000e+03 2.010349999999999984e-02
2.297500000000000000e+03 2.109050000000000161e-02
2.301500000000000000e+03 2.208649999999999849e-02
2.305500000000000000e+03 2.318749999999999978e-02
2.309500000000000000e+03 2.441990000000000133e-02
2.313500000000000000e+03 2.582720000000000155e-02
2.317500000000000000e+03 2.736210000000000031e-02
2.321500000000000000e+03 2.901650000000000063e-02
2.325500000000000000e+03 3.074100000000000096e-02
2.329500000000000000e+03 3.253740000000000104e-02
2.333500000000000000e+03 3.438859999999999834e-02
2.337500000000000000e+03 3.629770000000000219e-02
2.341500000000000000e+03 3.822640000000000066e-02
2.345500000000000000e+03 4.019969999999999793e-02
2.349500000000000000e+03 4.219669999999999671e-02
2.353500000000000000e+03 4.419610000000000205e-02
2.357500000000000000e+03 4.616420000000000246e-02
2.361500000000000000e+03 4.806160000000000293e-02
2.365500000000000000e+03 4.991000000000000297e-02
2.369500000000000000e+03 5.169540000000000246e-02
2.373500000000000000e+03 5.341719999999999802e-02
2.377500000000000000e+03 5.506049999999999833e-02
2.381500000000000000e+03 5.660640000000000116e-02
2.385500000000000000e+03 5.806669999999999887e-02
2.389500000000000000e+03 5.937270000000000048e-02
2.393500000000000000e+03 6.059080000000000021e-02
2.397500000000000000e+03 6.166030000000000122e-02
2.401500000000000000e+03 6.270059999999999523e-02
2.405500000000000000e+03 6.364519999999999900e-02
2.409500000000000000e+03 6.455339999999999689e-02
2.413500000000000000e+03 6.536580000000000168e-02
2.417500000000000000e+03 6.612940000000000484e-02
2.421500000000000000e+03 6.677120000000000277e-02
2.425500000000000000e+03 6.735249999999999571e-02
2.429500000000000000e+03 6.795379999999999476e-02
2.433500000000000000e+03 6.856890000000000207e-02
2.437500000000000000e+03 6.917460000000000275e-02
2.441500000000000000e+03 6.974099999999999744e-02
2.445500000000000000e+03 7.028439999999999688e-02
2.449500000000000000e+03 7.077279999999999682e-02
2.453500000000000000e+03 7.121030000000000415e-02
2.457500000000000000e+03 7.158269999999999911e-02
2.461500000000000000e+03 7.186670000000000558e-02
2.465500000000000000e+03 7.212939999999999630e-02
2.469500000000000000e+03 7.242210000000000314e-02
2.473500000000000000e+03 7.285640000000000172e-02
2.477500000000000000e+03 7.342089999999999728e-02
2.481500000000000000e+03 7.409759999999999958e-02
2.485500000000000000e+03 7.483850000000000224e-02
2.489500000000000000e+03 7.578269999999999451e-02
2.493500000000000000e+03 7.695689999999999475e-02
2.497500000000000000e+03 7.859170000000000045e-02
2.501500000000000000e+03 8.089989999999999681e-02
2.505500000000000000e+03 8.449080000000000479e-02
2.509500000000000000e+03 8.945939999999999448e-02
2.513500000000000000e+03 9.789190000000000391e-02
2.517500000000000000e+03 1.102360000000000007e-01
2.521500000000000000e+03 1.304379999999999984e-01
2.525500000000000000e+03 1.597520000000000051e-01
2.529500000000000000e+03 2.013260000000000050e-01
2.533500000000000000e+03 2.556379999999999764e-01
2.537500000000000000e+03 3.221990000000000132e-01
2.541500000000000000e+03 3.980890000000000262e-01
2.545500000000000000e+03 4.798000000000000043e-01
2.549500000000000000e+03 5.619250000000000078e-01
2.553500000000000000e+03 6.419740000000000446e-01
2.557500000000000000e+03 7.146660000000000235e-01
2.561500000000000000e+03 7.807169999999999943e-01
2.565500000000000000e+03 8.367769999999999930e-01
2.569500000000000000e+03 8.821919999999999762e-01
2.573500000000000000e+03 9.151350000000000318e-01
2.577500000000000000e+03 9.372319999999999540e-01
2.581500000000000000e+03 9.518659999999999899e-01
2.585500000000000000e+03 9.617029999999999745e-01
2.589500000000000000e+03 9.688449999999999562e-01
2.593500000000000000e+03 9.742039999999999589e-01
2.597500000000000000e+03 9.769710000000000338e-01
2.601500000000000000e+03 9.797660000000000258e-01
2.605500000000000000e+03 9.833520000000000039e-01
2.609500000000000000e+03 9.869980000000000420e-01
2.613500000000000000e+03 9.904230000000000533e-01
2.617500000000000000e+03 9.936779999999999502e-01
2.621500000000000000e+03 9.969339999999999868e-01
2.625500000000000000e+03 9.993210000000000148e-01
2.629500000000000000e+03 1.000000000000000000e+00
2.633500000000000000e+03 9.969770000000000021e-01
2.637500000000000000e+03 9.888069999999999915e-01
2.641500000000000000e+03 9.729710000000000303e-01
2.645500000000000000e+03 9.491239999999999677e-01
2.649500000000000000e+03 9.147239999999999815e-01
2.653500000000000000e+03 8.700020000000000531e-01
2.657500000000000000e+03 8.136759999999999549e-01
2.661500000000000000e+03 7.465100000000000069e-01
2.665500000000000000e+03 6.710880000000000178e-01
2.669500000000000000e+03 5.927440000000000486e-01
2.673500000000000000e+03 5.122980000000000311e-01
2.677500000000000000e+03 4.342320000000000069e-01
2.681500000000000000e+03 3.591670000000000140e-01
2.685500000000000000e+03 2.905719999999999970e-01
2.689500000000000000e+03 2.327859999999999929e-01
2.693500000000000000e+03 1.857850000000000057e-01
2.697500000000000000e+03 1.527959999999999874e-01
2.701500000000000000e+03 1.290530000000000010e-01
2.705500000000000000e+03 1.141910000000000008e-01
2.709500000000000000e+03 1.049070000000000003e-01
2.713500000000000000e+03 9.902469999999999328e-02
2.717500000000000000e+03 9.514730000000000409e-02
2.721500000000000000e+03 9.259100000000000663e-02
2.725500000000000000e+03 9.110880000000000367e-02
2.729500000000000000e+03 9.017529999999999990e-02
2.733500000000000000e+03 8.952910000000000035e-02
2.737500000000000000e+03 8.923300000000000676e-02
2.741500000000000000e+03 8.914729999999999877e-02
2.745500000000000000e+03 8.906780000000000252e-02
2.749500000000000000e+03 8.899239999999999928e-02
2.753500000000000000e+03 8.893299999999999816e-02
2.757500000000000000e+03 8.889619999999999467e-02
2.761500000000000000e+03 8.893059999999999854e-02
2.765500000000000000e+03 8.899360000000000603e-02
2.769500000000000000e+03 8.891839999999999467e-02
2.773500000000000000e+03 8.872969999999999469e-02
2.777500000000000000e+03 8.848860000000000059e-02
2.781500000000000000e+03 8.800810000000000577e-02
2.785500000000000000e+03 8.725040000000000573e-02
2.789500000000000000e+03 8.622140000000000359e-02
2.793500000000000000e+03 8.499289999999999623e-02
2.797500000000000000e+03 8.354749999999999677e-02
2.801500000000000000e+03 8.192159999999999720e-02
2.805500000000000000e+03 8.015970000000000040e-02
2.809500000000000000e+03 7.825310000000000599e-02
2.813500000000000000e+03 7.625400000000000234e-02
2.817500000000000000e+03 7.413409999999999445e-02
2.821500000000000000e+03 7.188830000000000220e-02
2.825500000000000000e+03 6.950299999999999534e-02
2.829500000000000000e+03 6.690089999999999926e-02
2.833500000000000000e+03 6.411659999999999582e-02
2.837500000000000000e+03 6.104269999999999835e-02
2.841500000000000000e+03 5.769320000000000004e-02
2.845500000000000000e+03 5.406650000000000345e-02
2.849500000000000000e+03 5.016160000000000063e-02
2.853500000000000000e+03 4.608469999999999928e-02
2.857500000000000000e+03 4.183069999999999844e-02
2.861500000000000000e+03 3.758870000000000267e-02
2.865500000000000000e+03 3.333379999999999677e-02
2.869500000000000000e+03 2.927489999999999953e-02
2.873500000000000000e+03 2.540540000000000159e-02
2.877500000000000000e+03 2.181539999999999868e-02
2.881500000000000000e+03 1.853230000000000155e-02
2.885500000000000000e+03 1.553790000000000032e-02
2.889500000000000000e+03 1.295379999999999969e-02
2.893500000000000000e+03 1.067139999999999929e-02
2.897500000000000000e+03 8.773299999999999502e-03
2.901500000000000000e+03 7.142009999999999852e-03
2.905500000000000000e+03 5.854279999999999901e-03
2.909500000000000000e+03 4.764370000000000410e-03
2.913500000000000000e+03 3.908090000000000348e-03
2.917500000000000000e+03 3.213810000000000104e-03
2.921500000000000000e+03 2.656570000000000025e-03
2.925500000000000000e+03 2.207419999999999868e-03
2.929500000000000000e+03 1.851020000000000096e-03
2.933500000000000000e+03 1.561179999999999903e-03
2.937500000000000000e+03 1.324960000000000027e-03
2.941500000000000000e+03 1.136010000000000015e-03
2.945500000000000000e+03 9.810879999999999688e-04
2.949500000000000000e+03 8.537930000000000432e-04
2.953500000000000000e+03 7.501120000000000444e-04
2.957500000000000000e+03 6.647240000000000006e-04
2.961500000000000000e+03 5.925449999999999858e-04
2.965500000000000000e+03 5.333119999999999788e-04
2.969500000000000000e+03 4.830789999999999737e-04
2.973500000000000000e+03 4.403060000000000090e-04
2.977500000000000000e+03 4.028759999999999828e-04
2.981500000000000000e+03 3.708110000000000247e-04
2.985500000000000000e+03 3.419769999999999819e-04
2.989500000000000000e+03 3.168840000000000242e-04
2.993500000000000000e+03 2.939169999999999847e-04
2.997500000000000000e+03 2.729629999999999817e-04
3.001500000000000000e+03 2.531939999999999885e-04
3.005500000000000000e+03 2.348790000000000123e-04
3.009500000000000000e+03 2.176699999999999946e-04
3.013500000000000000e+03 2.013580000000000057e-04
3.017500000000000000e+03 1.859259999999999949e-04
3.021500000000000000e+03 1.706439999999999878e-04
3.025500000000000000e+03 1.485029999999999976e-04
3.029500000000000000e+03 1.087599999999999955e-04
3.033500000000000000e+03 6.866690000000000489e-05
3.037500000000000000e+03 5.608780000000000194e-05
3.041500000000000000e+03 5.140510000000000017e-05
3.045500000000000000e+03 2.764909999999999926e-05
3.049500000000000000e+03 6.411769999999999769e-06
3.053500000000000000e+03 5.770279999999999919e-06
3.057500000000000000e+03 5.723879999999999821e-06
3.061500000000000000e+03 5.659940000000000057e-06
3.065500000000000000e+03 5.555180000000000064e-06
3.069500000000000000e+03 5.457130000000000215e-06
3.073500000000000000e+03 5.384899999999999892e-06
3.077500000000000000e+03 5.322879999999999764e-06
3.081500000000000000e+03 5.297329999999999644e-06
3.085500000000000000e+03 5.277260000000000021e-06
3.089500000000000000e+03 5.267509999999999818e-06
3.093500000000000000e+03 5.263640000000000141e-06
3.097500000000000000e+03 5.295330000000000341e-06
3.101500000000000000e+03 5.336429999999999829e-06
3.105500000000000000e+03 5.402050000000000227e-06
3.109500000000000000e+03 5.472139999999999924e-06
3.113500000000000000e+03 5.490709999999999646e-06
3.117500000000000000e+03 5.488770000000000305e-06
3.121500000000000000e+03 5.478220000000000042e-06
3.125500000000000000e+03 5.463220000000000185e-06
3.129500000000000000e+03 5.448230000000000182e-06
3.133500000000000000e+03 5.433269999999999735e-06
3.137500000000000000e+03 5.418310000000000136e-06
3.141500000000000000e+03 5.403339999999999837e-06
3.145500000000000000e+03 5.387999999999999913e-06
3.149500000000000000e+03 5.372149999999999887e-06
3.153500000000000000e+03 5.321710000000000078e-06
3.157500000000000000e+03 5.206900000000000071e-06
3.161500000000000000e+03 4.964980000000000192e-06
3.165500000000000000e+03 4.416590000000000348e-06
3.169500000000000000e+03 3.989139999999999892e-06
3.173500000000000000e+03 4.010080000000000237e-06
3.177500000000000000e+03 4.066559999999999907e-06
3.181500000000000000e+03 4.139049999999999784e-06
3.185500000000000000e+03 4.257779999999999577e-06
3.189500000000000000e+03 4.645849999999999742e-06
3.193500000000000000e+03 5.078429999999999927e-06
3.197500000000000000e+03 5.503399999999999689e-06
3.201500000000000000e+03 5.907599999999999986e-06
3.205500000000000000e+03 6.039019999999999822e-06
3.209500000000000000e+03 6.085220000000000329e-06
3.213500000000000000e+03 6.095290000000000048e-06
3.217500000000000000e+03 6.090790000000000345e-06
3.221500000000000000e+03 6.129860000000000125e-06
3.225500000000000000e+03 6.192680000000000313e-06
3.229500000000000000e+03 6.244260000000000249e-06
3.233500000000000000e+03 6.287479999999999812e-06
3.237500000000000000e+03 6.351299999999999651e-06
3.241500000000000000e+03 6.436660000000000305e-06
3.245500000000000000e+03 6.548699999999999659e-06
3.249500000000000000e+03 6.700060000000000188e-06
3.253500000000000000e+03 6.828439999999999965e-06
3.257500000000000000e+03 6.911820000000000173e-06
3.261500000000000000e+03 6.984070000000000202e-06
3.265500000000000000e+03 7.030099999999999827e-06
3.269500000000000000e+03 7.086990000000000226e-06
3.273500000000000000e+03 7.187409999999999851e-06
3.277500000000000000e+03 7.286209999999999650e-06
3.281500000000000000e+03 7.361530000000000142e-06
3.285500000000000000e+03 7.430239999999999862e-06
3.289500000000000000e+03 7.474780000000000286e-06
3.293500000000000000e+03 7.517769999999999852e-06
3.297500000000000000e+03 7.589590000000000293e-06
3.301500000000000000e+03 7.663709999999999847e-06
3.305500000000000000e+03 7.668250000000000654e-06
3.309500000000000000e+03 7.649940000000000486e-06
3.313500000000000000e+03 7.631059999999999406e-06
3.317500000000000000e+03 7.612350000000000055e-06
3.321500000000000000e+03 7.658209999999999646e-06
3.325500000000000000e+03 7.741079999999999752e-06
3.329500000000000000e+03 7.835150000000000700e-06
3.333500000000000000e+03 7.938169999999999249e-06
3.337500000000000000e+03 8.052989999999999956e-06
3.341500000000000000e+03 8.181019999999999812e-06
3.345500000000000000e+03 8.292810000000000312e-06
3.349500000000000000e+03 8.378869999999999959e-06
3.353500000000000000e+03 8.443039999999999719e-06
3.357500000000000000e+03 8.462030000000000024e-06
3.361500000000000000e+03 8.487710000000000767e-06
3.365500000000000000e+03 8.535089999999999965e-06
3.369500000000000000e+03 8.590639999999999797e-06
3.373500000000000000e+03 8.672990000000000796e-06
3.377500000000000000e+03 8.732669999999999858e-06
3.381500000000000000e+03 8.667320000000000560e-06
3.385500000000000000e+03 8.593589999999999489e-06
3.389500000000000000e+03 8.579290000000000321e-06
3.393500000000000000e+03 8.583739999999999914e-06
3.397500000000000000e+03 8.674440000000000587e-06
3.401500000000000000e+03 8.782309999999999607e-06
3.405500000000000000e+03 8.819959999999999153e-06
3.409500000000000000e+03 8.743689999999999966e-06
3.413500000000000000e+03 5.831370000000000210e-06
3.417500000000000000e+03 1.592629999999999988e-06
