4.063000000000000000e+03 0.000000000000000000e+00
4.072000000000000000e+03 4.559979999999999835e-06
4.081000000000000000e+03 1.860410000000000031e-05
4.090000000000000000e+03 2.585789999999999852e-05
4.099000000000000000e+03 2.592489999999999975e-05
4.108000000000000000e+03 2.586390000000000152e-05
4.117000000000000000e+03 2.580800000000000092e-05
4.126000000000000000e+03 2.579400000000000071e-05
4.135000000000000000e+03 2.604470000000000155e-05
4.144000000000000000e+03 2.677350000000000040e-05
4.153000000000000000e+03 2.751889999999999838e-05
4.162000000000000000e+03 2.829499999999999930e-05
4.171000000000000000e+03 2.949399999999999917e-05
4.180000000000000000e+03 3.060090000000000038e-05
4.189000000000000000e+03 3.074459999999999699e-05
4.198000000000000000e+03 3.100769999999999791e-05
4.207000000000000000e+03 3.170029999999999869e-05
4.216000000000000000e+03 3.205549999999999827e-05
4.225000000000000000e+03 3.211940000000000286e-05
4.234000000000000000e+03 3.207010000000000318e-05
4.243000000000000000e+03 3.198350000000000303e-05
4.252000000000000000e+03 3.189680000000000266e-05
4.261000000000000000e+03 3.178719999999999951e-05
4.270000000000000000e+03 3.165129999999999967e-05
4.279000000000000000e+03 3.165309999999999684e-05
4.288000000000000000e+03 3.186160000000000001e-05
4.297000000000000000e+03 3.286779999999999726e-05
4.306000000000000000e+03 3.421710000000000143e-05
4.315000000000000000e+03 3.587660000000000138e-05
4.324000000000000000e+03 3.721540000000000286e-05
4.333000000000000000e+03 3.807889999999999891e-05
4.342000000000000000e+03 3.875630000000000026e-05
4.351000000000000000e+03 3.937319999999999769e-05
4.360000000000000000e+03 4.025069999999999733e-05
4.369000000000000000e+03 4.097290000000000204e-05
4.378000000000000000e+03 4.111069999999999926e-05
4.387000000000000000e+03 4.111510000000000213e-05
4.396000000000000000e+03 4.106240000000000177e-05
4.405000000000000000e+03 4.137480000000000237e-05
4.414000000000000000e+03 4.205019999999999933e-05
4.423000000000000000e+03 4.359819999999999874e-05
4.432000000000000000e+03 4.537819999999999864e-05
4.441000000000000000e+03 4.722259999999999744e-05
4.450000000000000000e+03 4.921730000000000056e-05
4.459000000000000000e+03 5.130849999999999842e-05
4.468000000000000000e+03 5.274579999999999904e-05
4.477000000000000000e+03 5.367559999999999817e-05
4.486000000000000000e+03 5.370929999999999753e-05
4.495000000000000000e+03 5.349309999999999780e-05
4.504000000000000000e+03 5.317000000000000084e-05
4.513000000000000000e+03 5.367229999999999771e-05
4.522000000000000000e+03 5.498879999999999773e-05
4.531000000000000000e+03 5.661320000000000203e-05
4.540000000000000000e+03 5.831250000000000116e-05
4.549000000000000000e+03 5.980780000000000021e-05
4.558000000000000000e+03 6.127080000000000297e-05
4.567000000000000000e+03 6.275679999999999518e-05
4.576000000000000000e+03 6.460670000000000605e-05
4.585000000000000000e+03 6.674209999999999919e-05
4.594000000000000000e+03 6.868399999999999495e-05
4.603000000000000000e+03 7.048569999999999499e-05
4.612000000000000000e+03 7.205489999999999345e-05
4.621000000000000000e+03 7.423990000000000049e-05
4.630000000000000000e+03 7.742450000000000384e-05
4.639000000000000000e+03 8.005170000000000471e-05
4.648000000000000000e+03 8.222810000000000644e-05
4.657000000000000000e+03 8.457860000000000367e-05
4.666000000000000000e+03 8.687319999999999352e-05
4.675000000000000000e+03 8.879240000000000049e-05
4.684000000000000000e+03 9.041280000000000280e-05
4.693000000000000000e+03 9.172260000000000168e-05
4.702000000000000000e+03 9.362820000000000593e-05
4.711000000000000000e+03 9.605959999999999759e-05
4.720000000000000000e+03 9.919100000000000627e-05
4.729000000000000000e+03 1.024720000000000042e-04
4.738000000000000000e+03 1.055099999999999978e-04
4.747000000000000000e+03 1.020919999999999976e-04
4.756000000000000000e+03 9.105040000000000496e-05
4.765000000000000000e+03 8.672730000000000565e-05
4.774000000000000000e+03 8.764759999999999749e-05
4.783000000000000000e+03 9.352949999999999957e-05
4.792000000000000000e+03 1.043289999999999967e-04
4.801000000000000000e+03 1.239149999999999952e-04
4.810000000000000000e+03 1.406110000000000129e-04
4.819000000000000000e+03 1.527070000000000001e-04
4.828000000000000000e+03 1.623650000000000082e-04
4.837000000000000000e+03 1.706690000000000019e-04
4.846000000000000000e+03 1.784739999999999992e-04
4.855000000000000000e+03 1.872049999999999940e-04
4.864000000000000000e+03 1.982689999999999952e-04
4.873000000000000000e+03 2.110459999999999984e-04
4.882000000000000000e+03 2.255910000000000022e-04
4.891000000000000000e+03 2.699029999999999940e-04
4.900000000000000000e+03 3.829980000000000081e-04
4.909000000000000000e+03 5.334779999999999904e-04
4.918000000000000000e+03 6.402089999999999821e-04
4.927000000000000000e+03 7.185810000000000374e-04
4.936000000000000000e+03 8.596530000000000447e-04
4.945000000000000000e+03 1.025050000000000006e-03
4.954000000000000000e+03 1.167159999999999986e-03
4.963000000000000000e+03 1.311899999999999959e-03
4.972000000000000000e+03 1.493769999999999950e-03
4.981000000000000000e+03 1.724169999999999913e-03
4.990000000000000000e+03 2.063319999999999998e-03
4.999000000000000000e+03 2.482160000000000182e-03
5.008000000000000000e+03 2.894489999999999997e-03
5.017000000000000000e+03 3.325559999999999974e-03
5.026000000000000000e+03 3.838450000000000195e-03
5.035000000000000000e+03 4.459249999999999672e-03
5.044000000000000000e+03 5.208660000000000373e-03
5.053000000000000000e+03 6.119089999999999772e-03
5.062000000000000000e+03 7.250399999999999727e-03
5.071000000000000000e+03 8.680500000000000715e-03
5.080000000000000000e+03 1.051430000000000073e-02
5.089000000000000000e+03 1.269110000000000030e-02
5.098000000000000000e+03 1.547719999999999999e-02
5.107000000000000000e+03 1.914609999999999923e-02
5.116000000000000000e+03 2.400779999999999928e-02
5.125000000000000000e+03 3.067140000000000144e-02
5.134000000000000000e+03 3.960299999999999931e-02
5.143000000000000000e+03 5.168389999999999790e-02
5.152000000000000000e+03 6.699839999999999962e-02
5.161000000000000000e+03 8.648300000000000431e-02
5.170000000000000000e+03 1.098190000000000000e-01
5.179000000000000000e+03 1.376479999999999926e-01
5.188000000000000000e+03 1.694640000000000035e-01
5.197000000000000000e+03 2.057380000000000042e-01
5.206000000000000000e+03 2.452739999999999920e-01
5.215000000000000000e+03 2.893060000000000076e-01
5.224000000000000000e+03 3.305899999999999950e-01
5.233000000000000000e+03 3.692280000000000006e-01
5.242000000000000000e+03 4.033229999999999871e-01
5.251000000000000000e+03 4.404500000000000082e-01
5.260000000000000000e+03 4.802159999999999762e-01
5.269000000000000000e+03 5.161940000000000417e-01
5.278000000000000000e+03 5.518939999999999957e-01
5.287000000000000000e+03 5.862150000000000416e-01
5.296000000000000000e+03 6.159959999999999880e-01
5.305000000000000000e+03 6.337019999999999875e-01
5.314000000000000000e+03 6.448350000000000470e-01
5.323000000000000000e+03 6.585320000000000062e-01
5.332000000000000000e+03 6.766339999999999577e-01
5.341000000000000000e+03 6.964799999999999880e-01
5.350000000000000000e+03 7.119370000000000420e-01
5.359000000000000000e+03 7.180370000000000363e-01
5.368000000000000000e+03 7.232490000000000308e-01
5.377000000000000000e+03 7.324739999999999585e-01
5.386000000000000000e+03 7.449459999999999971e-01
5.395000000000000000e+03 7.639470000000000427e-01
5.404000000000000000e+03 7.851489999999999858e-01
5.413000000000000000e+03 8.075419999999999821e-01
5.422000000000000000e+03 8.274700000000000388e-01
5.431000000000000000e+03 8.425420000000000131e-01
5.440000000000000000e+03 8.548029999999999795e-01
5.449000000000000000e+03 8.681799999999999518e-01
5.458000000000000000e+03 8.808169999999999611e-01
5.467000000000000000e+03 8.920510000000000383e-01
5.476000000000000000e+03 9.016229999999999523e-01
5.485000000000000000e+03 9.102989999999999693e-01
5.494000000000000000e+03 9.201129999999999587e-01
5.503000000000000000e+03 9.283310000000000173e-01
5.512000000000000000e+03 9.351239999999999553e-01
5.521000000000000000e+03 9.402059999999999862e-01
5.530000000000000000e+03 9.444789999999999575e-01
5.539000000000000000e+03 9.481819999999999693e-01
5.548000000000000000e+03 9.550899999999999945e-01
5.557000000000000000e+03 9.654460000000000264e-01
5.566000000000000000e+03 9.764509999999999579e-01
5.575000000000000000e+03 9.839630000000000321e-01
5.584000000000000000e+03 9.875690000000000301e-01
5.593000000000000000e+03 9.909520000000000550e-01
5.602000000000000000e+03 9.925850000000000506e-01
5.611000000000000000e+03 9.934699999999999642e-01
5.620000000000000000e+03 9.932090000000000085e-01
5.629000000000000000e+03 9.930750000000000410e-01
5.638000000000000000e+03 9.933229999999999560e-01
5.647000000000000000e+03 9.940510000000000179e-01
5.656000000000000000e+03 9.966110000000000246e-01
5.665000000000000000e+03 9.997530000000000028e-01
5.674000000000000000e+03 1.000000000000000000e+00
5.683000000000000000e+03 9.965300000000000269e-01
5.692000000000000000e+03 9.902530000000000499e-01
5.701000000000000000e+03 9.818069999999999853e-01
5.710000000000000000e+03 9.758170000000000455e-01
5.719000000000000000e+03 9.733779999999999655e-01
5.728000000000000000e+03 9.705070000000000086e-01
5.737000000000000000e+03 9.672220000000000262e-01
5.746000000000000000e+03 9.652169999999999916e-01
5.755000000000000000e+03 9.650279999999999969e-01
5.764000000000000000e+03 9.644810000000000327e-01
5.773000000000000000e+03 9.642870000000000053e-01
5.782000000000000000e+03 9.644989999999999952e-01
5.791000000000000000e+03 9.624049999999999550e-01
5.800000000000000000e+03 9.575700000000000323e-01
5.809000000000000000e+03 9.536700000000000177e-01
5.818000000000000000e+03 9.471300000000000274e-01
5.827000000000000000e+03 9.365769999999999929e-01
5.836000000000000000e+03 9.202909999999999702e-01
5.845000000000000000e+03 8.985060000000000269e-01
5.854000000000000000e+03 8.767949999999999910e-01
5.863000000000000000e+03 8.553330000000000100e-01
5.872000000000000000e+03 8.366109999999999935e-01
5.881000000000000000e+03 8.184240000000000403e-01
5.890000000000000000e+03 7.982770000000000143e-01
5.899000000000000000e+03 7.745999999999999552e-01
5.908000000000000000e+03 7.468050000000000521e-01
5.917000000000000000e+03 7.171549999999999869e-01
5.926000000000000000e+03 6.908530000000000504e-01
5.935000000000000000e+03 6.693729999999999958e-01
5.944000000000000000e+03 6.540679999999999827e-01
5.953000000000000000e+03 6.412409999999999499e-01
5.962000000000000000e+03 6.277420000000000222e-01
5.971000000000000000e+03 6.083659999999999624e-01
5.980000000000000000e+03 5.862119999999999553e-01
5.989000000000000000e+03 5.639840000000000408e-01
5.998000000000000000e+03 5.393480000000000496e-01
6.007000000000000000e+03 5.131740000000000190e-01
6.016000000000000000e+03 4.901490000000000014e-01
6.025000000000000000e+03 4.719619999999999926e-01
6.034000000000000000e+03 4.534270000000000245e-01
6.043000000000000000e+03 4.334410000000000207e-01
6.052000000000000000e+03 4.165490000000000026e-01
6.061000000000000000e+03 3.992089999999999805e-01
6.070000000000000000e+03 3.806970000000000076e-01
6.079000000000000000e+03 3.592859999999999943e-01
6.088000000000000000e+03 3.388840000000000185e-01
6.097000000000000000e+03 3.184540000000000148e-01
6.106000000000000000e+03 2.976659999999999862e-01
6.115000000000000000e+03 2.777810000000000001e-01
6.124000000000000000e+03 2.565029999999999810e-01
6.133000000000000000e+03 2.338359999999999883e-01
6.142000000000000000e+03 2.084679999999999866e-01
6.151000000000000000e+03 1.817900000000000071e-01
6.160000000000000000e+03 1.557169999999999943e-01
6.169000000000000000e+03 1.327210000000000056e-01
6.178000000000000000e+03 1.126299999999999940e-01
6.187000000000000000e+03 9.707820000000000338e-02
6.196000000000000000e+03 8.438489999999999880e-02
6.205000000000000000e+03 7.481889999999999374e-02
6.214000000000000000e+03 6.724080000000000334e-02
6.223000000000000000e+03 6.068069999999999714e-02
6.232000000000000000e+03 5.346610000000000251e-02
6.241000000000000000e+03 4.652629999999999960e-02
6.250000000000000000e+03 3.991600000000000009e-02
6.259000000000000000e+03 3.377809999999999840e-02
6.268000000000000000e+03 2.835709999999999967e-02
6.277000000000000000e+03 2.354830000000000118e-02
6.286000000000000000e+03 1.979799999999999963e-02
6.295000000000000000e+03 1.659000000000000058e-02
6.304000000000000000e+03 1.414100000000000079e-02
6.313000000000000000e+03 1.210909999999999938e-02
6.322000000000000000e+03 1.051810000000000071e-02
6.331000000000000000e+03 9.122979999999999284e-03
6.340000000000000000e+03 7.879989999999999911e-03
6.349000000000000000e+03 6.856540000000000377e-03
6.358000000000000000e+03 5.928959999999999612e-03
6.367000000000000000e+03 5.018530000000000213e-03
6.376000000000000000e+03 4.195830000000000219e-03
6.385000000000000000e+03 3.455590000000000137e-03
6.394000000000000000e+03 2.170860000000000151e-03
6.403000000000000000e+03 7.366700000000000331e-04
6.412000000000000000e+03 3.403009999999999933e-04
6.421000000000000000e+03 3.078649999999999941e-04
6.430000000000000000e+03 2.808830000000000007e-04
6.439000000000000000e+03 2.270069999999999900e-04
6.448000000000000000e+03 1.617599999999999962e-04
6.457000000000000000e+03 1.279630000000000079e-04
6.466000000000000000e+03 1.133149999999999950e-04
6.475000000000000000e+03 1.026119999999999994e-04
6.484000000000000000e+03 1.000019999999999956e-04
6.493000000000000000e+03 9.930589999999999394e-05
6.502000000000000000e+03 9.714389999999999668e-05
6.511000000000000000e+03 9.482250000000000227e-05
6.520000000000000000e+03 9.570929999999999520e-05
6.529000000000000000e+03 9.739410000000000320e-05
6.538000000000000000e+03 9.797189999999999621e-05
6.547000000000000000e+03 9.017909999999999858e-05
6.556000000000000000e+03 7.397650000000000569e-05
6.565000000000000000e+03 6.340039999999999695e-05
6.574000000000000000e+03 6.278409999999999406e-05
6.583000000000000000e+03 6.484429999999999849e-05
6.592000000000000000e+03 6.712900000000000052e-05
6.601000000000000000e+03 6.697660000000000516e-05
6.610000000000000000e+03 6.527930000000000364e-05
6.619000000000000000e+03 6.055670000000000247e-05
6.628000000000000000e+03 4.789329999999999765e-05
6.637000000000000000e+03 3.506529999999999782e-05
6.646000000000000000e+03 2.868899999999999925e-05
6.655000000000000000e+03 2.893469999999999929e-05
6.664000000000000000e+03 2.902500000000000078e-05
6.673000000000000000e+03 2.920740000000000093e-05
6.682000000000000000e+03 2.210120000000000110e-05
6.691000000000000000e+03 1.393649999999999947e-05
6.700000000000000000e+03 1.297600000000000079e-05
6.709000000000000000e+03 1.309669999999999948e-05
6.718000000000000000e+03 1.270729999999999944e-05
6.727000000000000000e+03 1.215320000000000080e-05
6.736000000000000000e+03 1.208190000000000032e-05
6.745000000000000000e+03 1.215090000000000084e-05
6.754000000000000000e+03 1.231370000000000037e-05
6.763000000000000000e+03 1.256000000000000002e-05
6.772000000000000000e+03 1.303569999999999955e-05
6.781000000000000000e+03 1.344139999999999975e-05
6.790000000000000000e+03 1.366500000000000046e-05
6.799000000000000000e+03 1.447259999999999930e-05
6.808000000000000000e+03 1.602680000000000044e-05
6.817000000000000000e+03 1.672060000000000047e-05
6.826000000000000000e+03 1.656290000000000027e-05
6.835000000000000000e+03 1.032500000000000025e-05
6.844000000000000000e+03 1.870859999999999906e-06
