3.027000000000000000e+03 0.000000000000000000e+00
3.034000000000000000e+03 2.448919999999999852e-09
3.041000000000000000e+03 1.915709999999999887e-07
3.048000000000000000e+03 6.685420000000000317e-07
3.055000000000000000e+03 1.064260000000000081e-06
3.062000000000000000e+03 1.248840000000000057e-06
3.069000000000000000e+03 1.489600000000000104e-06
3.076000000000000000e+03 1.617910000000000066e-06
3.083000000000000000e+03 1.556159999999999980e-06
3.090000000000000000e+03 1.516120000000000106e-06
3.097000000000000000e+03 1.484769999999999974e-06
3.104000000000000000e+03 1.463979999999999958e-06
3.111000000000000000e+03 1.470039999999999947e-06
3.118000000000000000e+03 1.488510000000000085e-06
3.125000000000000000e+03 1.670509999999999995e-06
3.132000000000000000e+03 2.392699999999999978e-06
3.139000000000000000e+03 2.861939999999999910e-06
3.146000000000000000e+03 3.364489999999999868e-06
3.153000000000000000e+03 4.046550000000000246e-06
3.160000000000000000e+03 4.188719999999999937e-06
3.167000000000000000e+03 4.199469999999999791e-06
3.174000000000000000e+03 4.502609999999999738e-06
3.181000000000000000e+03 5.807969999999999722e-06
3.188000000000000000e+03 6.588690000000000270e-06
3.195000000000000000e+03 6.584040000000000239e-06
3.202000000000000000e+03 6.610309999999999904e-06
3.209000000000000000e+03 6.632199999999999791e-06
3.216000000000000000e+03 6.642409999999999986e-06
3.223000000000000000e+03 6.713490000000000329e-06
3.230000000000000000e+03 6.827599999999999648e-06
3.237000000000000000e+03 6.910280000000000015e-06
3.244000000000000000e+03 7.007050000000000107e-06
3.251000000000000000e+03 7.137839999999999917e-06
3.258000000000000000e+03 7.251049999999999804e-06
3.265000000000000000e+03 7.264530000000000054e-06
3.272000000000000000e+03 7.269390000000000377e-06
3.279000000000000000e+03 7.322049999999999632e-06
3.286000000000000000e+03 7.358099999999999905e-06
3.293000000000000000e+03 7.371290000000000198e-06
3.300000000000000000e+03 7.417340000000000375e-06
3.307000000000000000e+03 7.479699999999999724e-06
3.314000000000000000e+03 7.581100000000000142e-06
3.321000000000000000e+03 7.684420000000000196e-06
3.328000000000000000e+03 7.783499999999999254e-06
3.335000000000000000e+03 7.883890000000000169e-06
3.342000000000000000e+03 7.971549999999999936e-06
3.349000000000000000e+03 8.135190000000000626e-06
3.356000000000000000e+03 8.305600000000000575e-06
3.363000000000000000e+03 8.497030000000000536e-06
3.370000000000000000e+03 8.672230000000000146e-06
3.377000000000000000e+03 8.766270000000000689e-06
3.384000000000000000e+03 8.855729999999999321e-06
3.391000000000000000e+03 8.951989999999999310e-06
3.398000000000000000e+03 9.119279999999999533e-06
3.405000000000000000e+03 9.306929999999999337e-06
3.412000000000000000e+03 9.480059999999999830e-06
3.419000000000000000e+03 9.694349999999999772e-06
3.426000000000000000e+03 9.914320000000000649e-06
3.433000000000000000e+03 1.013490000000000015e-05
3.440000000000000000e+03 1.037290000000000025e-05
3.447000000000000000e+03 1.064139999999999945e-05
3.454000000000000000e+03 1.090160000000000079e-05
3.461000000000000000e+03 1.115219999999999971e-05
3.468000000000000000e+03 1.146509999999999972e-05
3.475000000000000000e+03 1.180090000000000080e-05
3.482000000000000000e+03 1.213159999999999918e-05
3.489000000000000000e+03 1.246520000000000053e-05
3.496000000000000000e+03 1.272529999999999995e-05
3.503000000000000000e+03 1.297680000000000085e-05
3.510000000000000000e+03 1.322329999999999925e-05
3.517000000000000000e+03 1.353859999999999943e-05
3.524000000000000000e+03 1.396790000000000055e-05
3.531000000000000000e+03 1.445899999999999997e-05
3.538000000000000000e+03 1.499879999999999944e-05
3.545000000000000000e+03 1.552829999999999835e-05
3.552000000000000000e+03 1.613790000000000011e-05
3.559000000000000000e+03 1.676649999999999948e-05
3.566000000000000000e+03 1.744390000000000082e-05
3.573000000000000000e+03 1.827469999999999971e-05
3.580000000000000000e+03 1.913930000000000156e-05
3.587000000000000000e+03 1.999699999999999845e-05
3.594000000000000000e+03 2.090210000000000101e-05
3.601000000000000000e+03 2.187029999999999964e-05
3.608000000000000000e+03 2.304860000000000155e-05
3.615000000000000000e+03 2.431599999999999894e-05
3.622000000000000000e+03 2.565030000000000071e-05
3.629000000000000000e+03 2.712829999999999910e-05
3.636000000000000000e+03 2.879749999999999999e-05
3.643000000000000000e+03 3.041459999999999845e-05
3.650000000000000000e+03 3.177739999999999835e-05
3.657000000000000000e+03 3.359759999999999830e-05
3.664000000000000000e+03 3.577689999999999961e-05
3.671000000000000000e+03 3.812090000000000292e-05
3.678000000000000000e+03 4.152580000000000144e-05
3.685000000000000000e+03 4.604549999999999816e-05
3.692000000000000000e+03 5.132639999999999702e-05
3.699000000000000000e+03 5.682620000000000152e-05
3.706000000000000000e+03 6.261390000000000033e-05
3.713000000000000000e+03 6.929469999999999911e-05
3.720000000000000000e+03 7.780630000000000076e-05
3.727000000000000000e+03 8.772090000000000237e-05
3.734000000000000000e+03 1.000350000000000002e-04
3.741000000000000000e+03 1.148359999999999962e-04
3.748000000000000000e+03 1.331199999999999994e-04
3.755000000000000000e+03 1.660769999999999890e-04
3.762000000000000000e+03 2.144229999999999899e-04
3.769000000000000000e+03 2.790420000000000162e-04
3.776000000000000000e+03 3.684909999999999792e-04
3.783000000000000000e+03 4.808050000000000019e-04
3.790000000000000000e+03 6.104529999999999505e-04
3.797000000000000000e+03 7.715929999999999967e-04
3.804000000000000000e+03 9.797770000000000350e-04
3.811000000000000000e+03 1.224800000000000064e-03
3.818000000000000000e+03 1.525209999999999934e-03
3.825000000000000000e+03 1.876129999999999942e-03
3.832000000000000000e+03 2.295150000000000141e-03
3.839000000000000000e+03 2.757219999999999897e-03
3.846000000000000000e+03 3.289820000000000157e-03
3.853000000000000000e+03 3.864219999999999808e-03
3.860000000000000000e+03 4.516520000000000430e-03
3.867000000000000000e+03 5.210550000000000424e-03
3.874000000000000000e+03 5.970610000000000327e-03
3.881000000000000000e+03 6.757789999999999631e-03
3.888000000000000000e+03 7.602590000000000216e-03
3.895000000000000000e+03 8.474749999999999645e-03
3.902000000000000000e+03 9.383340000000000430e-03
3.909000000000000000e+03 1.032399999999999984e-02
3.916000000000000000e+03 1.129010000000000083e-02
3.923000000000000000e+03 1.231190000000000062e-02
3.930000000000000000e+03 1.336460000000000078e-02
3.937000000000000000e+03 1.450390000000000013e-02
3.944000000000000000e+03 1.570970000000000005e-02
3.951000000000000000e+03 1.705339999999999981e-02
3.958000000000000000e+03 1.849249999999999852e-02
3.965000000000000000e+03 2.013389999999999971e-02
3.972000000000000000e+03 2.192500000000000004e-02
3.979000000000000000e+03 2.392439999999999845e-02
3.986000000000000000e+03 2.602060000000000137e-02
3.993000000000000000e+03 2.817280000000000131e-02
4.000000000000000000e+03 3.032429999999999848e-02
4.007000000000000000e+03 3.248249999999999749e-02
4.014000000000000000e+03 3.483580000000000010e-02
4.021000000000000000e+03 3.727250000000000008e-02
4.028000000000000000e+03 3.976040000000000130e-02
4.035000000000000000e+03 4.226619999999999683e-02
4.042000000000000000e+03 4.452430000000000276e-02
4.049000000000000000e+03 4.655429999999999985e-02
4.056000000000000000e+03 4.820460000000000023e-02
4.063000000000000000e+03 4.992130000000000178e-02
4.070000000000000000e+03 5.162579999999999947e-02
4.077000000000000000e+03 5.320720000000000310e-02
4.084000000000000000e+03 5.451040000000000052e-02
4.091000000000000000e+03 5.520479999999999832e-02
4.098000000000000000e+03 5.573329999999999951e-02
4.105000000000000000e+03 5.641899999999999693e-02
4.112000000000000000e+03 5.707879999999999898e-02
4.119000000000000000e+03 5.781990000000000046e-02
4.126000000000000000e+03 5.867010000000000280e-02
4.133000000000000000e+03 5.984450000000000186e-02
4.140000000000000000e+03 6.146870000000000112e-02
4.147000000000000000e+03 6.417280000000000206e-02
4.154000000000000000e+03 6.945529999999999760e-02
4.161000000000000000e+03 7.907340000000000202e-02
4.168000000000000000e+03 9.680320000000000591e-02
4.175000000000000000e+03 1.249930000000000069e-01
4.182000000000000000e+03 1.675500000000000045e-01
4.189000000000000000e+03 2.245449999999999946e-01
4.196000000000000000e+03 2.935329999999999884e-01
4.203000000000000000e+03 3.698969999999999758e-01
4.210000000000000000e+03 4.458309999999999773e-01
4.217000000000000000e+03 5.172769999999999868e-01
4.224000000000000000e+03 5.803650000000000198e-01
4.231000000000000000e+03 6.387890000000000512e-01
4.238000000000000000e+03 6.925459999999999949e-01
4.245000000000000000e+03 7.459700000000000220e-01
4.252000000000000000e+03 7.975210000000000354e-01
4.259000000000000000e+03 8.459989999999999455e-01
4.266000000000000000e+03 8.890390000000000237e-01
4.273000000000000000e+03 9.263169999999999460e-01
4.280000000000000000e+03 9.555639999999999690e-01
4.287000000000000000e+03 9.774230000000000418e-01
4.294000000000000000e+03 9.916080000000000449e-01
4.301000000000000000e+03 9.984690000000000509e-01
4.308000000000000000e+03 1.000000000000000000e+00
4.315000000000000000e+03 9.986690000000000289e-01
4.322000000000000000e+03 9.941400000000000237e-01
4.329000000000000000e+03 9.881349999999999856e-01
4.336000000000000000e+03 9.804009999999999669e-01
4.343000000000000000e+03 9.705510000000000526e-01
4.350000000000000000e+03 9.557459999999999845e-01
4.357000000000000000e+03 9.357320000000000082e-01
4.364000000000000000e+03 9.063379999999999770e-01
4.371000000000000000e+03 8.683229999999999560e-01
4.378000000000000000e+03 8.214669999999999472e-01
4.385000000000000000e+03 7.672799999999999621e-01
4.392000000000000000e+03 7.077229999999999910e-01
4.399000000000000000e+03 6.427079999999999460e-01
4.406000000000000000e+03 5.740790000000000060e-01
4.413000000000000000e+03 5.074159999999999782e-01
4.420000000000000000e+03 4.436499999999999888e-01
4.427000000000000000e+03 3.819870000000000210e-01
4.434000000000000000e+03 3.222709999999999742e-01
4.441000000000000000e+03 2.648539999999999783e-01
4.448000000000000000e+03 2.113279999999999881e-01
4.455000000000000000e+03 1.638179999999999914e-01
4.462000000000000000e+03 1.229920000000000041e-01
4.469000000000000000e+03 9.295480000000000409e-02
4.476000000000000000e+03 7.176499999999999546e-02
4.483000000000000000e+03 5.764790000000000192e-02
4.490000000000000000e+03 4.792899999999999938e-02
4.497000000000000000e+03 4.231830000000000314e-02
4.504000000000000000e+03 3.889829999999999677e-02
4.511000000000000000e+03 3.668899999999999939e-02
4.518000000000000000e+03 3.502999999999999864e-02
4.525000000000000000e+03 3.369529999999999748e-02
4.532000000000000000e+03 3.266020000000000034e-02
4.539000000000000000e+03 3.173329999999999901e-02
4.546000000000000000e+03 3.087940000000000129e-02
4.553000000000000000e+03 3.017299999999999843e-02
4.560000000000000000e+03 2.951420000000000085e-02
4.567000000000000000e+03 2.887649999999999939e-02
4.574000000000000000e+03 2.845620000000000094e-02
4.581000000000000000e+03 2.820980000000000015e-02
4.588000000000000000e+03 2.805399999999999908e-02
4.595000000000000000e+03 2.777889999999999873e-02
4.602000000000000000e+03 2.741920000000000121e-02
4.609000000000000000e+03 2.684670000000000112e-02
4.616000000000000000e+03 2.630000000000000046e-02
4.623000000000000000e+03 2.593070000000000097e-02
4.630000000000000000e+03 2.549109999999999918e-02
4.637000000000000000e+03 2.489270000000000024e-02
4.644000000000000000e+03 2.410170000000000021e-02
4.651000000000000000e+03 2.324609999999999871e-02
4.658000000000000000e+03 2.220060000000000089e-02
4.665000000000000000e+03 2.111060000000000020e-02
4.672000000000000000e+03 1.995800000000000005e-02
4.679000000000000000e+03 1.885320000000000051e-02
4.686000000000000000e+03 1.777389999999999873e-02
4.693000000000000000e+03 1.684079999999999952e-02
4.700000000000000000e+03 1.594119999999999912e-02
4.707000000000000000e+03 1.497910000000000040e-02
4.714000000000000000e+03 1.400780000000000081e-02
4.721000000000000000e+03 1.304499999999999930e-02
4.728000000000000000e+03 1.212610000000000077e-02
4.735000000000000000e+03 1.122399999999999960e-02
4.742000000000000000e+03 1.030730000000000014e-02
4.749000000000000000e+03 9.392809999999999701e-03
4.756000000000000000e+03 8.485819999999999821e-03
4.763000000000000000e+03 7.642320000000000189e-03
4.770000000000000000e+03 6.905360000000000144e-03
4.777000000000000000e+03 6.240749999999999770e-03
4.784000000000000000e+03 5.660959999999999603e-03
4.791000000000000000e+03 5.160790000000000169e-03
4.798000000000000000e+03 4.727649999999999908e-03
4.805000000000000000e+03 4.335620000000000099e-03
4.812000000000000000e+03 3.997020000000000434e-03
4.819000000000000000e+03 3.702389999999999848e-03
4.826000000000000000e+03 3.442199999999999861e-03
4.833000000000000000e+03 3.204830000000000092e-03
4.840000000000000000e+03 2.984549999999999877e-03
4.847000000000000000e+03 2.778599999999999993e-03
4.854000000000000000e+03 2.585050000000000195e-03
4.861000000000000000e+03 2.402730000000000057e-03
4.868000000000000000e+03 2.227569999999999897e-03
4.875000000000000000e+03 2.059449999999999996e-03
4.882000000000000000e+03 1.898839999999999946e-03
4.889000000000000000e+03 1.743509999999999982e-03
4.896000000000000000e+03 1.598009999999999969e-03
4.903000000000000000e+03 1.454750000000000097e-03
4.910000000000000000e+03 1.275700000000000054e-03
4.917000000000000000e+03 1.106489999999999904e-03
4.924000000000000000e+03 9.948929999999999493e-04
4.931000000000000000e+03 8.821220000000000493e-04
4.938000000000000000e+03 7.356370000000000313e-04
4.945000000000000000e+03 6.084639999999999667e-04
4.952000000000000000e+03 5.314770000000000345e-04
4.959000000000000000e+03 4.580590000000000269e-04
4.966000000000000000e+03 3.877029999999999843e-04
4.973000000000000000e+03 3.293039999999999900e-04
4.980000000000000000e+03 2.669479999999999791e-04
4.987000000000000000e+03 1.330889999999999992e-04
4.994000000000000000e+03 2.079380000000000071e-05
5.001000000000000000e+03 1.319820000000000011e-05
5.008000000000000000e+03 1.028669999999999928e-05
5.015000000000000000e+03 7.530220000000000046e-06
5.022000000000000000e+03 6.913380000000000037e-06
5.029000000000000000e+03 5.814440000000000018e-06
5.036000000000000000e+03 3.122670000000000208e-06
5.043000000000000000e+03 1.323920000000000065e-06
5.050000000000000000e+03 1.312320000000000041e-06
5.057000000000000000e+03 1.341499999999999989e-06
5.064000000000000000e+03 1.468649999999999906e-06
5.071000000000000000e+03 1.604330000000000020e-06
5.078000000000000000e+03 1.625810000000000024e-06
5.085000000000000000e+03 1.365319999999999999e-06
5.092000000000000000e+03 4.753400000000000199e-07
