1.927000000000000000e+03 0.000000000000000000e+00
1.932000000000000000e+03 4.921380000000000093e-07
1.937000000000000000e+03 5.210529999999999899e-06
1.942000000000000000e+03 1.067079999999999955e-05
1.947000000000000000e+03 1.223660000000000072e-05
1.952000000000000000e+03 1.252519999999999995e-05
1.957000000000000000e+03 1.298990000000000077e-05
1.962000000000000000e+03 1.462690000000000051e-05
1.967000000000000000e+03 2.032939999999999885e-05
1.972000000000000000e+03 2.582520000000000136e-05
1.977000000000000000e+03 2.732700000000000111e-05
1.982000000000000000e+03 2.813490000000000061e-05
1.987000000000000000e+03 2.898360000000000148e-05
1.992000000000000000e+03 2.963360000000000034e-05
1.997000000000000000e+03 3.019539999999999892e-05
2.002000000000000000e+03 3.051880000000000331e-05
2.007000000000000000e+03 3.077720000000000070e-05
2.012000000000000000e+03 3.092069999999999687e-05
2.017000000000000000e+03 3.090279999999999828e-05
2.022000000000000000e+03 3.070330000000000129e-05
2.027000000000000000e+03 3.044909999999999956e-05
2.032000000000000000e+03 3.029769999999999962e-05
2.037000000000000000e+03 3.020969999999999979e-05
2.042000000000000000e+03 3.033889999999999848e-05
2.047000000000000000e+03 3.057189999999999777e-05
2.052000000000000000e+03 3.091579999999999968e-05
2.057000000000000000e+03 3.132309999999999831e-05
2.062000000000000000e+03 3.179859999999999740e-05
2.067000000000000000e+03 3.219079999999999679e-05
2.072000000000000000e+03 3.253489999999999914e-05
2.077000000000000000e+03 3.264110000000000161e-05
2.082000000000000000e+03 3.253439999999999804e-05
2.087000000000000000e+03 3.200839999999999664e-05
2.092000000000000000e+03 3.123270000000000337e-05
2.097000000000000000e+03 3.002229999999999884e-05
2.102000000000000000e+03 2.864320000000000047e-05
2.107000000000000000e+03 2.693219999999999940e-05
2.112000000000000000e+03 2.514490000000000044e-05
2.117000000000000000e+03 2.322170000000000164e-05
2.122000000000000000e+03 2.132700000000000096e-05
2.127000000000000000e+03 1.969609999999999934e-05
2.132000000000000000e+03 1.816949999999999943e-05
2.137000000000000000e+03 1.713930000000000038e-05
2.142000000000000000e+03 1.629000000000000158e-05
2.147000000000000000e+03 1.595590000000000083e-05
2.152000000000000000e+03 1.588600000000000003e-05
2.157000000000000000e+03 1.612570000000000046e-05
2.162000000000000000e+03 1.662660000000000104e-05
2.167000000000000000e+03 1.721099999999999835e-05
2.172000000000000000e+03 1.795649999999999994e-05
2.177000000000000000e+03 1.857830000000000134e-05
2.182000000000000000e+03 1.902839999999999894e-05
2.187000000000000000e+03 1.932549999999999988e-05
2.192000000000000000e+03 1.920540000000000081e-05
2.197000000000000000e+03 1.902150000000000076e-05
2.202000000000000000e+03 1.858610000000000150e-05
2.207000000000000000e+03 1.809410000000000011e-05
2.212000000000000000e+03 1.727240000000000085e-05
2.217000000000000000e+03 1.634250000000000150e-05
2.222000000000000000e+03 1.520070000000000000e-05
2.227000000000000000e+03 1.392210000000000008e-05
2.232000000000000000e+03 1.282419999999999997e-05
2.237000000000000000e+03 1.177130000000000027e-05
2.242000000000000000e+03 1.079420000000000077e-05
2.247000000000000000e+03 9.898349999999999852e-06
2.252000000000000000e+03 9.087949999999999953e-06
2.257000000000000000e+03 8.435160000000000737e-06
2.262000000000000000e+03 7.865859999999999259e-06
2.267000000000000000e+03 7.547670000000000193e-06
2.272000000000000000e+03 7.246009999999999595e-06
2.277000000000000000e+03 6.961090000000000296e-06
2.282000000000000000e+03 6.694159999999999957e-06
2.287000000000000000e+03 6.489500000000000293e-06
2.292000000000000000e+03 6.292349999999999987e-06
2.297000000000000000e+03 6.099060000000000352e-06
2.302000000000000000e+03 5.922939999999999911e-06
2.307000000000000000e+03 5.753550000000000165e-06
2.312000000000000000e+03 5.569300000000000193e-06
2.317000000000000000e+03 5.370510000000000356e-06
2.322000000000000000e+03 5.185839999999999802e-06
2.327000000000000000e+03 5.028309999999999635e-06
2.332000000000000000e+03 4.860900000000000335e-06
2.337000000000000000e+03 4.737990000000000354e-06
2.342000000000000000e+03 4.660630000000000302e-06
2.347000000000000000e+03 4.587079999999999965e-06
2.352000000000000000e+03 4.490870000000000085e-06
2.357000000000000000e+03 4.383800000000000278e-06
2.362000000000000000e+03 4.303029999999999694e-06
2.367000000000000000e+03 4.203189999999999986e-06
2.372000000000000000e+03 4.082699999999999891e-06
2.377000000000000000e+03 4.004460000000000112e-06
2.382000000000000000e+03 3.995330000000000082e-06
2.387000000000000000e+03 3.996679999999999654e-06
2.392000000000000000e+03 4.003360000000000241e-06
2.397000000000000000e+03 4.000289999999999777e-06
2.402000000000000000e+03 3.971459999999999750e-06
2.407000000000000000e+03 3.879310000000000133e-06
2.412000000000000000e+03 3.792909999999999994e-06
2.417000000000000000e+03 3.768279999999999859e-06
2.422000000000000000e+03 3.719070000000000122e-06
2.427000000000000000e+03 3.669820000000000127e-06
2.432000000000000000e+03 5.752359999999999928e-06
2.437000000000000000e+03 9.241780000000000478e-06
2.442000000000000000e+03 1.033099999999999985e-05
2.447000000000000000e+03 1.032030000000000011e-05
2.452000000000000000e+03 1.030340000000000032e-05
2.457000000000000000e+03 1.026299999999999982e-05
2.462000000000000000e+03 1.020489999999999948e-05
2.467000000000000000e+03 1.018740000000000007e-05
2.472000000000000000e+03 1.030929999999999970e-05
2.477000000000000000e+03 1.037670000000000011e-05
2.482000000000000000e+03 1.045749999999999940e-05
2.487000000000000000e+03 1.065839999999999946e-05
2.492000000000000000e+03 1.095700000000000030e-05
2.497000000000000000e+03 1.107690000000000062e-05
2.502000000000000000e+03 1.102340000000000020e-05
2.507000000000000000e+03 1.114410000000000059e-05
2.512000000000000000e+03 1.127639999999999930e-05
2.517000000000000000e+03 1.124440000000000029e-05
2.522000000000000000e+03 1.120609999999999932e-05
2.527000000000000000e+03 1.113770000000000011e-05
2.532000000000000000e+03 1.103430000000000039e-05
2.537000000000000000e+03 1.097449999999999970e-05
2.542000000000000000e+03 1.099340000000000049e-05
2.547000000000000000e+03 1.105220000000000067e-05
2.552000000000000000e+03 1.110439999999999993e-05
2.557000000000000000e+03 1.119529999999999935e-05
2.562000000000000000e+03 1.145470000000000063e-05
2.567000000000000000e+03 1.183080000000000030e-05
2.572000000000000000e+03 1.223560000000000022e-05
2.577000000000000000e+03 1.274579999999999916e-05
2.582000000000000000e+03 1.308850000000000013e-05
2.587000000000000000e+03 1.333789999999999981e-05
2.592000000000000000e+03 1.352789999999999969e-05
2.597000000000000000e+03 1.377000000000000030e-05
2.602000000000000000e+03 1.411259999999999936e-05
2.607000000000000000e+03 1.441300000000000075e-05
2.612000000000000000e+03 1.453439999999999928e-05
2.617000000000000000e+03 1.460140000000000050e-05
2.622000000000000000e+03 1.459929999999999929e-05
2.627000000000000000e+03 1.464019999999999918e-05
2.632000000000000000e+03 1.476629999999999955e-05
2.637000000000000000e+03 1.502739999999999947e-05
2.642000000000000000e+03 1.546049999999999877e-05
2.647000000000000000e+03 1.591809999999999926e-05
2.652000000000000000e+03 1.642299999999999844e-05
2.657000000000000000e+03 1.704960000000000020e-05
2.662000000000000000e+03 1.768020000000000057e-05
2.667000000000000000e+03 1.810950000000000000e-05
2.672000000000000000e+03 1.845819999999999888e-05
2.677000000000000000e+03 1.860849999999999980e-05
2.682000000000000000e+03 1.871690000000000032e-05
2.687000000000000000e+03 1.876759999999999968e-05
2.692000000000000000e+03 1.895830000000000109e-05
2.697000000000000000e+03 1.954889999999999845e-05
2.702000000000000000e+03 2.020439999999999920e-05
2.707000000000000000e+03 2.100499999999999964e-05
2.712000000000000000e+03 2.181960000000000027e-05
2.717000000000000000e+03 2.268020000000000013e-05
2.722000000000000000e+03 2.357409999999999847e-05
2.727000000000000000e+03 2.445659999999999891e-05
2.732000000000000000e+03 2.545959999999999930e-05
2.737000000000000000e+03 2.659270000000000037e-05
2.742000000000000000e+03 2.774819999999999972e-05
2.747000000000000000e+03 2.903799999999999879e-05
2.752000000000000000e+03 3.046289999999999933e-05
2.757000000000000000e+03 3.205740000000000244e-05
2.762000000000000000e+03 3.415009999999999682e-05
2.767000000000000000e+03 3.627429999999999929e-05
2.772000000000000000e+03 3.853219999999999676e-05
2.777000000000000000e+03 4.092900000000000065e-05
2.782000000000000000e+03 4.386359999999999793e-05
2.787000000000000000e+03 4.689479999999999696e-05
2.792000000000000000e+03 5.056260000000000274e-05
2.797000000000000000e+03 5.435670000000000085e-05
2.802000000000000000e+03 5.889829999999999816e-05
2.807000000000000000e+03 6.394829999999999894e-05
2.812000000000000000e+03 7.017609999999999376e-05
2.817000000000000000e+03 7.718799999999999349e-05
2.822000000000000000e+03 8.550859999999999646e-05
2.827000000000000000e+03 9.486479999999999338e-05
2.832000000000000000e+03 1.048779999999999943e-04
2.837000000000000000e+03 1.143210000000000054e-04
2.842000000000000000e+03 1.262020000000000091e-04
2.847000000000000000e+03 1.433879999999999899e-04
2.852000000000000000e+03 1.632419999999999932e-04
2.857000000000000000e+03 1.895629999999999874e-04
2.862000000000000000e+03 2.424249999999999973e-04
2.867000000000000000e+03 4.104360000000000256e-04
2.872000000000000000e+03 5.946289999999999475e-04
2.877000000000000000e+03 8.025719999999999859e-04
2.882000000000000000e+03 1.026159999999999919e-03
2.887000000000000000e+03 1.396730000000000107e-03
2.892000000000000000e+03 1.815039999999999969e-03
2.897000000000000000e+03 2.348429999999999875e-03
2.902000000000000000e+03 2.933600000000000183e-03
2.907000000000000000e+03 3.595189999999999844e-03
2.912000000000000000e+03 4.307260000000000255e-03
2.917000000000000000e+03 5.056879999999999709e-03
2.922000000000000000e+03 5.847540000000000029e-03
2.927000000000000000e+03 6.654359999999999789e-03
2.932000000000000000e+03 7.492880000000000373e-03
2.937000000000000000e+03 8.348690000000000624e-03
2.942000000000000000e+03 9.251699999999999854e-03
2.947000000000000000e+03 1.016820000000000050e-02
2.952000000000000000e+03 1.113150000000000077e-02
2.957000000000000000e+03 1.211250000000000000e-02
2.962000000000000000e+03 1.315930000000000051e-02
2.967000000000000000e+03 1.422709999999999947e-02
2.972000000000000000e+03 1.533550000000000017e-02
2.977000000000000000e+03 1.647269999999999984e-02
2.982000000000000000e+03 1.765030000000000071e-02
2.987000000000000000e+03 1.887269999999999920e-02
2.992000000000000000e+03 2.012699999999999906e-02
2.997000000000000000e+03 2.143930000000000141e-02
3.002000000000000000e+03 2.273959999999999870e-02
3.007000000000000000e+03 2.408079999999999943e-02
3.012000000000000000e+03 2.540500000000000050e-02
3.017000000000000000e+03 2.674709999999999935e-02
3.022000000000000000e+03 2.810069999999999929e-02
3.027000000000000000e+03 2.945580000000000073e-02
3.032000000000000000e+03 3.081990000000000077e-02
3.037000000000000000e+03 3.211259999999999809e-02
3.042000000000000000e+03 3.345469999999999694e-02
3.047000000000000000e+03 3.469599999999999768e-02
3.052000000000000000e+03 3.604530000000000234e-02
3.057000000000000000e+03 3.735850000000000282e-02
3.062000000000000000e+03 3.878960000000000047e-02
3.067000000000000000e+03 4.026409999999999711e-02
3.072000000000000000e+03 4.184100000000000319e-02
3.077000000000000000e+03 4.354759999999999881e-02
3.082000000000000000e+03 4.530050000000000049e-02
3.087000000000000000e+03 4.725920000000000121e-02
3.092000000000000000e+03 4.922660000000000230e-02
3.097000000000000000e+03 5.124360000000000026e-02
3.102000000000000000e+03 5.318670000000000342e-02
3.107000000000000000e+03 5.495309999999999778e-02
3.112000000000000000e+03 5.659209999999999935e-02
3.117000000000000000e+03 5.788560000000000233e-02
3.122000000000000000e+03 5.897650000000000114e-02
3.127000000000000000e+03 5.959590000000000026e-02
3.132000000000000000e+03 6.006890000000000146e-02
3.137000000000000000e+03 6.030490000000000156e-02
3.142000000000000000e+03 6.038530000000000286e-02
3.147000000000000000e+03 6.031550000000000106e-02
3.152000000000000000e+03 6.018529999999999713e-02
3.157000000000000000e+03 6.004709999999999909e-02
3.162000000000000000e+03 5.990979999999999916e-02
3.167000000000000000e+03 5.980599999999999805e-02
3.172000000000000000e+03 5.985990000000000061e-02
3.177000000000000000e+03 6.002640000000000059e-02
3.182000000000000000e+03 6.025969999999999938e-02
3.187000000000000000e+03 6.053809999999999747e-02
3.192000000000000000e+03 6.098399999999999654e-02
3.197000000000000000e+03 6.167469999999999897e-02
3.202000000000000000e+03 6.271730000000000360e-02
3.207000000000000000e+03 6.420130000000000281e-02
3.212000000000000000e+03 6.662329999999999641e-02
3.217000000000000000e+03 7.035299999999999887e-02
3.222000000000000000e+03 7.681150000000000477e-02
3.227000000000000000e+03 8.671909999999999341e-02
3.232000000000000000e+03 1.025640000000000024e-01
3.237000000000000000e+03 1.258259999999999934e-01
3.242000000000000000e+03 1.600860000000000061e-01
3.247000000000000000e+03 2.052229999999999888e-01
3.252000000000000000e+03 2.644119999999999804e-01
3.257000000000000000e+03 3.349449999999999927e-01
3.262000000000000000e+03 4.140869999999999829e-01
3.267000000000000000e+03 5.017599999999999838e-01
3.272000000000000000e+03 5.847740000000000160e-01
3.277000000000000000e+03 6.722949999999999759e-01
3.282000000000000000e+03 7.469379999999999908e-01
3.287000000000000000e+03 8.173420000000000130e-01
3.292000000000000000e+03 8.739639999999999631e-01
3.297000000000000000e+03 9.156800000000000495e-01
3.302000000000000000e+03 9.467039999999999900e-01
3.307000000000000000e+03 9.626379999999999937e-01
3.312000000000000000e+03 9.720779999999999976e-01
3.317000000000000000e+03 9.771769999999999623e-01
3.322000000000000000e+03 9.815589999999999593e-01
3.327000000000000000e+03 9.859970000000000123e-01
3.332000000000000000e+03 9.886009999999999520e-01
3.337000000000000000e+03 9.916049999999999587e-01
3.342000000000000000e+03 9.959949999999999637e-01
3.347000000000000000e+03 9.986990000000000034e-01
3.352000000000000000e+03 1.000000000000000000e+00
3.357000000000000000e+03 9.992299999999999516e-01
3.362000000000000000e+03 9.952699999999999880e-01
3.367000000000000000e+03 9.911440000000000250e-01
3.372000000000000000e+03 9.872060000000000279e-01
3.377000000000000000e+03 9.816120000000000401e-01
3.382000000000000000e+03 9.730659999999999865e-01
3.387000000000000000e+03 9.582610000000000294e-01
3.392000000000000000e+03 9.372789999999999733e-01
3.397000000000000000e+03 9.107549999999999812e-01
3.402000000000000000e+03 8.749919999999999920e-01
3.407000000000000000e+03 8.312260000000000204e-01
3.412000000000000000e+03 7.749540000000000317e-01
3.417000000000000000e+03 7.059530000000000527e-01
3.422000000000000000e+03 6.303919999999999524e-01
3.427000000000000000e+03 5.490540000000000420e-01
3.432000000000000000e+03 4.690469999999999917e-01
3.437000000000000000e+03 3.904549999999999965e-01
3.442000000000000000e+03 3.158340000000000036e-01
3.447000000000000000e+03 2.518310000000000271e-01
3.452000000000000000e+03 1.958409999999999873e-01
3.457000000000000000e+03 1.545370000000000077e-01
3.462000000000000000e+03 1.222739999999999938e-01
3.467000000000000000e+03 1.000749999999999973e-01
3.472000000000000000e+03 8.453720000000000678e-02
3.477000000000000000e+03 7.389859999999999485e-02
3.482000000000000000e+03 6.610399999999999610e-02
3.487000000000000000e+03 5.987669999999999798e-02
3.492000000000000000e+03 5.502669999999999784e-02
3.497000000000000000e+03 5.165379999999999971e-02
3.502000000000000000e+03 4.949280000000000346e-02
3.507000000000000000e+03 4.804749999999999993e-02
3.512000000000000000e+03 4.703179999999999861e-02
3.517000000000000000e+03 4.594689999999999885e-02
3.522000000000000000e+03 4.521580000000000044e-02
3.527000000000000000e+03 4.427880000000000010e-02
3.532000000000000000e+03 4.334899999999999864e-02
3.537000000000000000e+03 4.282310000000000283e-02
3.542000000000000000e+03 4.243960000000000093e-02
3.547000000000000000e+03 4.212280000000000191e-02
3.552000000000000000e+03 4.186120000000000119e-02
3.557000000000000000e+03 4.160939999999999778e-02
3.562000000000000000e+03 4.135350000000000137e-02
3.567000000000000000e+03 4.100940000000000141e-02
3.572000000000000000e+03 4.075059999999999794e-02
3.577000000000000000e+03 4.057859999999999939e-02
3.582000000000000000e+03 4.038080000000000142e-02
3.587000000000000000e+03 4.017339999999999800e-02
3.592000000000000000e+03 4.012809999999999988e-02
3.597000000000000000e+03 4.010160000000000113e-02
3.602000000000000000e+03 3.981380000000000335e-02
3.607000000000000000e+03 3.922740000000000254e-02
3.612000000000000000e+03 3.856480000000000324e-02
3.617000000000000000e+03 3.771449999999999803e-02
3.622000000000000000e+03 3.690969999999999668e-02
3.627000000000000000e+03 3.590789999999999954e-02
3.632000000000000000e+03 3.476110000000000311e-02
3.637000000000000000e+03 3.352739999999999887e-02
3.642000000000000000e+03 3.219299999999999939e-02
3.647000000000000000e+03 3.081220000000000139e-02
3.652000000000000000e+03 2.943049999999999833e-02
3.657000000000000000e+03 2.797130000000000102e-02
3.662000000000000000e+03 2.637950000000000017e-02
3.667000000000000000e+03 2.480670000000000097e-02
3.672000000000000000e+03 2.310989999999999919e-02
3.677000000000000000e+03 2.140049999999999938e-02
3.682000000000000000e+03 1.960829999999999865e-02
3.687000000000000000e+03 1.785219999999999863e-02
3.692000000000000000e+03 1.614420000000000091e-02
3.697000000000000000e+03 1.445819999999999918e-02
3.702000000000000000e+03 1.289150000000000018e-02
3.707000000000000000e+03 1.135240000000000034e-02
3.712000000000000000e+03 1.001930000000000008e-02
3.717000000000000000e+03 8.752720000000000292e-03
3.722000000000000000e+03 7.702790000000000158e-03
3.727000000000000000e+03 6.765779999999999884e-03
3.732000000000000000e+03 5.980820000000000407e-03
3.737000000000000000e+03 5.326530000000000327e-03
3.742000000000000000e+03 4.759170000000000067e-03
3.747000000000000000e+03 4.297239999999999914e-03
3.752000000000000000e+03 3.882120000000000189e-03
3.757000000000000000e+03 3.534879999999999793e-03
3.762000000000000000e+03 3.209009999999999987e-03
3.767000000000000000e+03 2.919629999999999882e-03
3.772000000000000000e+03 2.635980000000000007e-03
3.777000000000000000e+03 2.375260000000000132e-03
3.782000000000000000e+03 2.126859999999999949e-03
3.787000000000000000e+03 1.894429999999999899e-03
3.792000000000000000e+03 1.648509999999999949e-03
3.797000000000000000e+03 1.361220000000000008e-03
3.802000000000000000e+03 1.092499999999999938e-03
3.807000000000000000e+03 9.270170000000000320e-04
3.812000000000000000e+03 7.718550000000000020e-04
3.817000000000000000e+03 4.372700000000000198e-04
3.822000000000000000e+03 9.029279999999999717e-05
3.827000000000000000e+03 3.218819999999999787e-05
3.832000000000000000e+03 2.897349999999999966e-05
3.837000000000000000e+03 2.596840000000000026e-05
3.842000000000000000e+03 2.360709999999999968e-05
3.847000000000000000e+03 2.149820000000000027e-05
3.852000000000000000e+03 2.004829999999999912e-05
3.857000000000000000e+03 1.885869999999999954e-05
3.862000000000000000e+03 1.795649999999999994e-05
3.867000000000000000e+03 1.717549999999999844e-05
3.872000000000000000e+03 1.645660000000000097e-05
3.877000000000000000e+03 1.573970000000000111e-05
3.882000000000000000e+03 1.505739999999999919e-05
3.887000000000000000e+03 1.448729999999999934e-05
3.892000000000000000e+03 1.396250000000000057e-05
3.897000000000000000e+03 1.348590000000000077e-05
3.902000000000000000e+03 1.308240000000000031e-05
3.907000000000000000e+03 1.279890000000000040e-05
3.912000000000000000e+03 1.255499999999999923e-05
3.917000000000000000e+03 1.243180000000000013e-05
3.922000000000000000e+03 1.236860000000000047e-05
3.927000000000000000e+03 1.235330000000000080e-05
3.932000000000000000e+03 1.237269999999999929e-05
3.937000000000000000e+03 1.235809999999999947e-05
3.942000000000000000e+03 1.227140000000000079e-05
3.947000000000000000e+03 1.217680000000000003e-05
3.952000000000000000e+03 1.209099999999999994e-05
3.957000000000000000e+03 1.202069999999999995e-05
3.962000000000000000e+03 1.198049999999999990e-05
3.967000000000000000e+03 1.194489999999999976e-05
3.972000000000000000e+03 1.191919999999999932e-05
3.977000000000000000e+03 1.190410000000000009e-05
3.982000000000000000e+03 1.192629999999999964e-05
3.987000000000000000e+03 1.195520000000000033e-05
3.992000000000000000e+03 1.199209999999999992e-05
3.997000000000000000e+03 1.194639999999999967e-05
4.002000000000000000e+03 1.177789999999999950e-05
4.007000000000000000e+03 1.121830000000000066e-05
4.012000000000000000e+03 1.062839999999999975e-05
4.017000000000000000e+03 1.053419999999999987e-05
4.022000000000000000e+03 1.057739999999999973e-05
4.027000000000000000e+03 1.063720000000000041e-05
4.032000000000000000e+03 1.070680000000000056e-05
4.037000000000000000e+03 1.102529999999999929e-05
4.042000000000000000e+03 1.148959999999999923e-05
4.047000000000000000e+03 1.194719999999999973e-05
4.052000000000000000e+03 1.237809999999999928e-05
4.057000000000000000e+03 1.255609999999999994e-05
4.062000000000000000e+03 1.242890000000000055e-05
4.067000000000000000e+03 1.191859999999999969e-05
4.072000000000000000e+03 1.134730000000000061e-05
4.077000000000000000e+03 1.127550000000000072e-05
4.082000000000000000e+03 1.139949999999999987e-05
4.087000000000000000e+03 1.153810000000000054e-05
4.092000000000000000e+03 1.166790000000000055e-05
4.097000000000000000e+03 1.201659999999999943e-05
4.102000000000000000e+03 1.257139999999999961e-05
4.107000000000000000e+03 1.313270000000000049e-05
4.112000000000000000e+03 1.374130000000000005e-05
4.117000000000000000e+03 1.424259999999999981e-05
4.122000000000000000e+03 1.441750000000000045e-05
4.127000000000000000e+03 1.454890000000000058e-05
4.132000000000000000e+03 1.461249999999999943e-05
4.137000000000000000e+03 1.466490000000000083e-05
4.142000000000000000e+03 1.480690000000000048e-05
4.147000000000000000e+03 1.498840000000000036e-05
4.152000000000000000e+03 1.514019999999999948e-05
4.157000000000000000e+03 1.526800000000000019e-05
4.162000000000000000e+03 1.541409999999999867e-05
4.167000000000000000e+03 1.555130000000000135e-05
4.172000000000000000e+03 1.573699999999999858e-05
4.177000000000000000e+03 1.598520000000000071e-05
4.182000000000000000e+03 1.618719999999999979e-05
4.187000000000000000e+03 1.626539999999999846e-05
4.192000000000000000e+03 1.632180000000000016e-05
4.197000000000000000e+03 1.634990000000000079e-05
4.202000000000000000e+03 1.639600000000000023e-05
4.207000000000000000e+03 1.657139999999999858e-05
4.212000000000000000e+03 1.677180000000000093e-05
4.217000000000000000e+03 1.696200000000000125e-05
4.222000000000000000e+03 1.715249999999999883e-05
4.227000000000000000e+03 1.733489999999999898e-05
4.232000000000000000e+03 1.752090000000000025e-05
4.237000000000000000e+03 1.771000000000000154e-05
4.242000000000000000e+03 1.789010000000000003e-05
4.247000000000000000e+03 1.798249999999999935e-05
4.252000000000000000e+03 1.798249999999999935e-05
4.257000000000000000e+03 1.799280000000000161e-05
4.262000000000000000e+03 1.802539999999999855e-05
4.267000000000000000e+03 1.809940000000000157e-05
4.272000000000000000e+03 1.827739999999999885e-05
4.277000000000000000e+03 1.843479999999999839e-05
4.282000000000000000e+03 1.847020000000000148e-05
4.287000000000000000e+03 1.850189999999999983e-05
4.292000000000000000e+03 1.861990000000000108e-05
4.297000000000000000e+03 1.875949999999999886e-05
4.302000000000000000e+03 1.895909999999999946e-05
4.307000000000000000e+03 1.917189999999999850e-05
4.312000000000000000e+03 1.926209999999999977e-05
4.317000000000000000e+03 1.927719999999999900e-05
4.322000000000000000e+03 1.642550000000000054e-05
4.327000000000000000e+03 1.177690000000000070e-05
4.332000000000000000e+03 9.530510000000000338e-06
4.337000000000000000e+03 9.621499999999999275e-06
4.342000000000000000e+03 9.661369999999999962e-06
4.347000000000000000e+03 9.578059999999999569e-06
4.352000000000000000e+03 9.505579999999999545e-06
4.357000000000000000e+03 9.496019999999999928e-06
4.362000000000000000e+03 9.506179999999999166e-06
4.367000000000000000e+03 9.609639999999999697e-06
4.372000000000000000e+03 9.724929999999999401e-06
4.377000000000000000e+03 9.762940000000000414e-06
4.382000000000000000e+03 9.702080000000000120e-06
4.387000000000000000e+03 6.670119999999999591e-06
4.392000000000000000e+03 2.106919999999999811e-06
