3.356000000000000000e+03 0.000000000000000000e+00
3.363000000000000000e+03 7.746400000000000067e-07
3.370000000000000000e+03 5.113800000000000065e-06
3.377000000000000000e+03 9.532890000000000813e-06
3.384000000000000000e+03 1.013120000000000051e-05
3.391000000000000000e+03 1.071789999999999948e-05
3.398000000000000000e+03 1.261900000000000065e-05
3.405000000000000000e+03 1.385050000000000063e-05
3.412000000000000000e+03 1.350410000000000001e-05
3.419000000000000000e+03 1.328350000000000081e-05
3.426000000000000000e+03 1.304039999999999969e-05
3.433000000000000000e+03 1.280440000000000060e-05
3.440000000000000000e+03 1.276379999999999967e-05
3.447000000000000000e+03 1.292490000000000055e-05
3.454000000000000000e+03 1.312239999999999993e-05
3.461000000000000000e+03 1.350249999999999989e-05
3.468000000000000000e+03 1.395729999999999933e-05
3.475000000000000000e+03 1.432310000000000014e-05
3.482000000000000000e+03 1.599430000000000033e-05
3.489000000000000000e+03 2.161930000000000153e-05
3.496000000000000000e+03 2.573909999999999892e-05
3.503000000000000000e+03 2.644000000000000096e-05
3.510000000000000000e+03 3.836150000000000193e-05
3.517000000000000000e+03 6.057180000000000170e-05
3.524000000000000000e+03 7.430100000000000571e-05
3.531000000000000000e+03 7.711809999999999607e-05
3.538000000000000000e+03 7.674359999999999483e-05
3.545000000000000000e+03 7.646530000000000124e-05
3.552000000000000000e+03 7.631009999999999974e-05
3.559000000000000000e+03 7.642069999999999831e-05
3.566000000000000000e+03 7.746799999999999758e-05
3.573000000000000000e+03 7.906959999999999932e-05
3.580000000000000000e+03 8.050239999999999686e-05
3.587000000000000000e+03 8.200069999999999571e-05
3.594000000000000000e+03 8.427339999999999853e-05
3.601000000000000000e+03 8.651019999999999717e-05
3.608000000000000000e+03 8.736700000000000564e-05
3.615000000000000000e+03 8.771490000000000276e-05
3.622000000000000000e+03 8.860160000000000225e-05
3.629000000000000000e+03 8.957039999999999880e-05
3.636000000000000000e+03 8.999360000000000519e-05
3.643000000000000000e+03 9.001769999999999705e-05
3.650000000000000000e+03 8.986920000000000346e-05
3.657000000000000000e+03 8.967930000000000042e-05
3.664000000000000000e+03 8.954430000000000256e-05
3.671000000000000000e+03 8.954499999999999732e-05
3.678000000000000000e+03 8.975590000000000575e-05
3.685000000000000000e+03 9.020630000000000401e-05
3.692000000000000000e+03 9.096690000000000483e-05
3.699000000000000000e+03 9.251699999999999529e-05
3.706000000000000000e+03 9.477839999999999366e-05
3.713000000000000000e+03 9.768689999999999470e-05
3.720000000000000000e+03 1.008040000000000059e-04
3.727000000000000000e+03 1.034149999999999984e-04
3.734000000000000000e+03 1.054460000000000065e-04
3.741000000000000000e+03 1.068170000000000041e-04
3.748000000000000000e+03 1.079939999999999964e-04
3.755000000000000000e+03 1.094050000000000003e-04
3.762000000000000000e+03 1.108799999999999955e-04
3.769000000000000000e+03 1.118009999999999957e-04
3.776000000000000000e+03 1.122940000000000060e-04
3.783000000000000000e+03 1.131969999999999938e-04
3.790000000000000000e+03 1.143400000000000064e-04
3.797000000000000000e+03 1.160109999999999977e-04
3.804000000000000000e+03 1.185209999999999991e-04
3.811000000000000000e+03 1.222800000000000015e-04
3.818000000000000000e+03 1.265329999999999894e-04
3.825000000000000000e+03 1.307880000000000088e-04
3.832000000000000000e+03 1.352650000000000000e-04
3.839000000000000000e+03 1.397000000000000075e-04
3.846000000000000000e+03 1.435460000000000110e-04
3.853000000000000000e+03 1.465880000000000134e-04
3.860000000000000000e+03 1.487709999999999890e-04
3.867000000000000000e+03 1.502449999999999955e-04
3.874000000000000000e+03 1.513680000000000049e-04
3.881000000000000000e+03 1.525409999999999885e-04
3.888000000000000000e+03 1.548479999999999919e-04
3.895000000000000000e+03 1.582789999999999935e-04
3.902000000000000000e+03 1.628049999999999972e-04
3.909000000000000000e+03 1.679680000000000019e-04
3.916000000000000000e+03 1.732380000000000107e-04
3.923000000000000000e+03 1.784649999999999930e-04
3.930000000000000000e+03 1.836370000000000038e-04
3.937000000000000000e+03 1.893929999999999941e-04
3.944000000000000000e+03 1.957829999999999922e-04
3.951000000000000000e+03 2.032559999999999933e-04
3.958000000000000000e+03 2.112969999999999931e-04
3.965000000000000000e+03 2.194599999999999893e-04
3.972000000000000000e+03 2.274130000000000129e-04
3.979000000000000000e+03 2.362060000000000082e-04
3.986000000000000000e+03 2.471649999999999824e-04
3.993000000000000000e+03 2.588970000000000117e-04
4.000000000000000000e+03 2.709790000000000224e-04
4.007000000000000000e+03 2.827500000000000152e-04
4.014000000000000000e+03 2.957360000000000023e-04
4.021000000000000000e+03 3.091330000000000098e-04
4.028000000000000000e+03 3.244310000000000249e-04
4.035000000000000000e+03 3.401899999999999803e-04
4.042000000000000000e+03 3.576920000000000034e-04
4.049000000000000000e+03 3.772269999999999985e-04
4.056000000000000000e+03 3.989700000000000104e-04
4.063000000000000000e+03 4.208780000000000182e-04
4.070000000000000000e+03 4.446520000000000247e-04
4.077000000000000000e+03 4.770940000000000098e-04
4.084000000000000000e+03 5.108079999999999652e-04
4.091000000000000000e+03 5.418060000000000367e-04
4.098000000000000000e+03 5.680670000000000077e-04
4.105000000000000000e+03 6.140699999999999804e-04
4.112000000000000000e+03 6.717220000000000309e-04
4.119000000000000000e+03 7.485080000000000509e-04
4.126000000000000000e+03 8.402859999999999843e-04
4.133000000000000000e+03 9.560750000000000238e-04
4.140000000000000000e+03 1.095379999999999965e-03
4.147000000000000000e+03 1.240460000000000087e-03
4.154000000000000000e+03 1.411860000000000025e-03
4.161000000000000000e+03 1.589389999999999987e-03
4.168000000000000000e+03 1.812919999999999983e-03
4.175000000000000000e+03 2.078770000000000184e-03
4.182000000000000000e+03 2.517409999999999873e-03
4.189000000000000000e+03 2.993899999999999860e-03
4.196000000000000000e+03 3.567190000000000031e-03
4.203000000000000000e+03 4.225600000000000363e-03
4.210000000000000000e+03 5.160719999999999717e-03
4.217000000000000000e+03 6.274530000000000385e-03
4.224000000000000000e+03 7.580149999999999909e-03
4.231000000000000000e+03 9.243799999999999933e-03
4.238000000000000000e+03 1.106560000000000009e-02
4.245000000000000000e+03 1.338059999999999944e-02
4.252000000000000000e+03 1.584179999999999963e-02
4.259000000000000000e+03 1.892009999999999872e-02
4.266000000000000000e+03 2.221329999999999832e-02
4.273000000000000000e+03 2.608020000000000130e-02
4.280000000000000000e+03 3.031580000000000039e-02
4.287000000000000000e+03 3.483719999999999872e-02
4.294000000000000000e+03 3.979980000000000323e-02
4.301000000000000000e+03 4.493529999999999747e-02
4.308000000000000000e+03 5.055960000000000315e-02
4.315000000000000000e+03 5.626529999999999726e-02
4.322000000000000000e+03 6.214270000000000210e-02
4.329000000000000000e+03 6.818620000000000236e-02
4.336000000000000000e+03 7.421769999999999756e-02
4.343000000000000000e+03 8.055969999999999798e-02
4.350000000000000000e+03 8.683970000000000578e-02
4.357000000000000000e+03 9.368899999999999451e-02
4.364000000000000000e+03 1.008629999999999943e-01
4.371000000000000000e+03 1.087970000000000048e-01
4.378000000000000000e+03 1.173960000000000004e-01
4.385000000000000000e+03 1.265290000000000026e-01
4.392000000000000000e+03 1.367960000000000009e-01
4.399000000000000000e+03 1.477729999999999877e-01
4.406000000000000000e+03 1.601970000000000061e-01
4.413000000000000000e+03 1.745720000000000049e-01
4.420000000000000000e+03 1.901670000000000027e-01
4.427000000000000000e+03 2.074969999999999870e-01
4.434000000000000000e+03 2.254059999999999953e-01
4.441000000000000000e+03 2.444129999999999914e-01
4.448000000000000000e+03 2.639900000000000024e-01
4.455000000000000000e+03 2.844050000000000189e-01
4.462000000000000000e+03 3.053790000000000115e-01
4.469000000000000000e+03 3.264619999999999744e-01
4.476000000000000000e+03 3.469590000000000174e-01
4.483000000000000000e+03 3.664209999999999967e-01
4.490000000000000000e+03 3.849830000000000196e-01
4.497000000000000000e+03 4.020940000000000070e-01
4.504000000000000000e+03 4.172469999999999790e-01
4.511000000000000000e+03 4.302400000000000113e-01
4.518000000000000000e+03 4.412519999999999776e-01
4.525000000000000000e+03 4.499759999999999871e-01
4.532000000000000000e+03 4.573499999999999788e-01
4.539000000000000000e+03 4.622080000000000077e-01
4.546000000000000000e+03 4.657310000000000061e-01
4.553000000000000000e+03 4.676830000000000154e-01
4.560000000000000000e+03 4.683620000000000005e-01
4.567000000000000000e+03 4.686449999999999783e-01
4.574000000000000000e+03 4.685309999999999753e-01
4.581000000000000000e+03 4.689150000000000262e-01
4.588000000000000000e+03 4.694420000000000259e-01
4.595000000000000000e+03 4.706350000000000255e-01
4.602000000000000000e+03 4.718339999999999756e-01
4.609000000000000000e+03 4.752290000000000125e-01
4.616000000000000000e+03 4.796469999999999900e-01
4.623000000000000000e+03 4.862199999999999855e-01
4.630000000000000000e+03 4.957539999999999725e-01
4.637000000000000000e+03 5.066249999999999920e-01
4.644000000000000000e+03 5.206960000000000477e-01
4.651000000000000000e+03 5.382820000000000382e-01
4.658000000000000000e+03 5.548180000000000334e-01
4.665000000000000000e+03 5.760429999999999717e-01
4.672000000000000000e+03 6.022049999999999903e-01
4.679000000000000000e+03 6.351419999999999844e-01
4.686000000000000000e+03 6.684109999999999774e-01
4.693000000000000000e+03 7.015949999999999687e-01
4.700000000000000000e+03 7.371140000000000470e-01
4.707000000000000000e+03 7.769709999999999672e-01
4.714000000000000000e+03 8.231530000000000236e-01
4.721000000000000000e+03 8.656380000000000186e-01
4.728000000000000000e+03 9.082860000000000378e-01
4.735000000000000000e+03 9.425639999999999574e-01
4.742000000000000000e+03 9.674019999999999841e-01
4.749000000000000000e+03 9.846430000000000460e-01
4.756000000000000000e+03 9.915929999999999467e-01
4.763000000000000000e+03 9.963250000000000162e-01
4.770000000000000000e+03 9.986500000000000377e-01
4.777000000000000000e+03 1.000000000000000000e+00
4.784000000000000000e+03 9.991670000000000273e-01
4.791000000000000000e+03 9.976880000000000193e-01
4.798000000000000000e+03 9.952609999999999513e-01
4.805000000000000000e+03 9.921919999999999629e-01
4.812000000000000000e+03 9.890930000000000000e-01
4.819000000000000000e+03 9.852269999999999639e-01
4.826000000000000000e+03 9.808080000000000132e-01
4.833000000000000000e+03 9.733270000000000532e-01
4.840000000000000000e+03 9.608919999999999684e-01
4.847000000000000000e+03 9.410479999999999956e-01
4.854000000000000000e+03 9.138929999999999554e-01
4.861000000000000000e+03 8.793269999999999698e-01
4.868000000000000000e+03 8.402990000000000181e-01
4.875000000000000000e+03 8.001019999999999799e-01
4.882000000000000000e+03 7.561299999999999688e-01
4.889000000000000000e+03 7.122150000000000425e-01
4.896000000000000000e+03 6.667039999999999633e-01
4.903000000000000000e+03 6.179329999999999545e-01
4.910000000000000000e+03 5.705459999999999976e-01
4.917000000000000000e+03 5.199610000000000065e-01
4.924000000000000000e+03 4.744220000000000104e-01
4.931000000000000000e+03 4.339310000000000112e-01
4.938000000000000000e+03 4.026140000000000274e-01
4.945000000000000000e+03 3.828159999999999896e-01
4.952000000000000000e+03 3.674760000000000248e-01
4.959000000000000000e+03 3.555429999999999979e-01
4.966000000000000000e+03 3.465480000000000227e-01
4.973000000000000000e+03 3.419269999999999810e-01
4.980000000000000000e+03 3.375020000000000242e-01
4.987000000000000000e+03 3.329079999999999817e-01
4.994000000000000000e+03 3.290719999999999756e-01
5.001000000000000000e+03 3.252390000000000003e-01
5.008000000000000000e+03 3.200020000000000087e-01
5.015000000000000000e+03 3.139170000000000016e-01
5.022000000000000000e+03 3.043899999999999939e-01
5.029000000000000000e+03 2.943169999999999953e-01
5.036000000000000000e+03 2.819450000000000012e-01
5.043000000000000000e+03 2.695469999999999811e-01
5.050000000000000000e+03 2.588529999999999998e-01
5.057000000000000000e+03 2.489969999999999961e-01
5.064000000000000000e+03 2.431049999999999878e-01
5.071000000000000000e+03 2.377209999999999879e-01
5.078000000000000000e+03 2.330119999999999969e-01
5.085000000000000000e+03 2.268320000000000058e-01
5.092000000000000000e+03 2.182669999999999888e-01
5.099000000000000000e+03 2.086419999999999941e-01
5.106000000000000000e+03 1.993749999999999967e-01
5.113000000000000000e+03 1.907739999999999991e-01
5.120000000000000000e+03 1.820599999999999996e-01
5.127000000000000000e+03 1.735490000000000088e-01
5.134000000000000000e+03 1.653530000000000000e-01
5.141000000000000000e+03 1.579419999999999991e-01
5.148000000000000000e+03 1.511540000000000106e-01
5.155000000000000000e+03 1.454540000000000000e-01
5.162000000000000000e+03 1.404990000000000128e-01
5.169000000000000000e+03 1.362099999999999977e-01
5.176000000000000000e+03 1.321819999999999939e-01
5.183000000000000000e+03 1.292709999999999970e-01
5.190000000000000000e+03 1.269530000000000103e-01
5.197000000000000000e+03 1.243879999999999986e-01
5.204000000000000000e+03 1.210610000000000019e-01
5.211000000000000000e+03 1.170100000000000029e-01
5.218000000000000000e+03 1.126290000000000069e-01
5.225000000000000000e+03 1.084819999999999951e-01
5.232000000000000000e+03 1.044029999999999958e-01
5.239000000000000000e+03 9.994390000000000218e-02
5.246000000000000000e+03 9.506449999999999623e-02
5.253000000000000000e+03 8.957310000000000272e-02
5.260000000000000000e+03 8.413809999999999345e-02
5.267000000000000000e+03 7.898049999999999515e-02
5.274000000000000000e+03 7.427140000000000131e-02
5.281000000000000000e+03 7.004680000000000628e-02
5.288000000000000000e+03 6.627869999999999595e-02
5.295000000000000000e+03 6.293600000000000583e-02
5.302000000000000000e+03 5.990159999999999929e-02
5.309000000000000000e+03 5.701230000000000186e-02
5.316000000000000000e+03 5.428029999999999661e-02
5.323000000000000000e+03 5.171930000000000277e-02
5.330000000000000000e+03 4.935010000000000091e-02
5.337000000000000000e+03 4.710709999999999897e-02
5.344000000000000000e+03 4.495720000000000272e-02
5.351000000000000000e+03 4.282860000000000139e-02
5.358000000000000000e+03 4.076060000000000100e-02
5.365000000000000000e+03 3.878329999999999972e-02
5.372000000000000000e+03 3.687710000000000293e-02
5.379000000000000000e+03 3.506999999999999701e-02
5.386000000000000000e+03 3.329689999999999733e-02
5.393000000000000000e+03 3.155109999999999859e-02
5.400000000000000000e+03 2.982059999999999919e-02
5.407000000000000000e+03 2.811579999999999982e-02
5.414000000000000000e+03 2.642579999999999929e-02
5.421000000000000000e+03 2.476659999999999973e-02
5.428000000000000000e+03 2.310560000000000044e-02
5.435000000000000000e+03 2.143509999999999860e-02
5.442000000000000000e+03 1.972219999999999876e-02
5.449000000000000000e+03 1.800059999999999855e-02
5.456000000000000000e+03 1.636309999999999848e-02
5.463000000000000000e+03 1.472369999999999929e-02
5.470000000000000000e+03 1.280779999999999939e-02
5.477000000000000000e+03 1.091109999999999997e-02
5.484000000000000000e+03 9.446259999999999726e-03
5.491000000000000000e+03 8.139060000000000045e-03
5.498000000000000000e+03 6.973449999999999961e-03
5.505000000000000000e+03 5.312820000000000216e-03
5.512000000000000000e+03 3.089370000000000137e-03
5.519000000000000000e+03 1.401219999999999896e-03
5.526000000000000000e+03 3.635299999999999838e-04
5.533000000000000000e+03 9.449840000000000312e-05
5.540000000000000000e+03 9.335959999999999973e-05
5.547000000000000000e+03 9.115639999999999344e-05
5.554000000000000000e+03 8.658160000000000465e-05
5.561000000000000000e+03 7.750680000000000134e-05
5.568000000000000000e+03 6.645529999999999374e-05
5.575000000000000000e+03 4.661890000000000185e-05
5.582000000000000000e+03 2.911480000000000117e-05
5.589000000000000000e+03 2.716760000000000057e-05
5.596000000000000000e+03 2.119730000000000117e-05
5.603000000000000000e+03 1.477890000000000007e-05
5.610000000000000000e+03 8.798529999999999258e-06
5.617000000000000000e+03 1.844349999999999968e-06
