1.669500000000000000e+03 0.000000000000000000e+00
1.673500000000000000e+03 7.431200000000000405e-11
1.677500000000000000e+03 6.506980000000000209e-10
1.681500000000000000e+03 1.692309999999999918e-09
1.685500000000000000e+03 2.736550000000000026e-09
1.689500000000000000e+03 2.936259999999999950e-09
1.693500000000000000e+03 4.168220000000000315e-09
1.697500000000000000e+03 6.594499999999999923e-09
1.701500000000000000e+03 9.641260000000000267e-09
1.705500000000000000e+03 9.197210000000000338e-09
1.709500000000000000e+03 6.368430000000000103e-09
1.713500000000000000e+03 2.631410000000000119e-09
1.717500000000000000e+03 7.609000000000000298e-10
1.721500000000000000e+03 4.752910000000000030e-11
1.725500000000000000e+03 3.029319999999999859e-12
1.729500000000000000e+03 3.435629999999999973e-12
1.733500000000000000e+03 3.834539999999999936e-12
1.737500000000000000e+03 4.224570000000000042e-12
1.741500000000000000e+03 4.607640000000000347e-12
1.745500000000000000e+03 4.985969999999999605e-12
1.749500000000000000e+03 5.357739999999999746e-12
1.753500000000000000e+03 5.725220000000000115e-12
1.757500000000000000e+03 6.089219999999999776e-12
1.761500000000000000e+03 6.448020000000000226e-12
1.765500000000000000e+03 6.808809999999999944e-12
1.769500000000000000e+03 7.172959999999999760e-12
1.773500000000000000e+03 5.105820000000000056e-09
1.777500000000000000e+03 1.918509999999999886e-07
1.781500000000000000e+03 5.329439999999999579e-07
1.785500000000000000e+03 1.074979999999999955e-06
1.789500000000000000e+03 1.703539999999999914e-06
1.793500000000000000e+03 2.780140000000000118e-06
1.797500000000000000e+03 4.691320000000000003e-06
1.801500000000000000e+03 6.982690000000000225e-06
1.805500000000000000e+03 9.673870000000000266e-06
1.809500000000000000e+03 1.260870000000000008e-05
1.813500000000000000e+03 1.573470000000000031e-05
1.817500000000000000e+03 1.877120000000000080e-05
1.821500000000000000e+03 2.167249999999999960e-05
1.825500000000000000e+03 2.448899999999999881e-05
1.829500000000000000e+03 2.745279999999999913e-05
1.833500000000000000e+03 3.055590000000000335e-05
1.837500000000000000e+03 3.378359999999999957e-05
1.841500000000000000e+03 3.719000000000000138e-05
1.845500000000000000e+03 4.094099999999999985e-05
1.849500000000000000e+03 4.497669999999999918e-05
1.853500000000000000e+03 4.942009999999999800e-05
1.857500000000000000e+03 5.397909999999999959e-05
1.861500000000000000e+03 5.914909999999999921e-05
1.865500000000000000e+03 6.529540000000000506e-05
1.869500000000000000e+03 7.166000000000000169e-05
1.873500000000000000e+03 7.812250000000000292e-05
1.877500000000000000e+03 8.455249999999999387e-05
1.881500000000000000e+03 9.104400000000000448e-05
1.885500000000000000e+03 9.621760000000000523e-05
1.889500000000000000e+03 1.002720000000000049e-04
1.893500000000000000e+03 1.035199999999999982e-04
1.897500000000000000e+03 1.064960000000000049e-04
1.901500000000000000e+03 1.095199999999999950e-04
1.905500000000000000e+03 1.125799999999999962e-04
1.909500000000000000e+03 1.156319999999999934e-04
1.913500000000000000e+03 1.187359999999999962e-04
1.917500000000000000e+03 1.218620000000000066e-04
1.921500000000000000e+03 1.249920000000000122e-04
1.925500000000000000e+03 1.280859999999999930e-04
1.929500000000000000e+03 1.312720000000000130e-04
1.933500000000000000e+03 1.347010000000000102e-04
1.937500000000000000e+03 1.382669999999999960e-04
1.941500000000000000e+03 1.418889999999999962e-04
1.945500000000000000e+03 1.455369999999999993e-04
1.949500000000000000e+03 1.492110000000000051e-04
1.953500000000000000e+03 1.529540000000000131e-04
1.957500000000000000e+03 1.568170000000000132e-04
1.961500000000000000e+03 1.607690000000000052e-04
1.965500000000000000e+03 1.651339999999999948e-04
1.969500000000000000e+03 1.696760000000000065e-04
1.973500000000000000e+03 1.744260000000000135e-04
1.977500000000000000e+03 1.797179999999999893e-04
1.981500000000000000e+03 1.854419999999999907e-04
1.985500000000000000e+03 1.914890000000000092e-04
1.989500000000000000e+03 1.979820000000000028e-04
1.993500000000000000e+03 2.050510000000000126e-04
1.997500000000000000e+03 2.130559999999999876e-04
2.001500000000000000e+03 2.206990000000000091e-04
2.005500000000000000e+03 2.273619999999999960e-04
2.009500000000000000e+03 2.341789999999999952e-04
2.013500000000000000e+03 2.426619999999999884e-04
2.017500000000000000e+03 2.524240000000000077e-04
2.021500000000000000e+03 2.562649999999999867e-04
2.025500000000000000e+03 2.545760000000000102e-04
2.029500000000000000e+03 2.487619999999999740e-04
2.033500000000000000e+03 2.396909999999999926e-04
2.037500000000000000e+03 2.291840000000000066e-04
2.041500000000000000e+03 2.176179999999999890e-04
2.045500000000000000e+03 2.046689999999999881e-04
2.049500000000000000e+03 1.927660000000000040e-04
2.053500000000000000e+03 1.808020000000000081e-04
2.057500000000000000e+03 1.657940000000000054e-04
2.061500000000000000e+03 1.489399999999999936e-04
2.065500000000000000e+03 1.337649999999999907e-04
2.069500000000000000e+03 1.254390000000000030e-04
2.073500000000000000e+03 1.209450000000000016e-04
2.077500000000000000e+03 1.194399999999999948e-04
2.081500000000000000e+03 1.185139999999999973e-04
2.085500000000000000e+03 1.175390000000000007e-04
2.089500000000000000e+03 1.166950000000000067e-04
2.093500000000000000e+03 1.160620000000000011e-04
2.097500000000000000e+03 1.155639999999999933e-04
2.101500000000000000e+03 1.149940000000000039e-04
2.105500000000000000e+03 1.143719999999999953e-04
2.109500000000000000e+03 1.137309999999999992e-04
2.113500000000000000e+03 1.133089999999999954e-04
2.117500000000000000e+03 1.129699999999999975e-04
2.121500000000000000e+03 1.127899999999999958e-04
2.125500000000000000e+03 1.130840000000000035e-04
2.129500000000000000e+03 1.135970000000000035e-04
2.133500000000000000e+03 1.142820000000000012e-04
2.137500000000000000e+03 1.149539999999999975e-04
2.141500000000000000e+03 1.155789999999999991e-04
2.145500000000000000e+03 1.164830000000000027e-04
2.149500000000000000e+03 1.177419999999999986e-04
2.153500000000000000e+03 1.192090000000000033e-04
2.157500000000000000e+03 1.213040000000000028e-04
2.161500000000000000e+03 1.239380000000000050e-04
2.165500000000000000e+03 1.269370000000000079e-04
2.169500000000000000e+03 1.304669999999999962e-04
2.173500000000000000e+03 1.341989999999999936e-04
2.177500000000000000e+03 1.382269999999999896e-04
2.181500000000000000e+03 1.435100000000000134e-04
2.185500000000000000e+03 1.493999999999999994e-04
2.189500000000000000e+03 1.561160000000000076e-04
2.193500000000000000e+03 1.642249999999999938e-04
2.197500000000000000e+03 1.728400000000000054e-04
2.201500000000000000e+03 1.827889999999999875e-04
2.205500000000000000e+03 1.946729999999999977e-04
2.209500000000000000e+03 2.073350000000000063e-04
2.213500000000000000e+03 2.228689999999999968e-04
2.217500000000000000e+03 2.416139999999999944e-04
2.221500000000000000e+03 2.620230000000000085e-04
2.225500000000000000e+03 2.877670000000000249e-04
2.229500000000000000e+03 3.173970000000000242e-04
2.233500000000000000e+03 3.500590000000000038e-04
2.237500000000000000e+03 3.926819999999999920e-04
2.241500000000000000e+03 4.404930000000000260e-04
2.245500000000000000e+03 4.955250000000000236e-04
2.249500000000000000e+03 5.710889999999999933e-04
2.253500000000000000e+03 6.771010000000000483e-04
2.257500000000000000e+03 8.558440000000000275e-04
2.261500000000000000e+03 1.043169999999999948e-03
2.265500000000000000e+03 1.232320000000000073e-03
2.269500000000000000e+03 1.486219999999999902e-03
2.273500000000000000e+03 1.827630000000000010e-03
2.277500000000000000e+03 2.207179999999999993e-03
2.281500000000000000e+03 2.727690000000000062e-03
2.285500000000000000e+03 3.395200000000000128e-03
2.289500000000000000e+03 4.148500000000000278e-03
2.293500000000000000e+03 5.209280000000000160e-03
2.297500000000000000e+03 6.463799999999999581e-03
2.301500000000000000e+03 7.914030000000000717e-03
2.305500000000000000e+03 9.908129999999999368e-03
2.309500000000000000e+03 1.215450000000000037e-02
2.313500000000000000e+03 1.476240000000000017e-02
2.317500000000000000e+03 1.810880000000000128e-02
2.321500000000000000e+03 2.173310000000000172e-02
2.325500000000000000e+03 2.582790000000000086e-02
2.329500000000000000e+03 3.067160000000000025e-02
2.333500000000000000e+03 3.576830000000000287e-02
2.337500000000000000e+03 4.129039999999999794e-02
2.341500000000000000e+03 4.734870000000000051e-02
2.345500000000000000e+03 5.358009999999999856e-02
2.349500000000000000e+03 5.993640000000000079e-02
2.353500000000000000e+03 6.640139999999999931e-02
2.357500000000000000e+03 7.281740000000000435e-02
2.361500000000000000e+03 7.885010000000000630e-02
2.365500000000000000e+03 8.467059999999999864e-02
2.369500000000000000e+03 9.020960000000000090e-02
2.373500000000000000e+03 9.497329999999999661e-02
2.377500000000000000e+03 9.939639999999999587e-02
2.381500000000000000e+03 1.033899999999999958e-01
2.385500000000000000e+03 1.064890000000000003e-01
2.389500000000000000e+03 1.092579999999999940e-01
2.393500000000000000e+03 1.116010000000000058e-01
2.397500000000000000e+03 1.133289999999999992e-01
2.401500000000000000e+03 1.148689999999999989e-01
2.405500000000000000e+03 1.161660000000000054e-01
2.409500000000000000e+03 1.171750000000000014e-01
2.413500000000000000e+03 1.181029999999999996e-01
2.417500000000000000e+03 1.189619999999999983e-01
2.421500000000000000e+03 1.197939999999999977e-01
2.425500000000000000e+03 1.206249999999999961e-01
2.429500000000000000e+03 1.214630000000000015e-01
2.433500000000000000e+03 1.223159999999999942e-01
2.437500000000000000e+03 1.231560000000000016e-01
2.441500000000000000e+03 1.239289999999999975e-01
2.445500000000000000e+03 1.246739999999999932e-01
2.449500000000000000e+03 1.253799999999999915e-01
2.453500000000000000e+03 1.260060000000000069e-01
2.457500000000000000e+03 1.265989999999999893e-01
2.461500000000000000e+03 1.271549999999999903e-01
2.465500000000000000e+03 1.276450000000000085e-01
2.469500000000000000e+03 1.281849999999999934e-01
2.473500000000000000e+03 1.288600000000000023e-01
2.477500000000000000e+03 1.296430000000000082e-01
2.481500000000000000e+03 1.304240000000000121e-01
2.485500000000000000e+03 1.313970000000000138e-01
2.489500000000000000e+03 1.326090000000000046e-01
2.493500000000000000e+03 1.340979999999999950e-01
2.497500000000000000e+03 1.357929999999999970e-01
2.501500000000000000e+03 1.377470000000000083e-01
2.505500000000000000e+03 1.398300000000000098e-01
2.509500000000000000e+03 1.421109999999999873e-01
2.513500000000000000e+03 1.445130000000000026e-01
2.517500000000000000e+03 1.470130000000000048e-01
2.521500000000000000e+03 1.495440000000000103e-01
2.525500000000000000e+03 1.521069999999999922e-01
2.529500000000000000e+03 1.546540000000000137e-01
2.533500000000000000e+03 1.571470000000000089e-01
2.537500000000000000e+03 1.596130000000000049e-01
2.541500000000000000e+03 1.619950000000000001e-01
2.545500000000000000e+03 1.642329999999999901e-01
2.549500000000000000e+03 1.663709999999999911e-01
2.553500000000000000e+03 1.684029999999999971e-01
2.557500000000000000e+03 1.703500000000000014e-01
2.561500000000000000e+03 1.722120000000000040e-01
2.565500000000000000e+03 1.740210000000000090e-01
2.569500000000000000e+03 1.757180000000000131e-01
2.573500000000000000e+03 1.773260000000000114e-01
2.577500000000000000e+03 1.788309999999999900e-01
2.581500000000000000e+03 1.802809999999999968e-01
2.585500000000000000e+03 1.816510000000000069e-01
2.589500000000000000e+03 1.830539999999999945e-01
2.593500000000000000e+03 1.844560000000000088e-01
2.597500000000000000e+03 1.858190000000000119e-01
2.601500000000000000e+03 1.871039999999999925e-01
2.605500000000000000e+03 1.883080000000000032e-01
2.609500000000000000e+03 1.893090000000000050e-01
2.613500000000000000e+03 1.901319999999999955e-01
2.617500000000000000e+03 1.909170000000000034e-01
2.621500000000000000e+03 1.916450000000000098e-01
2.625500000000000000e+03 1.922709999999999975e-01
2.629500000000000000e+03 1.928340000000000054e-01
2.633500000000000000e+03 1.932969999999999966e-01
2.637500000000000000e+03 1.936489999999999878e-01
2.641500000000000000e+03 1.939639999999999975e-01
2.645500000000000000e+03 1.942979999999999985e-01
2.649500000000000000e+03 1.948449999999999904e-01
2.653500000000000000e+03 1.954980000000000051e-01
2.657500000000000000e+03 1.962700000000000000e-01
2.661500000000000000e+03 1.971769999999999912e-01
2.665500000000000000e+03 1.985879999999999868e-01
2.669500000000000000e+03 2.005560000000000120e-01
2.673500000000000000e+03 2.037100000000000022e-01
2.677500000000000000e+03 2.080750000000000099e-01
2.681500000000000000e+03 2.150779999999999914e-01
2.685500000000000000e+03 2.252800000000000080e-01
2.689500000000000000e+03 2.411669999999999925e-01
2.693500000000000000e+03 2.643980000000000219e-01
2.697500000000000000e+03 2.975419999999999732e-01
2.701500000000000000e+03 3.410630000000000051e-01
2.705500000000000000e+03 3.962959999999999816e-01
2.709500000000000000e+03 4.579810000000000270e-01
2.713500000000000000e+03 5.247509999999999675e-01
2.717500000000000000e+03 5.903329999999999966e-01
2.721500000000000000e+03 6.502809999999999979e-01
2.725500000000000000e+03 7.058440000000000270e-01
2.729500000000000000e+03 7.540890000000000093e-01
2.733500000000000000e+03 7.982780000000000431e-01
2.737500000000000000e+03 8.354089999999999572e-01
2.741500000000000000e+03 8.690970000000000084e-01
2.745500000000000000e+03 8.980420000000000069e-01
2.749500000000000000e+03 9.239260000000000250e-01
2.753500000000000000e+03 9.417710000000000248e-01
2.757500000000000000e+03 9.569499999999999673e-01
2.761500000000000000e+03 9.671220000000000372e-01
2.765500000000000000e+03 9.763079999999999536e-01
2.769500000000000000e+03 9.820790000000000353e-01
2.773500000000000000e+03 9.867179999999999840e-01
2.777500000000000000e+03 9.906789999999999763e-01
2.781500000000000000e+03 9.946749999999999758e-01
2.785500000000000000e+03 9.968850000000000211e-01
2.789500000000000000e+03 9.964300000000000379e-01
2.793500000000000000e+03 9.954920000000000435e-01
2.797500000000000000e+03 9.943929999999999714e-01
2.801500000000000000e+03 9.952530000000000543e-01
2.805500000000000000e+03 9.982509999999999994e-01
2.809500000000000000e+03 1.000000000000000000e+00
2.813500000000000000e+03 9.984490000000000309e-01
2.817500000000000000e+03 9.943610000000000504e-01
2.821500000000000000e+03 9.834039999999999448e-01
2.825500000000000000e+03 9.656550000000000411e-01
2.829500000000000000e+03 9.361180000000000057e-01
2.833500000000000000e+03 8.972849999999999993e-01
2.837500000000000000e+03 8.471800000000000441e-01
2.841500000000000000e+03 7.899650000000000283e-01
2.845500000000000000e+03 7.279430000000000067e-01
2.849500000000000000e+03 6.637250000000000094e-01
2.853500000000000000e+03 6.037540000000000129e-01
2.857500000000000000e+03 5.455320000000000169e-01
2.861500000000000000e+03 4.936229999999999785e-01
2.865500000000000000e+03 4.430160000000000209e-01
2.869500000000000000e+03 3.967939999999999801e-01
2.873500000000000000e+03 3.532429999999999737e-01
2.877500000000000000e+03 3.156709999999999794e-01
2.881500000000000000e+03 2.835869999999999780e-01
2.885500000000000000e+03 2.596060000000000034e-01
2.889500000000000000e+03 2.402489999999999903e-01
2.893500000000000000e+03 2.273219999999999963e-01
2.897500000000000000e+03 2.170459999999999889e-01
2.901500000000000000e+03 2.115029999999999966e-01
2.905500000000000000e+03 2.074749999999999928e-01
2.909500000000000000e+03 2.052940000000000043e-01
2.913500000000000000e+03 2.039829999999999977e-01
2.917500000000000000e+03 2.030669999999999975e-01
2.921500000000000000e+03 2.022579999999999933e-01
2.925500000000000000e+03 2.016539999999999999e-01
2.929500000000000000e+03 2.013379999999999892e-01
2.933500000000000000e+03 2.010889999999999900e-01
2.937500000000000000e+03 2.008759999999999990e-01
2.941500000000000000e+03 2.010319999999999885e-01
2.945500000000000000e+03 2.013479999999999992e-01
2.949500000000000000e+03 2.016040000000000054e-01
2.953500000000000000e+03 2.019350000000000034e-01
2.957500000000000000e+03 2.022239999999999871e-01
2.961500000000000000e+03 2.025550000000000128e-01
2.965500000000000000e+03 2.029499999999999915e-01
2.969500000000000000e+03 2.033059999999999867e-01
2.973500000000000000e+03 2.036640000000000117e-01
2.977500000000000000e+03 2.039739999999999887e-01
2.981500000000000000e+03 2.041959999999999886e-01
2.985500000000000000e+03 2.041479999999999961e-01
2.989500000000000000e+03 2.038689999999999947e-01
2.993500000000000000e+03 2.032499999999999862e-01
2.997500000000000000e+03 2.021330000000000071e-01
3.001500000000000000e+03 2.005419999999999980e-01
3.005500000000000000e+03 1.984720000000000095e-01
3.009500000000000000e+03 1.957790000000000086e-01
3.013500000000000000e+03 1.926589999999999969e-01
3.017500000000000000e+03 1.890689999999999871e-01
3.021500000000000000e+03 1.851589999999999903e-01
3.025500000000000000e+03 1.809530000000000027e-01
3.029500000000000000e+03 1.766169999999999962e-01
3.033500000000000000e+03 1.723359999999999892e-01
3.037500000000000000e+03 1.680639999999999912e-01
3.041500000000000000e+03 1.640060000000000129e-01
3.045500000000000000e+03 1.601930000000000021e-01
3.049500000000000000e+03 1.565320000000000045e-01
3.053500000000000000e+03 1.532209999999999961e-01
3.057500000000000000e+03 1.499969999999999914e-01
3.061500000000000000e+03 1.470809999999999895e-01
3.065500000000000000e+03 1.441630000000000134e-01
3.069500000000000000e+03 1.413889999999999869e-01
3.073500000000000000e+03 1.386940000000000117e-01
3.077500000000000000e+03 1.358969999999999900e-01
3.081500000000000000e+03 1.331170000000000131e-01
3.085500000000000000e+03 1.303809999999999969e-01
3.089500000000000000e+03 1.274389999999999967e-01
3.093500000000000000e+03 1.245900000000000063e-01
3.097500000000000000e+03 1.217040000000000066e-01
3.101500000000000000e+03 1.188150000000000039e-01
3.105500000000000000e+03 1.159820000000000018e-01
3.109500000000000000e+03 1.132360000000000033e-01
3.113500000000000000e+03 1.105809999999999987e-01
3.117500000000000000e+03 1.079809999999999937e-01
3.121500000000000000e+03 1.055790000000000062e-01
3.125500000000000000e+03 1.032389999999999974e-01
3.129500000000000000e+03 1.009720000000000062e-01
3.133500000000000000e+03 9.883010000000000406e-02
3.137500000000000000e+03 9.665609999999999480e-02
3.141500000000000000e+03 9.450550000000000617e-02
3.145500000000000000e+03 9.226320000000000354e-02
3.149500000000000000e+03 8.989980000000000193e-02
3.153500000000000000e+03 8.746189999999999520e-02
3.157500000000000000e+03 8.471819999999999351e-02
3.161500000000000000e+03 8.184990000000000321e-02
3.165500000000000000e+03 7.877639999999999643e-02
3.169500000000000000e+03 7.536919999999999731e-02
3.173500000000000000e+03 7.185389999999999833e-02
3.177500000000000000e+03 6.809099999999999875e-02
3.181500000000000000e+03 6.413439999999999419e-02
3.185500000000000000e+03 6.009989999999999777e-02
3.189500000000000000e+03 5.590579999999999855e-02
3.193500000000000000e+03 5.171339999999999965e-02
3.197500000000000000e+03 4.748469999999999774e-02
3.201500000000000000e+03 4.330289999999999834e-02
3.205500000000000000e+03 3.925300000000000317e-02
3.209500000000000000e+03 3.524340000000000112e-02
3.213500000000000000e+03 3.150739999999999791e-02
3.217500000000000000e+03 2.795649999999999871e-02
3.221500000000000000e+03 2.454289999999999944e-02
3.225500000000000000e+03 2.152439999999999909e-02
3.229500000000000000e+03 1.866440000000000113e-02
3.233500000000000000e+03 1.604550000000000073e-02
3.237500000000000000e+03 1.383239999999999990e-02
3.241500000000000000e+03 1.176430000000000010e-02
3.245500000000000000e+03 9.959630000000000566e-03
3.249500000000000000e+03 8.463810000000000430e-03
3.253500000000000000e+03 7.089190000000000422e-03
3.257500000000000000e+03 5.950839999999999776e-03
3.261500000000000000e+03 4.988000000000000246e-03
3.265500000000000000e+03 4.114920000000000209e-03
3.269500000000000000e+03 3.416380000000000111e-03
3.273500000000000000e+03 2.831070000000000201e-03
3.277500000000000000e+03 2.322659999999999829e-03
3.281500000000000000e+03 1.932380000000000035e-03
3.285500000000000000e+03 1.598400000000000038e-03
3.289500000000000000e+03 1.309840000000000049e-03
3.293500000000000000e+03 1.093149999999999981e-03
3.297500000000000000e+03 9.072070000000000438e-04
3.301500000000000000e+03 7.514509999999999853e-04
3.305500000000000000e+03 6.344290000000000476e-04
3.309500000000000000e+03 5.334740000000000358e-04
3.313500000000000000e+03 4.514550000000000203e-04
3.317500000000000000e+03 3.881690000000000032e-04
3.321500000000000000e+03 3.332489999999999801e-04
3.325500000000000000e+03 2.911109999999999848e-04
3.329500000000000000e+03 2.580939999999999992e-04
3.333500000000000000e+03 2.302249999999999989e-04
3.337500000000000000e+03 2.105409999999999888e-04
3.341500000000000000e+03 1.952319999999999902e-04
3.345500000000000000e+03 1.830839999999999974e-04
3.349500000000000000e+03 1.746150000000000078e-04
3.353500000000000000e+03 1.678910000000000092e-04
3.357500000000000000e+03 1.627020000000000018e-04
3.361500000000000000e+03 1.590259999999999916e-04
3.365500000000000000e+03 1.559669999999999926e-04
3.369500000000000000e+03 1.532380000000000124e-04
3.373500000000000000e+03 1.498480000000000059e-04
3.377500000000000000e+03 1.465919999999999951e-04
3.381500000000000000e+03 1.429350000000000130e-04
3.385500000000000000e+03 1.387460000000000028e-04
3.389500000000000000e+03 1.343290000000000076e-04
3.393500000000000000e+03 1.289159999999999970e-04
3.397500000000000000e+03 1.227749999999999892e-04
3.401500000000000000e+03 1.163069999999999962e-04
3.405500000000000000e+03 1.094820000000000065e-04
3.409500000000000000e+03 1.025599999999999938e-04
3.413500000000000000e+03 9.534819999999999624e-05
3.417500000000000000e+03 8.822159999999999573e-05
3.421500000000000000e+03 8.116859999999999397e-05
3.425500000000000000e+03 7.417109999999999871e-05
3.429500000000000000e+03 6.794970000000000437e-05
3.433500000000000000e+03 6.186259999999999958e-05
3.437500000000000000e+03 5.626620000000000010e-05
3.441500000000000000e+03 5.185819999999999758e-05
3.445500000000000000e+03 4.773410000000000093e-05
3.449500000000000000e+03 4.424099999999999875e-05
3.453500000000000000e+03 4.144169999999999999e-05
3.457500000000000000e+03 3.892599999999999966e-05
3.461500000000000000e+03 3.714420000000000259e-05
3.465500000000000000e+03 3.590319999999999872e-05
3.469500000000000000e+03 3.491709999999999812e-05
3.473500000000000000e+03 3.435529999999999953e-05
3.477500000000000000e+03 3.401109999999999697e-05
3.481500000000000000e+03 3.386929999999999775e-05
3.485500000000000000e+03 3.392229999999999876e-05
3.489500000000000000e+03 3.404470000000000288e-05
3.493500000000000000e+03 3.421380000000000097e-05
3.497500000000000000e+03 3.450999999999999993e-05
3.501500000000000000e+03 3.483309999999999689e-05
3.505500000000000000e+03 3.518669999999999974e-05
3.509500000000000000e+03 3.561289999999999915e-05
3.513500000000000000e+03 3.604149999999999704e-05
3.517500000000000000e+03 3.669950000000000328e-05
3.521500000000000000e+03 3.779389999999999741e-05
3.525500000000000000e+03 3.894840000000000135e-05
3.529500000000000000e+03 4.016429999999999762e-05
3.533500000000000000e+03 4.139060000000000314e-05
3.537500000000000000e+03 4.274239999999999924e-05
3.541500000000000000e+03 4.424530000000000140e-05
3.545500000000000000e+03 4.582969999999999931e-05
3.549500000000000000e+03 4.742319999999999685e-05
3.553500000000000000e+03 4.854730000000000189e-05
3.557500000000000000e+03 4.958940000000000331e-05
3.561500000000000000e+03 5.054809999999999805e-05
3.565500000000000000e+03 5.096499999999999739e-05
3.569500000000000000e+03 5.122310000000000090e-05
3.573500000000000000e+03 5.126990000000000188e-05
3.577500000000000000e+03 5.100489999999999679e-05
3.581500000000000000e+03 5.062309999999999987e-05
3.585500000000000000e+03 4.986149999999999686e-05
3.589500000000000000e+03 4.852419999999999867e-05
3.593500000000000000e+03 4.703280000000000140e-05
3.597500000000000000e+03 4.556810000000000168e-05
3.601500000000000000e+03 4.421700000000000034e-05
3.605500000000000000e+03 4.275040000000000323e-05
3.609500000000000000e+03 4.152930000000000234e-05
3.613500000000000000e+03 4.045320000000000090e-05
3.617500000000000000e+03 3.951950000000000000e-05
3.621500000000000000e+03 3.898000000000000287e-05
3.625500000000000000e+03 3.857259999999999725e-05
3.629500000000000000e+03 3.828559999999999814e-05
3.633500000000000000e+03 3.811599999999999895e-05
3.637500000000000000e+03 3.801170000000000064e-05
3.641500000000000000e+03 3.797250000000000278e-05
3.645500000000000000e+03 3.793319999999999792e-05
3.649500000000000000e+03 3.789400000000000006e-05
3.653500000000000000e+03 3.785410000000000066e-05
3.657500000000000000e+03 3.781420000000000126e-05
3.661500000000000000e+03 3.778479999999999778e-05
3.665500000000000000e+03 3.783759999999999836e-05
3.669500000000000000e+03 3.790710000000000168e-05
3.673500000000000000e+03 3.799340000000000117e-05
3.677500000000000000e+03 3.820100000000000237e-05
3.681500000000000000e+03 3.843409999999999849e-05
3.685500000000000000e+03 3.867439999999999685e-05
3.689500000000000000e+03 3.895200000000000246e-05
3.693500000000000000e+03 3.923469999999999893e-05
3.697500000000000000e+03 3.956759999999999704e-05
3.701500000000000000e+03 4.022289999999999736e-05
3.705500000000000000e+03 4.093850000000000115e-05
3.709500000000000000e+03 4.175080000000000013e-05
3.713500000000000000e+03 4.280570000000000251e-05
3.717500000000000000e+03 4.393509999999999885e-05
3.721500000000000000e+03 4.505609999999999710e-05
3.725500000000000000e+03 4.617869999999999885e-05
3.729500000000000000e+03 4.731410000000000157e-05
3.733500000000000000e+03 4.831009999999999677e-05
3.737500000000000000e+03 4.926539999999999760e-05
3.741500000000000000e+03 5.024100000000000229e-05
3.745500000000000000e+03 5.106870000000000116e-05
3.749500000000000000e+03 5.180370000000000005e-05
3.753500000000000000e+03 5.251339999999999768e-05
3.757500000000000000e+03 5.293490000000000033e-05
3.761500000000000000e+03 5.323160000000000039e-05
3.765500000000000000e+03 5.337050000000000003e-05
3.769500000000000000e+03 5.307369999999999975e-05
3.773500000000000000e+03 5.265730000000000150e-05
3.777500000000000000e+03 5.216910000000000167e-05
3.781500000000000000e+03 5.188510000000000236e-05
3.785500000000000000e+03 5.157950000000000311e-05
3.789500000000000000e+03 5.130310000000000013e-05
3.793500000000000000e+03 5.112220000000000327e-05
3.797500000000000000e+03 5.100589999999999898e-05
3.801500000000000000e+03 5.094049999999999788e-05
3.805500000000000000e+03 5.087529999999999722e-05
3.809500000000000000e+03 5.081010000000000333e-05
3.813500000000000000e+03 5.074420000000000113e-05
3.817500000000000000e+03 5.067799999999999828e-05
3.821500000000000000e+03 5.067749999999999718e-05
3.825500000000000000e+03 5.071569999999999963e-05
3.829500000000000000e+03 5.074899999999999810e-05
3.833500000000000000e+03 5.075449999999999661e-05
3.837500000000000000e+03 5.079970000000000086e-05
3.841500000000000000e+03 5.085109999999999836e-05
3.845500000000000000e+03 5.088149999999999726e-05
3.849500000000000000e+03 5.087819999999999680e-05
3.853500000000000000e+03 5.085159999999999946e-05
3.857500000000000000e+03 5.091470000000000230e-05
3.861500000000000000e+03 5.126040000000000137e-05
3.865500000000000000e+03 5.166870000000000219e-05
3.869500000000000000e+03 5.200059999999999812e-05
3.873500000000000000e+03 5.219730000000000252e-05
3.877500000000000000e+03 5.248969999999999992e-05
3.881500000000000000e+03 5.295529999999999763e-05
3.885500000000000000e+03 5.342899999999999955e-05
3.889500000000000000e+03 5.382119999999999895e-05
3.893500000000000000e+03 5.397640000000000044e-05
3.897500000000000000e+03 5.406549999999999930e-05
3.901500000000000000e+03 5.420099999999999826e-05
3.905500000000000000e+03 5.458560000000000132e-05
3.909500000000000000e+03 5.497170000000000089e-05
3.913500000000000000e+03 5.536359999999999963e-05
3.917500000000000000e+03 5.602759999999999869e-05
3.921500000000000000e+03 5.676969999999999960e-05
3.925500000000000000e+03 5.752059999999999948e-05
3.929500000000000000e+03 5.817799999999999762e-05
3.933500000000000000e+03 5.882419999999999831e-05
3.937500000000000000e+03 5.954059999999999708e-05
3.941500000000000000e+03 6.033489999999999725e-05
3.945500000000000000e+03 6.120189999999999420e-05
3.949500000000000000e+03 6.186489999999999784e-05
3.953500000000000000e+03 6.240289999999999845e-05
3.957500000000000000e+03 6.296910000000000669e-05
3.961500000000000000e+03 6.359020000000000655e-05
3.965500000000000000e+03 6.415789999999999774e-05
3.969500000000000000e+03 6.457900000000000630e-05
3.973500000000000000e+03 6.481900000000000400e-05
3.977500000000000000e+03 6.508610000000000014e-05
3.981500000000000000e+03 6.550509999999999731e-05
3.985500000000000000e+03 6.630809999999999623e-05
3.989500000000000000e+03 6.712759999999999745e-05
3.993500000000000000e+03 6.804899999999999849e-05
3.997500000000000000e+03 6.899499999999999925e-05
4.001500000000000000e+03 6.988569999999999396e-05
4.005500000000000000e+03 7.066130000000000056e-05
4.009500000000000000e+03 7.128240000000000043e-05
4.013500000000000000e+03 7.184609999999999640e-05
4.017500000000000000e+03 7.258390000000000143e-05
4.021500000000000000e+03 7.351879999999999819e-05
4.025500000000000000e+03 7.446999999999999681e-05
4.029500000000000000e+03 7.542270000000000549e-05
4.033500000000000000e+03 7.644219999999999802e-05
4.037500000000000000e+03 7.752450000000000627e-05
4.041500000000000000e+03 7.813720000000000127e-05
4.045500000000000000e+03 7.864569999999999818e-05
4.049500000000000000e+03 7.913150000000000630e-05
4.053500000000000000e+03 7.956549999999999571e-05
4.057500000000000000e+03 7.994559999999999568e-05
4.061500000000000000e+03 8.026030000000000132e-05
4.065500000000000000e+03 8.055939999999999987e-05
4.069500000000000000e+03 8.080349999999999978e-05
4.073500000000000000e+03 8.116020000000000265e-05
4.077500000000000000e+03 8.168120000000000664e-05
4.081500000000000000e+03 8.223709999999999907e-05
4.085500000000000000e+03 8.291000000000000409e-05
4.089500000000000000e+03 8.370530000000000646e-05
4.093500000000000000e+03 8.456879999999999573e-05
4.097500000000000000e+03 8.555529999999999722e-05
4.101500000000000000e+03 8.657910000000000595e-05
4.105500000000000000e+03 8.757399999999999874e-05
4.109500000000000000e+03 8.830049999999999932e-05
4.113500000000000000e+03 8.902459999999999464e-05
4.117500000000000000e+03 8.980370000000000214e-05
4.121500000000000000e+03 9.075459999999999333e-05
4.125500000000000000e+03 9.163379999999999670e-05
4.129500000000000000e+03 9.249790000000000084e-05
4.133500000000000000e+03 9.331180000000000333e-05
4.137500000000000000e+03 9.411799999999999572e-05
4.141500000000000000e+03 9.489900000000000061e-05
4.145500000000000000e+03 9.568629999999999898e-05
4.149500000000000000e+03 9.651900000000000204e-05
4.153500000000000000e+03 9.753779999999999980e-05
4.157500000000000000e+03 9.870530000000000514e-05
4.161500000000000000e+03 9.991479999999999416e-05
4.165500000000000000e+03 1.009599999999999956e-04
4.169500000000000000e+03 1.019220000000000043e-04
4.173500000000000000e+03 1.028420000000000023e-04
4.177500000000000000e+03 1.036869999999999985e-04
4.181500000000000000e+03 1.045139999999999958e-04
4.185500000000000000e+03 1.053179999999999969e-04
4.189500000000000000e+03 1.063389999999999995e-04
4.193500000000000000e+03 1.073819999999999961e-04
4.197500000000000000e+03 1.084840000000000001e-04
4.201500000000000000e+03 1.095649999999999988e-04
4.205500000000000000e+03 1.107230000000000036e-04
4.209500000000000000e+03 1.118189999999999945e-04
4.213500000000000000e+03 1.127839999999999962e-04
4.217500000000000000e+03 1.138070000000000032e-04
4.221500000000000000e+03 1.149849999999999977e-04
4.225500000000000000e+03 1.162749999999999938e-04
4.229500000000000000e+03 1.175850000000000067e-04
4.233500000000000000e+03 1.188310000000000012e-04
4.237500000000000000e+03 1.200599999999999991e-04
4.241500000000000000e+03 1.213249999999999946e-04
4.245500000000000000e+03 1.228500000000000046e-04
4.249500000000000000e+03 1.243310000000000129e-04
4.253500000000000000e+03 1.257960000000000133e-04
4.257500000000000000e+03 1.271009999999999881e-04
4.261500000000000000e+03 1.270090000000000032e-04
4.265500000000000000e+03 1.268060000000000053e-04
4.269500000000000000e+03 1.274319999999999956e-04
4.273500000000000000e+03 1.286439999999999969e-04
4.277500000000000000e+03 1.289469999999999972e-04
4.281500000000000000e+03 1.289010000000000047e-04
4.285500000000000000e+03 1.301259999999999938e-04
4.289500000000000000e+03 1.318790000000000023e-04
4.293500000000000000e+03 1.342019999999999867e-04
4.297500000000000000e+03 1.363179999999999915e-04
4.301500000000000000e+03 1.332120000000000114e-04
4.305500000000000000e+03 1.277030000000000070e-04
4.309500000000000000e+03 1.231960000000000043e-04
4.313500000000000000e+03 1.236699999999999865e-04
4.317500000000000000e+03 1.237380000000000001e-04
4.321500000000000000e+03 1.231820000000000007e-04
4.325500000000000000e+03 1.221460000000000059e-04
4.329500000000000000e+03 1.218540000000000026e-04
4.333500000000000000e+03 1.232740000000000127e-04
4.337500000000000000e+03 1.255630000000000038e-04
4.341500000000000000e+03 1.242050000000000077e-04
4.345500000000000000e+03 1.229579999999999974e-04
4.349500000000000000e+03 1.261389999999999929e-04
4.353500000000000000e+03 1.275550000000000078e-04
4.357500000000000000e+03 1.260769999999999925e-04
4.361500000000000000e+03 1.235329999999999978e-04
4.365500000000000000e+03 1.256969999999999995e-04
4.369500000000000000e+03 1.275020000000000135e-04
4.373500000000000000e+03 1.283099999999999963e-04
4.377500000000000000e+03 1.271669999999999973e-04
4.381500000000000000e+03 1.065140000000000037e-04
4.385500000000000000e+03 8.051620000000000001e-05
4.389500000000000000e+03 5.593839999999999961e-05
4.393500000000000000e+03 4.456760000000000338e-05
4.397500000000000000e+03 3.178240000000000253e-05
4.401500000000000000e+03 1.867949999999999963e-05
4.405500000000000000e+03 8.655779999999999651e-06
4.409500000000000000e+03 2.291679999999999885e-06
