1.641500000000000000e+03 0.000000000000000000e+00
1.645500000000000000e+03 7.705489999999999471e-07
1.649500000000000000e+03 4.847379999999999827e-06
1.653500000000000000e+03 1.070670000000000034e-05
1.657500000000000000e+03 1.527179999999999835e-05
1.661500000000000000e+03 1.803189999999999925e-05
1.665500000000000000e+03 1.982609999999999979e-05
1.669500000000000000e+03 2.131839999999999904e-05
1.673500000000000000e+03 2.215380000000000124e-05
1.677500000000000000e+03 2.297550000000000051e-05
1.681500000000000000e+03 2.383490000000000112e-05
1.685500000000000000e+03 2.467570000000000161e-05
1.689500000000000000e+03 2.547450000000000148e-05
1.693500000000000000e+03 2.605060000000000093e-05
1.697500000000000000e+03 2.644509999999999859e-05
1.701500000000000000e+03 2.656299999999999962e-05
1.705500000000000000e+03 2.647489999999999956e-05
1.709500000000000000e+03 2.617690000000000004e-05
1.713500000000000000e+03 2.576409999999999952e-05
1.717500000000000000e+03 2.527069999999999845e-05
1.721500000000000000e+03 2.477720000000000055e-05
1.725500000000000000e+03 2.432320000000000117e-05
1.729500000000000000e+03 2.411000000000000125e-05
1.733500000000000000e+03 2.409539999999999973e-05
1.737500000000000000e+03 2.440409999999999899e-05
1.741500000000000000e+03 2.495439999999999947e-05
1.745500000000000000e+03 2.573629999999999955e-05
1.749500000000000000e+03 2.663039999999999833e-05
1.753500000000000000e+03 2.754519999999999845e-05
1.757500000000000000e+03 2.825169999999999922e-05
1.761500000000000000e+03 2.877119999999999992e-05
1.765500000000000000e+03 2.882189999999999928e-05
1.769500000000000000e+03 2.855179999999999996e-05
1.773500000000000000e+03 2.770580000000000162e-05
1.777500000000000000e+03 2.645720000000000141e-05
1.781500000000000000e+03 2.479829999999999939e-05
1.785500000000000000e+03 2.288910000000000079e-05
1.789500000000000000e+03 2.083299999999999857e-05
1.793500000000000000e+03 1.877349999999999906e-05
1.797500000000000000e+03 1.678639999999999907e-05
1.801500000000000000e+03 1.508079999999999967e-05
1.805500000000000000e+03 1.359899999999999973e-05
1.809500000000000000e+03 1.256909999999999965e-05
1.813500000000000000e+03 1.211179999999999981e-05
1.817500000000000000e+03 1.229040000000000010e-05
1.821500000000000000e+03 1.296859999999999981e-05
1.825500000000000000e+03 1.421340000000000015e-05
1.829500000000000000e+03 1.615259999999999846e-05
1.833500000000000000e+03 1.837850000000000030e-05
1.837500000000000000e+03 2.072770000000000146e-05
1.841500000000000000e+03 2.314299999999999848e-05
1.845500000000000000e+03 2.549849999999999990e-05
1.849500000000000000e+03 2.773670000000000161e-05
1.853500000000000000e+03 2.965850000000000073e-05
1.857500000000000000e+03 3.125819999999999830e-05
1.861500000000000000e+03 3.264199999999999681e-05
1.865500000000000000e+03 3.362559999999999871e-05
1.869500000000000000e+03 3.444040000000000317e-05
1.873500000000000000e+03 3.505039999999999903e-05
1.877500000000000000e+03 3.565730000000000164e-05
1.881500000000000000e+03 3.649939999999999820e-05
1.885500000000000000e+03 3.776780000000000116e-05
1.889500000000000000e+03 3.930559999999999854e-05
1.893500000000000000e+03 4.121750000000000305e-05
1.897500000000000000e+03 4.364620000000000235e-05
1.901500000000000000e+03 4.658560000000000337e-05
1.905500000000000000e+03 4.916790000000000066e-05
1.909500000000000000e+03 5.155750000000000231e-05
1.913500000000000000e+03 5.381229999999999976e-05
1.917500000000000000e+03 5.585050000000000339e-05
1.921500000000000000e+03 5.739560000000000321e-05
1.925500000000000000e+03 5.867090000000000098e-05
1.929500000000000000e+03 5.999209999999999775e-05
1.933500000000000000e+03 6.135530000000000530e-05
1.937500000000000000e+03 6.272449999999999890e-05
1.941500000000000000e+03 6.406650000000000062e-05
1.945500000000000000e+03 6.540620000000000407e-05
1.949500000000000000e+03 6.678960000000000170e-05
1.953500000000000000e+03 6.824559999999999589e-05
1.957500000000000000e+03 6.970689999999999493e-05
1.961500000000000000e+03 7.119890000000000030e-05
1.965500000000000000e+03 7.275409999999999516e-05
1.969500000000000000e+03 7.439430000000000023e-05
1.973500000000000000e+03 7.602710000000000262e-05
1.977500000000000000e+03 7.763990000000000182e-05
1.981500000000000000e+03 7.926130000000000632e-05
1.985500000000000000e+03 8.099559999999999410e-05
1.989500000000000000e+03 8.284729999999999536e-05
1.993500000000000000e+03 8.478630000000000509e-05
1.997500000000000000e+03 8.695630000000000633e-05
2.001500000000000000e+03 8.933550000000000551e-05
2.005500000000000000e+03 9.185159999999999993e-05
2.009500000000000000e+03 9.442739999999999652e-05
2.013500000000000000e+03 9.711559999999999561e-05
2.017500000000000000e+03 1.001180000000000060e-04
2.021500000000000000e+03 1.034680000000000061e-04
2.025500000000000000e+03 1.068019999999999983e-04
2.029500000000000000e+03 1.104620000000000005e-04
2.033500000000000000e+03 1.153109999999999942e-04
2.037500000000000000e+03 1.207970000000000024e-04
2.041500000000000000e+03 1.253030000000000029e-04
2.045500000000000000e+03 1.279040000000000005e-04
2.049500000000000000e+03 1.305610000000000125e-04
2.053500000000000000e+03 1.322440000000000030e-04
2.057500000000000000e+03 1.318880000000000085e-04
2.061500000000000000e+03 1.287120000000000104e-04
2.065500000000000000e+03 1.242869999999999977e-04
2.069500000000000000e+03 1.193859999999999984e-04
2.073500000000000000e+03 1.140490000000000053e-04
2.077500000000000000e+03 1.072440000000000052e-04
2.081500000000000000e+03 9.922259999999999424e-05
2.085500000000000000e+03 9.079290000000000277e-05
2.089500000000000000e+03 8.430160000000000615e-05
2.093500000000000000e+03 7.822139999999999616e-05
2.097500000000000000e+03 7.188790000000000674e-05
2.101500000000000000e+03 6.683849999999999373e-05
2.105500000000000000e+03 6.402089999999999550e-05
2.109500000000000000e+03 6.328979999999999838e-05
2.113500000000000000e+03 6.276499999999999961e-05
2.117500000000000000e+03 6.227829999999999629e-05
2.121500000000000000e+03 6.179640000000000350e-05
2.125500000000000000e+03 6.128380000000000437e-05
2.129500000000000000e+03 6.083110000000000107e-05
2.133500000000000000e+03 6.049559999999999725e-05
2.137500000000000000e+03 6.023309999999999765e-05
2.141500000000000000e+03 5.992769999999999884e-05
2.145500000000000000e+03 5.970640000000000149e-05
2.149500000000000000e+03 5.961720000000000241e-05
2.153500000000000000e+03 5.961950000000000067e-05
2.157500000000000000e+03 5.964309999999999821e-05
2.161500000000000000e+03 5.972279999999999679e-05
2.165500000000000000e+03 5.994450000000000180e-05
2.169500000000000000e+03 6.031500000000000105e-05
2.173500000000000000e+03 6.071809999999999724e-05
2.177500000000000000e+03 6.115790000000000614e-05
2.181500000000000000e+03 6.185940000000000611e-05
2.185500000000000000e+03 6.275179999999999777e-05
2.189500000000000000e+03 6.383930000000000388e-05
2.193500000000000000e+03 6.505570000000000124e-05
2.197500000000000000e+03 6.637529999999999450e-05
2.201500000000000000e+03 6.796739999999999574e-05
2.205500000000000000e+03 6.988979999999999618e-05
2.209500000000000000e+03 7.194339999999999969e-05
2.213500000000000000e+03 7.425479999999999928e-05
2.217500000000000000e+03 7.689859999999999589e-05
2.221500000000000000e+03 7.988600000000000052e-05
2.225500000000000000e+03 8.342019999999999796e-05
2.229500000000000000e+03 8.736740000000000651e-05
2.233500000000000000e+03 9.163299999999999495e-05
2.237500000000000000e+03 9.679040000000000083e-05
2.241500000000000000e+03 1.027200000000000059e-04
2.245500000000000000e+03 1.093179999999999993e-04
2.249500000000000000e+03 1.173639999999999964e-04
2.253500000000000000e+03 1.265360000000000096e-04
2.257500000000000000e+03 1.370739999999999958e-04
2.261500000000000000e+03 1.501019999999999937e-04
2.265500000000000000e+03 1.647220000000000129e-04
2.269500000000000000e+03 1.816409999999999911e-04
2.273500000000000000e+03 2.025239999999999875e-04
2.277500000000000000e+03 2.258000000000000133e-04
2.281500000000000000e+03 2.537379999999999887e-04
2.285500000000000000e+03 2.887039999999999789e-04
2.289500000000000000e+03 3.277129999999999843e-04
2.293500000000000000e+03 3.818669999999999812e-04
2.297500000000000000e+03 4.577709999999999917e-04
2.301500000000000000e+03 5.444039999999999600e-04
2.305500000000000000e+03 6.659479999999999740e-04
2.309500000000000000e+03 8.170480000000000147e-04
2.313500000000000000e+03 9.858560000000000153e-04
2.317500000000000000e+03 1.218899999999999975e-03
2.321500000000000000e+03 1.511399999999999983e-03
2.325500000000000000e+03 1.853569999999999914e-03
2.329500000000000000e+03 2.330050000000000177e-03
2.333500000000000000e+03 2.910719999999999887e-03
2.337500000000000000e+03 3.594130000000000068e-03
2.341500000000000000e+03 4.507289999999999734e-03
2.345500000000000000e+03 5.576560000000000371e-03
2.349500000000000000e+03 6.834309999999999691e-03
2.353500000000000000e+03 8.406550000000000480e-03
2.357500000000000000e+03 1.016889999999999981e-02
2.361500000000000000e+03 1.219439999999999934e-02
2.365500000000000000e+03 1.454189999999999997e-02
2.369500000000000000e+03 1.707650000000000140e-02
2.373500000000000000e+03 1.986390000000000031e-02
2.377500000000000000e+03 2.283970000000000097e-02
2.381500000000000000e+03 2.594020000000000006e-02
2.385500000000000000e+03 2.916090000000000002e-02
2.389500000000000000e+03 3.236979999999999719e-02
2.393500000000000000e+03 3.557860000000000189e-02
2.397500000000000000e+03 3.866220000000000073e-02
2.401500000000000000e+03 4.155629999999999741e-02
2.405500000000000000e+03 4.431770000000000154e-02
2.409500000000000000e+03 4.675069999999999920e-02
2.413500000000000000e+03 4.891949999999999771e-02
2.417500000000000000e+03 5.086759999999999893e-02
2.421500000000000000e+03 5.246010000000000256e-02
2.425500000000000000e+03 5.388910000000000228e-02
2.429500000000000000e+03 5.512100000000000333e-02
2.433500000000000000e+03 5.611000000000000015e-02
2.437500000000000000e+03 5.703219999999999817e-02
2.441500000000000000e+03 5.793299999999999839e-02
2.445500000000000000e+03 5.882550000000000279e-02
2.449500000000000000e+03 5.974340000000000206e-02
2.453500000000000000e+03 6.071010000000000295e-02
2.457500000000000000e+03 6.176469999999999877e-02
2.461500000000000000e+03 6.295240000000000558e-02
2.465500000000000000e+03 6.423210000000000031e-02
2.469500000000000000e+03 6.559360000000000190e-02
2.473500000000000000e+03 6.701989999999999337e-02
2.477500000000000000e+03 6.849379999999999358e-02
2.481500000000000000e+03 7.005580000000000140e-02
2.485500000000000000e+03 7.170239999999999947e-02
2.489500000000000000e+03 7.336120000000000141e-02
2.493500000000000000e+03 7.506889999999999397e-02
2.497500000000000000e+03 7.696669999999999900e-02
2.501500000000000000e+03 7.904369999999999452e-02
2.505500000000000000e+03 8.135879999999999501e-02
2.509500000000000000e+03 8.382530000000000536e-02
2.513500000000000000e+03 8.657249999999999668e-02
2.517500000000000000e+03 8.956609999999999572e-02
2.521500000000000000e+03 9.289949999999999597e-02
2.525500000000000000e+03 9.649099999999999344e-02
2.529500000000000000e+03 1.003590000000000038e-01
2.533500000000000000e+03 1.044449999999999962e-01
2.537500000000000000e+03 1.087479999999999974e-01
2.541500000000000000e+03 1.132009999999999961e-01
2.545500000000000000e+03 1.177900000000000058e-01
2.549500000000000000e+03 1.224230000000000040e-01
2.553500000000000000e+03 1.270779999999999965e-01
2.557500000000000000e+03 1.316660000000000053e-01
2.561500000000000000e+03 1.362079999999999957e-01
2.565500000000000000e+03 1.406000000000000028e-01
2.569500000000000000e+03 1.448049999999999893e-01
2.573500000000000000e+03 1.487970000000000126e-01
2.577500000000000000e+03 1.525269999999999959e-01
2.581500000000000000e+03 1.559999999999999998e-01
2.585500000000000000e+03 1.591700000000000059e-01
2.589500000000000000e+03 1.620630000000000126e-01
2.593500000000000000e+03 1.646690000000000098e-01
2.597500000000000000e+03 1.669990000000000085e-01
2.601500000000000000e+03 1.691090000000000093e-01
2.605500000000000000e+03 1.709829999999999961e-01
2.609500000000000000e+03 1.726860000000000062e-01
2.613500000000000000e+03 1.742259999999999920e-01
2.617500000000000000e+03 1.756479999999999986e-01
2.621500000000000000e+03 1.769670000000000132e-01
2.625500000000000000e+03 1.781760000000000010e-01
2.629500000000000000e+03 1.793800000000000117e-01
2.633500000000000000e+03 1.804920000000000135e-01
2.637500000000000000e+03 1.815180000000000127e-01
2.641500000000000000e+03 1.825460000000000138e-01
2.645500000000000000e+03 1.836079999999999934e-01
2.649500000000000000e+03 1.846810000000000118e-01
2.653500000000000000e+03 1.857379999999999864e-01
2.657500000000000000e+03 1.867230000000000001e-01
2.661500000000000000e+03 1.875529999999999975e-01
2.665500000000000000e+03 1.882610000000000117e-01
2.669500000000000000e+03 1.888749999999999873e-01
2.673500000000000000e+03 1.894139999999999990e-01
2.677500000000000000e+03 1.898809999999999942e-01
2.681500000000000000e+03 1.903310000000000002e-01
2.685500000000000000e+03 1.907609999999999861e-01
2.689500000000000000e+03 1.912439999999999973e-01
2.693500000000000000e+03 1.917860000000000120e-01
2.697500000000000000e+03 1.924260000000000137e-01
2.701500000000000000e+03 1.931879999999999986e-01
2.705500000000000000e+03 1.941160000000000108e-01
2.709500000000000000e+03 1.952959999999999974e-01
2.713500000000000000e+03 1.967710000000000015e-01
2.717500000000000000e+03 1.984730000000000105e-01
2.721500000000000000e+03 2.006870000000000043e-01
2.725500000000000000e+03 2.040970000000000006e-01
2.729500000000000000e+03 2.090859999999999941e-01
2.733500000000000000e+03 2.172179999999999944e-01
2.737500000000000000e+03 2.290339999999999876e-01
2.741500000000000000e+03 2.472530000000000006e-01
2.745500000000000000e+03 2.729150000000000187e-01
2.749500000000000000e+03 3.081010000000000137e-01
2.753500000000000000e+03 3.536270000000000246e-01
2.757500000000000000e+03 4.092790000000000039e-01
2.761500000000000000e+03 4.740829999999999766e-01
2.765500000000000000e+03 5.454590000000000272e-01
2.769500000000000000e+03 6.204619999999999580e-01
2.773500000000000000e+03 6.947210000000000329e-01
2.777500000000000000e+03 7.647690000000000321e-01
2.781500000000000000e+03 8.264869999999999717e-01
2.785500000000000000e+03 8.762940000000000174e-01
2.789500000000000000e+03 9.128770000000000495e-01
2.793500000000000000e+03 9.377140000000000475e-01
2.797500000000000000e+03 9.528450000000000530e-01
2.801500000000000000e+03 9.620229999999999615e-01
2.805500000000000000e+03 9.676230000000000109e-01
2.809500000000000000e+03 9.719290000000000429e-01
2.813500000000000000e+03 9.763110000000000399e-01
2.817500000000000000e+03 9.809590000000000254e-01
2.821500000000000000e+03 9.860860000000000181e-01
2.825500000000000000e+03 9.904519999999999991e-01
2.829500000000000000e+03 9.934619999999999562e-01
2.833500000000000000e+03 9.954119999999999635e-01
2.837500000000000000e+03 9.960839999999999694e-01
2.841500000000000000e+03 9.964389999999999636e-01
2.845500000000000000e+03 9.965549999999999686e-01
2.849500000000000000e+03 9.970360000000000333e-01
2.853500000000000000e+03 9.978399999999999492e-01
2.857500000000000000e+03 9.989369999999999639e-01
2.861500000000000000e+03 1.000000000000000000e+00
2.865500000000000000e+03 9.996680000000000010e-01
2.869500000000000000e+03 9.971710000000000296e-01
2.873500000000000000e+03 9.892020000000000257e-01
2.877500000000000000e+03 9.735930000000000417e-01
2.881500000000000000e+03 9.473629999999999551e-01
2.885500000000000000e+03 9.090829999999999744e-01
2.889500000000000000e+03 8.575479999999999769e-01
2.893500000000000000e+03 7.936360000000000081e-01
2.897500000000000000e+03 7.210170000000000190e-01
2.901500000000000000e+03 6.417779999999999596e-01
2.905500000000000000e+03 5.620230000000000503e-01
2.909500000000000000e+03 4.862790000000000168e-01
2.913500000000000000e+03 4.179419999999999802e-01
2.917500000000000000e+03 3.623330000000000162e-01
2.921500000000000000e+03 3.175310000000000077e-01
2.925500000000000000e+03 2.851310000000000233e-01
2.929500000000000000e+03 2.607940000000000258e-01
2.933500000000000000e+03 2.440249999999999919e-01
2.937500000000000000e+03 2.322249999999999870e-01
2.941500000000000000e+03 2.239929999999999977e-01
2.945500000000000000e+03 2.181099999999999983e-01
2.949500000000000000e+03 2.138470000000000093e-01
2.953500000000000000e+03 2.109769999999999979e-01
2.957500000000000000e+03 2.086890000000000134e-01
2.961500000000000000e+03 2.066320000000000101e-01
2.965500000000000000e+03 2.049140000000000128e-01
2.969500000000000000e+03 2.037430000000000074e-01
2.973500000000000000e+03 2.027660000000000018e-01
2.977500000000000000e+03 2.017089999999999994e-01
2.981500000000000000e+03 2.007690000000000030e-01
2.985500000000000000e+03 2.000840000000000118e-01
2.989500000000000000e+03 1.994450000000000112e-01
2.993500000000000000e+03 1.988659999999999872e-01
2.997500000000000000e+03 1.983379999999999865e-01
3.001500000000000000e+03 1.978620000000000101e-01
3.005500000000000000e+03 1.973550000000000026e-01
3.009500000000000000e+03 1.968229999999999980e-01
3.013500000000000000e+03 1.961170000000000135e-01
3.017500000000000000e+03 1.952129999999999976e-01
3.021500000000000000e+03 1.940070000000000128e-01
3.025500000000000000e+03 1.925139999999999907e-01
3.029500000000000000e+03 1.906049999999999967e-01
3.033500000000000000e+03 1.882810000000000039e-01
3.037500000000000000e+03 1.855600000000000027e-01
3.041500000000000000e+03 1.823710000000000053e-01
3.045500000000000000e+03 1.788210000000000077e-01
3.049500000000000000e+03 1.748929999999999929e-01
3.053500000000000000e+03 1.707120000000000026e-01
3.057500000000000000e+03 1.662629999999999941e-01
3.061500000000000000e+03 1.617119999999999946e-01
3.065500000000000000e+03 1.570439999999999892e-01
3.069500000000000000e+03 1.522560000000000024e-01
3.073500000000000000e+03 1.474250000000000005e-01
3.077500000000000000e+03 1.425740000000000063e-01
3.081500000000000000e+03 1.377869999999999928e-01
3.085500000000000000e+03 1.329460000000000086e-01
3.089500000000000000e+03 1.282429999999999959e-01
3.093500000000000000e+03 1.235480000000000050e-01
3.097500000000000000e+03 1.189560000000000062e-01
3.101500000000000000e+03 1.143959999999999977e-01
3.105500000000000000e+03 1.099470000000000031e-01
3.109500000000000000e+03 1.054999999999999966e-01
3.113500000000000000e+03 1.011520000000000058e-01
3.117500000000000000e+03 9.687880000000000102e-02
3.121500000000000000e+03 9.272930000000000061e-02
3.125500000000000000e+03 8.865380000000000482e-02
3.129500000000000000e+03 8.481030000000000513e-02
3.133500000000000000e+03 8.109629999999999617e-02
3.137500000000000000e+03 7.756520000000000081e-02
3.141500000000000000e+03 7.425729999999999831e-02
3.145500000000000000e+03 7.115409999999999791e-02
3.149500000000000000e+03 6.825950000000000073e-02
3.153500000000000000e+03 6.559089999999999365e-02
3.157500000000000000e+03 6.317259999999999542e-02
3.161500000000000000e+03 6.094659999999999661e-02
3.165500000000000000e+03 5.891640000000000071e-02
3.169500000000000000e+03 5.709349999999999842e-02
3.173500000000000000e+03 5.541929999999999773e-02
3.177500000000000000e+03 5.387510000000000215e-02
3.181500000000000000e+03 5.243350000000000094e-02
3.185500000000000000e+03 5.109589999999999965e-02
3.189500000000000000e+03 4.975999999999999868e-02
3.193500000000000000e+03 4.843920000000000170e-02
3.197500000000000000e+03 4.712550000000000072e-02
3.201500000000000000e+03 4.572640000000000038e-02
3.205500000000000000e+03 4.426309999999999967e-02
3.209500000000000000e+03 4.271420000000000078e-02
3.213500000000000000e+03 4.103300000000000003e-02
3.217500000000000000e+03 3.924199999999999910e-02
3.221500000000000000e+03 3.739359999999999906e-02
3.225500000000000000e+03 3.545829999999999815e-02
3.229500000000000000e+03 3.340139999999999776e-02
3.233500000000000000e+03 3.128020000000000106e-02
3.237500000000000000e+03 2.913280000000000036e-02
3.241500000000000000e+03 2.695250000000000076e-02
3.245500000000000000e+03 2.481529999999999847e-02
3.249500000000000000e+03 2.271729999999999930e-02
3.253500000000000000e+03 2.062639999999999960e-02
3.257500000000000000e+03 1.861770000000000092e-02
3.261500000000000000e+03 1.669899999999999857e-02
3.265500000000000000e+03 1.485449999999999965e-02
3.269500000000000000e+03 1.313910000000000078e-02
3.273500000000000000e+03 1.154670000000000002e-02
3.277500000000000000e+03 1.006890000000000042e-02
3.281500000000000000e+03 8.728780000000000219e-03
3.285500000000000000e+03 7.525440000000000428e-03
3.289500000000000000e+03 6.455220000000000229e-03
3.293500000000000000e+03 5.498949999999999845e-03
3.297500000000000000e+03 4.654880000000000129e-03
3.301500000000000000e+03 3.924989999999999729e-03
3.305500000000000000e+03 3.289300000000000210e-03
3.309500000000000000e+03 2.752169999999999964e-03
3.313500000000000000e+03 2.303719999999999987e-03
3.317500000000000000e+03 1.917440000000000073e-03
3.321500000000000000e+03 1.598129999999999907e-03
3.325500000000000000e+03 1.331820000000000052e-03
3.329500000000000000e+03 1.103610000000000094e-03
3.333500000000000000e+03 9.184520000000000487e-04
3.337500000000000000e+03 7.636649999999999602e-04
3.341500000000000000e+03 6.326679999999999674e-04
3.345500000000000000e+03 5.291700000000000310e-04
3.349500000000000000e+03 4.427230000000000098e-04
3.353500000000000000e+03 3.701889999999999890e-04
3.357500000000000000e+03 3.138959999999999776e-04
3.361500000000000000e+03 2.669220000000000034e-04
3.365500000000000000e+03 2.279849999999999932e-04
3.369500000000000000e+03 1.979790000000000098e-04
3.373500000000000000e+03 1.730210000000000092e-04
3.377500000000000000e+03 1.526470000000000040e-04
3.381500000000000000e+03 1.372169999999999976e-04
3.385500000000000000e+03 1.244460000000000076e-04
3.389500000000000000e+03 1.144560000000000033e-04
3.393500000000000000e+03 1.074069999999999967e-04
3.397500000000000000e+03 1.018069999999999961e-04
3.401500000000000000e+03 9.772919999999999936e-05
3.405500000000000000e+03 9.480470000000000390e-05
3.409500000000000000e+03 9.200530000000000492e-05
3.413500000000000000e+03 8.959379999999999590e-05
3.417500000000000000e+03 8.763599999999999916e-05
3.421500000000000000e+03 8.594099999999999591e-05
3.425500000000000000e+03 8.444599999999999752e-05
3.429500000000000000e+03 8.273169999999999938e-05
3.433500000000000000e+03 8.079310000000000408e-05
3.437500000000000000e+03 7.878259999999999343e-05
3.441500000000000000e+03 7.659019999999999728e-05
3.445500000000000000e+03 7.426670000000000504e-05
3.449500000000000000e+03 7.180309999999999698e-05
3.453500000000000000e+03 6.912319999999999576e-05
3.457500000000000000e+03 6.604679999999999926e-05
3.461500000000000000e+03 6.257770000000000227e-05
3.465500000000000000e+03 5.910499999999999738e-05
3.469500000000000000e+03 5.562579999999999858e-05
3.473500000000000000e+03 5.220900000000000107e-05
3.477500000000000000e+03 4.904100000000000023e-05
3.481500000000000000e+03 4.599369999999999977e-05
3.485500000000000000e+03 4.306130000000000054e-05
3.489500000000000000e+03 4.040189999999999683e-05
3.493500000000000000e+03 3.801699999999999871e-05
3.497500000000000000e+03 3.604769999999999708e-05
3.501500000000000000e+03 3.445870000000000264e-05
3.505500000000000000e+03 3.321590000000000160e-05
3.509500000000000000e+03 3.227310000000000107e-05
3.513500000000000000e+03 3.150090000000000192e-05
3.517500000000000000e+03 3.092099999999999753e-05
3.521500000000000000e+03 3.051340000000000164e-05
3.525500000000000000e+03 3.022860000000000057e-05
3.529500000000000000e+03 3.015189999999999841e-05
3.533500000000000000e+03 3.020179999999999940e-05
3.537500000000000000e+03 3.027040000000000075e-05
3.541500000000000000e+03 3.037060000000000023e-05
3.545500000000000000e+03 3.048210000000000077e-05
3.549500000000000000e+03 3.057690000000000196e-05
3.553500000000000000e+03 3.074499999999999786e-05
3.557500000000000000e+03 3.106230000000000243e-05
3.561500000000000000e+03 3.142290000000000030e-05
3.565500000000000000e+03 3.177149999999999896e-05
3.569500000000000000e+03 3.213279999999999836e-05
3.573500000000000000e+03 3.253469999999999870e-05
3.577500000000000000e+03 3.305679999999999833e-05
3.581500000000000000e+03 3.374889999999999802e-05
3.585500000000000000e+03 3.460390000000000254e-05
3.589500000000000000e+03 3.554429999999999780e-05
3.593500000000000000e+03 3.645390000000000007e-05
3.597500000000000000e+03 3.737999999999999786e-05
3.601500000000000000e+03 3.826099999999999841e-05
3.605500000000000000e+03 3.909430000000000278e-05
3.609500000000000000e+03 3.991040000000000332e-05
3.613500000000000000e+03 4.064649999999999784e-05
3.617500000000000000e+03 4.121559999999999888e-05
3.621500000000000000e+03 4.156250000000000059e-05
3.625500000000000000e+03 4.159940000000000019e-05
3.629500000000000000e+03 4.144699999999999806e-05
3.633500000000000000e+03 4.118950000000000264e-05
3.637500000000000000e+03 4.090240000000000331e-05
3.641500000000000000e+03 4.052530000000000314e-05
3.645500000000000000e+03 3.997899999999999788e-05
3.649500000000000000e+03 3.933810000000000204e-05
3.653500000000000000e+03 3.864459999999999927e-05
3.657500000000000000e+03 3.791710000000000328e-05
3.661500000000000000e+03 3.727169999999999756e-05
3.665500000000000000e+03 3.677769999999999857e-05
3.669500000000000000e+03 3.642680000000000164e-05
3.673500000000000000e+03 3.611140000000000123e-05
3.677500000000000000e+03 3.471830000000000266e-05
3.681500000000000000e+03 3.185389999999999668e-05
3.685500000000000000e+03 2.850100000000000037e-05
3.689500000000000000e+03 2.620020000000000031e-05
3.693500000000000000e+03 2.482469999999999967e-05
3.697500000000000000e+03 2.304439999999999912e-05
3.701500000000000000e+03 2.140560000000000051e-05
3.705500000000000000e+03 2.105020000000000049e-05
3.709500000000000000e+03 2.092860000000000152e-05
3.713500000000000000e+03 2.013299999999999850e-05
3.717500000000000000e+03 1.923800000000000114e-05
3.721500000000000000e+03 1.894390000000000001e-05
3.725500000000000000e+03 1.892420000000000086e-05
3.729500000000000000e+03 1.890380000000000017e-05
3.733500000000000000e+03 1.888680000000000016e-05
3.737500000000000000e+03 1.893000000000000002e-05
3.741500000000000000e+03 1.905309999999999889e-05
3.745500000000000000e+03 1.921790000000000111e-05
3.749500000000000000e+03 1.943039999999999950e-05
3.753500000000000000e+03 1.970079999999999949e-05
3.757500000000000000e+03 2.001180000000000040e-05
3.761500000000000000e+03 2.036639999999999867e-05
3.765500000000000000e+03 2.076910000000000076e-05
3.769500000000000000e+03 2.124149999999999983e-05
3.773500000000000000e+03 2.181139999999999923e-05
3.777500000000000000e+03 2.242570000000000113e-05
3.781500000000000000e+03 2.305480000000000159e-05
3.785500000000000000e+03 2.368050000000000138e-05
3.789500000000000000e+03 2.428369999999999926e-05
3.793500000000000000e+03 2.484040000000000022e-05
3.797500000000000000e+03 2.530529999999999978e-05
3.801500000000000000e+03 2.570229999999999954e-05
3.805500000000000000e+03 2.602100000000000040e-05
3.809500000000000000e+03 2.622459999999999960e-05
3.813500000000000000e+03 2.633510000000000134e-05
3.817500000000000000e+03 2.642160000000000128e-05
3.821500000000000000e+03 2.650069999999999854e-05
3.825500000000000000e+03 2.654449999999999971e-05
3.829500000000000000e+03 2.650059999999999832e-05
3.833500000000000000e+03 2.638130000000000100e-05
3.837500000000000000e+03 2.623349999999999879e-05
3.841500000000000000e+03 2.604930000000000147e-05
3.845500000000000000e+03 2.584930000000000000e-05
3.849500000000000000e+03 2.569990000000000105e-05
3.853500000000000000e+03 2.562479999999999901e-05
3.857500000000000000e+03 2.559170000000000097e-05
3.861500000000000000e+03 2.555920000000000086e-05
3.865500000000000000e+03 2.552670000000000075e-05
3.869500000000000000e+03 2.549420000000000063e-05
3.873500000000000000e+03 2.546170000000000052e-05
3.877500000000000000e+03 2.542899999999999997e-05
3.881500000000000000e+03 2.539629999999999942e-05
3.885500000000000000e+03 2.536330000000000160e-05
3.889500000000000000e+03 2.533030000000000039e-05
3.893500000000000000e+03 2.529919999999999996e-05
3.897500000000000000e+03 2.531869999999999867e-05
3.901500000000000000e+03 2.541360000000000008e-05
3.905500000000000000e+03 2.554639999999999990e-05
3.909500000000000000e+03 2.563869999999999900e-05
3.913500000000000000e+03 2.567970000000000081e-05
3.917500000000000000e+03 2.571439999999999897e-05
3.921500000000000000e+03 2.579759999999999844e-05
3.925500000000000000e+03 2.592899999999999857e-05
3.929500000000000000e+03 2.608649999999999833e-05
3.933500000000000000e+03 2.621519999999999932e-05
3.937500000000000000e+03 2.631670000000000165e-05
3.941500000000000000e+03 2.638710000000000017e-05
3.945500000000000000e+03 2.648719999999999943e-05
3.949500000000000000e+03 2.660810000000000025e-05
3.953500000000000000e+03 2.676790000000000167e-05
3.957500000000000000e+03 2.697659999999999850e-05
3.961500000000000000e+03 2.722569999999999922e-05
3.965500000000000000e+03 2.744430000000000082e-05
3.969500000000000000e+03 2.760599999999999963e-05
3.973500000000000000e+03 2.776380000000000005e-05
3.977500000000000000e+03 2.800970000000000052e-05
3.981500000000000000e+03 2.838960000000000005e-05
3.985500000000000000e+03 2.882779999999999867e-05
3.989500000000000000e+03 2.923350000000000056e-05
3.993500000000000000e+03 2.959619999999999965e-05
3.997500000000000000e+03 2.992560000000000025e-05
4.001500000000000000e+03 3.024319999999999870e-05
4.005500000000000000e+03 3.054280000000000173e-05
4.009500000000000000e+03 3.083519999999999913e-05
4.013500000000000000e+03 3.109550000000000069e-05
4.017500000000000000e+03 3.132939999999999857e-05
4.021500000000000000e+03 3.154209999999999740e-05
4.025500000000000000e+03 3.180420000000000290e-05
4.029500000000000000e+03 3.209199999999999699e-05
4.033500000000000000e+03 3.239380000000000146e-05
4.037500000000000000e+03 3.267210000000000182e-05
4.041500000000000000e+03 3.294700000000000151e-05
4.045500000000000000e+03 3.320439999999999671e-05
4.049500000000000000e+03 3.343649999999999742e-05
4.053500000000000000e+03 3.365369999999999934e-05
4.057500000000000000e+03 3.398389999999999831e-05
4.061500000000000000e+03 3.449679999999999809e-05
4.065500000000000000e+03 3.511330000000000142e-05
4.069500000000000000e+03 3.569160000000000231e-05
4.073500000000000000e+03 3.620060000000000031e-05
4.077500000000000000e+03 3.667909999999999920e-05
4.081500000000000000e+03 3.706920000000000077e-05
4.085500000000000000e+03 3.736149999999999796e-05
4.089500000000000000e+03 3.763130000000000001e-05
4.093500000000000000e+03 3.796620000000000252e-05
4.097500000000000000e+03 3.839039999999999754e-05
4.101500000000000000e+03 3.880119999999999706e-05
4.105500000000000000e+03 3.914149999999999785e-05
4.109500000000000000e+03 3.939769999999999720e-05
4.113500000000000000e+03 3.960300000000000013e-05
4.117500000000000000e+03 3.978429999999999787e-05
4.121500000000000000e+03 3.991040000000000332e-05
4.125500000000000000e+03 4.006070000000000084e-05
4.129500000000000000e+03 4.026909999999999702e-05
4.133500000000000000e+03 4.053509999999999752e-05
4.137500000000000000e+03 4.082120000000000144e-05
4.141500000000000000e+03 4.112929999999999939e-05
4.145500000000000000e+03 4.145939999999999814e-05
4.149500000000000000e+03 4.178480000000000014e-05
4.153500000000000000e+03 4.210380000000000166e-05
4.157500000000000000e+03 4.243559999999999737e-05
4.161500000000000000e+03 4.282829999999999786e-05
4.165500000000000000e+03 4.330169999999999912e-05
4.169500000000000000e+03 4.380569999999999972e-05
4.173500000000000000e+03 4.427390000000000313e-05
4.177500000000000000e+03 4.469410000000000293e-05
4.181500000000000000e+03 4.509039999999999777e-05
4.185500000000000000e+03 4.546360000000000294e-05
4.189500000000000000e+03 4.580069999999999671e-05
4.193500000000000000e+03 4.615349999999999780e-05
4.197500000000000000e+03 4.660350000000000197e-05
4.201500000000000000e+03 4.715789999999999788e-05
4.205500000000000000e+03 4.770990000000000208e-05
4.209500000000000000e+03 4.817580000000000045e-05
4.213500000000000000e+03 4.856940000000000291e-05
4.217500000000000000e+03 4.895639999999999768e-05
4.221500000000000000e+03 4.936129999999999782e-05
4.225500000000000000e+03 4.977770000000000285e-05
4.229500000000000000e+03 5.025260000000000062e-05
4.233500000000000000e+03 5.080600000000000112e-05
4.237500000000000000e+03 5.142700000000000076e-05
4.241500000000000000e+03 5.199670000000000312e-05
4.245500000000000000e+03 5.248299999999999878e-05
4.249500000000000000e+03 5.290339999999999903e-05
4.253500000000000000e+03 5.330040000000000217e-05
4.257500000000000000e+03 5.368970000000000198e-05
4.261500000000000000e+03 5.408629999999999748e-05
4.265500000000000000e+03 5.456549999999999790e-05
4.269500000000000000e+03 5.513489999999999960e-05
4.273500000000000000e+03 5.573880000000000241e-05
4.277500000000000000e+03 5.629150000000000137e-05
4.281500000000000000e+03 5.678290000000000144e-05
4.285500000000000000e+03 5.726999999999999886e-05
4.289500000000000000e+03 5.781240000000000234e-05
4.293500000000000000e+03 5.839209999999999952e-05
4.297500000000000000e+03 5.901140000000000221e-05
4.301500000000000000e+03 5.969869999999999815e-05
4.305500000000000000e+03 6.046940000000000079e-05
4.309500000000000000e+03 6.126810000000000383e-05
4.313500000000000000e+03 6.207210000000000494e-05
4.317500000000000000e+03 6.287359999999999379e-05
4.321500000000000000e+03 6.368689999999999497e-05
4.325500000000000000e+03 6.452499999999999631e-05
4.329500000000000000e+03 6.540709999999999927e-05
4.333500000000000000e+03 6.626039999999999328e-05
4.337500000000000000e+03 6.707110000000000231e-05
4.341500000000000000e+03 6.768499999999999994e-05
4.345500000000000000e+03 6.711200000000000390e-05
4.349500000000000000e+03 6.533479999999999659e-05
4.353500000000000000e+03 6.327300000000000220e-05
4.357500000000000000e+03 6.248769999999999466e-05
4.361500000000000000e+03 6.281060000000000473e-05
4.365500000000000000e+03 6.318620000000000161e-05
4.369500000000000000e+03 6.301090000000000347e-05
4.373500000000000000e+03 6.216740000000000384e-05
4.377500000000000000e+03 6.143929999999999975e-05
4.381500000000000000e+03 6.116720000000000620e-05
4.385500000000000000e+03 6.096939999999999939e-05
4.389500000000000000e+03 6.084159999999999699e-05
4.393500000000000000e+03 6.158399999999999855e-05
4.397500000000000000e+03 6.378769999999999915e-05
4.401500000000000000e+03 6.629819999999999485e-05
4.405500000000000000e+03 6.821040000000000002e-05
4.409500000000000000e+03 6.959689999999999768e-05
4.413500000000000000e+03 7.107070000000000379e-05
4.417500000000000000e+03 7.289080000000000353e-05
4.421500000000000000e+03 7.474409999999999474e-05
4.425500000000000000e+03 7.273009999999999675e-05
4.429500000000000000e+03 6.629830000000000185e-05
4.433500000000000000e+03 5.810059999999999731e-05
4.437500000000000000e+03 5.284340000000000299e-05
4.441500000000000000e+03 5.023110000000000091e-05
4.445500000000000000e+03 4.753310000000000065e-05
4.449500000000000000e+03 4.429089999999999975e-05
4.453500000000000000e+03 3.965550000000000005e-05
4.457500000000000000e+03 3.465840000000000007e-05
4.461500000000000000e+03 2.815700000000000163e-05
4.465500000000000000e+03 2.012030000000000114e-05
4.469500000000000000e+03 1.045079999999999996e-05
4.473500000000000000e+03 3.354330000000000205e-06
4.477500000000000000e+03 1.234859999999999981e-07
