1.927000000000000000e+03 0.000000000000000000e+00
1.932000000000000000e+03 1.023569999999999947e-07
1.937000000000000000e+03 4.302930000000000322e-06
1.942000000000000000e+03 1.883290000000000056e-05
1.947000000000000000e+03 3.716039999999999746e-05
1.952000000000000000e+03 4.946729999999999986e-05
1.957000000000000000e+03 5.745120000000000315e-05
1.962000000000000000e+03 6.232300000000000621e-05
1.967000000000000000e+03 6.499439999999999558e-05
1.972000000000000000e+03 6.756470000000000043e-05
1.977000000000000000e+03 7.029050000000000066e-05
1.982000000000000000e+03 7.297780000000000456e-05
1.987000000000000000e+03 7.553150000000000011e-05
1.992000000000000000e+03 7.749629999999999865e-05
1.997000000000000000e+03 7.872569999999999742e-05
2.002000000000000000e+03 7.915820000000000386e-05
2.007000000000000000e+03 7.875219999999999454e-05
2.012000000000000000e+03 7.775989999999999389e-05
2.017000000000000000e+03 7.635049999999999346e-05
2.022000000000000000e+03 7.474299999999999911e-05
2.027000000000000000e+03 7.319079999999999727e-05
2.032000000000000000e+03 7.196840000000000030e-05
2.037000000000000000e+03 7.158910000000000208e-05
2.042000000000000000e+03 7.201079999999999840e-05
2.047000000000000000e+03 7.347289999999999919e-05
2.052000000000000000e+03 7.574029999999999717e-05
2.057000000000000000e+03 7.849669999999999673e-05
2.062000000000000000e+03 8.147130000000000040e-05
2.067000000000000000e+03 8.389169999999999505e-05
2.072000000000000000e+03 8.557730000000000480e-05
2.077000000000000000e+03 8.594569999999999944e-05
2.082000000000000000e+03 8.490580000000000284e-05
2.087000000000000000e+03 8.224039999999999953e-05
2.092000000000000000e+03 7.799620000000000381e-05
2.097000000000000000e+03 7.256940000000000352e-05
2.102000000000000000e+03 6.631960000000000112e-05
2.107000000000000000e+03 5.969720000000000164e-05
2.112000000000000000e+03 5.323460000000000019e-05
2.117000000000000000e+03 4.723909999999999974e-05
2.122000000000000000e+03 4.222670000000000010e-05
2.127000000000000000e+03 3.825330000000000185e-05
2.132000000000000000e+03 3.566690000000000236e-05
2.137000000000000000e+03 3.432399999999999866e-05
2.142000000000000000e+03 3.431709999999999709e-05
2.147000000000000000e+03 3.540700000000000168e-05
2.152000000000000000e+03 3.743690000000000066e-05
2.157000000000000000e+03 4.014049999999999964e-05
2.162000000000000000e+03 4.314619999999999697e-05
2.167000000000000000e+03 4.622000000000000132e-05
2.172000000000000000e+03 4.900080000000000017e-05
2.177000000000000000e+03 5.128890000000000288e-05
2.182000000000000000e+03 5.263699999999999765e-05
2.187000000000000000e+03 5.287179999999999750e-05
2.192000000000000000e+03 5.185579999999999910e-05
2.197000000000000000e+03 4.958000000000000303e-05
2.202000000000000000e+03 4.640389999999999798e-05
2.207000000000000000e+03 4.275069999999999711e-05
2.212000000000000000e+03 3.882470000000000116e-05
2.217000000000000000e+03 3.499059999999999665e-05
2.222000000000000000e+03 3.135480000000000005e-05
2.227000000000000000e+03 2.811040000000000110e-05
2.232000000000000000e+03 2.530120000000000096e-05
2.237000000000000000e+03 2.314720000000000091e-05
2.242000000000000000e+03 2.151489999999999962e-05
2.247000000000000000e+03 2.024479999999999970e-05
2.252000000000000000e+03 1.921559999999999946e-05
2.257000000000000000e+03 1.840079999999999838e-05
2.262000000000000000e+03 1.770279999999999930e-05
2.267000000000000000e+03 1.713320000000000056e-05
2.272000000000000000e+03 1.666180000000000029e-05
2.277000000000000000e+03 1.621749999999999846e-05
2.282000000000000000e+03 1.574619999999999842e-05
2.287000000000000000e+03 1.529389999999999938e-05
2.292000000000000000e+03 1.487560000000000035e-05
2.297000000000000000e+03 1.444440000000000014e-05
2.302000000000000000e+03 1.397129999999999954e-05
2.307000000000000000e+03 1.349670000000000073e-05
2.312000000000000000e+03 1.305729999999999948e-05
2.317000000000000000e+03 1.261919999999999939e-05
2.322000000000000000e+03 1.213830000000000032e-05
2.327000000000000000e+03 1.165039999999999945e-05
2.332000000000000000e+03 1.122399999999999960e-05
2.337000000000000000e+03 1.086890000000000024e-05
2.342000000000000000e+03 1.063059999999999949e-05
2.347000000000000000e+03 1.050459999999999934e-05
2.352000000000000000e+03 1.046110000000000052e-05
2.357000000000000000e+03 1.048430000000000057e-05
2.362000000000000000e+03 1.077230000000000018e-05
2.367000000000000000e+03 1.136420000000000039e-05
2.372000000000000000e+03 1.183840000000000002e-05
2.377000000000000000e+03 1.181119999999999967e-05
2.382000000000000000e+03 1.146840000000000018e-05
2.387000000000000000e+03 1.118229999999999965e-05
2.392000000000000000e+03 1.096829999999999966e-05
2.397000000000000000e+03 1.085130000000000061e-05
2.402000000000000000e+03 1.082500000000000054e-05
2.407000000000000000e+03 1.083500000000000045e-05
2.412000000000000000e+03 1.084859999999999977e-05
2.417000000000000000e+03 1.097160000000000012e-05
2.422000000000000000e+03 1.159009999999999937e-05
2.427000000000000000e+03 1.242890000000000055e-05
2.432000000000000000e+03 1.302680000000000037e-05
2.437000000000000000e+03 1.317389999999999935e-05
2.442000000000000000e+03 1.312790000000000013e-05
2.447000000000000000e+03 1.309540000000000001e-05
2.452000000000000000e+03 1.308850000000000013e-05
2.457000000000000000e+03 1.312030000000000040e-05
2.462000000000000000e+03 1.316500000000000016e-05
2.467000000000000000e+03 1.319590000000000015e-05
2.472000000000000000e+03 1.316629999999999962e-05
2.477000000000000000e+03 1.302799999999999961e-05
2.482000000000000000e+03 1.274139999999999968e-05
2.487000000000000000e+03 1.239710000000000028e-05
2.492000000000000000e+03 1.211649999999999995e-05
2.497000000000000000e+03 1.189289999999999925e-05
2.502000000000000000e+03 1.169400000000000018e-05
2.507000000000000000e+03 1.154640000000000011e-05
2.512000000000000000e+03 1.153650000000000042e-05
2.517000000000000000e+03 1.160879999999999971e-05
2.522000000000000000e+03 1.167260000000000069e-05
2.527000000000000000e+03 1.170020000000000023e-05
2.532000000000000000e+03 1.166609999999999999e-05
2.537000000000000000e+03 1.156769999999999938e-05
2.542000000000000000e+03 1.153030000000000038e-05
2.547000000000000000e+03 1.161210000000000017e-05
2.552000000000000000e+03 1.178429999999999998e-05
2.557000000000000000e+03 1.201649999999999921e-05
2.562000000000000000e+03 1.241149999999999967e-05
2.567000000000000000e+03 1.296299999999999938e-05
2.572000000000000000e+03 1.354840000000000059e-05
2.577000000000000000e+03 1.408039999999999990e-05
2.582000000000000000e+03 1.453519999999999934e-05
2.587000000000000000e+03 1.488699999999999994e-05
2.592000000000000000e+03 1.514370000000000038e-05
2.597000000000000000e+03 1.530429999999999847e-05
2.602000000000000000e+03 1.540590000000000102e-05
2.607000000000000000e+03 1.543589999999999904e-05
2.612000000000000000e+03 1.545479999999999982e-05
2.617000000000000000e+03 1.548470000000000101e-05
2.622000000000000000e+03 1.553850000000000039e-05
2.627000000000000000e+03 1.565049999999999864e-05
2.632000000000000000e+03 1.579589999999999898e-05
2.637000000000000000e+03 1.597219999999999930e-05
2.642000000000000000e+03 1.615950000000000004e-05
2.647000000000000000e+03 1.637839999999999891e-05
2.652000000000000000e+03 1.663880000000000068e-05
2.657000000000000000e+03 1.702159999999999979e-05
2.662000000000000000e+03 1.753129999999999934e-05
2.667000000000000000e+03 1.810419999999999854e-05
2.672000000000000000e+03 1.865459999999999924e-05
2.677000000000000000e+03 1.922819999999999998e-05
2.682000000000000000e+03 1.993140000000000029e-05
2.687000000000000000e+03 2.070359999999999944e-05
2.692000000000000000e+03 2.152140000000000032e-05
2.697000000000000000e+03 2.235819999999999881e-05
2.702000000000000000e+03 2.328429999999999999e-05
2.707000000000000000e+03 2.432160000000000105e-05
2.712000000000000000e+03 2.557259999999999975e-05
2.717000000000000000e+03 2.708499999999999902e-05
2.722000000000000000e+03 2.887550000000000162e-05
2.727000000000000000e+03 3.090319999999999916e-05
2.732000000000000000e+03 3.308489999999999896e-05
2.737000000000000000e+03 3.538890000000000265e-05
2.742000000000000000e+03 3.785869999999999719e-05
2.747000000000000000e+03 4.060140000000000060e-05
2.752000000000000000e+03 4.366669999999999986e-05
2.757000000000000000e+03 4.716139999999999878e-05
2.762000000000000000e+03 5.106900000000000182e-05
2.767000000000000000e+03 5.548949999999999786e-05
2.772000000000000000e+03 6.051439999999999781e-05
2.777000000000000000e+03 6.641019999999999649e-05
2.782000000000000000e+03 7.318060000000000201e-05
2.787000000000000000e+03 8.115070000000000215e-05
2.792000000000000000e+03 9.036739999999999812e-05
2.797000000000000000e+03 1.012100000000000017e-04
2.802000000000000000e+03 1.137559999999999998e-04
2.807000000000000000e+03 1.283509999999999914e-04
2.812000000000000000e+03 1.451179999999999885e-04
2.817000000000000000e+03 1.643890000000000011e-04
2.822000000000000000e+03 1.860409999999999896e-04
2.827000000000000000e+03 2.110249999999999930e-04
2.832000000000000000e+03 2.399989999999999903e-04
2.837000000000000000e+03 2.742379999999999991e-04
2.842000000000000000e+03 3.150399999999999924e-04
2.847000000000000000e+03 3.909299999999999993e-04
2.852000000000000000e+03 5.836119999999999546e-04
2.857000000000000000e+03 9.224059999999999638e-04
2.862000000000000000e+03 1.411450000000000074e-03
2.867000000000000000e+03 2.085950000000000044e-03
2.872000000000000000e+03 3.110770000000000115e-03
2.877000000000000000e+03 4.450970000000000273e-03
2.882000000000000000e+03 6.101259999999999843e-03
2.887000000000000000e+03 8.074639999999999249e-03
2.892000000000000000e+03 1.049809999999999979e-02
2.897000000000000000e+03 1.333050000000000034e-02
2.902000000000000000e+03 1.649700000000000125e-02
2.907000000000000000e+03 1.995950000000000155e-02
2.912000000000000000e+03 2.363130000000000092e-02
2.917000000000000000e+03 2.751009999999999914e-02
2.922000000000000000e+03 3.148990000000000122e-02
2.927000000000000000e+03 3.554500000000000021e-02
2.932000000000000000e+03 3.969990000000000324e-02
2.937000000000000000e+03 4.395530000000000270e-02
2.942000000000000000e+03 4.830620000000000053e-02
2.947000000000000000e+03 5.275599999999999734e-02
2.952000000000000000e+03 5.733649999999999858e-02
2.957000000000000000e+03 6.200399999999999662e-02
2.962000000000000000e+03 6.679799999999999627e-02
2.967000000000000000e+03 7.169879999999999309e-02
2.972000000000000000e+03 7.672450000000000103e-02
2.977000000000000000e+03 8.184940000000000271e-02
2.982000000000000000e+03 8.706819999999999837e-02
2.987000000000000000e+03 9.238609999999999878e-02
2.992000000000000000e+03 9.777189999999999492e-02
2.997000000000000000e+03 1.032099999999999962e-01
3.002000000000000000e+03 1.086730000000000057e-01
3.007000000000000000e+03 1.141110000000000041e-01
3.012000000000000000e+03 1.194910000000000000e-01
3.017000000000000000e+03 1.247479999999999978e-01
3.022000000000000000e+03 1.298449999999999882e-01
3.027000000000000000e+03 1.347180000000000044e-01
3.032000000000000000e+03 1.393230000000000024e-01
3.037000000000000000e+03 1.435990000000000044e-01
3.042000000000000000e+03 1.474580000000000057e-01
3.047000000000000000e+03 1.509230000000000016e-01
3.052000000000000000e+03 1.539339999999999875e-01
3.057000000000000000e+03 1.565439999999999887e-01
3.062000000000000000e+03 1.587780000000000025e-01
3.067000000000000000e+03 1.606650000000000023e-01
3.072000000000000000e+03 1.622450000000000003e-01
3.077000000000000000e+03 1.635230000000000017e-01
3.082000000000000000e+03 1.645399999999999918e-01
3.087000000000000000e+03 1.653550000000000020e-01
3.092000000000000000e+03 1.661070000000000046e-01
3.097000000000000000e+03 1.668779999999999986e-01
3.102000000000000000e+03 1.677510000000000112e-01
3.107000000000000000e+03 1.687319999999999931e-01
3.112000000000000000e+03 1.697170000000000067e-01
3.117000000000000000e+03 1.707049999999999956e-01
3.122000000000000000e+03 1.716270000000000018e-01
3.127000000000000000e+03 1.724680000000000102e-01
3.132000000000000000e+03 1.732700000000000073e-01
3.137000000000000000e+03 1.740210000000000090e-01
3.142000000000000000e+03 1.747460000000000124e-01
3.147000000000000000e+03 1.754580000000000028e-01
3.152000000000000000e+03 1.761429999999999940e-01
3.157000000000000000e+03 1.768750000000000044e-01
3.162000000000000000e+03 1.776719999999999966e-01
3.167000000000000000e+03 1.784689999999999888e-01
3.172000000000000000e+03 1.792390000000000094e-01
3.177000000000000000e+03 1.800950000000000051e-01
3.182000000000000000e+03 1.810910000000000020e-01
3.187000000000000000e+03 1.821190000000000031e-01
3.192000000000000000e+03 1.835680000000000089e-01
3.197000000000000000e+03 1.857789999999999997e-01
3.202000000000000000e+03 1.893990000000000118e-01
3.207000000000000000e+03 1.948570000000000024e-01
3.212000000000000000e+03 2.036050000000000082e-01
3.217000000000000000e+03 2.166820000000000135e-01
3.222000000000000000e+03 2.370369999999999977e-01
3.227000000000000000e+03 2.668389999999999929e-01
3.232000000000000000e+03 3.097590000000000066e-01
3.237000000000000000e+03 3.679649999999999865e-01
3.242000000000000000e+03 4.413250000000000228e-01
3.247000000000000000e+03 5.286189999999999500e-01
3.252000000000000000e+03 6.225789999999999935e-01
3.257000000000000000e+03 7.179109999999999658e-01
3.262000000000000000e+03 8.032049999999999468e-01
3.267000000000000000e+03 8.719289999999999541e-01
3.272000000000000000e+03 9.197220000000000395e-01
3.277000000000000000e+03 9.491180000000000172e-01
3.282000000000000000e+03 9.630429999999999824e-01
3.287000000000000000e+03 9.691260000000000430e-01
3.292000000000000000e+03 9.711910000000000265e-01
3.297000000000000000e+03 9.734610000000000207e-01
3.302000000000000000e+03 9.774559999999999915e-01
3.307000000000000000e+03 9.832009999999999916e-01
3.312000000000000000e+03 9.893830000000000124e-01
3.317000000000000000e+03 9.929289999999999505e-01
3.322000000000000000e+03 9.938780000000000392e-01
3.327000000000000000e+03 9.921459999999999724e-01
3.332000000000000000e+03 9.895789999999999864e-01
3.337000000000000000e+03 9.873250000000000082e-01
3.342000000000000000e+03 9.863990000000000258e-01
3.347000000000000000e+03 9.872870000000000257e-01
3.352000000000000000e+03 9.902959999999999541e-01
3.357000000000000000e+03 9.941330000000000444e-01
3.362000000000000000e+03 9.979130000000000500e-01
3.367000000000000000e+03 1.000000000000000000e+00
3.372000000000000000e+03 9.981210000000000360e-01
3.377000000000000000e+03 9.892619999999999747e-01
3.382000000000000000e+03 9.691859999999999919e-01
3.387000000000000000e+03 9.337349999999999817e-01
3.392000000000000000e+03 8.827180000000000026e-01
3.397000000000000000e+03 8.161059999999999981e-01
3.402000000000000000e+03 7.364789999999999948e-01
3.407000000000000000e+03 6.492139999999999578e-01
3.412000000000000000e+03 5.592510000000000536e-01
3.417000000000000000e+03 4.748530000000000251e-01
3.422000000000000000e+03 4.017479999999999940e-01
3.427000000000000000e+03 3.428109999999999769e-01
3.432000000000000000e+03 2.981059999999999821e-01
3.437000000000000000e+03 2.651040000000000063e-01
3.442000000000000000e+03 2.411359999999999892e-01
3.447000000000000000e+03 2.242200000000000026e-01
3.452000000000000000e+03 2.120839999999999947e-01
3.457000000000000000e+03 2.034870000000000012e-01
3.462000000000000000e+03 1.971539999999999959e-01
3.467000000000000000e+03 1.925590000000000079e-01
3.472000000000000000e+03 1.888479999999999881e-01
3.477000000000000000e+03 1.855940000000000090e-01
3.482000000000000000e+03 1.830569999999999975e-01
3.487000000000000000e+03 1.808250000000000135e-01
3.492000000000000000e+03 1.786439999999999972e-01
3.497000000000000000e+03 1.767130000000000090e-01
3.502000000000000000e+03 1.751610000000000111e-01
3.507000000000000000e+03 1.736530000000000018e-01
3.512000000000000000e+03 1.720319999999999905e-01
3.517000000000000000e+03 1.704670000000000074e-01
3.522000000000000000e+03 1.688929999999999876e-01
3.527000000000000000e+03 1.673920000000000130e-01
3.532000000000000000e+03 1.659629999999999994e-01
3.537000000000000000e+03 1.645890000000000131e-01
3.542000000000000000e+03 1.632500000000000062e-01
3.547000000000000000e+03 1.619579999999999909e-01
3.552000000000000000e+03 1.606849999999999945e-01
3.557000000000000000e+03 1.594859999999999889e-01
3.562000000000000000e+03 1.582830000000000070e-01
3.567000000000000000e+03 1.571470000000000089e-01
3.572000000000000000e+03 1.559949999999999948e-01
3.577000000000000000e+03 1.549030000000000129e-01
3.582000000000000000e+03 1.537640000000000118e-01
3.587000000000000000e+03 1.525700000000000112e-01
3.592000000000000000e+03 1.512219999999999953e-01
3.597000000000000000e+03 1.496049999999999880e-01
3.602000000000000000e+03 1.476820000000000077e-01
3.607000000000000000e+03 1.452859999999999985e-01
3.612000000000000000e+03 1.422430000000000083e-01
3.617000000000000000e+03 1.385379999999999945e-01
3.622000000000000000e+03 1.340929999999999900e-01
3.627000000000000000e+03 1.289679999999999993e-01
3.632000000000000000e+03 1.231180000000000052e-01
3.637000000000000000e+03 1.166599999999999998e-01
3.642000000000000000e+03 1.096349999999999963e-01
3.647000000000000000e+03 1.022430000000000005e-01
3.652000000000000000e+03 9.445939999999999892e-02
3.657000000000000000e+03 8.644190000000000207e-02
3.662000000000000000e+03 7.831539999999999335e-02
3.667000000000000000e+03 7.024429999999999563e-02
3.672000000000000000e+03 6.240590000000000026e-02
3.677000000000000000e+03 5.493479999999999891e-02
3.682000000000000000e+03 4.795939999999999925e-02
3.687000000000000000e+03 4.155729999999999841e-02
3.692000000000000000e+03 3.578649999999999887e-02
3.697000000000000000e+03 3.064650000000000013e-02
3.702000000000000000e+03 2.612739999999999854e-02
3.707000000000000000e+03 2.222429999999999892e-02
3.712000000000000000e+03 1.887000000000000136e-02
3.717000000000000000e+03 1.603689999999999977e-02
3.722000000000000000e+03 1.363909999999999949e-02
3.727000000000000000e+03 1.163059999999999962e-02
3.732000000000000000e+03 9.944839999999999930e-03
3.737000000000000000e+03 8.530539999999999651e-03
3.742000000000000000e+03 7.344220000000000262e-03
3.747000000000000000e+03 6.341929999999999963e-03
3.752000000000000000e+03 5.491320000000000055e-03
3.757000000000000000e+03 4.762549999999999943e-03
3.762000000000000000e+03 4.136039999999999682e-03
3.767000000000000000e+03 3.594340000000000122e-03
3.772000000000000000e+03 3.104759999999999812e-03
3.777000000000000000e+03 2.632240000000000101e-03
3.782000000000000000e+03 2.179819999999999848e-03
3.787000000000000000e+03 1.771819999999999905e-03
3.792000000000000000e+03 1.419080000000000081e-03
3.797000000000000000e+03 1.086740000000000102e-03
3.802000000000000000e+03 7.430349999999999629e-04
3.807000000000000000e+03 4.525630000000000104e-04
3.812000000000000000e+03 2.307289999999999927e-04
3.817000000000000000e+03 1.439000000000000012e-04
3.822000000000000000e+03 1.289480000000000129e-04
3.827000000000000000e+03 1.166979999999999998e-04
3.832000000000000000e+03 1.065500000000000014e-04
3.837000000000000000e+03 9.922870000000000084e-05
3.842000000000000000e+03 9.414089999999999850e-05
3.847000000000000000e+03 8.790260000000000098e-05
3.852000000000000000e+03 7.953070000000000072e-05
3.857000000000000000e+03 7.345070000000000472e-05
3.862000000000000000e+03 7.005739999999999776e-05
3.867000000000000000e+03 6.633130000000000645e-05
3.872000000000000000e+03 5.977710000000000066e-05
3.877000000000000000e+03 5.281979999999999867e-05
3.882000000000000000e+03 4.625229999999999760e-05
3.887000000000000000e+03 3.952479999999999806e-05
3.892000000000000000e+03 3.422410000000000323e-05
3.897000000000000000e+03 3.113479999999999877e-05
3.902000000000000000e+03 3.020690000000000042e-05
3.907000000000000000e+03 2.987770000000000025e-05
3.912000000000000000e+03 2.962069999999999916e-05
3.917000000000000000e+03 2.940790000000000011e-05
3.922000000000000000e+03 2.925200000000000047e-05
3.927000000000000000e+03 2.918839999999999992e-05
3.932000000000000000e+03 2.922000000000000145e-05
3.937000000000000000e+03 2.934229999999999857e-05
3.942000000000000000e+03 2.954009999999999861e-05
3.947000000000000000e+03 2.973560000000000038e-05
3.952000000000000000e+03 2.987930000000000037e-05
3.957000000000000000e+03 2.997400000000000135e-05
3.962000000000000000e+03 3.003189999999999956e-05
3.967000000000000000e+03 3.004849999999999869e-05
3.972000000000000000e+03 3.004150000000000028e-05
3.977000000000000000e+03 3.001550000000000087e-05
3.982000000000000000e+03 2.995030000000000020e-05
3.987000000000000000e+03 2.987620000000000035e-05
3.992000000000000000e+03 2.979239999999999956e-05
3.997000000000000000e+03 2.966419999999999967e-05
4.002000000000000000e+03 2.942510000000000056e-05
4.007000000000000000e+03 2.891129999999999880e-05
4.012000000000000000e+03 2.789149999999999884e-05
4.017000000000000000e+03 2.646549999999999928e-05
4.022000000000000000e+03 2.517989999999999926e-05
4.027000000000000000e+03 2.434340000000000142e-05
4.032000000000000000e+03 2.379709999999999955e-05
4.037000000000000000e+03 2.356229999999999970e-05
4.042000000000000000e+03 2.380350000000000003e-05
4.047000000000000000e+03 2.452769999999999896e-05
4.052000000000000000e+03 2.568379999999999963e-05
4.057000000000000000e+03 2.732370000000000065e-05
4.062000000000000000e+03 2.894640000000000123e-05
4.067000000000000000e+03 3.027419999999999891e-05
4.072000000000000000e+03 3.126350000000000315e-05
4.077000000000000000e+03 3.205960000000000049e-05
4.082000000000000000e+03 3.270060000000000333e-05
4.087000000000000000e+03 3.319819999999999667e-05
4.092000000000000000e+03 3.364939999999999669e-05
4.097000000000000000e+03 3.398200000000000092e-05
4.102000000000000000e+03 3.422569999999999996e-05
4.107000000000000000e+03 3.450840000000000320e-05
4.112000000000000000e+03 3.485050000000000116e-05
4.117000000000000000e+03 3.528859999999999956e-05
4.122000000000000000e+03 3.583730000000000330e-05
4.127000000000000000e+03 3.640369999999999842e-05
4.132000000000000000e+03 3.693070000000000201e-05
4.137000000000000000e+03 3.740859999999999959e-05
4.142000000000000000e+03 3.784600000000000323e-05
4.147000000000000000e+03 3.826880000000000196e-05
4.152000000000000000e+03 3.873230000000000184e-05
4.157000000000000000e+03 3.921130000000000183e-05
4.162000000000000000e+03 3.965290000000000112e-05
4.167000000000000000e+03 4.005470000000000124e-05
4.172000000000000000e+03 4.041199999999999865e-05
4.177000000000000000e+03 4.074100000000000177e-05
4.182000000000000000e+03 4.108640000000000019e-05
4.187000000000000000e+03 4.142980000000000100e-05
4.192000000000000000e+03 4.168749999999999686e-05
4.197000000000000000e+03 4.183420000000000004e-05
4.202000000000000000e+03 4.191669999999999798e-05
4.207000000000000000e+03 4.196599999999999766e-05
4.212000000000000000e+03 4.206000000000000049e-05
4.217000000000000000e+03 4.226130000000000143e-05
4.222000000000000000e+03 4.254820000000000032e-05
4.227000000000000000e+03 4.288800000000000002e-05
4.232000000000000000e+03 4.330020000000000261e-05
4.237000000000000000e+03 4.378949999999999808e-05
4.242000000000000000e+03 4.430319999999999961e-05
4.247000000000000000e+03 4.482940000000000145e-05
4.252000000000000000e+03 4.531450000000000126e-05
4.257000000000000000e+03 4.571360000000000224e-05
4.262000000000000000e+03 4.604990000000000103e-05
4.267000000000000000e+03 4.635719999999999723e-05
4.272000000000000000e+03 4.667520000000000333e-05
4.277000000000000000e+03 4.700750000000000013e-05
4.282000000000000000e+03 4.729709999999999817e-05
4.287000000000000000e+03 4.746169999999999995e-05
4.292000000000000000e+03 4.746310000000000302e-05
4.297000000000000000e+03 4.742379999999999816e-05
4.302000000000000000e+03 4.742949999999999711e-05
4.307000000000000000e+03 4.751989999999999882e-05
4.312000000000000000e+03 4.772919999999999696e-05
4.317000000000000000e+03 4.797669999999999756e-05
4.322000000000000000e+03 4.742500000000000079e-05
4.327000000000000000e+03 4.405150000000000336e-05
4.332000000000000000e+03 3.639709999999999750e-05
4.337000000000000000e+03 2.737239999999999902e-05
4.342000000000000000e+03 1.988830000000000066e-05
4.347000000000000000e+03 1.454790000000000008e-05
4.352000000000000000e+03 1.043880000000000075e-05
4.357000000000000000e+03 7.243430000000000375e-06
4.362000000000000000e+03 5.026969999999999915e-06
4.367000000000000000e+03 2.336309999999999829e-06
4.372000000000000000e+03 2.362589999999999982e-07
