3.034000000000000000e+03 0.000000000000000000e+00
3.041000000000000000e+03 1.287330000000000020e-08
3.048000000000000000e+03 1.964920000000000101e-07
3.055000000000000000e+03 5.555700000000000442e-07
3.062000000000000000e+03 7.543779999999999540e-07
3.069000000000000000e+03 7.472540000000000287e-07
3.076000000000000000e+03 7.102879999999999874e-07
3.083000000000000000e+03 6.725599999999999820e-07
3.090000000000000000e+03 9.281889999999999743e-07
3.097000000000000000e+03 1.375210000000000044e-06
3.104000000000000000e+03 1.698790000000000086e-06
3.111000000000000000e+03 2.617389999999999855e-06
3.118000000000000000e+03 3.421839999999999835e-06
3.125000000000000000e+03 4.126960000000000209e-06
3.132000000000000000e+03 4.661660000000000359e-06
3.139000000000000000e+03 4.805559999999999946e-06
3.146000000000000000e+03 4.852079999999999969e-06
3.153000000000000000e+03 4.908789999999999634e-06
3.160000000000000000e+03 5.000619999999999736e-06
3.167000000000000000e+03 5.116579999999999723e-06
3.174000000000000000e+03 5.220570000000000061e-06
3.181000000000000000e+03 5.340600000000000163e-06
3.188000000000000000e+03 5.449320000000000200e-06
3.195000000000000000e+03 5.496540000000000063e-06
3.202000000000000000e+03 5.545139999999999903e-06
3.209000000000000000e+03 5.583859999999999762e-06
3.216000000000000000e+03 5.602919999999999881e-06
3.223000000000000000e+03 5.636169999999999944e-06
3.230000000000000000e+03 5.649260000000000017e-06
3.237000000000000000e+03 5.641739999999999960e-06
3.244000000000000000e+03 5.632260000000000010e-06
3.251000000000000000e+03 5.622959999999999947e-06
3.258000000000000000e+03 5.640819999999999976e-06
3.265000000000000000e+03 5.680310000000000338e-06
3.272000000000000000e+03 5.758389999999999936e-06
3.279000000000000000e+03 5.881259999999999659e-06
3.286000000000000000e+03 6.036439999999999756e-06
3.293000000000000000e+03 6.225849999999999862e-06
3.300000000000000000e+03 6.402390000000000038e-06
3.307000000000000000e+03 6.578029999999999935e-06
3.314000000000000000e+03 6.712659999999999864e-06
3.321000000000000000e+03 6.814530000000000127e-06
3.328000000000000000e+03 6.914240000000000059e-06
3.335000000000000000e+03 6.978349999999999857e-06
3.342000000000000000e+03 7.045130000000000088e-06
3.349000000000000000e+03 7.099259999999999687e-06
3.356000000000000000e+03 7.170249999999999663e-06
3.363000000000000000e+03 7.260890000000000374e-06
3.370000000000000000e+03 7.413819999999999772e-06
3.377000000000000000e+03 7.622879999999999766e-06
3.384000000000000000e+03 7.872039999999999596e-06
3.391000000000000000e+03 8.136790000000000746e-06
3.398000000000000000e+03 8.406000000000000494e-06
3.405000000000000000e+03 8.624890000000000358e-06
3.412000000000000000e+03 8.810349999999999426e-06
3.419000000000000000e+03 8.930099999999999423e-06
3.426000000000000000e+03 9.051700000000000089e-06
3.433000000000000000e+03 9.141629999999999412e-06
3.440000000000000000e+03 9.249550000000000236e-06
3.447000000000000000e+03 9.399609999999999609e-06
3.454000000000000000e+03 9.589190000000000596e-06
3.461000000000000000e+03 9.828749999999999705e-06
3.468000000000000000e+03 1.011139999999999945e-05
3.475000000000000000e+03 1.042519999999999973e-05
3.482000000000000000e+03 1.073150000000000051e-05
3.489000000000000000e+03 1.105159999999999936e-05
3.496000000000000000e+03 1.137800000000000016e-05
3.503000000000000000e+03 1.172079999999999966e-05
3.510000000000000000e+03 1.212239999999999934e-05
3.517000000000000000e+03 1.250150000000000050e-05
3.524000000000000000e+03 1.290349999999999936e-05
3.531000000000000000e+03 1.336590000000000022e-05
3.538000000000000000e+03 1.382469999999999996e-05
3.545000000000000000e+03 1.430499999999999941e-05
3.552000000000000000e+03 1.479409999999999952e-05
3.559000000000000000e+03 1.524660000000000070e-05
3.566000000000000000e+03 1.571589999999999974e-05
3.573000000000000000e+03 1.619700000000000095e-05
3.580000000000000000e+03 1.671409999999999977e-05
3.587000000000000000e+03 1.729100000000000098e-05
3.594000000000000000e+03 1.790839999999999950e-05
3.601000000000000000e+03 1.833129999999999845e-05
3.608000000000000000e+03 1.865520000000000055e-05
3.615000000000000000e+03 1.928100000000000056e-05
3.622000000000000000e+03 1.940920000000000045e-05
3.629000000000000000e+03 1.962149999999999840e-05
3.636000000000000000e+03 2.030149999999999866e-05
3.643000000000000000e+03 2.126790000000000012e-05
3.650000000000000000e+03 2.258820000000000169e-05
3.657000000000000000e+03 2.495350000000000088e-05
3.664000000000000000e+03 2.778420000000000073e-05
3.671000000000000000e+03 3.080920000000000311e-05
3.678000000000000000e+03 3.409700000000000236e-05
3.685000000000000000e+03 3.747259999999999762e-05
3.692000000000000000e+03 4.081590000000000337e-05
3.699000000000000000e+03 4.442049999999999932e-05
3.706000000000000000e+03 4.848170000000000035e-05
3.713000000000000000e+03 5.319150000000000055e-05
3.720000000000000000e+03 5.872130000000000307e-05
3.727000000000000000e+03 6.526969999999999615e-05
3.734000000000000000e+03 7.710939999999999732e-05
3.741000000000000000e+03 1.006939999999999951e-04
3.748000000000000000e+03 1.287940000000000005e-04
3.755000000000000000e+03 1.669379999999999931e-04
3.762000000000000000e+03 2.199179999999999907e-04
3.769000000000000000e+03 2.779009999999999944e-04
3.776000000000000000e+03 3.454619999999999935e-04
3.783000000000000000e+03 4.368330000000000238e-04
3.790000000000000000e+03 5.527519999999999959e-04
3.797000000000000000e+03 6.962109999999999653e-04
3.804000000000000000e+03 8.680919999999999956e-04
3.811000000000000000e+03 1.068610000000000003e-03
3.818000000000000000e+03 1.300179999999999956e-03
3.825000000000000000e+03 1.570350000000000088e-03
3.832000000000000000e+03 1.878810000000000072e-03
3.839000000000000000e+03 2.232519999999999991e-03
3.846000000000000000e+03 2.626579999999999887e-03
3.853000000000000000e+03 3.065560000000000160e-03
3.860000000000000000e+03 3.550760000000000027e-03
3.867000000000000000e+03 4.090560000000000029e-03
3.874000000000000000e+03 4.698469999999999730e-03
3.881000000000000000e+03 5.368470000000000186e-03
3.888000000000000000e+03 6.118280000000000246e-03
3.895000000000000000e+03 6.968209999999999855e-03
3.902000000000000000e+03 7.929560000000000428e-03
3.909000000000000000e+03 9.064110000000000222e-03
3.916000000000000000e+03 1.034550000000000053e-02
3.923000000000000000e+03 1.187780000000000086e-02
3.930000000000000000e+03 1.361290000000000069e-02
3.937000000000000000e+03 1.559929999999999997e-02
3.944000000000000000e+03 1.782720000000000138e-02
3.951000000000000000e+03 2.024739999999999873e-02
3.958000000000000000e+03 2.284080000000000138e-02
3.965000000000000000e+03 2.548879999999999896e-02
3.972000000000000000e+03 2.810340000000000060e-02
3.979000000000000000e+03 3.047800000000000162e-02
3.986000000000000000e+03 3.269419999999999965e-02
3.993000000000000000e+03 3.464020000000000293e-02
4.000000000000000000e+03 3.658750000000000197e-02
4.007000000000000000e+03 3.850529999999999925e-02
4.014000000000000000e+03 4.046820000000000278e-02
4.021000000000000000e+03 4.235540000000000138e-02
4.028000000000000000e+03 4.425199999999999967e-02
4.035000000000000000e+03 4.600250000000000172e-02
4.042000000000000000e+03 4.746960000000000068e-02
4.049000000000000000e+03 4.859920000000000212e-02
4.056000000000000000e+03 4.972970000000000168e-02
4.063000000000000000e+03 5.079539999999999750e-02
4.070000000000000000e+03 5.187060000000000282e-02
4.077000000000000000e+03 5.292070000000000107e-02
4.084000000000000000e+03 5.410469999999999863e-02
4.091000000000000000e+03 5.643440000000000262e-02
4.098000000000000000e+03 6.035580000000000112e-02
4.105000000000000000e+03 6.689019999999999688e-02
4.112000000000000000e+03 7.786669999999999703e-02
4.119000000000000000e+03 9.513169999999999960e-02
4.126000000000000000e+03 1.218889999999999973e-01
4.133000000000000000e+03 1.600070000000000103e-01
4.140000000000000000e+03 2.123800000000000132e-01
4.147000000000000000e+03 2.806420000000000026e-01
4.154000000000000000e+03 3.627040000000000264e-01
4.161000000000000000e+03 4.561640000000000139e-01
4.168000000000000000e+03 5.540000000000000480e-01
4.175000000000000000e+03 6.499139999999999917e-01
4.182000000000000000e+03 7.372330000000000272e-01
4.189000000000000000e+03 8.118199999999999861e-01
4.196000000000000000e+03 8.719040000000000123e-01
4.203000000000000000e+03 9.180709999999999704e-01
4.210000000000000000e+03 9.504120000000000346e-01
4.217000000000000000e+03 9.694739999999999469e-01
4.224000000000000000e+03 9.797409999999999730e-01
4.231000000000000000e+03 9.864880000000000315e-01
4.238000000000000000e+03 9.905659999999999465e-01
4.245000000000000000e+03 9.934300000000000352e-01
4.252000000000000000e+03 9.961969999999999992e-01
4.259000000000000000e+03 9.986490000000000089e-01
4.266000000000000000e+03 1.000000000000000000e+00
4.273000000000000000e+03 9.986680000000000001e-01
4.280000000000000000e+03 9.938540000000000152e-01
4.287000000000000000e+03 9.868700000000000250e-01
4.294000000000000000e+03 9.757580000000000142e-01
4.301000000000000000e+03 9.595879999999999965e-01
4.308000000000000000e+03 9.364590000000000414e-01
4.315000000000000000e+03 9.047060000000000102e-01
4.322000000000000000e+03 8.602180000000000382e-01
4.329000000000000000e+03 8.036799999999999500e-01
4.336000000000000000e+03 7.346610000000000085e-01
4.343000000000000000e+03 6.557089999999999863e-01
4.350000000000000000e+03 5.691330000000000000e-01
4.357000000000000000e+03 4.769530000000000158e-01
4.364000000000000000e+03 3.853500000000000258e-01
4.371000000000000000e+03 3.021909999999999874e-01
4.378000000000000000e+03 2.311570000000000014e-01
4.385000000000000000e+03 1.728369999999999906e-01
4.392000000000000000e+03 1.279790000000000094e-01
4.399000000000000000e+03 9.472679999999999989e-02
4.406000000000000000e+03 7.236929999999999752e-02
4.413000000000000000e+03 5.706590000000000273e-02
4.420000000000000000e+03 4.680249999999999688e-02
4.427000000000000000e+03 4.124049999999999938e-02
4.434000000000000000e+03 3.787120000000000070e-02
4.441000000000000000e+03 3.558420000000000333e-02
4.448000000000000000e+03 3.400500000000000050e-02
4.455000000000000000e+03 3.297379999999999756e-02
4.462000000000000000e+03 3.232349999999999807e-02
4.469000000000000000e+03 3.175449999999999801e-02
4.476000000000000000e+03 3.100440000000000140e-02
4.483000000000000000e+03 3.024490000000000164e-02
4.490000000000000000e+03 2.927099999999999841e-02
4.497000000000000000e+03 2.813159999999999966e-02
4.504000000000000000e+03 2.681779999999999928e-02
4.511000000000000000e+03 2.543810000000000168e-02
4.518000000000000000e+03 2.427429999999999866e-02
4.525000000000000000e+03 2.318229999999999943e-02
4.532000000000000000e+03 2.242800000000000002e-02
4.539000000000000000e+03 2.182229999999999934e-02
4.546000000000000000e+03 2.144180000000000044e-02
4.553000000000000000e+03 2.101130000000000012e-02
4.560000000000000000e+03 2.053860000000000061e-02
4.567000000000000000e+03 2.002340000000000023e-02
4.574000000000000000e+03 1.942539999999999892e-02
4.581000000000000000e+03 1.877109999999999890e-02
4.588000000000000000e+03 1.819339999999999846e-02
4.595000000000000000e+03 1.763910000000000131e-02
4.602000000000000000e+03 1.705970000000000056e-02
4.609000000000000000e+03 1.647639999999999869e-02
4.616000000000000000e+03 1.587910000000000016e-02
4.623000000000000000e+03 1.527219999999999966e-02
4.630000000000000000e+03 1.463620000000000025e-02
4.637000000000000000e+03 1.395150000000000036e-02
4.644000000000000000e+03 1.322809999999999958e-02
4.651000000000000000e+03 1.247320000000000026e-02
4.658000000000000000e+03 1.170999999999999992e-02
4.665000000000000000e+03 1.095609999999999987e-02
4.672000000000000000e+03 1.019720000000000001e-02
4.679000000000000000e+03 9.477990000000000373e-03
4.686000000000000000e+03 8.797360000000000596e-03
4.693000000000000000e+03 8.164140000000000286e-03
4.700000000000000000e+03 7.555949999999999646e-03
4.707000000000000000e+03 6.989070000000000005e-03
4.714000000000000000e+03 6.448790000000000251e-03
4.721000000000000000e+03 5.939019999999999716e-03
4.728000000000000000e+03 5.450430000000000032e-03
4.735000000000000000e+03 4.990650000000000121e-03
4.742000000000000000e+03 4.557310000000000180e-03
4.749000000000000000e+03 4.151969999999999619e-03
4.756000000000000000e+03 3.776250000000000093e-03
4.763000000000000000e+03 3.428469999999999868e-03
4.770000000000000000e+03 3.110459999999999788e-03
4.777000000000000000e+03 2.816439999999999916e-03
4.784000000000000000e+03 2.552089999999999914e-03
4.791000000000000000e+03 2.308890000000000074e-03
4.798000000000000000e+03 2.092860000000000206e-03
4.805000000000000000e+03 1.894379999999999979e-03
4.812000000000000000e+03 1.715450000000000091e-03
4.819000000000000000e+03 1.542949999999999964e-03
4.826000000000000000e+03 1.381000000000000066e-03
4.833000000000000000e+03 1.227840000000000008e-03
4.840000000000000000e+03 1.087660000000000059e-03
4.847000000000000000e+03 9.351220000000000365e-04
4.854000000000000000e+03 7.691720000000000414e-04
4.861000000000000000e+03 6.493770000000000271e-04
4.868000000000000000e+03 5.550040000000000008e-04
4.875000000000000000e+03 4.189950000000000228e-04
4.882000000000000000e+03 2.819610000000000063e-04
4.889000000000000000e+03 2.153730000000000130e-04
4.896000000000000000e+03 1.444150000000000056e-04
4.903000000000000000e+03 8.401060000000000504e-05
4.910000000000000000e+03 3.383650000000000037e-05
4.917000000000000000e+03 2.125349999999999904e-05
4.924000000000000000e+03 1.831949999999999968e-05
4.931000000000000000e+03 1.480579999999999977e-05
4.938000000000000000e+03 1.230009999999999935e-05
4.945000000000000000e+03 1.123520000000000044e-05
4.952000000000000000e+03 1.101660000000000054e-05
4.959000000000000000e+03 1.074189999999999959e-05
4.966000000000000000e+03 1.043850000000000009e-05
4.973000000000000000e+03 1.010970000000000080e-05
4.980000000000000000e+03 9.797980000000000337e-06
4.987000000000000000e+03 9.414540000000000498e-06
4.994000000000000000e+03 8.973650000000000048e-06
5.001000000000000000e+03 7.412420000000000090e-06
5.008000000000000000e+03 4.534910000000000259e-06
5.015000000000000000e+03 1.784849999999999945e-06
5.022000000000000000e+03 1.998700000000000024e-07
