9.782500000000000000e+03 0.000000000000000000e+00
9.800500000000000000e+03 8.507640000000000338e-07
9.818500000000000000e+03 3.801370000000000164e-06
9.836500000000000000e+03 6.068899999999999611e-06
9.854500000000000000e+03 6.660140000000000239e-06
9.872500000000000000e+03 9.351020000000000469e-06
9.890500000000000000e+03 1.380919999999999985e-05
9.908500000000000000e+03 1.709539999999999899e-05
9.926500000000000000e+03 1.878980000000000092e-05
9.944500000000000000e+03 1.906719999999999932e-05
9.962500000000000000e+03 1.839789999999999880e-05
9.980500000000000000e+03 1.839349999999999931e-05
9.998500000000000000e+03 1.929990000000000134e-05
1.001650000000000000e+04 2.011319999999999913e-05
1.003450000000000000e+04 2.042039999999999849e-05
1.005250000000000000e+04 2.054660000000000077e-05
1.007050000000000000e+04 2.096820000000000026e-05
1.008850000000000000e+04 3.545439999999999719e-05
1.010650000000000000e+04 1.189139999999999934e-04
1.012450000000000000e+04 3.018030000000000105e-04
1.014250000000000000e+04 6.079450000000000348e-04
1.016050000000000000e+04 9.855000000000000478e-04
1.017850000000000000e+04 1.499719999999999959e-03
1.019650000000000000e+04 2.335840000000000052e-03
1.021450000000000000e+04 3.847319999999999993e-03
1.023250000000000000e+04 6.354979999999999657e-03
1.025050000000000000e+04 1.053510000000000037e-02
1.026850000000000000e+04 1.694820000000000007e-02
1.028650000000000000e+04 2.690839999999999899e-02
1.030450000000000000e+04 4.096330000000000110e-02
1.032250000000000000e+04 5.998769999999999797e-02
1.034050000000000000e+04 8.475760000000000238e-02
1.035850000000000000e+04 1.130739999999999940e-01
1.037650000000000000e+04 1.365719999999999990e-01
1.039450000000000000e+04 1.575600000000000056e-01
1.041250000000000000e+04 1.847119999999999873e-01
1.043050000000000000e+04 2.242869999999999864e-01
1.044850000000000000e+04 2.654380000000000073e-01
1.046650000000000000e+04 3.052759999999999918e-01
1.048450000000000000e+04 3.524249999999999883e-01
1.050250000000000000e+04 4.031750000000000056e-01
1.052050000000000000e+04 4.566430000000000211e-01
1.053850000000000000e+04 5.059660000000000268e-01
1.055650000000000000e+04 5.459159999999999568e-01
1.057450000000000000e+04 5.852230000000000487e-01
1.059250000000000000e+04 6.230869999999999465e-01
1.061050000000000000e+04 6.609580000000000455e-01
1.062850000000000000e+04 6.941599999999999993e-01
1.064650000000000000e+04 7.224979999999999736e-01
1.066450000000000000e+04 7.517030000000000101e-01
1.068250000000000000e+04 7.753360000000000252e-01
1.070050000000000000e+04 8.000159999999999494e-01
1.071850000000000000e+04 8.210370000000000168e-01
1.073650000000000000e+04 8.349950000000000427e-01
1.075450000000000000e+04 8.401880000000000459e-01
1.077250000000000000e+04 8.418430000000000080e-01
1.079050000000000000e+04 8.468210000000000459e-01
1.080850000000000000e+04 8.482189999999999452e-01
1.082650000000000000e+04 8.490220000000000544e-01
1.084450000000000000e+04 8.509419999999999762e-01
1.086250000000000000e+04 8.566310000000000313e-01
1.088050000000000000e+04 8.686399999999999677e-01
1.089850000000000000e+04 8.834170000000000078e-01
1.091650000000000000e+04 8.994940000000000158e-01
1.093450000000000000e+04 9.148309999999999498e-01
1.095250000000000000e+04 9.305299999999999683e-01
1.097050000000000000e+04 9.458929999999999838e-01
1.098850000000000000e+04 9.579750000000000210e-01
1.100650000000000000e+04 9.680370000000000363e-01
1.102450000000000000e+04 9.766190000000000149e-01
1.104250000000000000e+04 9.831140000000000434e-01
1.106050000000000000e+04 9.878940000000000499e-01
1.107850000000000000e+04 9.919609999999999816e-01
1.109650000000000000e+04 9.954560000000000075e-01
1.111450000000000000e+04 9.980379999999999807e-01
1.113250000000000000e+04 9.992640000000000411e-01
1.115050000000000000e+04 9.997899999999999565e-01
1.116850000000000000e+04 1.000000000000000000e+00
1.118650000000000000e+04 9.999550000000000383e-01
1.120450000000000000e+04 9.998089999999999478e-01
1.122250000000000000e+04 9.991109999999999713e-01
1.124050000000000000e+04 9.983079999999999732e-01
1.125850000000000000e+04 9.978380000000000027e-01
1.127650000000000000e+04 9.968150000000000066e-01
1.129450000000000000e+04 9.949839999999999796e-01
1.131250000000000000e+04 9.920080000000000009e-01
1.133050000000000000e+04 9.886530000000000040e-01
1.134850000000000000e+04 9.858829999999999538e-01
1.136650000000000000e+04 9.831769999999999676e-01
1.138450000000000000e+04 9.800640000000000462e-01
1.140250000000000000e+04 9.760090000000000154e-01
1.142050000000000000e+04 9.708560000000000523e-01
1.143850000000000000e+04 9.664589999999999570e-01
1.145650000000000000e+04 9.639999999999999680e-01
1.147450000000000000e+04 9.618550000000000155e-01
1.149250000000000000e+04 9.589809999999999723e-01
1.151050000000000000e+04 9.550400000000000000e-01
1.152850000000000000e+04 9.498499999999999721e-01
1.154650000000000000e+04 9.457659999999999956e-01
1.156450000000000000e+04 9.438109999999999555e-01
1.158250000000000000e+04 9.415820000000000300e-01
1.160050000000000000e+04 9.391469999999999541e-01
1.161850000000000000e+04 9.371040000000000481e-01
1.163650000000000000e+04 9.348220000000000418e-01
1.165450000000000000e+04 9.338440000000000074e-01
1.167250000000000000e+04 9.342319999999999514e-01
1.169050000000000000e+04 9.332639999999999825e-01
1.170850000000000000e+04 9.307349999999999790e-01
1.172650000000000000e+04 9.283289999999999598e-01
1.174450000000000000e+04 9.265259999999999607e-01
1.176250000000000000e+04 9.246940000000000159e-01
1.178050000000000000e+04 9.224639999999999507e-01
1.179850000000000000e+04 9.189869999999999983e-01
1.181650000000000000e+04 9.148399999999999865e-01
1.183450000000000000e+04 9.108669999999999822e-01
1.185250000000000000e+04 9.066520000000000135e-01
1.187050000000000000e+04 9.008869999999999933e-01
1.188850000000000000e+04 8.941459999999999964e-01
1.190650000000000000e+04 8.868599999999999817e-01
1.192450000000000000e+04 8.796110000000000317e-01
1.194250000000000000e+04 8.715439999999999854e-01
1.196050000000000000e+04 8.625979999999999759e-01
1.197850000000000000e+04 8.541640000000000343e-01
1.199650000000000000e+04 8.432209999999999983e-01
1.201450000000000000e+04 8.274329999999999741e-01
1.203250000000000000e+04 8.047180000000000444e-01
1.205050000000000000e+04 7.778699999999999504e-01
1.206850000000000000e+04 7.475009999999999710e-01
1.208650000000000000e+04 7.152429999999999621e-01
1.210450000000000000e+04 6.779979999999999896e-01
1.212250000000000000e+04 6.367840000000000167e-01
1.214050000000000000e+04 5.931079999999999686e-01
1.215850000000000000e+04 5.444520000000000470e-01
1.217650000000000000e+04 4.956329999999999902e-01
1.219450000000000000e+04 4.447699999999999987e-01
1.221250000000000000e+04 3.914020000000000277e-01
1.223050000000000000e+04 3.372820000000000262e-01
1.224850000000000000e+04 2.850389999999999868e-01
1.226650000000000000e+04 2.355829999999999869e-01
1.228450000000000000e+04 1.891960000000000031e-01
1.230250000000000000e+04 1.471729999999999983e-01
1.232050000000000000e+04 1.112250000000000044e-01
1.233850000000000000e+04 8.207549999999999568e-02
1.235650000000000000e+04 5.901830000000000270e-02
1.237450000000000000e+04 4.180439999999999851e-02
1.239250000000000000e+04 2.899329999999999963e-02
1.241050000000000000e+04 1.977450000000000041e-02
1.242850000000000000e+04 1.341700000000000011e-02
1.244650000000000000e+04 9.239429999999999865e-03
1.246450000000000000e+04 6.243470000000000096e-03
1.248250000000000000e+04 4.089449999999999683e-03
1.250050000000000000e+04 2.631919999999999833e-03
1.251850000000000000e+04 1.715160000000000079e-03
1.253650000000000000e+04 1.121550000000000021e-03
1.255450000000000000e+04 7.557749999999999798e-04
1.257250000000000000e+04 4.847140000000000216e-04
1.259050000000000000e+04 2.108629999999999901e-04
1.260850000000000000e+04 4.634189999999999756e-05
1.262650000000000000e+04 3.090930000000000004e-07
