3.216000000000000000e+03 0.000000000000000000e+00
3.223000000000000000e+03 2.109140000000000052e-07
3.230000000000000000e+03 1.758710000000000056e-06
3.237000000000000000e+03 5.328519999999999595e-06
3.244000000000000000e+03 8.233759999999999582e-06
3.251000000000000000e+03 9.232519999999999825e-06
3.258000000000000000e+03 9.886699999999999717e-06
3.265000000000000000e+03 1.066820000000000062e-05
3.272000000000000000e+03 1.108189999999999973e-05
3.279000000000000000e+03 1.163809999999999958e-05
3.286000000000000000e+03 1.263179999999999991e-05
3.293000000000000000e+03 1.344630000000000033e-05
3.300000000000000000e+03 1.384779999999999979e-05
3.307000000000000000e+03 1.449800000000000078e-05
3.314000000000000000e+03 1.658099999999999930e-05
3.321000000000000000e+03 1.908689999999999847e-05
3.328000000000000000e+03 2.140610000000000161e-05
3.335000000000000000e+03 2.369850000000000019e-05
3.342000000000000000e+03 2.904530000000000124e-05
3.349000000000000000e+03 3.785589999999999783e-05
3.356000000000000000e+03 4.586530000000000283e-05
3.363000000000000000e+03 5.404210000000000220e-05
3.370000000000000000e+03 5.932519999999999910e-05
3.377000000000000000e+03 6.485279999999999680e-05
3.384000000000000000e+03 7.413400000000000545e-05
3.391000000000000000e+03 7.830779999999999588e-05
3.398000000000000000e+03 7.868160000000000236e-05
3.405000000000000000e+03 7.912919999999999449e-05
3.412000000000000000e+03 7.987349999999999344e-05
3.419000000000000000e+03 8.096599999999999696e-05
3.426000000000000000e+03 8.220440000000000190e-05
3.433000000000000000e+03 8.352629999999999343e-05
3.440000000000000000e+03 8.471179999999999758e-05
3.447000000000000000e+03 8.584119999999999392e-05
3.454000000000000000e+03 8.685610000000000346e-05
3.461000000000000000e+03 8.799979999999999727e-05
3.468000000000000000e+03 8.880410000000000582e-05
3.475000000000000000e+03 8.897530000000000174e-05
3.482000000000000000e+03 8.923809999999999523e-05
3.489000000000000000e+03 8.973650000000000387e-05
3.496000000000000000e+03 9.000369999999999345e-05
3.503000000000000000e+03 9.029089999999999978e-05
3.510000000000000000e+03 9.060250000000000541e-05
3.517000000000000000e+03 9.103419999999999655e-05
3.524000000000000000e+03 9.186529999999999609e-05
3.531000000000000000e+03 9.301279999999999824e-05
3.538000000000000000e+03 9.459780000000000424e-05
3.545000000000000000e+03 9.653479999999999602e-05
3.552000000000000000e+03 9.836700000000000196e-05
3.559000000000000000e+03 1.004289999999999968e-04
3.566000000000000000e+03 1.024480000000000057e-04
3.573000000000000000e+03 1.044860000000000022e-04
3.580000000000000000e+03 1.065789999999999972e-04
3.587000000000000000e+03 1.082029999999999938e-04
3.594000000000000000e+03 1.096300000000000058e-04
3.601000000000000000e+03 1.108530000000000041e-04
3.608000000000000000e+03 1.119449999999999997e-04
3.615000000000000000e+03 1.134259999999999945e-04
3.622000000000000000e+03 1.150659999999999991e-04
3.629000000000000000e+03 1.170559999999999987e-04
3.636000000000000000e+03 1.194729999999999994e-04
3.643000000000000000e+03 1.221069999999999881e-04
3.650000000000000000e+03 1.251980000000000031e-04
3.657000000000000000e+03 1.284249999999999910e-04
3.664000000000000000e+03 1.319399999999999870e-04
3.671000000000000000e+03 1.355999999999999892e-04
3.678000000000000000e+03 1.390130000000000055e-04
3.685000000000000000e+03 1.420419999999999929e-04
3.692000000000000000e+03 1.448630000000000122e-04
3.699000000000000000e+03 1.474450000000000088e-04
3.706000000000000000e+03 1.500639999999999917e-04
3.713000000000000000e+03 1.527160000000000063e-04
3.720000000000000000e+03 1.556220000000000086e-04
3.727000000000000000e+03 1.589440000000000015e-04
3.734000000000000000e+03 1.623750000000000031e-04
3.741000000000000000e+03 1.664810000000000074e-04
3.748000000000000000e+03 1.712410000000000093e-04
3.755000000000000000e+03 1.766910000000000063e-04
3.762000000000000000e+03 1.825060000000000039e-04
3.769000000000000000e+03 1.884479999999999955e-04
3.776000000000000000e+03 1.946530000000000081e-04
3.783000000000000000e+03 2.011340000000000025e-04
3.790000000000000000e+03 2.081089999999999958e-04
3.797000000000000000e+03 2.162309999999999970e-04
3.804000000000000000e+03 2.246790000000000083e-04
3.811000000000000000e+03 2.334749999999999966e-04
3.818000000000000000e+03 2.428920000000000048e-04
3.825000000000000000e+03 2.524149999999999745e-04
3.832000000000000000e+03 2.630069999999999977e-04
3.839000000000000000e+03 2.747459999999999746e-04
3.846000000000000000e+03 2.868109999999999887e-04
3.853000000000000000e+03 2.986590000000000013e-04
3.860000000000000000e+03 3.105790000000000091e-04
3.867000000000000000e+03 3.237259999999999834e-04
3.874000000000000000e+03 3.385190000000000161e-04
3.881000000000000000e+03 3.558130000000000169e-04
3.888000000000000000e+03 3.751350000000000192e-04
3.895000000000000000e+03 3.952439999999999990e-04
3.902000000000000000e+03 4.160979999999999995e-04
3.909000000000000000e+03 4.414730000000000065e-04
3.916000000000000000e+03 4.703299999999999777e-04
3.923000000000000000e+03 5.057040000000000493e-04
3.930000000000000000e+03 5.512940000000000245e-04
3.937000000000000000e+03 6.043189999999999716e-04
3.944000000000000000e+03 6.647649999999999957e-04
3.951000000000000000e+03 7.392810000000000527e-04
3.958000000000000000e+03 8.277760000000000109e-04
3.965000000000000000e+03 9.289959999999999668e-04
3.972000000000000000e+03 1.067280000000000095e-03
3.979000000000000000e+03 1.305849999999999893e-03
3.986000000000000000e+03 1.688559999999999974e-03
3.993000000000000000e+03 2.153359999999999996e-03
4.000000000000000000e+03 2.702130000000000070e-03
4.007000000000000000e+03 3.440449999999999845e-03
4.014000000000000000e+03 4.457219999999999585e-03
4.021000000000000000e+03 5.783800000000000399e-03
4.028000000000000000e+03 7.404520000000000372e-03
4.035000000000000000e+03 9.369789999999999369e-03
4.042000000000000000e+03 1.165030000000000059e-02
4.049000000000000000e+03 1.440929999999999989e-02
4.056000000000000000e+03 1.756339999999999985e-02
4.063000000000000000e+03 2.117820000000000119e-02
4.070000000000000000e+03 2.522069999999999868e-02
4.077000000000000000e+03 2.972400000000000042e-02
4.084000000000000000e+03 3.468639999999999918e-02
4.091000000000000000e+03 4.002370000000000233e-02
4.098000000000000000e+03 4.586339999999999861e-02
4.105000000000000000e+03 5.202679999999999805e-02
4.112000000000000000e+03 5.868929999999999980e-02
4.119000000000000000e+03 6.555900000000000616e-02
4.126000000000000000e+03 7.277290000000000147e-02
4.133000000000000000e+03 8.019959999999999589e-02
4.140000000000000000e+03 8.798290000000000277e-02
4.147000000000000000e+03 9.616900000000000448e-02
4.154000000000000000e+03 1.048390000000000016e-01
4.161000000000000000e+03 1.143099999999999949e-01
4.168000000000000000e+03 1.247069999999999984e-01
4.175000000000000000e+03 1.362369999999999970e-01
4.182000000000000000e+03 1.488849999999999896e-01
4.189000000000000000e+03 1.625510000000000010e-01
4.196000000000000000e+03 1.771399999999999919e-01
4.203000000000000000e+03 1.921569999999999945e-01
4.210000000000000000e+03 2.077120000000000077e-01
4.217000000000000000e+03 2.234460000000000057e-01
4.224000000000000000e+03 2.402050000000000018e-01
4.231000000000000000e+03 2.585509999999999753e-01
4.238000000000000000e+03 2.786560000000000148e-01
4.245000000000000000e+03 3.004820000000000269e-01
4.252000000000000000e+03 3.228800000000000003e-01
4.259000000000000000e+03 3.465139999999999887e-01
4.266000000000000000e+03 3.707449999999999912e-01
4.273000000000000000e+03 3.961680000000000201e-01
4.280000000000000000e+03 4.224280000000000257e-01
4.287000000000000000e+03 4.494770000000000154e-01
4.294000000000000000e+03 4.755809999999999760e-01
4.301000000000000000e+03 4.995290000000000008e-01
4.308000000000000000e+03 5.211059999999999581e-01
4.315000000000000000e+03 5.401049999999999462e-01
4.322000000000000000e+03 5.558750000000000080e-01
4.329000000000000000e+03 5.687170000000000281e-01
4.336000000000000000e+03 5.800220000000000375e-01
4.343000000000000000e+03 5.879320000000000102e-01
4.350000000000000000e+03 5.944730000000000292e-01
4.357000000000000000e+03 5.990990000000000482e-01
4.364000000000000000e+03 6.008379999999999832e-01
4.371000000000000000e+03 6.023619999999999530e-01
4.378000000000000000e+03 6.045179999999999998e-01
4.385000000000000000e+03 6.074169999999999847e-01
4.392000000000000000e+03 6.120360000000000245e-01
4.399000000000000000e+03 6.172459999999999614e-01
4.406000000000000000e+03 6.226979999999999738e-01
4.413000000000000000e+03 6.300909999999999567e-01
4.420000000000000000e+03 6.394990000000000396e-01
4.427000000000000000e+03 6.505910000000000304e-01
4.434000000000000000e+03 6.664269999999999916e-01
4.441000000000000000e+03 6.830279999999999685e-01
4.448000000000000000e+03 7.034500000000000197e-01
4.455000000000000000e+03 7.257069999999999910e-01
4.462000000000000000e+03 7.495540000000000536e-01
4.469000000000000000e+03 7.742879999999999763e-01
4.476000000000000000e+03 7.996339999999999559e-01
4.483000000000000000e+03 8.263019999999999810e-01
4.490000000000000000e+03 8.555399999999999672e-01
4.497000000000000000e+03 8.818840000000000012e-01
4.504000000000000000e+03 9.067039999999999544e-01
4.511000000000000000e+03 9.292660000000000364e-01
4.518000000000000000e+03 9.487820000000000142e-01
4.525000000000000000e+03 9.681079999999999686e-01
4.532000000000000000e+03 9.811299999999999466e-01
4.539000000000000000e+03 9.895479999999999832e-01
4.546000000000000000e+03 9.941489999999999494e-01
4.553000000000000000e+03 9.955880000000000285e-01
4.560000000000000000e+03 9.961919999999999664e-01
4.567000000000000000e+03 9.958430000000000337e-01
4.574000000000000000e+03 9.960689999999999822e-01
4.581000000000000000e+03 9.969989999999999686e-01
4.588000000000000000e+03 9.984880000000000422e-01
4.595000000000000000e+03 9.998500000000000165e-01
4.602000000000000000e+03 1.000000000000000000e+00
4.609000000000000000e+03 9.980590000000000295e-01
4.616000000000000000e+03 9.934370000000000145e-01
4.623000000000000000e+03 9.847810000000000175e-01
4.630000000000000000e+03 9.729330000000000478e-01
4.637000000000000000e+03 9.561359999999999859e-01
4.644000000000000000e+03 9.339180000000000259e-01
4.651000000000000000e+03 9.075579999999999758e-01
4.658000000000000000e+03 8.745439999999999880e-01
4.665000000000000000e+03 8.403359999999999719e-01
4.672000000000000000e+03 8.027889999999999748e-01
4.679000000000000000e+03 7.660259999999999847e-01
4.686000000000000000e+03 7.324920000000000320e-01
4.693000000000000000e+03 7.008189999999999698e-01
4.700000000000000000e+03 6.748720000000000274e-01
4.707000000000000000e+03 6.502149999999999874e-01
4.714000000000000000e+03 6.254619999999999624e-01
4.721000000000000000e+03 6.029630000000000267e-01
4.728000000000000000e+03 5.813359999999999639e-01
4.735000000000000000e+03 5.603690000000000060e-01
4.742000000000000000e+03 5.410679999999999934e-01
4.749000000000000000e+03 5.225159999999999805e-01
4.756000000000000000e+03 5.070449999999999680e-01
4.763000000000000000e+03 4.960919999999999774e-01
4.770000000000000000e+03 4.858850000000000113e-01
4.777000000000000000e+03 4.775730000000000253e-01
4.784000000000000000e+03 4.676390000000000269e-01
4.791000000000000000e+03 4.560239999999999849e-01
4.798000000000000000e+03 4.423460000000000170e-01
4.805000000000000000e+03 4.274999999999999911e-01
4.812000000000000000e+03 4.138780000000000237e-01
4.819000000000000000e+03 4.002760000000000207e-01
4.826000000000000000e+03 3.882430000000000048e-01
4.833000000000000000e+03 3.761889999999999956e-01
4.840000000000000000e+03 3.627670000000000061e-01
4.847000000000000000e+03 3.480929999999999858e-01
4.854000000000000000e+03 3.322220000000000173e-01
4.861000000000000000e+03 3.165549999999999753e-01
4.868000000000000000e+03 3.006809999999999761e-01
4.875000000000000000e+03 2.863720000000000154e-01
4.882000000000000000e+03 2.732490000000000197e-01
4.889000000000000000e+03 2.613570000000000060e-01
4.896000000000000000e+03 2.506499999999999839e-01
4.903000000000000000e+03 2.402710000000000123e-01
4.910000000000000000e+03 2.319029999999999980e-01
4.917000000000000000e+03 2.247609999999999886e-01
4.924000000000000000e+03 2.182699999999999918e-01
4.931000000000000000e+03 2.117249999999999965e-01
4.938000000000000000e+03 2.056979999999999920e-01
4.945000000000000000e+03 1.998399999999999899e-01
4.952000000000000000e+03 1.934530000000000138e-01
4.959000000000000000e+03 1.870269999999999988e-01
4.966000000000000000e+03 1.810360000000000025e-01
4.973000000000000000e+03 1.748230000000000062e-01
4.980000000000000000e+03 1.684789999999999899e-01
4.987000000000000000e+03 1.620910000000000128e-01
4.994000000000000000e+03 1.557830000000000048e-01
5.001000000000000000e+03 1.489429999999999921e-01
5.008000000000000000e+03 1.414799999999999947e-01
5.015000000000000000e+03 1.338280000000000025e-01
5.022000000000000000e+03 1.260769999999999946e-01
5.029000000000000000e+03 1.185829999999999940e-01
5.036000000000000000e+03 1.113230000000000053e-01
5.043000000000000000e+03 1.042030000000000040e-01
5.050000000000000000e+03 9.727869999999999573e-02
5.057000000000000000e+03 9.041820000000000412e-02
5.064000000000000000e+03 8.408279999999999921e-02
5.071000000000000000e+03 7.826769999999999561e-02
5.078000000000000000e+03 7.292060000000000208e-02
5.085000000000000000e+03 6.795160000000000089e-02
5.092000000000000000e+03 6.343329999999999802e-02
5.099000000000000000e+03 5.930789999999999673e-02
5.106000000000000000e+03 5.538930000000000242e-02
5.113000000000000000e+03 5.173429999999999696e-02
5.120000000000000000e+03 4.835939999999999683e-02
5.127000000000000000e+03 4.521939999999999987e-02
5.134000000000000000e+03 4.227249999999999758e-02
5.141000000000000000e+03 3.948449999999999876e-02
5.148000000000000000e+03 3.688240000000000268e-02
5.155000000000000000e+03 3.440920000000000090e-02
5.162000000000000000e+03 3.211340000000000028e-02
5.169000000000000000e+03 2.991419999999999843e-02
5.176000000000000000e+03 2.784769999999999954e-02
5.183000000000000000e+03 2.585250000000000048e-02
5.190000000000000000e+03 2.385260000000000158e-02
5.197000000000000000e+03 2.183739999999999987e-02
5.204000000000000000e+03 1.998650000000000079e-02
5.211000000000000000e+03 1.817210000000000006e-02
5.218000000000000000e+03 1.637210000000000054e-02
5.225000000000000000e+03 1.473439999999999993e-02
5.232000000000000000e+03 1.307750000000000058e-02
5.239000000000000000e+03 1.149030000000000017e-02
5.246000000000000000e+03 9.777920000000000708e-03
5.253000000000000000e+03 7.989929999999999255e-03
5.260000000000000000e+03 6.714839999999999698e-03
5.267000000000000000e+03 5.495279999999999956e-03
5.274000000000000000e+03 4.266849999999999983e-03
5.281000000000000000e+03 3.248800000000000038e-03
5.288000000000000000e+03 2.649900000000000172e-03
5.295000000000000000e+03 2.144200000000000186e-03
5.302000000000000000e+03 1.237129999999999914e-03
5.309000000000000000e+03 3.764980000000000128e-04
5.316000000000000000e+03 1.333870000000000021e-04
5.323000000000000000e+03 1.029360000000000051e-04
5.330000000000000000e+03 9.488249999999999831e-05
5.337000000000000000e+03 8.922930000000000304e-05
5.344000000000000000e+03 7.921019999999999591e-05
5.351000000000000000e+03 6.985540000000000206e-05
5.358000000000000000e+03 5.897319999999999976e-05
5.365000000000000000e+03 4.892760000000000230e-05
5.372000000000000000e+03 4.564800000000000070e-05
5.379000000000000000e+03 3.979870000000000234e-05
5.386000000000000000e+03 2.885299999999999971e-05
5.393000000000000000e+03 2.110420000000000031e-05
5.400000000000000000e+03 1.349520000000000083e-05
5.407000000000000000e+03 3.499670000000000156e-06
5.414000000000000000e+03 5.739579999999999736e-09
