1.030950000000000000e+04 0.000000000000000000e+00
1.032950000000000000e+04 2.020009999999999994e-05
1.034950000000000000e+04 8.848830000000000454e-05
1.036950000000000000e+04 1.880080000000000065e-04
1.038950000000000000e+04 3.536999999999999780e-04
1.040950000000000000e+04 6.627179999999999660e-04
1.042950000000000000e+04 1.090690000000000062e-03
1.044950000000000000e+04 1.714479999999999997e-03
1.046950000000000000e+04 2.881209999999999934e-03
1.048950000000000000e+04 4.679189999999999738e-03
1.050950000000000000e+04 7.989319999999999408e-03
1.052950000000000000e+04 1.299600000000000061e-02
1.054950000000000000e+04 2.072219999999999965e-02
1.056950000000000000e+04 3.001629999999999923e-02
1.058950000000000000e+04 4.405850000000000044e-02
1.060950000000000000e+04 5.826049999999999979e-02
1.062950000000000000e+04 7.230190000000000228e-02
1.064950000000000000e+04 8.808499999999999663e-02
1.066950000000000000e+04 1.010979999999999934e-01
1.068950000000000000e+04 1.182200000000000056e-01
1.070950000000000000e+04 1.388089999999999880e-01
1.072950000000000000e+04 1.663610000000000089e-01
1.074950000000000000e+04 2.004469999999999863e-01
1.076950000000000000e+04 2.380099999999999993e-01
1.078950000000000000e+04 2.617530000000000134e-01
1.080950000000000000e+04 2.722550000000000248e-01
1.082950000000000000e+04 2.901520000000000210e-01
1.084950000000000000e+04 3.045599999999999974e-01
1.086950000000000000e+04 3.161289999999999933e-01
1.088950000000000000e+04 3.289980000000000127e-01
1.090950000000000000e+04 3.510380000000000167e-01
1.092950000000000000e+04 3.708380000000000010e-01
1.094950000000000000e+04 3.908079999999999887e-01
1.096950000000000000e+04 4.048059999999999992e-01
1.098950000000000000e+04 4.109519999999999840e-01
1.100950000000000000e+04 4.187790000000000123e-01
1.102950000000000000e+04 4.266840000000000077e-01
1.104950000000000000e+04 4.340080000000000049e-01
1.106950000000000000e+04 4.393000000000000238e-01
1.108950000000000000e+04 4.443150000000000155e-01
1.110950000000000000e+04 4.458489999999999953e-01
1.112950000000000000e+04 4.602430000000000132e-01
1.114950000000000000e+04 4.786579999999999724e-01
1.116950000000000000e+04 4.904669999999999863e-01
1.118950000000000000e+04 5.061890000000000001e-01
1.120950000000000000e+04 5.328720000000000123e-01
1.122950000000000000e+04 5.617039999999999811e-01
1.124950000000000000e+04 5.838269999999999849e-01
1.126950000000000000e+04 6.093480000000000008e-01
1.128950000000000000e+04 6.382069999999999688e-01
1.130950000000000000e+04 6.658849999999999492e-01
1.132950000000000000e+04 6.948170000000000179e-01
1.134950000000000000e+04 7.246759999999999868e-01
1.136950000000000000e+04 7.502520000000000300e-01
1.138950000000000000e+04 7.706530000000000324e-01
1.140950000000000000e+04 7.861080000000000290e-01
1.142950000000000000e+04 7.872679999999999678e-01
1.144950000000000000e+04 7.856330000000000258e-01
1.146950000000000000e+04 7.893609999999999793e-01
1.148950000000000000e+04 7.989770000000000483e-01
1.150950000000000000e+04 8.201270000000000504e-01
1.152950000000000000e+04 8.477090000000000458e-01
1.154950000000000000e+04 8.833130000000000148e-01
1.156950000000000000e+04 9.172109999999999985e-01
1.158950000000000000e+04 9.492150000000000309e-01
1.160950000000000000e+04 9.756879999999999997e-01
1.162950000000000000e+04 9.877899999999999459e-01
1.164950000000000000e+04 9.909609999999999808e-01
1.166950000000000000e+04 9.867110000000000047e-01
1.168950000000000000e+04 9.797460000000000058e-01
1.170950000000000000e+04 9.656329999999999636e-01
1.172950000000000000e+04 9.521830000000000016e-01
1.174950000000000000e+04 9.408750000000000169e-01
1.176950000000000000e+04 9.321490000000000054e-01
1.178950000000000000e+04 9.335059999999999469e-01
1.180950000000000000e+04 9.407219999999999471e-01
1.182950000000000000e+04 9.504569999999999963e-01
1.184950000000000000e+04 9.591840000000000366e-01
1.186950000000000000e+04 9.682269999999999488e-01
1.188950000000000000e+04 9.769370000000000553e-01
1.190950000000000000e+04 9.839449999999999585e-01
1.192950000000000000e+04 9.912229999999999652e-01
1.194950000000000000e+04 9.960970000000000102e-01
1.196950000000000000e+04 9.979149999999999965e-01
1.198950000000000000e+04 9.982720000000000482e-01
1.200950000000000000e+04 9.986680000000000001e-01
1.202950000000000000e+04 9.994319999999999871e-01
1.204950000000000000e+04 1.000000000000000000e+00
1.206950000000000000e+04 9.997430000000000483e-01
1.208950000000000000e+04 9.994969999999999688e-01
1.210950000000000000e+04 9.992290000000000338e-01
1.212950000000000000e+04 9.986150000000000304e-01
1.214950000000000000e+04 9.981539999999999857e-01
1.216950000000000000e+04 9.980539999999999967e-01
1.218950000000000000e+04 9.965300000000000269e-01
1.220950000000000000e+04 9.937550000000000550e-01
1.222950000000000000e+04 9.902919999999999501e-01
1.224950000000000000e+04 9.861339999999999550e-01
1.226950000000000000e+04 9.798480000000000523e-01
1.228950000000000000e+04 9.709109999999999685e-01
1.230950000000000000e+04 9.602920000000000345e-01
1.232950000000000000e+04 9.477139999999999453e-01
1.234950000000000000e+04 9.289129999999999887e-01
1.236950000000000000e+04 9.080040000000000333e-01
1.238950000000000000e+04 8.862539999999999862e-01
1.240950000000000000e+04 8.625979999999999759e-01
1.242950000000000000e+04 8.384660000000000446e-01
1.244950000000000000e+04 8.163639999999999786e-01
1.246950000000000000e+04 7.943120000000000180e-01
1.248950000000000000e+04 7.662679999999999492e-01
1.250950000000000000e+04 7.342980000000000063e-01
1.252950000000000000e+04 7.022929999999999451e-01
1.254950000000000000e+04 6.701030000000000042e-01
1.256950000000000000e+04 6.408679999999999932e-01
1.258950000000000000e+04 6.151579999999999826e-01
1.260950000000000000e+04 5.926010000000000444e-01
1.262950000000000000e+04 5.756799999999999695e-01
1.264950000000000000e+04 5.638699999999999823e-01
1.266950000000000000e+04 5.541979999999999684e-01
1.268950000000000000e+04 5.459279999999999688e-01
1.270950000000000000e+04 5.395280000000000076e-01
1.272950000000000000e+04 5.361399999999999499e-01
1.274950000000000000e+04 5.341529999999999889e-01
1.276950000000000000e+04 5.316910000000000247e-01
1.278950000000000000e+04 5.290270000000000250e-01
1.280950000000000000e+04 5.269559999999999800e-01
1.282950000000000000e+04 5.240890000000000271e-01
1.284950000000000000e+04 5.171959999999999891e-01
1.286950000000000000e+04 5.072839999999999572e-01
1.288950000000000000e+04 4.966240000000000099e-01
1.290950000000000000e+04 4.828040000000000109e-01
1.292950000000000000e+04 4.648550000000000182e-01
1.294950000000000000e+04 4.470600000000000129e-01
1.296950000000000000e+04 4.302920000000000078e-01
1.298950000000000000e+04 4.149749999999999828e-01
1.300950000000000000e+04 3.990940000000000043e-01
1.302950000000000000e+04 3.847869999999999902e-01
1.304950000000000000e+04 3.719779999999999753e-01
1.306950000000000000e+04 3.605550000000000144e-01
1.308950000000000000e+04 3.500260000000000038e-01
1.310950000000000000e+04 3.407240000000000268e-01
1.312950000000000000e+04 3.321720000000000228e-01
1.314950000000000000e+04 3.228840000000000043e-01
1.316950000000000000e+04 3.112570000000000059e-01
1.318950000000000000e+04 2.972020000000000217e-01
1.320950000000000000e+04 2.800940000000000096e-01
1.322950000000000000e+04 2.556080000000000019e-01
1.324950000000000000e+04 2.271640000000000048e-01
1.326950000000000000e+04 1.962440000000000018e-01
1.328950000000000000e+04 1.648699999999999888e-01
1.330950000000000000e+04 1.346179999999999877e-01
1.332950000000000000e+04 1.068080000000000002e-01
1.334950000000000000e+04 8.253749999999999976e-02
1.336950000000000000e+04 6.178240000000000121e-02
1.338950000000000000e+04 4.527459999999999818e-02
1.340950000000000000e+04 3.226740000000000164e-02
1.342950000000000000e+04 2.257570000000000063e-02
1.344950000000000000e+04 1.525540000000000056e-02
1.346950000000000000e+04 1.049100000000000033e-02
1.348950000000000000e+04 7.304100000000000002e-03
1.350950000000000000e+04 5.170450000000000046e-03
1.352950000000000000e+04 3.742930000000000215e-03
1.354950000000000000e+04 2.702829999999999816e-03
1.356950000000000000e+04 1.881080000000000035e-03
1.358950000000000000e+04 1.318450000000000091e-03
1.360950000000000000e+04 9.266580000000000173e-04
1.362950000000000000e+04 5.599300000000000414e-04
1.364950000000000000e+04 2.536570000000000144e-04
1.366950000000000000e+04 1.018840000000000023e-04
1.368950000000000000e+04 2.763460000000000135e-05
