1.773500000000000000e+03 0.000000000000000000e+00
1.777500000000000000e+03 4.234819999999999973e-14
1.781500000000000000e+03 2.314470000000000125e-10
1.785500000000000000e+03 6.014909999999999653e-10
1.789500000000000000e+03 1.101100000000000054e-09
1.793500000000000000e+03 1.380680000000000034e-09
1.797500000000000000e+03 1.690470000000000057e-09
1.801500000000000000e+03 2.098370000000000065e-09
1.805500000000000000e+03 2.301180000000000112e-09
1.809500000000000000e+03 2.045760000000000182e-09
1.813500000000000000e+03 1.196820000000000009e-09
1.817500000000000000e+03 4.832360000000000464e-10
1.821500000000000000e+03 5.905530000000000182e-11
1.825500000000000000e+03 7.165859999999999922e-13
1.829500000000000000e+03 8.190500000000000290e-13
1.833500000000000000e+03 9.194990000000000990e-13
1.837500000000000000e+03 1.017410000000000004e-12
1.841500000000000000e+03 1.113539999999999918e-12
1.845500000000000000e+03 1.208429999999999931e-12
1.849500000000000000e+03 1.301699999999999997e-12
1.853500000000000000e+03 1.393700000000000009e-12
1.857500000000000000e+03 1.484819999999999927e-12
1.861500000000000000e+03 1.574780000000000081e-12
1.865500000000000000e+03 1.663750000000000055e-12
1.869500000000000000e+03 1.752040000000000075e-12
1.873500000000000000e+03 1.839580000000000124e-12
1.877500000000000000e+03 1.930070000000000075e-12
1.881500000000000000e+03 2.021590000000000073e-12
1.885500000000000000e+03 5.172269999999999966e-09
1.889500000000000000e+03 1.154559999999999983e-07
1.893500000000000000e+03 2.670919999999999938e-07
1.897500000000000000e+03 4.749689999999999963e-07
1.901500000000000000e+03 8.197079999999999706e-07
1.905500000000000000e+03 1.285800000000000039e-06
1.909500000000000000e+03 1.923389999999999808e-06
1.913500000000000000e+03 2.600430000000000105e-06
1.917500000000000000e+03 3.304959999999999863e-06
1.921500000000000000e+03 4.051200000000000277e-06
1.925500000000000000e+03 4.805140000000000211e-06
1.929500000000000000e+03 5.536699999999999861e-06
1.933500000000000000e+03 6.236340000000000163e-06
1.937500000000000000e+03 6.958400000000000158e-06
1.941500000000000000e+03 7.705830000000000386e-06
1.945500000000000000e+03 8.492849999999999502e-06
1.949500000000000000e+03 9.318509999999999657e-06
1.953500000000000000e+03 1.016200000000000028e-05
1.957500000000000000e+03 1.104539999999999931e-05
1.961500000000000000e+03 1.210709999999999967e-05
1.965500000000000000e+03 1.322910000000000011e-05
1.969500000000000000e+03 1.445409999999999939e-05
1.973500000000000000e+03 1.583899999999999862e-05
1.977500000000000000e+03 1.736690000000000138e-05
1.981500000000000000e+03 1.909880000000000085e-05
1.985500000000000000e+03 2.068580000000000107e-05
1.989500000000000000e+03 2.223339999999999960e-05
1.993500000000000000e+03 2.370020000000000053e-05
1.997500000000000000e+03 2.500059999999999913e-05
2.001500000000000000e+03 2.611599999999999864e-05
2.005500000000000000e+03 2.693519999999999920e-05
2.009500000000000000e+03 2.766550000000000134e-05
2.013500000000000000e+03 2.840629999999999940e-05
2.017500000000000000e+03 2.916309999999999866e-05
2.021500000000000000e+03 2.991709999999999856e-05
2.025500000000000000e+03 3.066690000000000279e-05
2.029500000000000000e+03 3.141390000000000089e-05
2.033500000000000000e+03 3.219159999999999855e-05
2.037500000000000000e+03 3.297240000000000300e-05
2.041500000000000000e+03 3.376179999999999920e-05
2.045500000000000000e+03 3.457149999999999926e-05
2.049500000000000000e+03 3.540829999999999775e-05
2.053500000000000000e+03 3.629209999999999766e-05
2.057500000000000000e+03 3.718799999999999699e-05
2.061500000000000000e+03 3.807780000000000328e-05
2.065500000000000000e+03 3.896380000000000123e-05
2.069500000000000000e+03 3.989019999999999968e-05
2.073500000000000000e+03 4.082460000000000212e-05
2.077500000000000000e+03 4.179100000000000019e-05
2.081500000000000000e+03 4.285579999999999717e-05
2.085500000000000000e+03 4.449469999999999939e-05
2.089500000000000000e+03 4.700170000000000097e-05
2.093500000000000000e+03 4.937540000000000163e-05
2.097500000000000000e+03 5.072050000000000338e-05
2.101500000000000000e+03 5.200220000000000162e-05
2.105500000000000000e+03 5.341039999999999942e-05
2.109500000000000000e+03 5.482010000000000051e-05
2.113500000000000000e+03 5.638239999999999740e-05
2.117500000000000000e+03 5.851229999999999881e-05
2.121500000000000000e+03 6.077540000000000091e-05
2.125500000000000000e+03 6.314340000000000263e-05
2.129500000000000000e+03 6.480959999999999694e-05
2.133500000000000000e+03 6.663060000000000543e-05
2.137500000000000000e+03 6.845579999999999601e-05
2.141500000000000000e+03 6.954749999999999778e-05
2.145500000000000000e+03 6.995719999999999489e-05
2.149500000000000000e+03 6.885469999999999655e-05
2.153500000000000000e+03 6.672650000000000564e-05
2.157500000000000000e+03 6.451359999999999842e-05
2.161500000000000000e+03 6.197339999999999858e-05
2.165500000000000000e+03 5.866540000000000247e-05
2.169500000000000000e+03 5.518349999999999774e-05
2.173500000000000000e+03 5.234240000000000220e-05
2.177500000000000000e+03 5.202299999999999980e-05
2.181500000000000000e+03 5.076300000000000170e-05
2.185500000000000000e+03 4.712190000000000026e-05
2.189500000000000000e+03 4.387309999999999843e-05
2.193500000000000000e+03 4.131940000000000287e-05
2.197500000000000000e+03 4.017059999999999788e-05
2.201500000000000000e+03 3.994330000000000092e-05
2.205500000000000000e+03 3.974669999999999674e-05
2.209500000000000000e+03 3.966399999999999836e-05
2.213500000000000000e+03 3.959669999999999987e-05
2.217500000000000000e+03 3.954180000000000146e-05
2.221500000000000000e+03 3.952479999999999806e-05
2.225500000000000000e+03 3.962409999999999896e-05
2.229500000000000000e+03 3.974199999999999998e-05
2.233500000000000000e+03 3.967569999999999691e-05
2.237500000000000000e+03 3.955919999999999895e-05
2.241500000000000000e+03 3.954709999999999953e-05
2.245500000000000000e+03 3.965890000000000073e-05
2.249500000000000000e+03 3.975190000000000136e-05
2.253500000000000000e+03 3.979900000000000299e-05
2.257500000000000000e+03 3.990129999999999692e-05
2.261500000000000000e+03 4.005180000000000166e-05
2.265500000000000000e+03 4.018969999999999910e-05
2.269500000000000000e+03 4.033940000000000209e-05
2.273500000000000000e+03 4.056579999999999708e-05
2.277500000000000000e+03 4.081490000000000118e-05
2.281500000000000000e+03 4.117970000000000148e-05
2.285500000000000000e+03 4.170039999999999804e-05
2.289500000000000000e+03 4.228789999999999876e-05
2.293500000000000000e+03 4.318629999999999680e-05
2.297500000000000000e+03 4.430839999999999746e-05
2.301500000000000000e+03 4.551459999999999957e-05
2.305500000000000000e+03 4.684390000000000055e-05
2.309500000000000000e+03 4.824339999999999960e-05
2.313500000000000000e+03 4.966789999999999926e-05
2.317500000000000000e+03 5.131089999999999691e-05
2.321500000000000000e+03 5.324639999999999896e-05
2.325500000000000000e+03 5.527190000000000185e-05
2.329500000000000000e+03 5.762330000000000105e-05
2.333500000000000000e+03 6.034179999999999882e-05
2.337500000000000000e+03 6.305820000000000555e-05
2.341500000000000000e+03 6.630089999999999400e-05
2.345500000000000000e+03 7.036949999999999770e-05
2.349500000000000000e+03 7.463949999999999578e-05
2.353500000000000000e+03 7.987960000000000004e-05
2.357500000000000000e+03 8.642890000000000186e-05
2.361500000000000000e+03 9.332289999999999379e-05
2.365500000000000000e+03 1.015799999999999998e-04
2.369500000000000000e+03 1.118149999999999992e-04
2.373500000000000000e+03 1.224490000000000062e-04
2.377500000000000000e+03 1.356069999999999910e-04
2.381500000000000000e+03 1.521960000000000045e-04
2.385500000000000000e+03 1.691479999999999872e-04
2.389500000000000000e+03 1.913060000000000010e-04
2.393500000000000000e+03 2.206329999999999999e-04
2.397500000000000000e+03 2.508769999999999902e-04
2.401500000000000000e+03 2.923439999999999915e-04
2.405500000000000000e+03 3.493389999999999972e-04
2.409500000000000000e+03 4.088499999999999903e-04
2.413500000000000000e+03 4.923819999999999759e-04
2.417500000000000000e+03 6.076159999999999504e-04
2.421500000000000000e+03 7.276119999999999853e-04
2.425500000000000000e+03 8.959330000000000158e-04
2.429500000000000000e+03 1.126150000000000024e-03
2.433500000000000000e+03 1.365420000000000002e-03
2.437500000000000000e+03 1.689139999999999999e-03
2.441500000000000000e+03 2.118440000000000080e-03
2.445500000000000000e+03 2.565439999999999995e-03
2.449500000000000000e+03 3.140200000000000109e-03
2.453500000000000000e+03 3.867820000000000112e-03
2.457500000000000000e+03 4.622639999999999909e-03
2.461500000000000000e+03 5.531239999999999768e-03
2.465500000000000000e+03 6.618409999999999918e-03
2.469500000000000000e+03 7.739629999999999947e-03
2.473500000000000000e+03 8.993380000000000471e-03
2.477500000000000000e+03 1.039819999999999980e-02
2.481500000000000000e+03 1.183550000000000053e-02
2.485500000000000000e+03 1.333520000000000018e-02
2.489500000000000000e+03 1.490020000000000060e-02
2.493500000000000000e+03 1.648130000000000081e-02
2.497500000000000000e+03 1.801240000000000133e-02
2.501500000000000000e+03 1.948480000000000004e-02
2.505500000000000000e+03 2.094980000000000106e-02
2.509500000000000000e+03 2.227020000000000041e-02
2.513500000000000000e+03 2.343069999999999875e-02
2.517500000000000000e+03 2.456279999999999922e-02
2.521500000000000000e+03 2.551780000000000020e-02
2.525500000000000000e+03 2.627710000000000115e-02
2.529500000000000000e+03 2.707110000000000072e-02
2.533500000000000000e+03 2.776030000000000164e-02
2.537500000000000000e+03 2.828920000000000046e-02
2.541500000000000000e+03 2.879419999999999896e-02
2.545500000000000000e+03 2.924269999999999994e-02
2.549500000000000000e+03 2.972150000000000139e-02
2.553500000000000000e+03 3.020839999999999984e-02
2.557500000000000000e+03 3.074510000000000090e-02
2.561500000000000000e+03 3.130739999999999912e-02
2.565500000000000000e+03 3.188880000000000187e-02
2.569500000000000000e+03 3.255770000000000192e-02
2.573500000000000000e+03 3.327490000000000309e-02
2.577500000000000000e+03 3.400210000000000038e-02
2.581500000000000000e+03 3.474359999999999948e-02
2.585500000000000000e+03 3.546629999999999922e-02
2.589500000000000000e+03 3.627419999999999950e-02
2.593500000000000000e+03 3.709649999999999753e-02
2.597500000000000000e+03 3.793259999999999688e-02
2.601500000000000000e+03 3.885630000000000334e-02
2.605500000000000000e+03 3.981799999999999923e-02
2.609500000000000000e+03 4.090160000000000323e-02
2.613500000000000000e+03 4.206039999999999779e-02
2.617500000000000000e+03 4.331750000000000184e-02
2.621500000000000000e+03 4.472199999999999787e-02
2.625500000000000000e+03 4.615489999999999871e-02
2.629500000000000000e+03 4.787369999999999820e-02
2.633500000000000000e+03 4.966369999999999812e-02
2.637500000000000000e+03 5.162989999999999940e-02
2.641500000000000000e+03 5.373769999999999936e-02
2.645500000000000000e+03 5.596290000000000292e-02
2.649500000000000000e+03 5.832770000000000316e-02
2.653500000000000000e+03 6.074000000000000232e-02
2.657500000000000000e+03 6.319439999999999780e-02
2.661500000000000000e+03 6.570929999999999827e-02
2.665500000000000000e+03 6.817549999999999999e-02
2.669500000000000000e+03 7.069849999999999746e-02
2.673500000000000000e+03 7.320559999999999568e-02
2.677500000000000000e+03 7.563989999999999603e-02
2.681500000000000000e+03 7.802910000000000401e-02
2.685500000000000000e+03 8.028100000000000513e-02
2.689500000000000000e+03 8.241850000000000565e-02
2.693500000000000000e+03 8.442049999999999554e-02
2.697500000000000000e+03 8.624199999999999922e-02
2.701500000000000000e+03 8.800020000000000064e-02
2.705500000000000000e+03 8.954959999999999309e-02
2.709500000000000000e+03 9.099790000000000656e-02
2.713500000000000000e+03 9.224699999999999567e-02
2.717500000000000000e+03 9.326420000000000543e-02
2.721500000000000000e+03 9.415239999999999720e-02
2.725500000000000000e+03 9.475649999999999351e-02
2.729500000000000000e+03 9.544310000000000294e-02
2.733500000000000000e+03 9.644740000000000257e-02
2.737500000000000000e+03 9.770940000000000181e-02
2.741500000000000000e+03 9.914230000000000265e-02
2.745500000000000000e+03 1.008560000000000012e-01
2.749500000000000000e+03 1.025680000000000064e-01
2.753500000000000000e+03 1.043380000000000002e-01
2.757500000000000000e+03 1.061399999999999982e-01
2.761500000000000000e+03 1.081050000000000066e-01
2.765500000000000000e+03 1.100990000000000024e-01
2.769500000000000000e+03 1.121280000000000054e-01
2.773500000000000000e+03 1.141130000000000061e-01
2.777500000000000000e+03 1.159160000000000051e-01
2.781500000000000000e+03 1.177409999999999984e-01
2.785500000000000000e+03 1.192980000000000013e-01
2.789500000000000000e+03 1.206779999999999936e-01
2.793500000000000000e+03 1.217479999999999951e-01
2.797500000000000000e+03 1.225770000000000054e-01
2.801500000000000000e+03 1.231629999999999947e-01
2.805500000000000000e+03 1.236020000000000035e-01
2.809500000000000000e+03 1.240190000000000042e-01
2.813500000000000000e+03 1.244409999999999961e-01
2.817500000000000000e+03 1.251319999999999932e-01
2.821500000000000000e+03 1.261200000000000099e-01
2.825500000000000000e+03 1.276359999999999995e-01
2.829500000000000000e+03 1.299260000000000137e-01
2.833500000000000000e+03 1.334299999999999931e-01
2.837500000000000000e+03 1.389890000000000014e-01
2.841500000000000000e+03 1.470269999999999910e-01
2.845500000000000000e+03 1.591930000000000012e-01
2.849500000000000000e+03 1.755970000000000031e-01
2.853500000000000000e+03 1.986439999999999872e-01
2.857500000000000000e+03 2.276749999999999885e-01
2.861500000000000000e+03 2.632570000000000188e-01
2.865500000000000000e+03 3.057079999999999798e-01
2.869500000000000000e+03 3.510989999999999944e-01
2.873500000000000000e+03 4.001930000000000209e-01
2.877500000000000000e+03 4.507189999999999808e-01
2.881500000000000000e+03 4.998190000000000133e-01
2.885500000000000000e+03 5.477910000000000279e-01
2.889500000000000000e+03 5.924380000000000202e-01
2.893500000000000000e+03 6.353090000000000126e-01
2.897500000000000000e+03 6.798399999999999999e-01
2.901500000000000000e+03 7.236089999999999467e-01
2.905500000000000000e+03 7.674569999999999448e-01
2.909500000000000000e+03 8.104120000000000212e-01
2.913500000000000000e+03 8.522450000000000303e-01
2.917500000000000000e+03 8.913159999999999972e-01
2.921500000000000000e+03 9.259420000000000428e-01
2.925500000000000000e+03 9.510150000000000547e-01
2.929500000000000000e+03 9.718609999999999749e-01
2.933500000000000000e+03 9.833830000000000071e-01
2.937500000000000000e+03 9.921600000000000419e-01
2.941500000000000000e+03 9.947279999999999456e-01
2.945500000000000000e+03 9.957190000000000207e-01
2.949500000000000000e+03 9.959980000000000500e-01
2.953500000000000000e+03 9.963800000000000434e-01
2.957500000000000000e+03 9.975990000000000135e-01
2.961500000000000000e+03 9.994239999999999791e-01
2.965500000000000000e+03 1.000000000000000000e+00
2.969500000000000000e+03 9.986549999999999594e-01
2.973500000000000000e+03 9.951039999999999885e-01
2.977500000000000000e+03 9.906289999999999818e-01
2.981500000000000000e+03 9.843250000000000055e-01
2.985500000000000000e+03 9.738350000000000062e-01
2.989500000000000000e+03 9.604719999999999924e-01
2.993500000000000000e+03 9.393869999999999720e-01
2.997500000000000000e+03 9.139979999999999771e-01
3.001500000000000000e+03 8.811149999999999816e-01
3.005500000000000000e+03 8.429379999999999651e-01
3.009500000000000000e+03 8.004850000000000021e-01
3.013500000000000000e+03 7.539709999999999468e-01
3.017500000000000000e+03 7.055350000000000232e-01
3.021500000000000000e+03 6.554299999999999571e-01
3.025500000000000000e+03 6.051560000000000272e-01
3.029500000000000000e+03 5.550580000000000513e-01
3.033500000000000000e+03 5.063159999999999883e-01
3.037500000000000000e+03 4.579759999999999942e-01
3.041500000000000000e+03 4.110940000000000150e-01
3.045500000000000000e+03 3.657110000000000083e-01
3.049500000000000000e+03 3.217700000000000005e-01
3.053500000000000000e+03 2.802370000000000139e-01
3.057500000000000000e+03 2.429290000000000060e-01
3.061500000000000000e+03 2.103599999999999914e-01
3.065500000000000000e+03 1.855219999999999925e-01
3.069500000000000000e+03 1.651019999999999988e-01
3.073500000000000000e+03 1.511800000000000088e-01
3.077500000000000000e+03 1.398669999999999913e-01
3.081500000000000000e+03 1.319309999999999927e-01
3.085500000000000000e+03 1.256420000000000037e-01
3.089500000000000000e+03 1.211499999999999938e-01
3.093500000000000000e+03 1.175920000000000021e-01
3.097500000000000000e+03 1.149690000000000017e-01
3.101500000000000000e+03 1.129890000000000061e-01
3.105500000000000000e+03 1.112830000000000069e-01
3.109500000000000000e+03 1.097019999999999940e-01
3.113500000000000000e+03 1.081830000000000014e-01
3.117500000000000000e+03 1.068059999999999982e-01
3.121500000000000000e+03 1.056170000000000025e-01
3.125500000000000000e+03 1.044940000000000035e-01
3.129500000000000000e+03 1.037310000000000038e-01
3.133500000000000000e+03 1.032509999999999956e-01
3.137500000000000000e+03 1.033970000000000028e-01
3.141500000000000000e+03 1.036539999999999961e-01
3.145500000000000000e+03 1.036269999999999969e-01
3.149500000000000000e+03 1.034650000000000014e-01
3.153500000000000000e+03 1.028749999999999942e-01
3.157500000000000000e+03 1.019449999999999940e-01
3.161500000000000000e+03 1.012279999999999985e-01
3.165500000000000000e+03 1.004479999999999956e-01
3.169500000000000000e+03 9.954830000000000623e-02
3.173500000000000000e+03 9.834360000000000324e-02
3.177500000000000000e+03 9.697200000000000264e-02
3.181500000000000000e+03 9.518980000000000496e-02
3.185500000000000000e+03 9.318039999999999656e-02
3.189500000000000000e+03 9.076969999999999483e-02
3.193500000000000000e+03 8.829480000000000661e-02
3.197500000000000000e+03 8.572029999999999927e-02
3.201500000000000000e+03 8.304400000000000670e-02
3.205500000000000000e+03 8.036730000000000262e-02
3.209500000000000000e+03 7.767480000000000218e-02
3.213500000000000000e+03 7.527309999999999557e-02
3.217500000000000000e+03 7.288039999999999796e-02
3.221500000000000000e+03 7.042479999999999574e-02
3.225500000000000000e+03 6.801210000000000588e-02
3.229500000000000000e+03 6.563779999999999615e-02
3.233500000000000000e+03 6.331109999999999516e-02
3.237500000000000000e+03 6.120230000000000115e-02
3.241500000000000000e+03 5.906650000000000095e-02
3.245500000000000000e+03 5.699760000000000243e-02
3.249500000000000000e+03 5.491309999999999941e-02
3.253500000000000000e+03 5.280800000000000077e-02
3.257500000000000000e+03 5.075260000000000188e-02
3.261500000000000000e+03 4.879370000000000235e-02
3.265500000000000000e+03 4.697670000000000318e-02
3.269500000000000000e+03 4.524720000000000131e-02
3.273500000000000000e+03 4.357849999999999918e-02
3.277500000000000000e+03 4.209759999999999891e-02
3.281500000000000000e+03 4.064519999999999939e-02
3.285500000000000000e+03 3.933749999999999747e-02
3.289500000000000000e+03 3.807579999999999992e-02
3.293500000000000000e+03 3.689680000000000043e-02
3.297500000000000000e+03 3.581310000000000049e-02
3.301500000000000000e+03 3.478189999999999754e-02
3.305500000000000000e+03 3.385269999999999946e-02
3.309500000000000000e+03 3.294620000000000187e-02
3.313500000000000000e+03 3.208450000000000191e-02
3.317500000000000000e+03 3.127049999999999969e-02
3.321500000000000000e+03 3.047390000000000168e-02
3.325500000000000000e+03 2.969940000000000080e-02
3.329500000000000000e+03 2.893480000000000010e-02
3.333500000000000000e+03 2.817700000000000066e-02
3.337500000000000000e+03 2.738629999999999884e-02
3.341500000000000000e+03 2.657170000000000018e-02
3.345500000000000000e+03 2.572730000000000156e-02
3.349500000000000000e+03 2.480030000000000082e-02
3.353500000000000000e+03 2.378370000000000137e-02
3.357500000000000000e+03 2.273980000000000098e-02
3.361500000000000000e+03 2.170640000000000069e-02
3.365500000000000000e+03 2.061719999999999872e-02
3.369500000000000000e+03 1.949019999999999919e-02
3.373500000000000000e+03 1.832019999999999829e-02
3.377500000000000000e+03 1.711270000000000152e-02
3.381500000000000000e+03 1.591050000000000103e-02
3.385500000000000000e+03 1.471030000000000081e-02
3.389500000000000000e+03 1.350299999999999938e-02
3.393500000000000000e+03 1.231490000000000015e-02
3.397500000000000000e+03 1.115649999999999975e-02
3.401500000000000000e+03 1.003300000000000025e-02
3.405500000000000000e+03 8.979950000000000432e-03
3.409500000000000000e+03 7.969290000000000401e-03
3.413500000000000000e+03 6.860119999999999933e-03
3.417500000000000000e+03 5.784489999999999771e-03
3.421500000000000000e+03 4.999319999999999806e-03
3.425500000000000000e+03 4.356020000000000378e-03
3.429500000000000000e+03 3.764330000000000193e-03
3.433500000000000000e+03 3.233989999999999955e-03
3.437500000000000000e+03 2.774239999999999866e-03
3.441500000000000000e+03 2.361699999999999997e-03
3.445500000000000000e+03 2.000720000000000103e-03
3.449500000000000000e+03 1.690550000000000082e-03
3.453500000000000000e+03 1.421139999999999990e-03
3.457500000000000000e+03 1.195120000000000036e-03
3.461500000000000000e+03 1.005669999999999958e-03
3.465500000000000000e+03 8.438620000000000192e-04
3.469500000000000000e+03 7.060080000000000479e-04
3.473500000000000000e+03 5.911850000000000395e-04
3.477500000000000000e+03 4.938440000000000104e-04
3.481500000000000000e+03 4.118290000000000037e-04
3.485500000000000000e+03 3.444760000000000270e-04
3.489500000000000000e+03 2.882159999999999930e-04
3.493500000000000000e+03 2.414130000000000009e-04
3.497500000000000000e+03 2.031930000000000043e-04
3.501500000000000000e+03 1.717110000000000099e-04
3.505500000000000000e+03 1.457850000000000010e-04
3.509500000000000000e+03 1.246089999999999991e-04
3.513500000000000000e+03 1.071880000000000044e-04
3.517500000000000000e+03 9.296759999999999399e-05
3.521500000000000000e+03 8.153570000000000609e-05
3.525500000000000000e+03 7.205000000000000304e-05
3.529500000000000000e+03 6.441000000000000165e-05
3.533500000000000000e+03 5.853309999999999698e-05
3.537500000000000000e+03 5.391049999999999824e-05
3.541500000000000000e+03 5.038280000000000151e-05
3.545500000000000000e+03 4.776099999999999893e-05
3.549500000000000000e+03 4.566380000000000146e-05
3.553500000000000000e+03 4.411240000000000137e-05
3.557500000000000000e+03 4.296960000000000276e-05
3.561500000000000000e+03 4.202219999999999892e-05
3.565500000000000000e+03 4.123910000000000298e-05
3.569500000000000000e+03 4.051270000000000262e-05
3.573500000000000000e+03 3.975200000000000158e-05
3.577500000000000000e+03 3.898860000000000140e-05
3.581500000000000000e+03 3.809290000000000251e-05
3.585500000000000000e+03 3.709829999999999682e-05
3.589500000000000000e+03 3.594730000000000055e-05
3.593500000000000000e+03 3.460449999999999708e-05
3.597500000000000000e+03 3.319889999999999820e-05
3.601500000000000000e+03 3.169180000000000038e-05
3.605500000000000000e+03 3.001759999999999869e-05
3.609500000000000000e+03 2.829049999999999959e-05
3.613500000000000000e+03 2.645550000000000107e-05
3.617500000000000000e+03 2.459620000000000008e-05
3.621500000000000000e+03 2.284310000000000157e-05
3.625500000000000000e+03 2.112669999999999883e-05
3.629500000000000000e+03 1.946129999999999949e-05
3.633500000000000000e+03 1.785330000000000066e-05
3.637500000000000000e+03 1.632230000000000126e-05
3.641500000000000000e+03 1.498000000000000057e-05
3.645500000000000000e+03 1.378739999999999949e-05
3.649500000000000000e+03 1.273219999999999983e-05
3.653500000000000000e+03 1.185979999999999951e-05
3.657500000000000000e+03 1.109470000000000069e-05
3.661500000000000000e+03 1.048510000000000063e-05
3.665500000000000000e+03 1.002850000000000063e-05
3.669500000000000000e+03 9.621019999999999578e-06
3.673500000000000000e+03 9.304380000000000522e-06
3.677500000000000000e+03 9.102259999999999822e-06
3.681500000000000000e+03 8.962159999999999249e-06
3.685500000000000000e+03 8.900760000000000141e-06
3.689500000000000000e+03 8.862899999999999457e-06
3.693500000000000000e+03 8.839450000000000554e-06
3.697500000000000000e+03 8.834460000000000454e-06
3.701500000000000000e+03 8.844039999999999776e-06
3.705500000000000000e+03 8.925409999999999982e-06
3.709500000000000000e+03 9.015679999999999373e-06
3.713500000000000000e+03 9.105150000000000399e-06
3.717500000000000000e+03 9.194020000000000108e-06
3.721500000000000000e+03 9.315440000000000040e-06
3.725500000000000000e+03 9.507850000000000795e-06
3.729500000000000000e+03 9.748059999999999635e-06
3.733500000000000000e+03 1.000920000000000066e-05
3.737500000000000000e+03 1.032900000000000055e-05
3.741500000000000000e+03 1.064069999999999961e-05
3.745500000000000000e+03 1.102900000000000062e-05
3.749500000000000000e+03 1.144579999999999975e-05
3.753500000000000000e+03 1.181480000000000079e-05
3.757500000000000000e+03 1.216729999999999953e-05
3.761500000000000000e+03 1.251279999999999987e-05
3.765500000000000000e+03 1.283619999999999918e-05
3.769500000000000000e+03 1.316409999999999988e-05
3.773500000000000000e+03 1.337869999999999949e-05
3.777500000000000000e+03 1.347420000000000052e-05
3.781500000000000000e+03 1.348919999999999953e-05
3.785500000000000000e+03 1.342940000000000054e-05
3.789500000000000000e+03 1.339070000000000039e-05
3.793500000000000000e+03 1.326119999999999934e-05
3.797500000000000000e+03 1.301089999999999938e-05
3.801500000000000000e+03 1.275790000000000028e-05
3.805500000000000000e+03 1.246879999999999995e-05
3.809500000000000000e+03 1.214150000000000056e-05
3.813500000000000000e+03 1.181189999999999951e-05
3.817500000000000000e+03 1.142070000000000062e-05
3.821500000000000000e+03 1.109329999999999931e-05
3.825500000000000000e+03 1.079030000000000069e-05
3.829500000000000000e+03 1.055670000000000008e-05
3.833500000000000000e+03 1.038869999999999932e-05
3.837500000000000000e+03 1.023289999999999989e-05
3.841500000000000000e+03 1.010689999999999974e-05
3.845500000000000000e+03 1.002830000000000019e-05
3.849500000000000000e+03 9.972390000000000586e-06
3.853500000000000000e+03 9.960110000000000426e-06
3.857500000000000000e+03 9.950420000000000185e-06
3.861500000000000000e+03 9.940729999999999944e-06
3.865500000000000000e+03 9.931030000000000697e-06
3.869500000000000000e+03 9.921329999999999757e-06
3.873500000000000000e+03 9.911639999999999516e-06
3.877500000000000000e+03 9.901929999999999570e-06
3.881500000000000000e+03 9.892090000000000694e-06
3.885500000000000000e+03 9.881969999999999172e-06
3.889500000000000000e+03 9.871829999999999638e-06
3.893500000000000000e+03 9.881070000000000586e-06
3.897500000000000000e+03 9.930730000000000040e-06
3.901500000000000000e+03 9.981389999999999992e-06
3.905500000000000000e+03 1.004160000000000056e-05
3.909500000000000000e+03 1.012149999999999957e-05
3.913500000000000000e+03 1.022269999999999955e-05
3.917500000000000000e+03 1.036220000000000050e-05
3.921500000000000000e+03 1.050169999999999976e-05
3.925500000000000000e+03 1.065660000000000060e-05
3.929500000000000000e+03 1.087530000000000072e-05
3.933500000000000000e+03 1.111370000000000000e-05
3.937500000000000000e+03 1.139910000000000069e-05
3.941500000000000000e+03 1.169970000000000082e-05
3.945500000000000000e+03 1.199060000000000002e-05
3.949500000000000000e+03 1.230300000000000062e-05
3.953500000000000000e+03 1.259459999999999966e-05
3.957500000000000000e+03 1.284820000000000008e-05
3.961500000000000000e+03 1.309080000000000009e-05
3.965500000000000000e+03 1.328999999999999981e-05
3.969500000000000000e+03 1.345229999999999993e-05
3.973500000000000000e+03 1.359140000000000001e-05
3.977500000000000000e+03 1.369350000000000027e-05
3.981500000000000000e+03 1.382110000000000054e-05
3.985500000000000000e+03 1.390189999999999983e-05
3.989500000000000000e+03 1.389680000000000051e-05
3.993500000000000000e+03 1.387239999999999952e-05
3.997500000000000000e+03 1.382059999999999944e-05
4.001500000000000000e+03 1.375610000000000031e-05
4.005500000000000000e+03 1.367389999999999964e-05
4.009500000000000000e+03 1.355119999999999995e-05
4.013500000000000000e+03 1.346459999999999980e-05
4.017500000000000000e+03 1.339639999999999933e-05
4.021500000000000000e+03 1.337220000000000048e-05
4.025500000000000000e+03 1.335610000000000075e-05
4.029500000000000000e+03 1.333990000000000081e-05
4.033500000000000000e+03 1.332369999999999917e-05
4.037500000000000000e+03 1.330740000000000070e-05
4.041500000000000000e+03 1.329110000000000053e-05
4.045500000000000000e+03 1.327480000000000036e-05
4.049500000000000000e+03 1.325850000000000020e-05
4.053500000000000000e+03 1.324199999999999959e-05
4.057500000000000000e+03 1.322550000000000068e-05
4.061500000000000000e+03 1.323850000000000039e-05
4.065500000000000000e+03 1.327979999999999947e-05
4.069500000000000000e+03 1.332120000000000046e-05
4.073500000000000000e+03 1.333450000000000083e-05
4.077500000000000000e+03 1.332239999999999970e-05
4.081500000000000000e+03 1.333009999999999965e-05
4.085500000000000000e+03 1.338900000000000005e-05
4.089500000000000000e+03 1.346049999999999928e-05
4.093500000000000000e+03 1.351609999999999922e-05
4.097500000000000000e+03 1.354670000000000025e-05
4.101500000000000000e+03 1.356990000000000030e-05
4.105500000000000000e+03 1.364229999999999981e-05
4.109500000000000000e+03 1.374499999999999969e-05
4.113500000000000000e+03 1.386050000000000053e-05
4.117500000000000000e+03 1.391939999999999924e-05
4.121500000000000000e+03 1.396599999999999978e-05
4.125500000000000000e+03 1.403190000000000028e-05
4.129500000000000000e+03 1.413819999999999958e-05
4.133500000000000000e+03 1.423999999999999919e-05
4.137500000000000000e+03 1.431390000000000029e-05
4.141500000000000000e+03 1.435989999999999951e-05
4.145500000000000000e+03 1.447460000000000029e-05
4.149500000000000000e+03 1.462269999999999977e-05
4.153500000000000000e+03 1.481010000000000072e-05
4.157500000000000000e+03 1.498039999999999975e-05
4.161500000000000000e+03 1.513910000000000045e-05
4.165500000000000000e+03 1.532599999999999861e-05
4.169500000000000000e+03 1.552790000000000087e-05
4.173500000000000000e+03 1.572530000000000003e-05
4.177500000000000000e+03 1.588589999999999981e-05
4.181500000000000000e+03 1.600390000000000105e-05
4.185500000000000000e+03 1.612090000000000010e-05
4.189500000000000000e+03 1.626109999999999920e-05
4.193500000000000000e+03 1.643510000000000126e-05
4.197500000000000000e+03 1.661850000000000022e-05
4.201500000000000000e+03 1.675490000000000115e-05
4.205500000000000000e+03 1.684560000000000012e-05
4.209500000000000000e+03 1.693080000000000060e-05
4.213500000000000000e+03 1.705140000000000076e-05
4.217500000000000000e+03 1.719190000000000052e-05
4.221500000000000000e+03 1.731450000000000168e-05
4.225500000000000000e+03 1.741150000000000092e-05
4.229500000000000000e+03 1.759070000000000083e-05
4.233500000000000000e+03 1.782449999999999849e-05
4.237500000000000000e+03 1.810159999999999962e-05
4.241500000000000000e+03 1.835019999999999924e-05
4.245500000000000000e+03 1.858009999999999851e-05
4.249500000000000000e+03 1.881720000000000002e-05
4.253500000000000000e+03 1.902059999999999878e-05
4.257500000000000000e+03 1.919039999999999841e-05
4.261500000000000000e+03 1.933370000000000092e-05
4.265500000000000000e+03 1.951460000000000117e-05
4.269500000000000000e+03 1.973100000000000133e-05
4.273500000000000000e+03 1.996900000000000142e-05
4.277500000000000000e+03 2.015910000000000152e-05
4.281500000000000000e+03 2.033609999999999999e-05
4.285500000000000000e+03 2.050409999999999906e-05
4.289500000000000000e+03 2.064919999999999874e-05
4.293500000000000000e+03 2.077109999999999837e-05
4.297500000000000000e+03 2.084050000000000147e-05
4.301500000000000000e+03 2.090330000000000026e-05
4.305500000000000000e+03 2.097999999999999903e-05
4.309500000000000000e+03 2.108150000000000136e-05
4.313500000000000000e+03 2.121290000000000149e-05
4.317500000000000000e+03 2.134240000000000085e-05
4.321500000000000000e+03 2.147439999999999890e-05
4.325500000000000000e+03 2.160429999999999913e-05
4.329500000000000000e+03 2.173899999999999972e-05
4.333500000000000000e+03 2.189789999999999917e-05
4.337500000000000000e+03 2.212659999999999920e-05
4.341500000000000000e+03 2.237640000000000145e-05
4.345500000000000000e+03 2.262069999999999841e-05
4.349500000000000000e+03 2.282430000000000101e-05
4.353500000000000000e+03 2.302269999999999897e-05
4.357500000000000000e+03 2.323929999999999957e-05
4.361500000000000000e+03 2.346430000000000165e-05
4.365500000000000000e+03 2.366780000000000064e-05
4.369500000000000000e+03 2.384060000000000007e-05
4.373500000000000000e+03 2.403769999999999857e-05
4.377500000000000000e+03 2.426659999999999904e-05
4.381500000000000000e+03 2.451659999999999834e-05
4.385500000000000000e+03 2.473669999999999984e-05
4.389500000000000000e+03 2.493490000000000075e-05
4.393500000000000000e+03 2.513829999999999952e-05
4.397500000000000000e+03 2.536270000000000028e-05
4.401500000000000000e+03 2.558959999999999975e-05
4.405500000000000000e+03 2.580340000000000099e-05
4.409500000000000000e+03 2.604570000000000035e-05
4.413500000000000000e+03 2.631999999999999872e-05
4.417500000000000000e+03 2.661349999999999854e-05
4.421500000000000000e+03 2.688480000000000050e-05
4.425500000000000000e+03 2.712290000000000081e-05
4.429500000000000000e+03 2.735020000000000116e-05
4.433500000000000000e+03 2.755580000000000136e-05
4.437500000000000000e+03 2.775729999999999935e-05
4.441500000000000000e+03 2.795499999999999916e-05
4.445500000000000000e+03 2.819560000000000157e-05
4.449500000000000000e+03 2.846829999999999982e-05
4.453500000000000000e+03 2.874830000000000053e-05
4.457500000000000000e+03 2.900999999999999838e-05
4.461500000000000000e+03 2.925439999999999895e-05
4.465500000000000000e+03 2.951249999999999907e-05
4.469500000000000000e+03 2.981150000000000079e-05
4.473500000000000000e+03 3.010249999999999851e-05
4.477500000000000000e+03 3.037880000000000127e-05
4.481500000000000000e+03 3.066169999999999817e-05
4.485500000000000000e+03 3.097369999999999789e-05
4.489500000000000000e+03 3.131939999999999697e-05
4.493500000000000000e+03 3.171559999999999836e-05
4.497500000000000000e+03 3.209829999999999726e-05
4.501500000000000000e+03 3.247609999999999896e-05
4.505500000000000000e+03 3.285349999999999978e-05
4.509500000000000000e+03 3.325630000000000209e-05
4.513500000000000000e+03 3.366609999999999942e-05
4.517500000000000000e+03 3.407810000000000158e-05
4.521500000000000000e+03 3.450009999999999855e-05
4.525500000000000000e+03 3.473580000000000038e-05
4.529500000000000000e+03 3.417609999999999962e-05
4.533500000000000000e+03 3.353599999999999875e-05
4.537500000000000000e+03 3.311700000000000158e-05
4.541500000000000000e+03 3.363660000000000250e-05
4.545500000000000000e+03 3.422869999999999976e-05
4.549500000000000000e+03 3.439580000000000025e-05
4.553500000000000000e+03 3.360989999999999816e-05
4.557500000000000000e+03 3.276140000000000112e-05
4.561500000000000000e+03 3.247949999999999964e-05
4.565500000000000000e+03 3.312400000000000338e-05
4.569500000000000000e+03 3.317010000000000282e-05
4.573500000000000000e+03 3.280579999999999683e-05
4.577500000000000000e+03 3.189950000000000180e-05
4.581500000000000000e+03 3.175929999999999931e-05
4.585500000000000000e+03 3.205849999999999808e-05
4.589500000000000000e+03 3.319070000000000055e-05
4.593500000000000000e+03 3.415459999999999991e-05
4.597500000000000000e+03 3.498859999999999904e-05
4.601500000000000000e+03 3.572290000000000318e-05
4.605500000000000000e+03 3.687299999999999747e-05
4.609500000000000000e+03 3.710839999999999863e-05
4.613500000000000000e+03 3.488240000000000335e-05
4.617500000000000000e+03 3.245479999999999969e-05
4.621500000000000000e+03 3.092590000000000150e-05
4.625500000000000000e+03 3.165780000000000037e-05
4.629500000000000000e+03 3.217090000000000059e-05
4.633500000000000000e+03 3.135379999999999786e-05
4.637500000000000000e+03 2.781480000000000007e-05
4.641500000000000000e+03 2.417049999999999838e-05
4.645500000000000000e+03 2.174179999999999909e-05
4.649500000000000000e+03 2.048950000000000093e-05
4.653500000000000000e+03 1.693120000000000147e-05
4.657500000000000000e+03 1.265649999999999986e-05
4.661500000000000000e+03 6.848779999999999842e-06
4.665500000000000000e+03 3.203120000000000005e-06
4.669500000000000000e+03 2.636960000000000076e-07
