5.780000000000000000e+03 0.000000000000000000e+00
5.791000000000000000e+03 2.580979999999999809e-06
5.802000000000000000e+03 9.265569999999999449e-06
5.813000000000000000e+03 1.323829999999999995e-05
5.824000000000000000e+03 1.359659999999999955e-05
5.835000000000000000e+03 1.321969999999999982e-05
5.846000000000000000e+03 1.219049999999999958e-05
5.857000000000000000e+03 1.692010000000000085e-05
5.868000000000000000e+03 2.741279999999999951e-05
5.879000000000000000e+03 3.682550000000000173e-05
5.890000000000000000e+03 4.120140000000000163e-05
5.901000000000000000e+03 4.110500000000000032e-05
5.912000000000000000e+03 4.835639999999999665e-05
5.923000000000000000e+03 6.576300000000000038e-05
5.934000000000000000e+03 8.369850000000000510e-05
5.945000000000000000e+03 9.680550000000000006e-05
5.956000000000000000e+03 1.022060000000000037e-04
5.967000000000000000e+03 1.115030000000000063e-04
5.978000000000000000e+03 1.296020000000000104e-04
5.989000000000000000e+03 1.485539999999999875e-04
6.000000000000000000e+03 1.698059999999999934e-04
6.011000000000000000e+03 2.165830000000000099e-04
6.022000000000000000e+03 3.181680000000000207e-04
6.033000000000000000e+03 4.250200000000000202e-04
6.044000000000000000e+03 5.522339999999999714e-04
6.055000000000000000e+03 7.996190000000000025e-04
6.066000000000000000e+03 1.167449999999999998e-03
6.077000000000000000e+03 1.845609999999999916e-03
6.088000000000000000e+03 2.988610000000000051e-03
6.099000000000000000e+03 4.902479999999999859e-03
6.110000000000000000e+03 7.796570000000000063e-03
6.121000000000000000e+03 1.158039999999999937e-02
6.132000000000000000e+03 1.644520000000000010e-02
6.143000000000000000e+03 2.228250000000000022e-02
6.154000000000000000e+03 2.914069999999999855e-02
6.165000000000000000e+03 3.791130000000000194e-02
6.176000000000000000e+03 4.849559999999999982e-02
6.187000000000000000e+03 6.236359999999999820e-02
6.198000000000000000e+03 7.792680000000000440e-02
6.209000000000000000e+03 9.258710000000000551e-02
6.220000000000000000e+03 1.062950000000000006e-01
6.231000000000000000e+03 1.179120000000000029e-01
6.242000000000000000e+03 1.316400000000000070e-01
6.253000000000000000e+03 1.490680000000000061e-01
6.264000000000000000e+03 1.710689999999999988e-01
6.275000000000000000e+03 1.980169999999999986e-01
6.286000000000000000e+03 2.310810000000000086e-01
6.297000000000000000e+03 2.710250000000000159e-01
6.308000000000000000e+03 3.156169999999999809e-01
6.319000000000000000e+03 3.717369999999999841e-01
6.330000000000000000e+03 4.381579999999999919e-01
6.341000000000000000e+03 5.126899999999999791e-01
6.352000000000000000e+03 5.866999999999999993e-01
6.363000000000000000e+03 6.519549999999999512e-01
6.374000000000000000e+03 7.114190000000000236e-01
6.385000000000000000e+03 7.669660000000000366e-01
6.396000000000000000e+03 8.160880000000000356e-01
6.407000000000000000e+03 8.569940000000000335e-01
6.418000000000000000e+03 8.862550000000000150e-01
6.429000000000000000e+03 9.065410000000000412e-01
6.440000000000000000e+03 9.209190000000000431e-01
6.451000000000000000e+03 9.347189999999999666e-01
6.462000000000000000e+03 9.461519999999999930e-01
6.473000000000000000e+03 9.564160000000000439e-01
6.484000000000000000e+03 9.626559999999999562e-01
6.495000000000000000e+03 9.658649999999999736e-01
6.506000000000000000e+03 9.681400000000000006e-01
6.517000000000000000e+03 9.711999999999999522e-01
6.528000000000000000e+03 9.757580000000000142e-01
6.539000000000000000e+03 9.808120000000000172e-01
6.550000000000000000e+03 9.846160000000000467e-01
6.561000000000000000e+03 9.863669999999999938e-01
6.572000000000000000e+03 9.876589999999999536e-01
6.583000000000000000e+03 9.883849999999999580e-01
6.594000000000000000e+03 9.883800000000000363e-01
6.605000000000000000e+03 9.866509999999999447e-01
6.616000000000000000e+03 9.822450000000000347e-01
6.627000000000000000e+03 9.760149999999999659e-01
6.638000000000000000e+03 9.691509999999999847e-01
6.649000000000000000e+03 9.617040000000000033e-01
6.660000000000000000e+03 9.541589999999999794e-01
6.671000000000000000e+03 9.478370000000000406e-01
6.682000000000000000e+03 9.445360000000000422e-01
6.693000000000000000e+03 9.429499999999999549e-01
6.704000000000000000e+03 9.431789999999999896e-01
6.715000000000000000e+03 9.453449999999999909e-01
6.726000000000000000e+03 9.483740000000000503e-01
6.737000000000000000e+03 9.517999999999999794e-01
6.748000000000000000e+03 9.558640000000000470e-01
6.759000000000000000e+03 9.623439999999999772e-01
6.770000000000000000e+03 9.692220000000000280e-01
6.781000000000000000e+03 9.762539999999999552e-01
6.792000000000000000e+03 9.821779999999999955e-01
6.803000000000000000e+03 9.881870000000000376e-01
6.814000000000000000e+03 9.934899999999999842e-01
6.825000000000000000e+03 9.967169999999999641e-01
6.836000000000000000e+03 9.989590000000000414e-01
6.847000000000000000e+03 1.000000000000000000e+00
6.858000000000000000e+03 9.985239999999999672e-01
6.869000000000000000e+03 9.921560000000000379e-01
6.880000000000000000e+03 9.848259999999999792e-01
6.891000000000000000e+03 9.808780000000000276e-01
6.902000000000000000e+03 9.775660000000000460e-01
6.913000000000000000e+03 9.725970000000000448e-01
6.924000000000000000e+03 9.672279999999999767e-01
6.935000000000000000e+03 9.633209999999999829e-01
6.946000000000000000e+03 9.635679999999999801e-01
6.957000000000000000e+03 9.666940000000000532e-01
6.968000000000000000e+03 9.644690000000000207e-01
6.979000000000000000e+03 9.532909999999999995e-01
6.990000000000000000e+03 9.406889999999999974e-01
7.001000000000000000e+03 9.217030000000000500e-01
7.012000000000000000e+03 8.926650000000000418e-01
7.023000000000000000e+03 8.554840000000000222e-01
7.034000000000000000e+03 8.081460000000000310e-01
7.045000000000000000e+03 7.507540000000000324e-01
7.056000000000000000e+03 6.816499999999999782e-01
7.067000000000000000e+03 6.013669999999999849e-01
7.078000000000000000e+03 5.113860000000000072e-01
7.089000000000000000e+03 4.175170000000000270e-01
7.100000000000000000e+03 3.250500000000000056e-01
7.111000000000000000e+03 2.432360000000000078e-01
7.122000000000000000e+03 1.747809999999999919e-01
7.133000000000000000e+03 1.212109999999999993e-01
7.144000000000000000e+03 8.088650000000000007e-02
7.155000000000000000e+03 5.293420000000000070e-02
7.166000000000000000e+03 3.446079999999999977e-02
7.177000000000000000e+03 2.244950000000000070e-02
7.188000000000000000e+03 1.411470000000000086e-02
7.199000000000000000e+03 9.354919999999999208e-03
7.210000000000000000e+03 6.385540000000000313e-03
7.221000000000000000e+03 4.717950000000000269e-03
7.232000000000000000e+03 3.486410000000000117e-03
7.243000000000000000e+03 2.589000000000000155e-03
7.254000000000000000e+03 1.867350000000000043e-03
7.265000000000000000e+03 1.421179999999999969e-03
7.276000000000000000e+03 1.103709999999999934e-03
7.287000000000000000e+03 8.546709999999999897e-04
7.298000000000000000e+03 6.804719999999999996e-04
7.309000000000000000e+03 5.588610000000000149e-04
7.320000000000000000e+03 4.669289999999999877e-04
7.331000000000000000e+03 4.195390000000000230e-04
7.342000000000000000e+03 3.749940000000000218e-04
7.353000000000000000e+03 3.353280000000000258e-04
7.364000000000000000e+03 3.090219999999999968e-04
7.375000000000000000e+03 2.824950000000000117e-04
7.386000000000000000e+03 2.547329999999999885e-04
7.397000000000000000e+03 2.332819999999999935e-04
7.408000000000000000e+03 2.187409999999999984e-04
7.419000000000000000e+03 2.165319999999999929e-04
7.430000000000000000e+03 2.150750000000000101e-04
7.441000000000000000e+03 2.017479999999999935e-04
7.452000000000000000e+03 1.808989999999999904e-04
7.463000000000000000e+03 1.681649999999999866e-04
7.474000000000000000e+03 1.688030000000000032e-04
7.485000000000000000e+03 1.688390000000000008e-04
7.496000000000000000e+03 1.528160000000000087e-04
7.507000000000000000e+03 1.300779999999999970e-04
7.518000000000000000e+03 1.163759999999999984e-04
7.529000000000000000e+03 1.079030000000000001e-04
7.540000000000000000e+03 9.686190000000000175e-05
7.551000000000000000e+03 8.789419999999999612e-05
7.562000000000000000e+03 8.127370000000000080e-05
7.573000000000000000e+03 7.730699999999999692e-05
7.584000000000000000e+03 7.692660000000000307e-05
7.595000000000000000e+03 7.133220000000000120e-05
7.606000000000000000e+03 6.459009999999999676e-05
7.617000000000000000e+03 6.222459999999999374e-05
7.628000000000000000e+03 5.804529999999999803e-05
7.639000000000000000e+03 4.808730000000000290e-05
7.650000000000000000e+03 3.512270000000000171e-05
7.661000000000000000e+03 1.958550000000000078e-05
7.672000000000000000e+03 1.056530000000000030e-05
7.683000000000000000e+03 1.034459999999999918e-05
7.694000000000000000e+03 1.073920000000000045e-05
7.705000000000000000e+03 1.111940000000000064e-05
7.716000000000000000e+03 1.132480000000000040e-05
7.727000000000000000e+03 1.208040000000000042e-05
7.738000000000000000e+03 1.343240000000000035e-05
7.749000000000000000e+03 1.386919999999999928e-05
7.760000000000000000e+03 1.287760000000000017e-05
7.771000000000000000e+03 5.806260000000000377e-06
7.782000000000000000e+03 1.915590000000000016e-07
