1.204000000000000000e+03 0.000000000000000000e+00
1.207000000000000000e+03 1.440920000000000076e-10
1.210000000000000000e+03 5.821150000000000107e-10
1.213000000000000000e+03 1.060240000000000053e-09
1.216000000000000000e+03 1.315579999999999918e-09
1.219000000000000000e+03 1.310440000000000078e-09
1.222000000000000000e+03 1.118940000000000067e-09
1.225000000000000000e+03 6.477960000000000448e-10
1.228000000000000000e+03 2.138700000000000070e-10
1.231000000000000000e+03 3.287379999999999771e-13
1.234000000000000000e+03 3.905479999999999935e-13
1.237000000000000000e+03 4.521699999999999807e-13
1.240000000000000000e+03 5.112609999999999558e-13
1.243000000000000000e+03 5.690429999999999816e-13
1.246000000000000000e+03 6.265200000000000405e-13
1.249000000000000000e+03 7.199200000000000586e-11
1.252000000000000000e+03 4.490829999999999887e-10
1.255000000000000000e+03 8.587940000000000228e-10
1.258000000000000000e+03 1.013129999999999995e-09
1.261000000000000000e+03 6.124239999999999730e-10
1.264000000000000000e+03 2.028639999999999935e-10
1.267000000000000000e+03 1.124379999999999900e-12
1.270000000000000000e+03 1.206470000000000008e-12
1.273000000000000000e+03 1.292149999999999901e-12
1.276000000000000000e+03 1.377859999999999947e-12
1.279000000000000000e+03 2.517219999999999958e-08
1.282000000000000000e+03 1.877279999999999986e-07
1.285000000000000000e+03 3.676919999999999814e-07
1.288000000000000000e+03 6.607839999999999697e-07
1.291000000000000000e+03 1.083960000000000079e-06
1.294000000000000000e+03 1.509899999999999935e-06
1.297000000000000000e+03 1.948330000000000030e-06
1.300000000000000000e+03 2.384570000000000024e-06
1.303000000000000000e+03 2.815890000000000157e-06
1.306000000000000000e+03 3.237189999999999833e-06
1.309000000000000000e+03 3.659589999999999804e-06
1.312000000000000000e+03 4.101539999999999867e-06
1.315000000000000000e+03 4.581890000000000274e-06
1.318000000000000000e+03 5.062840000000000302e-06
1.321000000000000000e+03 5.574650000000000066e-06
1.324000000000000000e+03 6.123490000000000049e-06
1.327000000000000000e+03 6.818759999999999577e-06
1.330000000000000000e+03 7.744689999999999875e-06
1.333000000000000000e+03 8.740840000000000493e-06
1.336000000000000000e+03 9.852420000000000445e-06
1.339000000000000000e+03 1.116350000000000077e-05
1.342000000000000000e+03 1.246769999999999923e-05
1.345000000000000000e+03 1.359339999999999931e-05
1.348000000000000000e+03 1.454110000000000042e-05
1.351000000000000000e+03 1.549410000000000129e-05
1.354000000000000000e+03 1.622839999999999865e-05
1.357000000000000000e+03 1.688300000000000082e-05
1.360000000000000000e+03 1.755469999999999982e-05
1.363000000000000000e+03 1.824329999999999862e-05
1.366000000000000000e+03 1.893620000000000006e-05
1.369000000000000000e+03 1.964539999999999998e-05
1.372000000000000000e+03 2.034850000000000008e-05
1.375000000000000000e+03 2.110780000000000143e-05
1.378000000000000000e+03 2.206850000000000055e-05
1.381000000000000000e+03 2.305699999999999964e-05
1.384000000000000000e+03 2.406010000000000025e-05
1.387000000000000000e+03 2.511359999999999957e-05
1.390000000000000000e+03 2.617420000000000090e-05
1.393000000000000000e+03 2.703200000000000139e-05
1.396000000000000000e+03 2.775040000000000116e-05
1.399000000000000000e+03 2.846939999999999885e-05
1.402000000000000000e+03 2.924329999999999833e-05
1.405000000000000000e+03 3.005230000000000024e-05
1.408000000000000000e+03 3.087040000000000178e-05
1.411000000000000000e+03 3.180469999999999722e-05
1.414000000000000000e+03 3.277430000000000230e-05
1.417000000000000000e+03 3.375310000000000045e-05
1.420000000000000000e+03 3.478320000000000267e-05
1.423000000000000000e+03 3.581979999999999881e-05
1.426000000000000000e+03 3.695810000000000111e-05
1.429000000000000000e+03 3.820849999999999849e-05
1.432000000000000000e+03 3.948250000000000018e-05
1.435000000000000000e+03 4.130449999999999730e-05
1.438000000000000000e+03 4.334360000000000290e-05
1.441000000000000000e+03 4.514959999999999883e-05
1.444000000000000000e+03 4.611429999999999994e-05
1.447000000000000000e+03 4.702569999999999938e-05
1.450000000000000000e+03 4.744690000000000138e-05
1.453000000000000000e+03 4.663339999999999977e-05
1.456000000000000000e+03 4.576350000000000323e-05
1.459000000000000000e+03 4.466069999999999746e-05
1.462000000000000000e+03 4.346879999999999961e-05
1.465000000000000000e+03 4.217510000000000215e-05
1.468000000000000000e+03 4.000719999999999873e-05
1.471000000000000000e+03 3.765700000000000216e-05
1.474000000000000000e+03 3.569200000000000318e-05
1.477000000000000000e+03 3.438430000000000213e-05
1.480000000000000000e+03 3.308690000000000334e-05
1.483000000000000000e+03 3.245940000000000300e-05
1.486000000000000000e+03 3.333159999999999780e-05
1.489000000000000000e+03 3.432109999999999908e-05
1.492000000000000000e+03 3.507360000000000246e-05
1.495000000000000000e+03 3.460980000000000192e-05
1.498000000000000000e+03 3.400080000000000149e-05
1.501000000000000000e+03 3.335770000000000082e-05
1.504000000000000000e+03 3.264380000000000076e-05
1.507000000000000000e+03 3.194210000000000034e-05
1.510000000000000000e+03 3.109530000000000025e-05
1.513000000000000000e+03 3.011169999999999835e-05
1.516000000000000000e+03 2.920349999999999915e-05
1.519000000000000000e+03 2.780239999999999998e-05
1.522000000000000000e+03 2.614930000000000051e-05
1.525000000000000000e+03 2.464450000000000096e-05
1.528000000000000000e+03 2.435949999999999945e-05
1.531000000000000000e+03 2.438150000000000026e-05
1.534000000000000000e+03 2.441979999999999954e-05
1.537000000000000000e+03 2.444940000000000007e-05
1.540000000000000000e+03 2.457909999999999986e-05
1.543000000000000000e+03 2.481089999999999991e-05
1.546000000000000000e+03 2.507850000000000053e-05
1.549000000000000000e+03 2.543499999999999957e-05
1.552000000000000000e+03 2.580099999999999912e-05
1.555000000000000000e+03 2.621049999999999918e-05
1.558000000000000000e+03 2.678280000000000046e-05
1.561000000000000000e+03 2.739790000000000072e-05
1.564000000000000000e+03 2.815569999999999878e-05
1.567000000000000000e+03 2.911000000000000081e-05
1.570000000000000000e+03 3.014500000000000022e-05
1.573000000000000000e+03 3.142340000000000140e-05
1.576000000000000000e+03 3.278680000000000261e-05
1.579000000000000000e+03 3.425400000000000103e-05
1.582000000000000000e+03 3.623140000000000009e-05
1.585000000000000000e+03 3.831379999999999899e-05
1.588000000000000000e+03 4.087589999999999941e-05
1.591000000000000000e+03 4.412319999999999795e-05
1.594000000000000000e+03 4.751860000000000274e-05
1.597000000000000000e+03 5.198509999999999801e-05
1.600000000000000000e+03 5.711289999999999997e-05
1.603000000000000000e+03 6.261209999999999638e-05
1.606000000000000000e+03 7.018139999999999860e-05
1.609000000000000000e+03 7.826729999999999516e-05
1.612000000000000000e+03 8.813780000000000171e-05
1.615000000000000000e+03 1.014059999999999978e-04
1.618000000000000000e+03 1.151350000000000013e-04
1.621000000000000000e+03 1.357820000000000088e-04
1.624000000000000000e+03 1.613809999999999919e-04
1.627000000000000000e+03 1.897219999999999972e-04
1.630000000000000000e+03 2.362689999999999972e-04
1.633000000000000000e+03 2.887529999999999914e-04
1.636000000000000000e+03 3.542509999999999800e-04
1.639000000000000000e+03 4.562929999999999764e-04
1.642000000000000000e+03 5.628060000000000051e-04
1.645000000000000000e+03 7.189310000000000188e-04
1.648000000000000000e+03 9.270290000000000041e-04
1.651000000000000000e+03 1.147660000000000000e-03
1.654000000000000000e+03 1.471990000000000061e-03
1.657000000000000000e+03 1.855950000000000091e-03
1.660000000000000000e+03 2.275090000000000012e-03
1.663000000000000000e+03 2.847849999999999861e-03
1.666000000000000000e+03 3.460509999999999975e-03
1.669000000000000000e+03 4.150430000000000091e-03
1.672000000000000000e+03 4.986430000000000029e-03
1.675000000000000000e+03 5.842970000000000282e-03
1.678000000000000000e+03 6.770400000000000203e-03
1.681000000000000000e+03 7.796420000000000086e-03
1.684000000000000000e+03 8.817480000000000803e-03
1.687000000000000000e+03 9.847140000000000754e-03
1.690000000000000000e+03 1.095010000000000081e-02
1.693000000000000000e+03 1.201649999999999940e-02
1.696000000000000000e+03 1.301500000000000053e-02
1.699000000000000000e+03 1.412590000000000026e-02
1.702000000000000000e+03 1.522699999999999922e-02
1.705000000000000000e+03 1.625949999999999965e-02
1.708000000000000000e+03 1.738169999999999993e-02
1.711000000000000000e+03 1.863779999999999951e-02
1.714000000000000000e+03 1.993110000000000021e-02
1.717000000000000000e+03 2.127659999999999968e-02
1.720000000000000000e+03 2.284119999999999900e-02
1.723000000000000000e+03 2.460609999999999881e-02
1.726000000000000000e+03 2.645010000000000069e-02
1.729000000000000000e+03 2.851110000000000103e-02
1.732000000000000000e+03 3.087379999999999985e-02
1.735000000000000000e+03 3.337799999999999795e-02
1.738000000000000000e+03 3.598830000000000084e-02
1.741000000000000000e+03 3.874459999999999710e-02
1.744000000000000000e+03 4.164679999999999771e-02
1.747000000000000000e+03 4.459960000000000313e-02
1.750000000000000000e+03 4.759359999999999979e-02
1.753000000000000000e+03 5.067739999999999745e-02
1.756000000000000000e+03 5.388119999999999715e-02
1.759000000000000000e+03 5.713279999999999748e-02
1.762000000000000000e+03 6.023270000000000013e-02
1.765000000000000000e+03 6.345549999999999802e-02
1.768000000000000000e+03 6.682430000000000314e-02
1.771000000000000000e+03 7.026999999999999913e-02
1.774000000000000000e+03 7.368619999999999337e-02
1.777000000000000000e+03 7.724219999999999697e-02
1.780000000000000000e+03 8.086889999999999357e-02
1.783000000000000000e+03 8.459089999999999665e-02
1.786000000000000000e+03 8.837200000000000610e-02
1.789000000000000000e+03 9.231259999999999466e-02
1.792000000000000000e+03 9.635920000000000596e-02
1.795000000000000000e+03 1.004560000000000036e-01
1.798000000000000000e+03 1.046229999999999938e-01
1.801000000000000000e+03 1.088220000000000021e-01
1.804000000000000000e+03 1.130459999999999937e-01
1.807000000000000000e+03 1.172610000000000041e-01
1.810000000000000000e+03 1.214149999999999952e-01
1.813000000000000000e+03 1.254770000000000052e-01
1.816000000000000000e+03 1.295189999999999952e-01
1.819000000000000000e+03 1.334450000000000081e-01
1.822000000000000000e+03 1.372120000000000006e-01
1.825000000000000000e+03 1.408359999999999890e-01
1.828000000000000000e+03 1.444120000000000126e-01
1.831000000000000000e+03 1.478099999999999969e-01
1.834000000000000000e+03 1.510319999999999996e-01
1.837000000000000000e+03 1.540920000000000067e-01
1.840000000000000000e+03 1.571099999999999997e-01
1.843000000000000000e+03 1.600149999999999906e-01
1.846000000000000000e+03 1.627780000000000060e-01
1.849000000000000000e+03 1.654349999999999987e-01
1.852000000000000000e+03 1.680190000000000017e-01
1.855000000000000000e+03 1.705129999999999979e-01
1.858000000000000000e+03 1.729219999999999924e-01
1.861000000000000000e+03 1.752920000000000034e-01
1.864000000000000000e+03 1.775609999999999966e-01
1.867000000000000000e+03 1.797159999999999869e-01
1.870000000000000000e+03 1.817280000000000006e-01
1.873000000000000000e+03 1.836289999999999867e-01
1.876000000000000000e+03 1.854530000000000067e-01
1.879000000000000000e+03 1.871899999999999953e-01
1.882000000000000000e+03 1.888370000000000049e-01
1.885000000000000000e+03 1.902880000000000127e-01
1.888000000000000000e+03 1.915989999999999915e-01
1.891000000000000000e+03 1.928759999999999919e-01
1.894000000000000000e+03 1.939809999999999868e-01
1.897000000000000000e+03 1.948930000000000107e-01
1.900000000000000000e+03 1.956779999999999908e-01
1.903000000000000000e+03 1.964410000000000045e-01
1.906000000000000000e+03 1.971120000000000094e-01
1.909000000000000000e+03 1.976779999999999926e-01
1.912000000000000000e+03 1.982770000000000088e-01
1.915000000000000000e+03 1.990540000000000087e-01
1.918000000000000000e+03 2.001360000000000083e-01
1.921000000000000000e+03 2.019610000000000016e-01
1.924000000000000000e+03 2.050410000000000010e-01
1.927000000000000000e+03 2.103299999999999892e-01
1.930000000000000000e+03 2.183460000000000123e-01
1.933000000000000000e+03 2.293219999999999981e-01
1.936000000000000000e+03 2.433250000000000135e-01
1.939000000000000000e+03 2.597349999999999937e-01
1.942000000000000000e+03 2.773809999999999887e-01
1.945000000000000000e+03 2.955969999999999986e-01
1.948000000000000000e+03 3.145370000000000110e-01
1.951000000000000000e+03 3.351259999999999795e-01
1.954000000000000000e+03 3.575969999999999982e-01
1.957000000000000000e+03 3.832519999999999816e-01
1.960000000000000000e+03 4.124380000000000268e-01
1.963000000000000000e+03 4.438340000000000063e-01
1.966000000000000000e+03 4.767290000000000139e-01
1.969000000000000000e+03 5.091759999999999620e-01
1.972000000000000000e+03 5.400899999999999590e-01
1.975000000000000000e+03 5.692340000000000177e-01
1.978000000000000000e+03 5.966299999999999937e-01
1.981000000000000000e+03 6.215600000000000014e-01
1.984000000000000000e+03 6.458220000000000072e-01
1.987000000000000000e+03 6.700460000000000305e-01
1.990000000000000000e+03 6.946010000000000240e-01
1.993000000000000000e+03 7.229989999999999473e-01
1.996000000000000000e+03 7.535990000000000189e-01
1.999000000000000000e+03 7.881730000000000125e-01
2.002000000000000000e+03 8.250380000000000491e-01
2.005000000000000000e+03 8.630299999999999638e-01
2.008000000000000000e+03 9.007749999999999924e-01
2.011000000000000000e+03 9.334580000000000100e-01
2.014000000000000000e+03 9.616730000000000000e-01
2.017000000000000000e+03 9.820600000000000440e-01
2.020000000000000000e+03 9.948040000000000216e-01
2.023000000000000000e+03 1.000000000000000000e+00
2.026000000000000000e+03 9.986829999999999874e-01
2.029000000000000000e+03 9.935429999999999540e-01
2.032000000000000000e+03 9.841640000000000388e-01
2.035000000000000000e+03 9.715979999999999617e-01
2.038000000000000000e+03 9.560319999999999929e-01
2.041000000000000000e+03 9.369720000000000271e-01
2.044000000000000000e+03 9.155119999999999925e-01
2.047000000000000000e+03 8.917640000000000011e-01
2.050000000000000000e+03 8.674250000000000016e-01
2.053000000000000000e+03 8.420800000000000507e-01
2.056000000000000000e+03 8.172989999999999977e-01
2.059000000000000000e+03 7.927579999999999627e-01
2.062000000000000000e+03 7.697159999999999558e-01
2.065000000000000000e+03 7.477350000000000385e-01
2.068000000000000000e+03 7.270969999999999933e-01
2.071000000000000000e+03 7.072169999999999845e-01
2.074000000000000000e+03 6.896940000000000293e-01
2.077000000000000000e+03 6.718800000000000328e-01
2.080000000000000000e+03 6.543010000000000215e-01
2.083000000000000000e+03 6.359059999999999713e-01
2.086000000000000000e+03 6.132039999999999713e-01
2.089000000000000000e+03 5.889170000000000238e-01
2.092000000000000000e+03 5.595160000000000133e-01
2.095000000000000000e+03 5.268650000000000277e-01
2.098000000000000000e+03 4.897440000000000127e-01
2.101000000000000000e+03 4.504230000000000178e-01
2.104000000000000000e+03 4.113310000000000022e-01
2.107000000000000000e+03 3.760700000000000154e-01
2.110000000000000000e+03 3.451170000000000071e-01
2.113000000000000000e+03 3.202579999999999871e-01
2.116000000000000000e+03 2.999829999999999997e-01
2.119000000000000000e+03 2.840690000000000159e-01
2.122000000000000000e+03 2.715879999999999961e-01
2.125000000000000000e+03 2.609850000000000225e-01
2.128000000000000000e+03 2.518989999999999840e-01
2.131000000000000000e+03 2.432620000000000060e-01
2.134000000000000000e+03 2.352349999999999997e-01
2.137000000000000000e+03 2.272869999999999890e-01
2.140000000000000000e+03 2.192119999999999902e-01
2.143000000000000000e+03 2.108899999999999941e-01
2.146000000000000000e+03 2.024970000000000103e-01
2.149000000000000000e+03 1.940550000000000053e-01
2.152000000000000000e+03 1.853490000000000137e-01
2.155000000000000000e+03 1.767640000000000045e-01
2.158000000000000000e+03 1.683959999999999901e-01
2.161000000000000000e+03 1.598610000000000031e-01
2.164000000000000000e+03 1.513700000000000045e-01
2.167000000000000000e+03 1.432340000000000002e-01
2.170000000000000000e+03 1.354120000000000046e-01
2.173000000000000000e+03 1.276299999999999935e-01
2.176000000000000000e+03 1.201860000000000012e-01
2.179000000000000000e+03 1.133099999999999941e-01
2.182000000000000000e+03 1.066310000000000036e-01
2.185000000000000000e+03 1.002269999999999966e-01
2.188000000000000000e+03 9.423090000000000632e-02
2.191000000000000000e+03 8.862470000000000070e-02
2.194000000000000000e+03 8.325559999999999905e-02
2.197000000000000000e+03 7.812850000000000350e-02
2.200000000000000000e+03 7.333560000000000079e-02
2.203000000000000000e+03 6.873709999999999543e-02
2.206000000000000000e+03 6.448589999999999878e-02
2.209000000000000000e+03 6.037229999999999680e-02
2.212000000000000000e+03 5.644099999999999812e-02
2.215000000000000000e+03 5.287329999999999808e-02
2.218000000000000000e+03 4.955609999999999876e-02
2.221000000000000000e+03 4.636350000000000193e-02
2.224000000000000000e+03 4.336319999999999758e-02
2.227000000000000000e+03 4.085090000000000249e-02
2.230000000000000000e+03 3.847480000000000344e-02
2.233000000000000000e+03 3.619390000000000107e-02
2.236000000000000000e+03 3.427460000000000229e-02
2.239000000000000000e+03 3.266129999999999728e-02
2.242000000000000000e+03 3.112360000000000126e-02
2.245000000000000000e+03 2.967660000000000090e-02
2.248000000000000000e+03 2.857169999999999849e-02
2.251000000000000000e+03 2.754349999999999854e-02
2.254000000000000000e+03 2.650119999999999906e-02
2.257000000000000000e+03 2.558749999999999913e-02
2.260000000000000000e+03 2.477330000000000157e-02
2.263000000000000000e+03 2.393560000000000132e-02
2.266000000000000000e+03 2.305240000000000067e-02
2.269000000000000000e+03 2.223030000000000145e-02
2.272000000000000000e+03 2.140279999999999960e-02
2.275000000000000000e+03 2.048449999999999924e-02
2.278000000000000000e+03 1.958340000000000081e-02
2.281000000000000000e+03 1.868560000000000013e-02
2.284000000000000000e+03 1.774030000000000051e-02
2.287000000000000000e+03 1.680689999999999962e-02
2.290000000000000000e+03 1.588029999999999997e-02
2.293000000000000000e+03 1.498410000000000020e-02
2.296000000000000000e+03 1.410299999999999922e-02
2.299000000000000000e+03 1.326139999999999958e-02
2.302000000000000000e+03 1.248709999999999924e-02
2.305000000000000000e+03 1.173869999999999948e-02
2.308000000000000000e+03 1.107039999999999934e-02
2.311000000000000000e+03 1.045540000000000011e-02
2.314000000000000000e+03 9.877179999999999294e-03
2.317000000000000000e+03 9.370279999999999929e-03
2.320000000000000000e+03 8.895689999999999500e-03
2.323000000000000000e+03 8.471370000000000636e-03
2.326000000000000000e+03 8.083019999999999788e-03
2.329000000000000000e+03 7.708539999999999837e-03
2.332000000000000000e+03 7.351650000000000372e-03
2.335000000000000000e+03 7.001910000000000078e-03
2.338000000000000000e+03 6.654229999999999694e-03
2.341000000000000000e+03 6.296640000000000049e-03
2.344000000000000000e+03 5.947080000000000422e-03
2.347000000000000000e+03 5.605999999999999872e-03
2.350000000000000000e+03 5.244859999999999627e-03
2.353000000000000000e+03 4.885519999999999967e-03
2.356000000000000000e+03 4.533859999999999800e-03
2.359000000000000000e+03 4.173770000000000258e-03
2.362000000000000000e+03 3.816930000000000062e-03
2.365000000000000000e+03 3.475320000000000058e-03
2.368000000000000000e+03 3.140720000000000057e-03
2.371000000000000000e+03 2.810909999999999798e-03
2.374000000000000000e+03 2.514339999999999891e-03
2.377000000000000000e+03 2.230569999999999862e-03
2.380000000000000000e+03 1.955240000000000016e-03
2.383000000000000000e+03 1.725369999999999942e-03
2.386000000000000000e+03 1.504099999999999968e-03
2.389000000000000000e+03 1.298560000000000035e-03
2.392000000000000000e+03 1.136910000000000091e-03
2.395000000000000000e+03 9.798470000000000530e-04
2.398000000000000000e+03 8.437769999999999819e-04
2.401000000000000000e+03 7.402179999999999524e-04
2.404000000000000000e+03 6.377499999999999706e-04
2.407000000000000000e+03 5.567029999999999722e-04
2.410000000000000000e+03 4.907380000000000032e-04
2.413000000000000000e+03 4.259290000000000211e-04
2.416000000000000000e+03 3.780559999999999867e-04
2.419000000000000000e+03 3.366449999999999998e-04
2.422000000000000000e+03 2.969800000000000196e-04
2.425000000000000000e+03 2.697250000000000103e-04
2.428000000000000000e+03 2.447400000000000183e-04
2.431000000000000000e+03 2.225150000000000066e-04
2.434000000000000000e+03 2.070850000000000002e-04
2.437000000000000000e+03 1.921679999999999938e-04
2.440000000000000000e+03 1.799380000000000109e-04
2.443000000000000000e+03 1.709579999999999986e-04
2.446000000000000000e+03 1.621170000000000065e-04
2.449000000000000000e+03 1.556720000000000098e-04
2.452000000000000000e+03 1.508950000000000113e-04
2.455000000000000000e+03 1.463500000000000066e-04
2.458000000000000000e+03 1.433010000000000024e-04
2.461000000000000000e+03 1.411370000000000007e-04
2.464000000000000000e+03 1.394800000000000130e-04
2.467000000000000000e+03 1.389689999999999903e-04
2.470000000000000000e+03 1.391870000000000075e-04
2.473000000000000000e+03 1.401200000000000069e-04
2.476000000000000000e+03 1.415180000000000095e-04
2.479000000000000000e+03 1.432639999999999890e-04
2.482000000000000000e+03 1.455539999999999959e-04
2.485000000000000000e+03 1.481459999999999873e-04
2.488000000000000000e+03 1.508530000000000005e-04
2.491000000000000000e+03 1.537879999999999987e-04
2.494000000000000000e+03 1.571029999999999898e-04
2.497000000000000000e+03 1.608240000000000038e-04
2.500000000000000000e+03 1.651219999999999956e-04
2.503000000000000000e+03 1.700849999999999953e-04
2.506000000000000000e+03 1.753339999999999988e-04
2.509000000000000000e+03 1.808500000000000049e-04
2.512000000000000000e+03 1.879680000000000001e-04
2.515000000000000000e+03 1.961479999999999929e-04
2.518000000000000000e+03 2.049499999999999944e-04
2.521000000000000000e+03 2.154550000000000031e-04
2.524000000000000000e+03 2.281469999999999961e-04
2.527000000000000000e+03 2.425209999999999909e-04
2.530000000000000000e+03 2.594119999999999890e-04
2.533000000000000000e+03 2.806150000000000094e-04
2.536000000000000000e+03 3.039890000000000062e-04
2.539000000000000000e+03 3.293799999999999940e-04
2.542000000000000000e+03 3.598459999999999832e-04
2.545000000000000000e+03 3.952299999999999954e-04
2.548000000000000000e+03 4.341470000000000160e-04
2.551000000000000000e+03 4.790199999999999775e-04
2.554000000000000000e+03 5.315829999999999687e-04
2.557000000000000000e+03 5.887870000000000126e-04
2.560000000000000000e+03 6.509489999999999504e-04
2.563000000000000000e+03 7.221019999999999653e-04
2.566000000000000000e+03 8.003319999999999532e-04
2.569000000000000000e+03 8.841609999999999530e-04
2.572000000000000000e+03 9.767549999999999410e-04
2.575000000000000000e+03 1.077210000000000103e-03
2.578000000000000000e+03 1.183800000000000043e-03
2.581000000000000000e+03 1.296889999999999979e-03
2.584000000000000000e+03 1.418320000000000041e-03
2.587000000000000000e+03 1.544390000000000086e-03
2.590000000000000000e+03 1.674240000000000016e-03
2.593000000000000000e+03 1.808769999999999909e-03
2.596000000000000000e+03 1.944729999999999983e-03
2.599000000000000000e+03 2.083400000000000009e-03
2.602000000000000000e+03 2.223769999999999913e-03
2.605000000000000000e+03 2.361470000000000062e-03
2.608000000000000000e+03 2.495250000000000072e-03
2.611000000000000000e+03 2.627780000000000133e-03
2.614000000000000000e+03 2.752950000000000102e-03
2.617000000000000000e+03 2.867440000000000180e-03
2.620000000000000000e+03 2.977150000000000022e-03
2.623000000000000000e+03 3.078950000000000003e-03
2.626000000000000000e+03 3.163529999999999901e-03
2.629000000000000000e+03 3.236929999999999842e-03
2.632000000000000000e+03 3.306700000000000091e-03
2.635000000000000000e+03 3.358600000000000214e-03
2.638000000000000000e+03 3.392889999999999968e-03
2.641000000000000000e+03 3.420320000000000131e-03
2.644000000000000000e+03 3.439339999999999932e-03
2.647000000000000000e+03 3.435430000000000168e-03
2.650000000000000000e+03 3.420949999999999859e-03
2.653000000000000000e+03 3.404969999999999785e-03
2.656000000000000000e+03 3.371079999999999823e-03
2.659000000000000000e+03 3.325910000000000064e-03
2.662000000000000000e+03 3.275679999999999998e-03
2.665000000000000000e+03 3.221229999999999840e-03
2.668000000000000000e+03 3.154199999999999799e-03
2.671000000000000000e+03 3.084340000000000085e-03
2.674000000000000000e+03 3.011489999999999913e-03
2.677000000000000000e+03 2.932240000000000020e-03
2.680000000000000000e+03 2.853000000000000067e-03
2.683000000000000000e+03 2.771299999999999979e-03
2.686000000000000000e+03 2.683850000000000211e-03
2.689000000000000000e+03 2.598449999999999979e-03
2.692000000000000000e+03 2.516529999999999895e-03
2.695000000000000000e+03 2.426429999999999820e-03
2.698000000000000000e+03 2.335450000000000199e-03
2.701000000000000000e+03 2.250629999999999992e-03
2.704000000000000000e+03 2.166309999999999850e-03
2.707000000000000000e+03 2.071470000000000169e-03
2.710000000000000000e+03 1.982789999999999900e-03
2.713000000000000000e+03 1.898900000000000024e-03
2.716000000000000000e+03 1.809269999999999975e-03
2.719000000000000000e+03 1.718789999999999988e-03
2.722000000000000000e+03 1.633969999999999997e-03
2.725000000000000000e+03 1.552310000000000105e-03
2.728000000000000000e+03 1.467610000000000052e-03
2.731000000000000000e+03 1.388130000000000006e-03
2.734000000000000000e+03 1.312070000000000033e-03
2.737000000000000000e+03 1.237840000000000034e-03
2.740000000000000000e+03 1.168219999999999979e-03
2.743000000000000000e+03 1.102080000000000073e-03
2.746000000000000000e+03 1.038829999999999918e-03
2.749000000000000000e+03 9.815320000000000208e-04
2.752000000000000000e+03 9.294070000000000413e-04
2.755000000000000000e+03 8.788970000000000116e-04
2.758000000000000000e+03 8.318159999999999790e-04
2.761000000000000000e+03 7.932040000000000445e-04
2.764000000000000000e+03 7.560600000000000220e-04
2.767000000000000000e+03 7.196179999999999938e-04
2.770000000000000000e+03 6.893910000000000272e-04
2.773000000000000000e+03 6.636149999999999948e-04
2.776000000000000000e+03 6.378830000000000047e-04
2.779000000000000000e+03 6.138759999999999616e-04
2.782000000000000000e+03 5.967900000000000375e-04
2.785000000000000000e+03 5.802259999999999840e-04
2.788000000000000000e+03 5.634849999999999625e-04
2.791000000000000000e+03 5.506870000000000081e-04
2.794000000000000000e+03 5.406949999999999994e-04
2.797000000000000000e+03 5.302090000000000188e-04
2.800000000000000000e+03 5.202409999999999543e-04
2.803000000000000000e+03 5.136119999999999878e-04
2.806000000000000000e+03 5.077249999999999949e-04
2.809000000000000000e+03 5.022320000000000256e-04
2.812000000000000000e+03 4.985740000000000007e-04
2.815000000000000000e+03 4.965139999999999831e-04
2.818000000000000000e+03 4.945219999999999521e-04
2.821000000000000000e+03 4.936069999999999651e-04
2.824000000000000000e+03 4.941740000000000022e-04
2.827000000000000000e+03 4.958980000000000419e-04
2.830000000000000000e+03 4.986660000000000398e-04
2.833000000000000000e+03 5.027159999999999485e-04
2.836000000000000000e+03 5.089369999999999962e-04
2.839000000000000000e+03 5.168790000000000363e-04
2.842000000000000000e+03 5.267509999999999987e-04
2.845000000000000000e+03 5.386500000000000012e-04
2.848000000000000000e+03 5.507539999999999788e-04
2.851000000000000000e+03 5.466479999999999473e-04
2.854000000000000000e+03 5.375409999999999954e-04
2.857000000000000000e+03 5.300710000000000144e-04
2.860000000000000000e+03 5.311159999999999883e-04
2.863000000000000000e+03 5.453580000000000190e-04
2.866000000000000000e+03 5.442640000000000325e-04
2.869000000000000000e+03 5.238880000000000229e-04
2.872000000000000000e+03 4.827699999999999873e-04
2.875000000000000000e+03 4.394870000000000157e-04
2.878000000000000000e+03 4.141020000000000139e-04
2.881000000000000000e+03 4.068760000000000258e-04
2.884000000000000000e+03 4.158109999999999801e-04
2.887000000000000000e+03 4.114680000000000117e-04
2.890000000000000000e+03 4.015879999999999775e-04
2.893000000000000000e+03 3.921829999999999956e-04
2.896000000000000000e+03 3.804899999999999840e-04
2.899000000000000000e+03 3.689899999999999756e-04
2.902000000000000000e+03 3.411269999999999884e-04
2.905000000000000000e+03 3.009880000000000259e-04
2.908000000000000000e+03 2.419130000000000130e-04
2.911000000000000000e+03 1.884160000000000067e-04
2.914000000000000000e+03 1.485989999999999913e-04
2.917000000000000000e+03 1.332510000000000020e-04
2.920000000000000000e+03 1.357789999999999887e-04
2.923000000000000000e+03 1.389209999999999935e-04
2.926000000000000000e+03 1.421249999999999987e-04
2.929000000000000000e+03 1.464000000000000078e-04
2.932000000000000000e+03 1.526699999999999867e-04
2.935000000000000000e+03 1.591759999999999952e-04
2.938000000000000000e+03 1.658680000000000050e-04
2.941000000000000000e+03 1.738979999999999942e-04
2.944000000000000000e+03 1.827739999999999953e-04
2.947000000000000000e+03 1.916669999999999930e-04
2.950000000000000000e+03 1.859270000000000107e-04
2.953000000000000000e+03 1.731939999999999955e-04
2.956000000000000000e+03 1.606930000000000012e-04
2.959000000000000000e+03 1.517059999999999871e-04
2.962000000000000000e+03 1.374799999999999915e-04
2.965000000000000000e+03 1.005480000000000002e-04
2.968000000000000000e+03 6.250600000000000090e-05
2.971000000000000000e+03 2.761770000000000156e-05
2.974000000000000000e+03 1.887979999999999837e-05
2.977000000000000000e+03 1.908210000000000150e-05
2.980000000000000000e+03 1.927770000000000010e-05
2.983000000000000000e+03 1.951410000000000007e-05
2.986000000000000000e+03 1.969030000000000018e-05
2.989000000000000000e+03 1.986660000000000051e-05
2.992000000000000000e+03 2.001409999999999867e-05
2.995000000000000000e+03 2.017270000000000085e-05
2.998000000000000000e+03 2.030819999999999980e-05
3.001000000000000000e+03 2.043789999999999959e-05
3.004000000000000000e+03 2.055499999999999886e-05
3.007000000000000000e+03 2.069490000000000069e-05
3.010000000000000000e+03 2.086680000000000154e-05
3.013000000000000000e+03 2.109520000000000091e-05
3.016000000000000000e+03 2.132050000000000026e-05
3.019000000000000000e+03 2.155949999999999916e-05
3.022000000000000000e+03 2.177239999999999842e-05
3.025000000000000000e+03 2.196309999999999983e-05
3.028000000000000000e+03 2.217200000000000049e-05
3.031000000000000000e+03 2.246100000000000060e-05
3.034000000000000000e+03 2.276050000000000002e-05
3.037000000000000000e+03 2.302899999999999923e-05
3.040000000000000000e+03 2.328109999999999975e-05
3.043000000000000000e+03 2.354600000000000123e-05
3.046000000000000000e+03 2.386499999999999936e-05
3.049000000000000000e+03 2.422440000000000137e-05
3.052000000000000000e+03 2.456420000000000107e-05
3.055000000000000000e+03 2.488159999999999908e-05
3.058000000000000000e+03 2.520960000000000000e-05
3.061000000000000000e+03 2.551270000000000054e-05
3.064000000000000000e+03 2.578470000000000065e-05
3.067000000000000000e+03 2.601470000000000014e-05
3.070000000000000000e+03 2.539899999999999856e-05
3.073000000000000000e+03 2.444480000000000014e-05
3.076000000000000000e+03 2.373049999999999921e-05
3.079000000000000000e+03 2.411089999999999983e-05
3.082000000000000000e+03 2.458359999999999956e-05
3.085000000000000000e+03 2.489849999999999887e-05
3.088000000000000000e+03 2.413750000000000056e-05
3.091000000000000000e+03 2.299359999999999954e-05
3.094000000000000000e+03 2.258849999999999896e-05
3.097000000000000000e+03 2.366030000000000113e-05
3.100000000000000000e+03 2.490359999999999988e-05
3.103000000000000000e+03 2.590990000000000074e-05
3.106000000000000000e+03 2.663320000000000108e-05
3.109000000000000000e+03 2.714890000000000022e-05
3.112000000000000000e+03 2.764459999999999956e-05
3.115000000000000000e+03 2.848270000000000090e-05
3.118000000000000000e+03 2.928719999999999972e-05
3.121000000000000000e+03 3.000660000000000168e-05
3.124000000000000000e+03 3.038190000000000129e-05
3.127000000000000000e+03 2.745700000000000156e-05
3.130000000000000000e+03 2.325169999999999966e-05
3.133000000000000000e+03 2.003640000000000014e-05
3.136000000000000000e+03 1.991109999999999983e-05
3.139000000000000000e+03 1.997820000000000127e-05
3.142000000000000000e+03 1.999940000000000032e-05
3.145000000000000000e+03 1.717970000000000087e-05
3.148000000000000000e+03 1.305439999999999990e-05
3.151000000000000000e+03 9.383300000000000438e-06
3.154000000000000000e+03 9.013420000000000516e-06
3.157000000000000000e+03 9.158539999999999899e-06
3.160000000000000000e+03 9.297240000000000791e-06
3.163000000000000000e+03 9.414970000000000085e-06
3.166000000000000000e+03 9.531070000000000549e-06
3.169000000000000000e+03 9.626460000000000664e-06
3.172000000000000000e+03 9.686830000000000562e-06
3.175000000000000000e+03 9.747189999999999761e-06
3.178000000000000000e+03 9.130909999999999962e-06
3.181000000000000000e+03 8.020690000000000282e-06
3.184000000000000000e+03 6.967420000000000115e-06
3.187000000000000000e+03 6.937600000000000289e-06
3.190000000000000000e+03 7.277139999999999583e-06
3.193000000000000000e+03 7.578520000000000075e-06
3.196000000000000000e+03 7.606399999999999713e-06
3.199000000000000000e+03 7.592909999999999610e-06
3.202000000000000000e+03 7.763839999999999514e-06
3.205000000000000000e+03 8.475849999999999495e-06
3.208000000000000000e+03 9.222299999999999777e-06
3.211000000000000000e+03 9.916219999999999733e-06
3.214000000000000000e+03 1.053259999999999975e-05
3.217000000000000000e+03 1.114889999999999925e-05
3.220000000000000000e+03 1.139329999999999983e-05
3.223000000000000000e+03 1.140009999999999949e-05
3.226000000000000000e+03 1.140399999999999957e-05
3.229000000000000000e+03 1.136650000000000036e-05
3.232000000000000000e+03 1.131540000000000012e-05
3.235000000000000000e+03 1.076039999999999950e-05
3.238000000000000000e+03 7.139300000000000408e-06
3.241000000000000000e+03 3.106579999999999909e-06
3.244000000000000000e+03 1.393680000000000076e-07
