3.181000000000000000e+03 0.000000000000000000e+00
3.188000000000000000e+03 7.846140000000000403e-07
3.195000000000000000e+03 4.427800000000000195e-06
3.202000000000000000e+03 9.164680000000000826e-06
3.209000000000000000e+03 1.165349999999999947e-05
3.216000000000000000e+03 1.231029999999999969e-05
3.223000000000000000e+03 1.330500000000000051e-05
3.230000000000000000e+03 1.658970000000000144e-05
3.237000000000000000e+03 2.160239999999999836e-05
3.244000000000000000e+03 2.487030000000000141e-05
3.251000000000000000e+03 2.501779999999999957e-05
3.258000000000000000e+03 2.433279999999999851e-05
3.265000000000000000e+03 2.380360000000000025e-05
3.272000000000000000e+03 2.355170000000000017e-05
3.279000000000000000e+03 2.375890000000000049e-05
3.286000000000000000e+03 2.420909999999999832e-05
3.293000000000000000e+03 2.466689999999999925e-05
3.300000000000000000e+03 2.513959999999999898e-05
3.307000000000000000e+03 2.741480000000000051e-05
3.314000000000000000e+03 3.072589999999999664e-05
3.321000000000000000e+03 3.196400000000000093e-05
3.328000000000000000e+03 3.244570000000000006e-05
3.335000000000000000e+03 3.261539999999999947e-05
3.342000000000000000e+03 3.237190000000000087e-05
3.349000000000000000e+03 3.195619999999999738e-05
3.356000000000000000e+03 3.153059999999999929e-05
3.363000000000000000e+03 3.121769999999999759e-05
3.370000000000000000e+03 3.087990000000000228e-05
3.377000000000000000e+03 3.043339999999999902e-05
3.384000000000000000e+03 2.992809999999999896e-05
3.391000000000000000e+03 2.947399999999999936e-05
3.398000000000000000e+03 2.903209999999999941e-05
3.405000000000000000e+03 2.875290000000000045e-05
3.412000000000000000e+03 2.877419999999999972e-05
3.419000000000000000e+03 2.884900000000000111e-05
3.426000000000000000e+03 2.884080000000000007e-05
3.433000000000000000e+03 2.881660000000000121e-05
3.440000000000000000e+03 2.877630000000000094e-05
3.447000000000000000e+03 2.873630000000000132e-05
3.454000000000000000e+03 2.869560000000000017e-05
3.461000000000000000e+03 2.864689999999999842e-05
3.468000000000000000e+03 2.860249999999999932e-05
3.475000000000000000e+03 2.859349999999999991e-05
3.482000000000000000e+03 2.864630000000000049e-05
3.489000000000000000e+03 2.885609999999999974e-05
3.496000000000000000e+03 2.911180000000000137e-05
3.503000000000000000e+03 2.942169999999999988e-05
3.510000000000000000e+03 2.963870000000000136e-05
3.517000000000000000e+03 2.978560000000000159e-05
3.524000000000000000e+03 2.989549999999999863e-05
3.531000000000000000e+03 2.999899999999999857e-05
3.538000000000000000e+03 3.015770000000000096e-05
3.545000000000000000e+03 3.029550000000000157e-05
3.552000000000000000e+03 3.030969999999999883e-05
3.559000000000000000e+03 3.030179999999999845e-05
3.566000000000000000e+03 3.027409999999999869e-05
3.573000000000000000e+03 3.030499999999999869e-05
3.580000000000000000e+03 3.044510000000000095e-05
3.587000000000000000e+03 3.099130000000000260e-05
3.594000000000000000e+03 3.176320000000000109e-05
3.601000000000000000e+03 3.265129999999999687e-05
3.608000000000000000e+03 3.354590000000000013e-05
3.615000000000000000e+03 3.440749999999999880e-05
3.622000000000000000e+03 3.532020000000000108e-05
3.629000000000000000e+03 3.640999999999999868e-05
3.636000000000000000e+03 3.773589999999999898e-05
3.643000000000000000e+03 3.904800000000000290e-05
3.650000000000000000e+03 4.028700000000000239e-05
3.657000000000000000e+03 4.141619999999999828e-05
3.664000000000000000e+03 4.272570000000000328e-05
3.671000000000000000e+03 4.431970000000000191e-05
3.678000000000000000e+03 4.629420000000000139e-05
3.685000000000000000e+03 4.843819999999999983e-05
3.692000000000000000e+03 5.057120000000000126e-05
3.699000000000000000e+03 5.280739999999999859e-05
3.706000000000000000e+03 5.527750000000000057e-05
3.713000000000000000e+03 5.806610000000000298e-05
3.720000000000000000e+03 6.122289999999999959e-05
3.727000000000000000e+03 6.459700000000000511e-05
3.734000000000000000e+03 6.830079999999999496e-05
3.741000000000000000e+03 7.238639999999999528e-05
3.748000000000000000e+03 7.728159999999999544e-05
3.755000000000000000e+03 8.302120000000000398e-05
3.762000000000000000e+03 8.943520000000000050e-05
3.769000000000000000e+03 9.623440000000000141e-05
3.776000000000000000e+03 1.038670000000000001e-04
3.783000000000000000e+03 1.123809999999999935e-04
3.790000000000000000e+03 1.221960000000000071e-04
3.797000000000000000e+03 1.331799999999999954e-04
3.804000000000000000e+03 1.455589999999999933e-04
3.811000000000000000e+03 1.591089999999999974e-04
3.818000000000000000e+03 1.748370000000000067e-04
3.825000000000000000e+03 1.924279999999999947e-04
3.832000000000000000e+03 2.130959999999999940e-04
3.839000000000000000e+03 2.362929999999999957e-04
3.846000000000000000e+03 2.630120000000000222e-04
3.853000000000000000e+03 2.913079999999999966e-04
3.860000000000000000e+03 3.230449999999999945e-04
3.867000000000000000e+03 3.612569999999999735e-04
3.874000000000000000e+03 4.069000000000000243e-04
3.881000000000000000e+03 4.606850000000000116e-04
3.888000000000000000e+03 5.240200000000000413e-04
3.895000000000000000e+03 5.996429999999999642e-04
3.902000000000000000e+03 6.865340000000000375e-04
3.909000000000000000e+03 7.872689999999999463e-04
3.916000000000000000e+03 9.030960000000000419e-04
3.923000000000000000e+03 1.040310000000000019e-03
3.930000000000000000e+03 1.221599999999999986e-03
3.937000000000000000e+03 1.507139999999999912e-03
3.944000000000000000e+03 1.914640000000000005e-03
3.951000000000000000e+03 2.434299999999999919e-03
3.958000000000000000e+03 3.034359999999999835e-03
3.965000000000000000e+03 3.853089999999999987e-03
3.972000000000000000e+03 5.001420000000000345e-03
3.979000000000000000e+03 6.582929999999999858e-03
3.986000000000000000e+03 8.606620000000000589e-03
3.993000000000000000e+03 1.107610000000000018e-02
4.000000000000000000e+03 1.397989999999999997e-02
4.007000000000000000e+03 1.752909999999999885e-02
4.014000000000000000e+03 2.184320000000000012e-02
4.021000000000000000e+03 2.701660000000000172e-02
4.028000000000000000e+03 3.295069999999999943e-02
4.035000000000000000e+03 3.975499999999999867e-02
4.042000000000000000e+03 4.729250000000000120e-02
4.049000000000000000e+03 5.570520000000000332e-02
4.056000000000000000e+03 6.489390000000000436e-02
4.063000000000000000e+03 7.491879999999999373e-02
4.070000000000000000e+03 8.554029999999999967e-02
4.077000000000000000e+03 9.674969999999999404e-02
4.084000000000000000e+03 1.083400000000000057e-01
4.091000000000000000e+03 1.202649999999999969e-01
4.098000000000000000e+03 1.324120000000000019e-01
4.105000000000000000e+03 1.446419999999999928e-01
4.112000000000000000e+03 1.568019999999999969e-01
4.119000000000000000e+03 1.686769999999999936e-01
4.126000000000000000e+03 1.801480000000000026e-01
4.133000000000000000e+03 1.911980000000000068e-01
4.140000000000000000e+03 2.016469999999999929e-01
4.147000000000000000e+03 2.116790000000000060e-01
4.154000000000000000e+03 2.207949999999999913e-01
4.161000000000000000e+03 2.294470000000000121e-01
4.168000000000000000e+03 2.369420000000000137e-01
4.175000000000000000e+03 2.441089999999999927e-01
4.182000000000000000e+03 2.511140000000000039e-01
4.189000000000000000e+03 2.583790000000000253e-01
4.196000000000000000e+03 2.649039999999999728e-01
4.203000000000000000e+03 2.703860000000000152e-01
4.210000000000000000e+03 2.738030000000000186e-01
4.217000000000000000e+03 2.759079999999999866e-01
4.224000000000000000e+03 2.773660000000000014e-01
4.231000000000000000e+03 2.791359999999999952e-01
4.238000000000000000e+03 2.819630000000000192e-01
4.245000000000000000e+03 2.851569999999999938e-01
4.252000000000000000e+03 2.882460000000000022e-01
4.259000000000000000e+03 2.910070000000000157e-01
4.266000000000000000e+03 2.922830000000000150e-01
4.273000000000000000e+03 2.932690000000000019e-01
4.280000000000000000e+03 2.949510000000000187e-01
4.287000000000000000e+03 2.963470000000000271e-01
4.294000000000000000e+03 2.979870000000000019e-01
4.301000000000000000e+03 2.984890000000000043e-01
4.308000000000000000e+03 2.980180000000000051e-01
4.315000000000000000e+03 2.987560000000000215e-01
4.322000000000000000e+03 3.001679999999999904e-01
4.329000000000000000e+03 3.019000000000000017e-01
4.336000000000000000e+03 3.043330000000000202e-01
4.343000000000000000e+03 3.068989999999999774e-01
4.350000000000000000e+03 3.110459999999999892e-01
4.357000000000000000e+03 3.177840000000000109e-01
4.364000000000000000e+03 3.296870000000000078e-01
4.371000000000000000e+03 3.489570000000000172e-01
4.378000000000000000e+03 3.796669999999999767e-01
4.385000000000000000e+03 4.218250000000000055e-01
4.392000000000000000e+03 4.796810000000000240e-01
4.399000000000000000e+03 5.479030000000000289e-01
4.406000000000000000e+03 6.240560000000000551e-01
4.413000000000000000e+03 6.998940000000000161e-01
4.420000000000000000e+03 7.655659999999999688e-01
4.427000000000000000e+03 8.218760000000000510e-01
4.434000000000000000e+03 8.674709999999999921e-01
4.441000000000000000e+03 8.991550000000000376e-01
4.448000000000000000e+03 9.244139999999999580e-01
4.455000000000000000e+03 9.387469999999999981e-01
4.462000000000000000e+03 9.476529999999999676e-01
4.469000000000000000e+03 9.500870000000000148e-01
4.476000000000000000e+03 9.462209999999999788e-01
4.483000000000000000e+03 9.451629999999999754e-01
4.490000000000000000e+03 9.484540000000000193e-01
4.497000000000000000e+03 9.542810000000000459e-01
4.504000000000000000e+03 9.640619999999999745e-01
4.511000000000000000e+03 9.755220000000000002e-01
4.518000000000000000e+03 9.875749999999999806e-01
4.525000000000000000e+03 9.959329999999999572e-01
4.532000000000000000e+03 9.998780000000000445e-01
4.539000000000000000e+03 1.000000000000000000e+00
4.546000000000000000e+03 9.975420000000000398e-01
4.553000000000000000e+03 9.930879999999999708e-01
4.560000000000000000e+03 9.828740000000000254e-01
4.567000000000000000e+03 9.677630000000000399e-01
4.574000000000000000e+03 9.464369999999999727e-01
4.581000000000000000e+03 9.209509999999999641e-01
4.588000000000000000e+03 8.864729999999999555e-01
4.595000000000000000e+03 8.478919999999999790e-01
4.602000000000000000e+03 8.009060000000000068e-01
4.609000000000000000e+03 7.504389999999999672e-01
4.616000000000000000e+03 6.909999999999999476e-01
4.623000000000000000e+03 6.252010000000000067e-01
4.630000000000000000e+03 5.567140000000000422e-01
4.637000000000000000e+03 4.894819999999999727e-01
4.644000000000000000e+03 4.315060000000000007e-01
4.651000000000000000e+03 3.801289999999999947e-01
4.658000000000000000e+03 3.409989999999999966e-01
4.665000000000000000e+03 3.139060000000000183e-01
4.672000000000000000e+03 2.940619999999999901e-01
4.679000000000000000e+03 2.832279999999999798e-01
4.686000000000000000e+03 2.748479999999999812e-01
4.693000000000000000e+03 2.694270000000000276e-01
4.700000000000000000e+03 2.654380000000000073e-01
4.707000000000000000e+03 2.627320000000000211e-01
4.714000000000000000e+03 2.601939999999999809e-01
4.721000000000000000e+03 2.575979999999999936e-01
4.728000000000000000e+03 2.544020000000000170e-01
4.735000000000000000e+03 2.502050000000000107e-01
4.742000000000000000e+03 2.450890000000000013e-01
4.749000000000000000e+03 2.399409999999999876e-01
4.756000000000000000e+03 2.348560000000000092e-01
4.763000000000000000e+03 2.303010000000000057e-01
4.770000000000000000e+03 2.263819999999999999e-01
4.777000000000000000e+03 2.230320000000000080e-01
4.784000000000000000e+03 2.194409999999999972e-01
4.791000000000000000e+03 2.162350000000000105e-01
4.798000000000000000e+03 2.129810000000000036e-01
4.805000000000000000e+03 2.101679999999999937e-01
4.812000000000000000e+03 2.078290000000000137e-01
4.819000000000000000e+03 2.056610000000000105e-01
4.826000000000000000e+03 2.033339999999999870e-01
4.833000000000000000e+03 2.009660000000000057e-01
4.840000000000000000e+03 1.984680000000000055e-01
4.847000000000000000e+03 1.958169999999999911e-01
4.854000000000000000e+03 1.931529999999999914e-01
4.861000000000000000e+03 1.904409999999999992e-01
4.868000000000000000e+03 1.875380000000000102e-01
4.875000000000000000e+03 1.844000000000000083e-01
4.882000000000000000e+03 1.811210000000000042e-01
4.889000000000000000e+03 1.777990000000000126e-01
4.896000000000000000e+03 1.741709999999999925e-01
4.903000000000000000e+03 1.703739999999999977e-01
4.910000000000000000e+03 1.661340000000000039e-01
4.917000000000000000e+03 1.614549999999999874e-01
4.924000000000000000e+03 1.562060000000000115e-01
4.931000000000000000e+03 1.502370000000000094e-01
4.938000000000000000e+03 1.435500000000000109e-01
4.945000000000000000e+03 1.362099999999999977e-01
4.952000000000000000e+03 1.283279999999999976e-01
4.959000000000000000e+03 1.199820000000000053e-01
4.966000000000000000e+03 1.114079999999999931e-01
4.973000000000000000e+03 1.025520000000000043e-01
4.980000000000000000e+03 9.365790000000000226e-02
4.987000000000000000e+03 8.484079999999999400e-02
4.994000000000000000e+03 7.616739999999999622e-02
5.001000000000000000e+03 6.781080000000000441e-02
5.008000000000000000e+03 5.979860000000000037e-02
5.015000000000000000e+03 5.234289999999999776e-02
5.022000000000000000e+03 4.539839999999999848e-02
5.029000000000000000e+03 3.912039999999999962e-02
5.036000000000000000e+03 3.347209999999999769e-02
5.043000000000000000e+03 2.845349999999999963e-02
5.050000000000000000e+03 2.408580000000000096e-02
5.057000000000000000e+03 2.027639999999999998e-02
5.064000000000000000e+03 1.702640000000000056e-02
5.071000000000000000e+03 1.422419999999999934e-02
5.078000000000000000e+03 1.189340000000000015e-02
5.085000000000000000e+03 9.966209999999999652e-03
5.092000000000000000e+03 8.385129999999999320e-03
5.099000000000000000e+03 7.133969999999999895e-03
5.106000000000000000e+03 6.115240000000000085e-03
5.113000000000000000e+03 5.297900000000000352e-03
5.120000000000000000e+03 4.603890000000000239e-03
5.127000000000000000e+03 4.006530000000000334e-03
5.134000000000000000e+03 3.469579999999999886e-03
5.141000000000000000e+03 3.004650000000000203e-03
5.148000000000000000e+03 2.602950000000000142e-03
5.155000000000000000e+03 2.256499999999999825e-03
5.162000000000000000e+03 1.943620000000000070e-03
5.169000000000000000e+03 1.682719999999999962e-03
5.176000000000000000e+03 1.474920000000000007e-03
5.183000000000000000e+03 1.279940000000000027e-03
5.190000000000000000e+03 9.533500000000000524e-04
5.197000000000000000e+03 6.390910000000000514e-04
5.204000000000000000e+03 5.529470000000000305e-04
5.211000000000000000e+03 4.959549999999999636e-04
5.218000000000000000e+03 4.432190000000000131e-04
5.225000000000000000e+03 3.916270000000000233e-04
5.232000000000000000e+03 3.424120000000000007e-04
5.239000000000000000e+03 3.114820000000000240e-04
5.246000000000000000e+03 2.919730000000000047e-04
5.253000000000000000e+03 2.667139999999999810e-04
5.260000000000000000e+03 2.393329999999999937e-04
5.267000000000000000e+03 2.149460000000000118e-04
5.274000000000000000e+03 2.009070000000000062e-04
5.281000000000000000e+03 1.919970000000000118e-04
5.288000000000000000e+03 1.771119999999999943e-04
5.295000000000000000e+03 1.514710000000000004e-04
5.302000000000000000e+03 1.204429999999999986e-04
5.309000000000000000e+03 8.553020000000000316e-05
5.316000000000000000e+03 3.799680000000000185e-05
5.323000000000000000e+03 5.170219999999999772e-06
