3.128000000000000000e+04 0.000000000000000000e+00
3.135300000000000000e+04 2.647369999999999862e-06
3.142600000000000000e+04 1.887150000000000050e-05
3.149900000000000000e+04 3.626930000000000187e-05
3.157200000000000000e+04 5.146539999999999687e-05
3.164500000000000000e+04 5.787799999999999710e-05
3.171800000000000000e+04 5.100829999999999747e-05
3.179100000000000000e+04 5.337470000000000246e-05
3.186400000000000000e+04 5.888810000000000290e-05
3.193700000000000000e+04 6.571759999999999570e-05
3.201000000000000000e+04 8.577939999999999393e-05
3.208300000000000000e+04 1.126289999999999952e-04
3.215600000000000000e+04 1.459979999999999937e-04
3.222900000000000000e+04 1.721299999999999935e-04
3.230200000000000000e+04 1.946229999999999965e-04
3.237500000000000000e+04 2.596289999999999904e-04
3.244800000000000000e+04 3.339889999999999764e-04
3.252100000000000000e+04 3.897740000000000124e-04
3.259400000000000000e+04 4.166039999999999978e-04
3.266700000000000000e+04 4.273290000000000009e-04
3.274000000000000000e+04 4.822580000000000031e-04
3.281300000000000000e+04 5.736409999999999513e-04
3.288600000000000000e+04 9.697129999999999769e-04
3.295900000000000000e+04 1.657819999999999953e-03
3.303200000000000000e+04 3.713360000000000185e-03
3.310500000000000000e+04 6.380030000000000076e-03
3.317800000000000000e+04 1.032059999999999922e-02
3.325100000000000000e+04 1.474220000000000044e-02
3.332400000000000000e+04 1.984959999999999850e-02
3.339700000000000000e+04 2.546930000000000027e-02
3.347000000000000000e+04 3.117800000000000085e-02
3.354300000000000000e+04 3.673640000000000239e-02
3.361600000000000000e+04 4.225059999999999927e-02
3.368900000000000000e+04 5.005140000000000283e-02
3.376200000000000000e+04 5.975010000000000043e-02
3.383500000000000000e+04 7.165599999999999747e-02
3.390800000000000000e+04 8.596049999999999525e-02
3.398100000000000000e+04 1.024090000000000000e-01
3.405400000000000000e+04 1.226379999999999970e-01
3.412700000000000000e+04 1.456679999999999919e-01
3.420000000000000000e+04 1.697160000000000057e-01
3.427300000000000000e+04 1.942679999999999962e-01
3.434600000000000000e+04 2.195890000000000064e-01
3.441900000000000000e+04 2.436270000000000102e-01
3.449200000000000000e+04 2.657809999999999895e-01
3.456500000000000000e+04 2.842270000000000074e-01
3.463800000000000000e+04 2.999390000000000112e-01
3.471100000000000000e+04 3.161220000000000141e-01
3.478400000000000000e+04 3.337579999999999991e-01
3.485700000000000000e+04 3.513169999999999904e-01
3.493000000000000000e+04 3.671019999999999839e-01
3.500300000000000000e+04 3.812150000000000261e-01
3.507600000000000000e+04 3.928420000000000245e-01
3.514900000000000000e+04 4.030250000000000221e-01
3.522200000000000000e+04 4.109490000000000087e-01
3.529500000000000000e+04 4.153069999999999817e-01
3.536800000000000000e+04 4.185519999999999796e-01
3.544100000000000000e+04 4.219519999999999937e-01
3.551400000000000000e+04 4.249089999999999812e-01
3.558700000000000000e+04 4.278060000000000196e-01
3.566000000000000000e+04 4.297000000000000264e-01
3.573300000000000000e+04 4.307300000000000018e-01
3.580600000000000000e+04 4.337730000000000197e-01
3.587900000000000000e+04 4.395450000000000190e-01
3.595200000000000000e+04 4.465120000000000200e-01
3.602500000000000000e+04 4.536930000000000129e-01
3.609800000000000000e+04 4.599980000000000180e-01
3.617100000000000000e+04 4.665810000000000235e-01
3.624400000000000000e+04 4.733370000000000077e-01
3.631700000000000000e+04 4.803999999999999937e-01
3.639000000000000000e+04 4.876300000000000079e-01
3.646300000000000000e+04 4.970450000000000146e-01
3.653600000000000000e+04 5.115539999999999532e-01
3.660900000000000000e+04 5.309000000000000385e-01
3.668200000000000000e+04 5.542979999999999574e-01
3.675500000000000000e+04 5.802140000000000075e-01
3.682800000000000000e+04 6.077900000000000524e-01
3.690100000000000000e+04 6.353490000000000526e-01
3.697400000000000000e+04 6.620310000000000361e-01
3.704700000000000000e+04 6.857600000000000362e-01
3.712000000000000000e+04 7.053490000000000038e-01
3.719300000000000000e+04 7.228830000000000533e-01
3.726600000000000000e+04 7.377390000000000336e-01
3.733900000000000000e+04 7.495389999999999553e-01
3.741200000000000000e+04 7.578979999999999606e-01
3.748500000000000000e+04 7.652120000000000033e-01
3.755800000000000000e+04 7.710430000000000339e-01
3.763100000000000000e+04 7.771259999999999835e-01
3.770400000000000000e+04 7.818549999999999667e-01
3.777700000000000000e+04 7.853379999999999805e-01
3.785000000000000000e+04 7.872569999999999846e-01
3.792300000000000000e+04 7.882299999999999862e-01
3.799600000000000000e+04 7.891230000000000189e-01
3.806900000000000000e+04 7.899169999999999803e-01
3.814200000000000000e+04 7.893489999999999673e-01
3.821500000000000000e+04 7.881289999999999685e-01
3.828800000000000000e+04 7.859949999999999992e-01
3.836100000000000000e+04 7.847429999999999684e-01
3.843400000000000000e+04 7.866480000000000139e-01
3.850700000000000000e+04 7.894149999999999778e-01
3.858000000000000000e+04 7.932620000000000227e-01
3.865300000000000000e+04 7.977290000000000214e-01
3.872600000000000000e+04 8.023299999999999876e-01
3.879900000000000000e+04 8.081289999999999862e-01
3.887200000000000000e+04 8.144400000000000528e-01
3.894500000000000000e+04 8.202329999999999899e-01
3.901800000000000000e+04 8.248079999999999856e-01
3.909100000000000000e+04 8.279940000000000078e-01
3.916400000000000000e+04 8.309320000000000039e-01
3.923700000000000000e+04 8.340830000000000188e-01
3.931000000000000000e+04 8.372950000000000115e-01
3.938300000000000000e+04 8.406979999999999453e-01
3.945600000000000000e+04 8.432889999999999553e-01
3.952900000000000000e+04 8.450239999999999974e-01
3.960200000000000000e+04 8.460159999999999902e-01
3.967500000000000000e+04 8.461220000000000407e-01
3.974800000000000000e+04 8.466749999999999554e-01
3.982100000000000000e+04 8.474359999999999671e-01
3.989400000000000000e+04 8.491969999999999796e-01
3.996700000000000000e+04 8.520499999999999741e-01
4.004000000000000000e+04 8.552870000000000195e-01
4.011300000000000000e+04 8.586479999999999668e-01
4.018600000000000000e+04 8.620309999999999917e-01
4.025900000000000000e+04 8.642290000000000250e-01
4.033200000000000000e+04 8.660889999999999977e-01
4.040500000000000000e+04 8.673640000000000239e-01
4.047800000000000000e+04 8.679249999999999465e-01
4.055100000000000000e+04 8.687500000000000222e-01
4.062400000000000000e+04 8.697000000000000286e-01
4.069700000000000000e+04 8.713720000000000354e-01
4.077000000000000000e+04 8.738129999999999509e-01
4.084300000000000000e+04 8.768679999999999808e-01
4.091600000000000000e+04 8.802550000000000097e-01
4.098900000000000000e+04 8.834910000000000263e-01
4.106200000000000000e+04 8.860099999999999643e-01
4.113500000000000000e+04 8.874339999999999451e-01
4.120800000000000000e+04 8.885410000000000252e-01
4.128100000000000000e+04 8.893560000000000354e-01
4.135400000000000000e+04 8.906539999999999457e-01
4.142700000000000000e+04 8.928199999999999470e-01
4.150000000000000000e+04 8.956140000000000212e-01
4.157300000000000000e+04 8.988279999999999603e-01
4.164600000000000000e+04 9.021310000000000162e-01
4.171900000000000000e+04 9.046849999999999614e-01
4.179200000000000000e+04 9.068690000000000362e-01
4.186500000000000000e+04 9.086359999999999992e-01
4.193800000000000000e+04 9.104170000000000318e-01
4.201100000000000000e+04 9.127640000000000198e-01
4.208400000000000000e+04 9.151799999999999935e-01
4.215700000000000000e+04 9.183419999999999916e-01
4.223000000000000000e+04 9.210690000000000266e-01
4.230300000000000000e+04 9.235710000000000308e-01
4.237600000000000000e+04 9.255160000000000053e-01
4.244900000000000000e+04 9.266889999999999850e-01
4.252200000000000000e+04 9.277750000000000163e-01
4.259500000000000000e+04 9.280389999999999473e-01
4.266800000000000000e+04 9.286200000000000010e-01
4.274100000000000000e+04 9.301120000000000498e-01
4.281400000000000000e+04 9.322169999999999623e-01
4.288700000000000000e+04 9.362519999999999731e-01
4.296000000000000000e+04 9.407750000000000279e-01
4.303300000000000000e+04 9.458999999999999631e-01
4.310600000000000000e+04 9.512749999999999817e-01
4.317900000000000000e+04 9.559929999999999817e-01
4.325200000000000000e+04 9.611910000000000176e-01
4.332500000000000000e+04 9.660220000000000473e-01
4.339800000000000000e+04 9.705690000000000150e-01
4.347100000000000000e+04 9.742910000000000181e-01
4.354400000000000000e+04 9.768320000000000336e-01
4.361700000000000000e+04 9.777810000000000112e-01
4.369000000000000000e+04 9.778369999999999562e-01
4.376300000000000000e+04 9.778529999999999722e-01
4.383600000000000000e+04 9.779569999999999652e-01
4.390900000000000000e+04 9.792330000000000201e-01
4.398200000000000000e+04 9.811389999999999834e-01
4.405500000000000000e+04 9.832210000000000116e-01
4.412800000000000000e+04 9.857160000000000366e-01
4.420100000000000000e+04 9.873070000000000457e-01
4.427400000000000000e+04 9.883440000000000003e-01
4.434700000000000000e+04 9.893119999999999692e-01
4.442000000000000000e+04 9.893490000000000339e-01
4.449300000000000000e+04 9.895659999999999457e-01
4.456600000000000000e+04 9.891830000000000345e-01
4.463900000000000000e+04 9.883720000000000283e-01
4.471200000000000000e+04 9.876040000000000374e-01
4.478500000000000000e+04 9.867799999999999905e-01
4.485800000000000000e+04 9.866110000000000158e-01
4.493100000000000000e+04 9.872739999999999849e-01
4.500400000000000000e+04 9.891889999999999850e-01
4.507700000000000000e+04 9.913910000000000222e-01
4.515000000000000000e+04 9.943250000000000144e-01
4.522300000000000000e+04 9.968580000000000219e-01
4.529600000000000000e+04 9.986000000000000432e-01
4.536900000000000000e+04 1.000000000000000000e+00
4.544200000000000000e+04 9.998949999999999783e-01
4.551500000000000000e+04 9.993929999999999758e-01
4.558800000000000000e+04 9.985049999999999759e-01
4.566100000000000000e+04 9.971060000000000478e-01
4.573400000000000000e+04 9.962929999999999842e-01
4.580700000000000000e+04 9.951989999999999448e-01
4.588000000000000000e+04 9.944899999999999851e-01
4.595300000000000000e+04 9.941029999999999589e-01
4.602600000000000000e+04 9.936479999999999757e-01
4.609900000000000000e+04 9.940320000000000267e-01
4.617200000000000000e+04 9.942290000000000294e-01
4.624500000000000000e+04 9.941910000000000469e-01
4.631800000000000000e+04 9.940299999999999692e-01
4.639100000000000000e+04 9.927179999999999893e-01
4.646400000000000000e+04 9.915929999999999467e-01
4.653700000000000000e+04 9.899419999999999886e-01
4.661000000000000000e+04 9.883819999999999828e-01
4.668300000000000000e+04 9.874260000000000259e-01
4.675600000000000000e+04 9.861619999999999830e-01
4.682900000000000000e+04 9.854619999999999491e-01
4.690200000000000000e+04 9.848799999999999777e-01
4.697500000000000000e+04 9.845479999999999787e-01
4.704800000000000000e+04 9.846970000000000445e-01
4.712100000000000000e+04 9.845620000000000482e-01
4.719400000000000000e+04 9.839809999999999945e-01
4.726700000000000000e+04 9.829970000000000097e-01
4.734000000000000000e+04 9.809529999999999639e-01
4.741300000000000000e+04 9.786850000000000271e-01
4.748600000000000000e+04 9.764559999999999906e-01
4.755900000000000000e+04 9.742110000000000491e-01
4.763200000000000000e+04 9.724559999999999871e-01
4.770500000000000000e+04 9.705639999999999823e-01
4.777800000000000000e+04 9.683260000000000201e-01
4.785100000000000000e+04 9.657869999999999511e-01
4.792400000000000000e+04 9.626900000000000457e-01
4.799700000000000000e+04 9.588029999999999609e-01
4.807000000000000000e+04 9.545690000000000008e-01
4.814300000000000000e+04 9.493009999999999504e-01
4.821600000000000000e+04 9.439039999999999653e-01
4.828900000000000000e+04 9.386489999999999556e-01
4.836200000000000000e+04 9.331589999999999607e-01
4.843500000000000000e+04 9.284999999999999920e-01
4.850800000000000000e+04 9.232900000000000551e-01
4.858100000000000000e+04 9.178840000000000332e-01
4.865400000000000000e+04 9.119960000000000289e-01
4.872700000000000000e+04 9.048420000000000352e-01
4.880000000000000000e+04 8.971409999999999663e-01
4.887300000000000000e+04 8.882839999999999625e-01
4.894600000000000000e+04 8.783980000000000121e-01
4.901900000000000000e+04 8.678569999999999895e-01
4.909200000000000000e+04 8.559719999999999551e-01
4.916500000000000000e+04 8.433209999999999873e-01
4.923800000000000000e+04 8.300769999999999538e-01
4.931100000000000000e+04 8.160859999999999781e-01
4.938400000000000000e+04 8.023449999999999749e-01
4.945700000000000000e+04 7.881160000000000387e-01
4.953000000000000000e+04 7.737579999999999458e-01
4.960300000000000000e+04 7.584579999999999655e-01
4.967600000000000000e+04 7.424790000000000001e-01
4.974900000000000000e+04 7.256019999999999692e-01
4.982200000000000000e+04 7.080729999999999524e-01
4.989500000000000000e+04 6.899520000000000097e-01
4.996800000000000000e+04 6.710580000000000434e-01
5.004100000000000000e+04 6.522489999999999677e-01
5.011400000000000000e+04 6.331930000000000058e-01
5.018700000000000000e+04 6.150020000000000486e-01
5.026000000000000000e+04 5.978569999999999718e-01
5.033300000000000000e+04 5.821730000000000516e-01
5.040600000000000000e+04 5.681249999999999911e-01
5.047900000000000000e+04 5.548359999999999959e-01
5.055200000000000000e+04 5.424330000000000540e-01
5.062500000000000000e+04 5.301979999999999471e-01
5.069800000000000000e+04 5.185070000000000512e-01
5.077100000000000000e+04 5.074640000000000262e-01
5.084400000000000000e+04 4.969430000000000236e-01
5.091700000000000000e+04 4.870909999999999962e-01
5.099000000000000000e+04 4.778660000000000130e-01
5.106300000000000000e+04 4.686219999999999830e-01
5.113600000000000000e+04 4.598889999999999922e-01
5.120900000000000000e+04 4.514839999999999964e-01
5.128200000000000000e+04 4.439679999999999738e-01
5.135500000000000000e+04 4.372139999999999915e-01
5.142800000000000000e+04 4.312289999999999734e-01
5.150100000000000000e+04 4.255880000000000218e-01
5.157400000000000000e+04 4.201880000000000059e-01
5.164700000000000000e+04 4.147589999999999888e-01
5.172000000000000000e+04 4.092480000000000007e-01
5.179300000000000000e+04 4.038939999999999753e-01
5.186600000000000000e+04 3.984820000000000029e-01
5.193900000000000000e+04 3.934400000000000119e-01
5.201200000000000000e+04 3.885779999999999790e-01
5.208500000000000000e+04 3.838929999999999843e-01
5.215800000000000000e+04 3.794950000000000268e-01
5.223100000000000000e+04 3.752039999999999820e-01
5.230400000000000000e+04 3.711470000000000047e-01
5.237700000000000000e+04 3.670519999999999894e-01
5.245000000000000000e+04 3.628330000000000166e-01
5.252300000000000000e+04 3.581610000000000071e-01
5.259600000000000000e+04 3.525929999999999898e-01
5.266900000000000000e+04 3.462189999999999990e-01
5.274200000000000000e+04 3.385500000000000176e-01
5.281500000000000000e+04 3.300239999999999840e-01
5.288800000000000000e+04 3.202420000000000266e-01
5.296100000000000000e+04 3.095700000000000118e-01
5.303400000000000000e+04 2.977629999999999999e-01
5.310700000000000000e+04 2.852919999999999900e-01
5.318000000000000000e+04 2.721709999999999963e-01
5.325300000000000000e+04 2.588139999999999885e-01
5.332600000000000000e+04 2.456069999999999920e-01
5.339900000000000000e+04 2.323729999999999962e-01
5.347200000000000000e+04 2.193110000000000059e-01
5.354500000000000000e+04 2.063319999999999876e-01
5.361800000000000000e+04 1.932129999999999959e-01
5.369100000000000000e+04 1.801319999999999866e-01
5.376400000000000000e+04 1.669019999999999948e-01
5.383700000000000000e+04 1.536700000000000010e-01
5.391000000000000000e+04 1.408530000000000060e-01
5.398300000000000000e+04 1.280550000000000022e-01
5.405600000000000000e+04 1.155909999999999993e-01
5.412900000000000000e+04 1.033179999999999932e-01
5.420200000000000000e+04 9.119199999999999529e-02
5.427500000000000000e+04 7.941259999999999986e-02
5.434800000000000000e+04 6.835579999999999434e-02
5.442100000000000000e+04 5.798439999999999844e-02
5.449400000000000000e+04 4.872510000000000036e-02
5.456700000000000000e+04 4.035310000000000286e-02
5.464000000000000000e+04 3.310910000000000242e-02
5.471300000000000000e+04 2.686650000000000149e-02
5.478600000000000000e+04 2.147220000000000031e-02
5.485900000000000000e+04 1.700789999999999941e-02
5.493200000000000000e+04 1.334839999999999985e-02
5.500500000000000000e+04 1.051320000000000032e-02
5.507800000000000000e+04 8.276880000000000348e-03
5.515100000000000000e+04 6.621260000000000340e-03
5.522400000000000000e+04 5.308039999999999980e-03
5.529700000000000000e+04 4.339039999999999737e-03
5.537000000000000000e+04 3.560579999999999821e-03
5.544300000000000000e+04 2.959939999999999880e-03
5.551600000000000000e+04 2.504660000000000133e-03
5.558900000000000000e+04 2.226269999999999812e-03
5.566200000000000000e+04 1.967070000000000016e-03
5.573500000000000000e+04 1.750370000000000007e-03
5.580800000000000000e+04 1.563809999999999896e-03
5.588100000000000000e+04 1.343299999999999963e-03
5.595400000000000000e+04 1.171539999999999995e-03
5.602700000000000000e+04 1.085239999999999903e-03
5.610000000000000000e+04 9.965530000000000655e-04
5.617300000000000000e+04 9.143629999999999597e-04
5.624600000000000000e+04 8.337050000000000146e-04
5.631900000000000000e+04 7.613849999999999481e-04
5.639200000000000000e+04 7.037900000000000362e-04
5.646500000000000000e+04 6.307170000000000398e-04
5.653800000000000000e+04 5.765020000000000040e-04
5.661100000000000000e+04 5.666070000000000047e-04
5.668400000000000000e+04 5.512400000000000416e-04
5.675700000000000000e+04 5.455689999999999802e-04
5.683000000000000000e+04 5.470720000000000097e-04
5.690300000000000000e+04 5.297420000000000384e-04
5.697600000000000000e+04 5.096739999999999994e-04
5.704900000000000000e+04 4.759329999999999984e-04
5.712200000000000000e+04 4.458500000000000223e-04
5.719500000000000000e+04 4.337890000000000170e-04
5.726800000000000000e+04 4.253610000000000225e-04
5.734100000000000000e+04 4.197620000000000105e-04
5.741400000000000000e+04 3.984430000000000068e-04
5.748700000000000000e+04 3.746579999999999897e-04
5.756000000000000000e+04 3.527049999999999782e-04
5.763300000000000000e+04 2.763660000000000031e-04
5.770600000000000000e+04 1.912840000000000070e-04
5.777900000000000000e+04 1.637060000000000078e-04
5.785200000000000000e+04 1.465880000000000134e-04
5.792500000000000000e+04 1.183690000000000046e-04
5.799800000000000000e+04 9.823410000000000193e-05
5.807100000000000000e+04 7.153160000000000475e-05
5.814400000000000000e+04 2.862689999999999861e-05
5.821700000000000000e+04 2.448649999999999841e-06
