1.327000000000000000e+03 0.000000000000000000e+00
1.330000000000000000e+03 2.151739999999999917e-06
1.333000000000000000e+03 6.699480000000000272e-06
1.336000000000000000e+03 1.061400000000000036e-05
1.339000000000000000e+03 1.124440000000000029e-05
1.342000000000000000e+03 1.147129999999999976e-05
1.345000000000000000e+03 1.183419999999999928e-05
1.348000000000000000e+03 1.227590000000000049e-05
1.351000000000000000e+03 1.272160000000000031e-05
1.354000000000000000e+03 1.317859999999999949e-05
1.357000000000000000e+03 1.363439999999999943e-05
1.360000000000000000e+03 1.405939999999999959e-05
1.363000000000000000e+03 1.447370000000000001e-05
1.366000000000000000e+03 1.476619999999999933e-05
1.369000000000000000e+03 1.485410000000000064e-05
1.372000000000000000e+03 1.491520000000000079e-05
1.375000000000000000e+03 1.476099999999999979e-05
1.378000000000000000e+03 1.456670000000000065e-05
1.381000000000000000e+03 1.431930000000000027e-05
1.384000000000000000e+03 1.402529999999999936e-05
1.387000000000000000e+03 1.374150000000000049e-05
1.390000000000000000e+03 1.349880000000000025e-05
1.393000000000000000e+03 1.326349999999999930e-05
1.396000000000000000e+03 1.327299999999999980e-05
1.399000000000000000e+03 1.339680000000000021e-05
1.402000000000000000e+03 1.362000000000000004e-05
1.405000000000000000e+03 1.407740000000000010e-05
1.408000000000000000e+03 1.454619999999999974e-05
1.411000000000000000e+03 1.506909999999999943e-05
1.414000000000000000e+03 1.560749999999999922e-05
1.417000000000000000e+03 1.599409999999999989e-05
1.420000000000000000e+03 1.618180000000000150e-05
1.423000000000000000e+03 1.630309999999999981e-05
1.426000000000000000e+03 1.599630000000000133e-05
1.429000000000000000e+03 1.563039999999999861e-05
1.432000000000000000e+03 1.491839999999999933e-05
1.435000000000000000e+03 1.396920000000000002e-05
1.438000000000000000e+03 1.297280000000000054e-05
1.441000000000000000e+03 1.182690000000000022e-05
1.444000000000000000e+03 1.067379999999999935e-05
1.447000000000000000e+03 9.617110000000000491e-06
1.450000000000000000e+03 8.598620000000000693e-06
1.453000000000000000e+03 7.715780000000000181e-06
1.456000000000000000e+03 7.104359999999999858e-06
1.459000000000000000e+03 6.533270000000000215e-06
1.462000000000000000e+03 6.329560000000000093e-06
1.465000000000000000e+03 6.208770000000000188e-06
1.468000000000000000e+03 6.294870000000000092e-06
1.471000000000000000e+03 6.593590000000000003e-06
1.474000000000000000e+03 6.947859999999999747e-06
1.477000000000000000e+03 7.590170000000000209e-06
1.480000000000000000e+03 8.267859999999999814e-06
1.483000000000000000e+03 8.936829999999999273e-06
1.486000000000000000e+03 9.637049999999999490e-06
1.489000000000000000e+03 1.028960000000000055e-05
1.492000000000000000e+03 1.079219999999999977e-05
1.495000000000000000e+03 1.123639999999999969e-05
1.498000000000000000e+03 1.133679999999999961e-05
1.501000000000000000e+03 1.132749999999999954e-05
1.504000000000000000e+03 1.115870000000000041e-05
1.507000000000000000e+03 1.072280000000000006e-05
1.510000000000000000e+03 1.028049999999999923e-05
1.513000000000000000e+03 9.799709999999999387e-06
1.516000000000000000e+03 9.317949999999999445e-06
1.519000000000000000e+03 8.883489999999999882e-06
1.522000000000000000e+03 8.498340000000000698e-06
1.525000000000000000e+03 8.157409999999999881e-06
1.528000000000000000e+03 7.933050000000000220e-06
1.531000000000000000e+03 7.794240000000000104e-06
1.534000000000000000e+03 7.951519999999999723e-06
1.537000000000000000e+03 8.184440000000000196e-06
1.540000000000000000e+03 8.436819999999999972e-06
1.543000000000000000e+03 8.734019999999999431e-06
1.546000000000000000e+03 9.035480000000000437e-06
1.549000000000000000e+03 9.312939999999999641e-06
1.552000000000000000e+03 9.397690000000000820e-06
1.555000000000000000e+03 9.482490000000000415e-06
1.558000000000000000e+03 9.590780000000000016e-06
1.561000000000000000e+03 9.708179999999999943e-06
1.564000000000000000e+03 9.805449999999999437e-06
1.567000000000000000e+03 9.899479999999999280e-06
1.570000000000000000e+03 1.000610000000000064e-05
1.573000000000000000e+03 1.012209999999999919e-05
1.576000000000000000e+03 1.023090000000000059e-05
1.579000000000000000e+03 1.031379999999999941e-05
1.582000000000000000e+03 1.039470000000000061e-05
1.585000000000000000e+03 1.049469999999999966e-05
1.588000000000000000e+03 1.063299999999999967e-05
1.591000000000000000e+03 1.077509999999999955e-05
1.594000000000000000e+03 1.089840000000000055e-05
1.597000000000000000e+03 1.101929999999999968e-05
1.600000000000000000e+03 1.116769999999999982e-05
1.603000000000000000e+03 1.132250000000000044e-05
1.606000000000000000e+03 1.150320000000000025e-05
1.609000000000000000e+03 1.170839999999999957e-05
1.612000000000000000e+03 1.191479999999999983e-05
1.615000000000000000e+03 1.214719999999999950e-05
1.618000000000000000e+03 1.241420000000000051e-05
1.621000000000000000e+03 1.267140000000000035e-05
1.624000000000000000e+03 1.294539999999999976e-05
1.627000000000000000e+03 1.325049999999999960e-05
1.630000000000000000e+03 1.350600000000000079e-05
1.633000000000000000e+03 1.376029999999999936e-05
1.636000000000000000e+03 1.405590000000000039e-05
1.639000000000000000e+03 1.436669999999999918e-05
1.642000000000000000e+03 1.470270000000000070e-05
1.645000000000000000e+03 1.515199999999999994e-05
1.648000000000000000e+03 1.561440000000000080e-05
1.651000000000000000e+03 1.611980000000000108e-05
1.654000000000000000e+03 1.699339999999999895e-05
1.657000000000000000e+03 1.793720000000000167e-05
1.660000000000000000e+03 1.880469999999999971e-05
1.663000000000000000e+03 1.868470000000000086e-05
1.666000000000000000e+03 1.822959999999999907e-05
1.669000000000000000e+03 1.777140000000000065e-05
1.672000000000000000e+03 1.727550000000000087e-05
1.675000000000000000e+03 1.676270000000000131e-05
1.678000000000000000e+03 1.625230000000000023e-05
1.681000000000000000e+03 1.560790000000000010e-05
1.684000000000000000e+03 1.487390000000000001e-05
1.687000000000000000e+03 1.414000000000000014e-05
1.690000000000000000e+03 1.307499999999999933e-05
1.693000000000000000e+03 1.167010000000000029e-05
1.696000000000000000e+03 1.025700000000000022e-05
1.699000000000000000e+03 9.356509999999999971e-06
1.702000000000000000e+03 9.219640000000000043e-06
1.705000000000000000e+03 9.075519999999999464e-06
1.708000000000000000e+03 8.973089999999999837e-06
1.711000000000000000e+03 8.891229999999999235e-06
1.714000000000000000e+03 8.805239999999999403e-06
1.717000000000000000e+03 8.717099999999999938e-06
1.720000000000000000e+03 8.660599999999999717e-06
1.723000000000000000e+03 8.661589999999999516e-06
1.726000000000000000e+03 8.675550000000000311e-06
1.729000000000000000e+03 8.642620000000000611e-06
1.732000000000000000e+03 8.581300000000000324e-06
1.735000000000000000e+03 8.520400000000000619e-06
1.738000000000000000e+03 8.462980000000000413e-06
1.741000000000000000e+03 8.406279999999999753e-06
1.744000000000000000e+03 8.395130000000000715e-06
1.747000000000000000e+03 8.464990000000000416e-06
1.750000000000000000e+03 8.545190000000000088e-06
1.753000000000000000e+03 8.613009999999999381e-06
1.756000000000000000e+03 8.654340000000000559e-06
1.759000000000000000e+03 8.738900000000000305e-06
1.762000000000000000e+03 8.848979999999999766e-06
1.765000000000000000e+03 8.991099999999999348e-06
1.768000000000000000e+03 9.132599999999999602e-06
1.771000000000000000e+03 9.269390000000000710e-06
1.774000000000000000e+03 9.404769999999999742e-06
1.777000000000000000e+03 9.566430000000000834e-06
1.780000000000000000e+03 9.724789999999999772e-06
1.783000000000000000e+03 9.888070000000000689e-06
1.786000000000000000e+03 1.006560000000000066e-05
1.789000000000000000e+03 1.024260000000000083e-05
1.792000000000000000e+03 1.046829999999999937e-05
1.795000000000000000e+03 1.080330000000000039e-05
1.798000000000000000e+03 1.114069999999999991e-05
1.801000000000000000e+03 1.150000000000000001e-05
1.804000000000000000e+03 1.192590000000000045e-05
1.807000000000000000e+03 1.235659999999999957e-05
1.810000000000000000e+03 1.281600000000000062e-05
1.813000000000000000e+03 1.341039999999999954e-05
1.816000000000000000e+03 1.402570000000000024e-05
1.819000000000000000e+03 1.468989999999999974e-05
1.822000000000000000e+03 1.565760000000000066e-05
1.825000000000000000e+03 1.674449999999999867e-05
1.828000000000000000e+03 1.787879999999999897e-05
1.831000000000000000e+03 1.937550000000000109e-05
1.834000000000000000e+03 2.096660000000000014e-05
1.837000000000000000e+03 2.258529999999999872e-05
1.840000000000000000e+03 4.458669999999999783e-05
1.843000000000000000e+03 8.736370000000000518e-05
1.846000000000000000e+03 1.106720000000000002e-04
1.849000000000000000e+03 1.516140000000000022e-04
1.852000000000000000e+03 2.171770000000000113e-04
1.855000000000000000e+03 2.655989999999999892e-04
1.858000000000000000e+03 3.395699999999999760e-04
1.861000000000000000e+03 4.403729999999999797e-04
1.864000000000000000e+03 5.618119999999999668e-04
1.867000000000000000e+03 7.572510000000000178e-04
1.870000000000000000e+03 9.829400000000000723e-04
1.873000000000000000e+03 1.182719999999999952e-03
1.876000000000000000e+03 1.393160000000000058e-03
1.879000000000000000e+03 1.641300000000000051e-03
1.882000000000000000e+03 1.920700000000000011e-03
1.885000000000000000e+03 2.236109999999999921e-03
1.888000000000000000e+03 2.602680000000000011e-03
1.891000000000000000e+03 3.006430000000000040e-03
1.894000000000000000e+03 3.453190000000000079e-03
1.897000000000000000e+03 3.979179999999999696e-03
1.900000000000000000e+03 4.551499999999999990e-03
1.903000000000000000e+03 5.172959999999999885e-03
1.906000000000000000e+03 5.900579999999999888e-03
1.909000000000000000e+03 6.680059999999999817e-03
1.912000000000000000e+03 7.512109999999999795e-03
1.915000000000000000e+03 8.453989999999999769e-03
1.918000000000000000e+03 9.442129999999999967e-03
1.921000000000000000e+03 1.045220000000000003e-02
1.924000000000000000e+03 1.154540000000000080e-02
1.927000000000000000e+03 1.268799999999999963e-02
1.930000000000000000e+03 1.383999999999999987e-02
1.933000000000000000e+03 1.501740000000000019e-02
1.936000000000000000e+03 1.624499999999999902e-02
1.939000000000000000e+03 1.751170000000000157e-02
1.942000000000000000e+03 1.877790000000000015e-02
1.945000000000000000e+03 2.004119999999999860e-02
1.948000000000000000e+03 2.139889999999999848e-02
1.951000000000000000e+03 2.280079999999999954e-02
1.954000000000000000e+03 2.418829999999999938e-02
1.957000000000000000e+03 2.564100000000000060e-02
1.960000000000000000e+03 2.720360000000000139e-02
1.963000000000000000e+03 2.879639999999999977e-02
1.966000000000000000e+03 3.047570000000000140e-02
1.969000000000000000e+03 3.227839999999999876e-02
1.972000000000000000e+03 3.424859999999999710e-02
1.975000000000000000e+03 3.631890000000000118e-02
1.978000000000000000e+03 3.845900000000000013e-02
1.981000000000000000e+03 4.062299999999999939e-02
1.984000000000000000e+03 4.299689999999999762e-02
1.987000000000000000e+03 4.546999999999999653e-02
1.990000000000000000e+03 4.801169999999999743e-02
1.993000000000000000e+03 5.064339999999999814e-02
1.996000000000000000e+03 5.330580000000000040e-02
1.999000000000000000e+03 5.603149999999999797e-02
2.002000000000000000e+03 5.878769999999999829e-02
2.005000000000000000e+03 6.156310000000000254e-02
2.008000000000000000e+03 6.433010000000000117e-02
2.011000000000000000e+03 6.707090000000000274e-02
2.014000000000000000e+03 6.981790000000000218e-02
2.017000000000000000e+03 7.251549999999999663e-02
2.020000000000000000e+03 7.513530000000000209e-02
2.023000000000000000e+03 7.770639999999999492e-02
2.026000000000000000e+03 8.023189999999999489e-02
2.029000000000000000e+03 8.273869999999999836e-02
2.032000000000000000e+03 8.518760000000000221e-02
2.035000000000000000e+03 8.762739999999999418e-02
2.038000000000000000e+03 9.002570000000000017e-02
2.041000000000000000e+03 9.238530000000000353e-02
2.044000000000000000e+03 9.468669999999999864e-02
2.047000000000000000e+03 9.694300000000000139e-02
2.050000000000000000e+03 9.913070000000000215e-02
2.053000000000000000e+03 1.012839999999999990e-01
2.056000000000000000e+03 1.034629999999999994e-01
2.059000000000000000e+03 1.056649999999999950e-01
2.062000000000000000e+03 1.078699999999999937e-01
2.065000000000000000e+03 1.100239999999999968e-01
2.068000000000000000e+03 1.121670000000000028e-01
2.071000000000000000e+03 1.142299999999999982e-01
2.074000000000000000e+03 1.162620000000000042e-01
2.077000000000000000e+03 1.182760000000000061e-01
2.080000000000000000e+03 1.202379999999999977e-01
2.083000000000000000e+03 1.222000000000000031e-01
2.086000000000000000e+03 1.240730000000000027e-01
2.089000000000000000e+03 1.258910000000000029e-01
2.092000000000000000e+03 1.275890000000000080e-01
2.095000000000000000e+03 1.291819999999999913e-01
2.098000000000000000e+03 1.307619999999999894e-01
2.101000000000000000e+03 1.322349999999999914e-01
2.104000000000000000e+03 1.336120000000000085e-01
2.107000000000000000e+03 1.349339999999999984e-01
2.110000000000000000e+03 1.361870000000000025e-01
2.113000000000000000e+03 1.373949999999999894e-01
2.116000000000000000e+03 1.385339999999999905e-01
2.119000000000000000e+03 1.396759999999999946e-01
2.122000000000000000e+03 1.408069999999999877e-01
2.125000000000000000e+03 1.418810000000000071e-01
2.128000000000000000e+03 1.428959999999999952e-01
2.131000000000000000e+03 1.439000000000000001e-01
2.134000000000000000e+03 1.448579999999999868e-01
2.137000000000000000e+03 1.458000000000000129e-01
2.140000000000000000e+03 1.467030000000000001e-01
2.143000000000000000e+03 1.476190000000000002e-01
2.146000000000000000e+03 1.485249999999999904e-01
2.149000000000000000e+03 1.493700000000000028e-01
2.152000000000000000e+03 1.501760000000000039e-01
2.155000000000000000e+03 1.509240000000000026e-01
2.158000000000000000e+03 1.515970000000000095e-01
2.161000000000000000e+03 1.521919999999999940e-01
2.164000000000000000e+03 1.527249999999999996e-01
2.167000000000000000e+03 1.532640000000000113e-01
2.170000000000000000e+03 1.538579999999999948e-01
2.173000000000000000e+03 1.546839999999999882e-01
2.176000000000000000e+03 1.556430000000000036e-01
2.179000000000000000e+03 1.570159999999999889e-01
2.182000000000000000e+03 1.589460000000000039e-01
2.185000000000000000e+03 1.616360000000000019e-01
2.188000000000000000e+03 1.663370000000000126e-01
2.191000000000000000e+03 1.727609999999999979e-01
2.194000000000000000e+03 1.835090000000000054e-01
2.197000000000000000e+03 1.991360000000000074e-01
2.200000000000000000e+03 2.195100000000000107e-01
2.203000000000000000e+03 2.493019999999999958e-01
2.206000000000000000e+03 2.841299999999999937e-01
2.209000000000000000e+03 3.261319999999999775e-01
2.212000000000000000e+03 3.745589999999999753e-01
2.215000000000000000e+03 4.271360000000000157e-01
2.218000000000000000e+03 4.824559999999999960e-01
2.221000000000000000e+03 5.430840000000000112e-01
2.224000000000000000e+03 6.038099999999999579e-01
2.227000000000000000e+03 6.662339999999999929e-01
2.230000000000000000e+03 7.261589999999999989e-01
2.233000000000000000e+03 7.814299999999999580e-01
2.236000000000000000e+03 8.308200000000000029e-01
2.239000000000000000e+03 8.694920000000000426e-01
2.242000000000000000e+03 9.008699999999999486e-01
2.245000000000000000e+03 9.226379999999999582e-01
2.248000000000000000e+03 9.379199999999999759e-01
2.251000000000000000e+03 9.493439999999999657e-01
2.254000000000000000e+03 9.573730000000000295e-01
2.257000000000000000e+03 9.645409999999999817e-01
2.260000000000000000e+03 9.704420000000000268e-01
2.263000000000000000e+03 9.758580000000000032e-01
2.266000000000000000e+03 9.812980000000000036e-01
2.269000000000000000e+03 9.860860000000000181e-01
2.272000000000000000e+03 9.903279999999999861e-01
2.275000000000000000e+03 9.937810000000000255e-01
2.278000000000000000e+03 9.961370000000000502e-01
2.281000000000000000e+03 9.977700000000000458e-01
2.284000000000000000e+03 9.988359999999999461e-01
2.287000000000000000e+03 9.998390000000000333e-01
2.290000000000000000e+03 1.000000000000000000e+00
2.293000000000000000e+03 9.997869999999999813e-01
2.296000000000000000e+03 9.974460000000000548e-01
2.299000000000000000e+03 9.918759999999999799e-01
2.302000000000000000e+03 9.843140000000000223e-01
2.305000000000000000e+03 9.718259999999999676e-01
2.308000000000000000e+03 9.546400000000000441e-01
2.311000000000000000e+03 9.311709999999999710e-01
2.314000000000000000e+03 9.009960000000000191e-01
2.317000000000000000e+03 8.641969999999999930e-01
2.320000000000000000e+03 8.213430000000000453e-01
2.323000000000000000e+03 7.720719999999999805e-01
2.326000000000000000e+03 7.193690000000000362e-01
2.329000000000000000e+03 6.624729999999999785e-01
2.332000000000000000e+03 6.033239999999999714e-01
2.335000000000000000e+03 5.437520000000000131e-01
2.338000000000000000e+03 4.850990000000000024e-01
2.341000000000000000e+03 4.311530000000000085e-01
2.344000000000000000e+03 3.815939999999999888e-01
2.347000000000000000e+03 3.402029999999999776e-01
2.350000000000000000e+03 3.054470000000000240e-01
2.353000000000000000e+03 2.783720000000000083e-01
2.356000000000000000e+03 2.577840000000000131e-01
2.359000000000000000e+03 2.428569999999999895e-01
2.362000000000000000e+03 2.322660000000000002e-01
2.365000000000000000e+03 2.247490000000000043e-01
2.368000000000000000e+03 2.194039999999999879e-01
2.371000000000000000e+03 2.155060000000000031e-01
2.374000000000000000e+03 2.126049999999999884e-01
2.377000000000000000e+03 2.100910000000000000e-01
2.380000000000000000e+03 2.083430000000000004e-01
2.383000000000000000e+03 2.070440000000000058e-01
2.386000000000000000e+03 2.060130000000000017e-01
2.389000000000000000e+03 2.049100000000000088e-01
2.392000000000000000e+03 2.039700000000000124e-01
2.395000000000000000e+03 2.030399999999999983e-01
2.398000000000000000e+03 2.021260000000000001e-01
2.401000000000000000e+03 2.011310000000000042e-01
2.404000000000000000e+03 2.001580000000000026e-01
2.407000000000000000e+03 1.989350000000000007e-01
2.410000000000000000e+03 1.975040000000000129e-01
2.413000000000000000e+03 1.958260000000000001e-01
2.416000000000000000e+03 1.941070000000000018e-01
2.419000000000000000e+03 1.921450000000000102e-01
2.422000000000000000e+03 1.899990000000000012e-01
2.425000000000000000e+03 1.876269999999999882e-01
2.428000000000000000e+03 1.852419999999999900e-01
2.431000000000000000e+03 1.827070000000000083e-01
2.434000000000000000e+03 1.801349999999999896e-01
2.437000000000000000e+03 1.773639999999999939e-01
2.440000000000000000e+03 1.744779999999999942e-01
2.443000000000000000e+03 1.714600000000000013e-01
2.446000000000000000e+03 1.683169999999999944e-01
2.449000000000000000e+03 1.650139999999999940e-01
2.452000000000000000e+03 1.615880000000000094e-01
2.455000000000000000e+03 1.581210000000000115e-01
2.458000000000000000e+03 1.546150000000000024e-01
2.461000000000000000e+03 1.509939999999999893e-01
2.464000000000000000e+03 1.471699999999999953e-01
2.467000000000000000e+03 1.433129999999999959e-01
2.470000000000000000e+03 1.393560000000000076e-01
2.473000000000000000e+03 1.352559999999999873e-01
2.476000000000000000e+03 1.308660000000000101e-01
2.479000000000000000e+03 1.261680000000000024e-01
2.482000000000000000e+03 1.213309999999999944e-01
2.485000000000000000e+03 1.161859999999999976e-01
2.488000000000000000e+03 1.107179999999999970e-01
2.491000000000000000e+03 1.050419999999999965e-01
2.494000000000000000e+03 9.918399999999999439e-02
2.497000000000000000e+03 9.320730000000000681e-02
2.500000000000000000e+03 8.711670000000000524e-02
2.503000000000000000e+03 8.100870000000000293e-02
2.506000000000000000e+03 7.494030000000000136e-02
2.509000000000000000e+03 6.899270000000000402e-02
2.512000000000000000e+03 6.315650000000000430e-02
2.515000000000000000e+03 5.758089999999999736e-02
2.518000000000000000e+03 5.227729999999999877e-02
2.521000000000000000e+03 4.733369999999999939e-02
2.524000000000000000e+03 4.271500000000000297e-02
2.527000000000000000e+03 3.847699999999999732e-02
2.530000000000000000e+03 3.462409999999999793e-02
2.533000000000000000e+03 3.113259999999999986e-02
2.536000000000000000e+03 2.800249999999999961e-02
2.539000000000000000e+03 2.518810000000000146e-02
2.542000000000000000e+03 2.267299999999999871e-02
2.545000000000000000e+03 2.048169999999999852e-02
2.548000000000000000e+03 1.853789999999999952e-02
2.551000000000000000e+03 1.684640000000000096e-02
2.554000000000000000e+03 1.537020000000000053e-02
2.557000000000000000e+03 1.409009999999999950e-02
2.560000000000000000e+03 1.299179999999999953e-02
2.563000000000000000e+03 1.202690000000000009e-02
2.566000000000000000e+03 1.120709999999999935e-02
2.569000000000000000e+03 1.050560000000000035e-02
2.572000000000000000e+03 9.898830000000000823e-03
2.575000000000000000e+03 9.371149999999999966e-03
2.578000000000000000e+03 8.913000000000000783e-03
2.581000000000000000e+03 8.517220000000000693e-03
2.584000000000000000e+03 8.160169999999999577e-03
2.587000000000000000e+03 7.831060000000000798e-03
2.590000000000000000e+03 7.531900000000000227e-03
2.593000000000000000e+03 7.254599999999999937e-03
2.596000000000000000e+03 6.970650000000000110e-03
2.599000000000000000e+03 6.694890000000000216e-03
2.602000000000000000e+03 6.437570000000000098e-03
2.605000000000000000e+03 6.156700000000000193e-03
2.608000000000000000e+03 5.840839999999999921e-03
2.611000000000000000e+03 5.508769999999999639e-03
2.614000000000000000e+03 5.171010000000000190e-03
2.617000000000000000e+03 4.879859999999999753e-03
2.620000000000000000e+03 4.598009999999999597e-03
2.623000000000000000e+03 4.308539999999999592e-03
2.626000000000000000e+03 4.013049999999999777e-03
2.629000000000000000e+03 3.720090000000000115e-03
2.632000000000000000e+03 3.430040000000000085e-03
2.635000000000000000e+03 3.137290000000000044e-03
2.638000000000000000e+03 2.851499999999999868e-03
2.641000000000000000e+03 2.585790000000000137e-03
2.644000000000000000e+03 2.342719999999999959e-03
2.647000000000000000e+03 2.091019999999999858e-03
2.650000000000000000e+03 1.853550000000000033e-03
2.653000000000000000e+03 1.660100000000000074e-03
2.656000000000000000e+03 1.469500000000000103e-03
2.659000000000000000e+03 1.279779999999999893e-03
2.662000000000000000e+03 1.127079999999999922e-03
2.665000000000000000e+03 9.863590000000000205e-04
2.668000000000000000e+03 8.424910000000000081e-04
2.671000000000000000e+03 7.219620000000000377e-04
2.674000000000000000e+03 6.077979999999999971e-04
2.677000000000000000e+03 5.097580000000000210e-04
2.680000000000000000e+03 4.451540000000000141e-04
2.683000000000000000e+03 3.900719999999999882e-04
2.686000000000000000e+03 3.357219999999999952e-04
2.689000000000000000e+03 2.952680000000000061e-04
2.692000000000000000e+03 2.601300000000000183e-04
2.695000000000000000e+03 2.251809999999999977e-04
2.698000000000000000e+03 1.990349999999999943e-04
2.701000000000000000e+03 1.774950000000000074e-04
2.704000000000000000e+03 1.564260000000000097e-04
2.707000000000000000e+03 1.400259999999999905e-04
2.710000000000000000e+03 1.272860000000000007e-04
2.713000000000000000e+03 1.146079999999999977e-04
2.716000000000000000e+03 1.039449999999999950e-04
2.719000000000000000e+03 9.582109999999999640e-05
2.722000000000000000e+03 8.804939999999999761e-05
2.725000000000000000e+03 8.130289999999999707e-05
2.728000000000000000e+03 7.658620000000000206e-05
2.731000000000000000e+03 7.207790000000000323e-05
2.734000000000000000e+03 6.823000000000000234e-05
2.737000000000000000e+03 6.565739999999999923e-05
2.740000000000000000e+03 6.320060000000000608e-05
2.743000000000000000e+03 6.104120000000000097e-05
2.746000000000000000e+03 5.964780000000000174e-05
2.749000000000000000e+03 5.829949999999999976e-05
2.752000000000000000e+03 5.707889999999999996e-05
2.755000000000000000e+03 5.593390000000000330e-05
2.758000000000000000e+03 5.501719999999999902e-05
2.761000000000000000e+03 5.456650000000000009e-05
2.764000000000000000e+03 5.449000000000000176e-05
2.767000000000000000e+03 5.447220000000000339e-05
2.770000000000000000e+03 5.452340000000000046e-05
2.773000000000000000e+03 5.459689999999999899e-05
2.776000000000000000e+03 5.494050000000000024e-05
2.779000000000000000e+03 5.536500000000000270e-05
2.782000000000000000e+03 5.575660000000000078e-05
2.785000000000000000e+03 5.618910000000000045e-05
2.788000000000000000e+03 5.663790000000000198e-05
2.791000000000000000e+03 5.677769999999999681e-05
2.794000000000000000e+03 5.682980000000000263e-05
2.797000000000000000e+03 5.686320000000000133e-05
2.800000000000000000e+03 5.692729999999999958e-05
2.803000000000000000e+03 5.705190000000000174e-05
2.806000000000000000e+03 5.732489999999999727e-05
2.809000000000000000e+03 5.768459999999999994e-05
2.812000000000000000e+03 5.813829999999999866e-05
2.815000000000000000e+03 5.861320000000000321e-05
2.818000000000000000e+03 5.918470000000000274e-05
2.821000000000000000e+03 5.986179999999999664e-05
2.824000000000000000e+03 6.055020000000000177e-05
2.827000000000000000e+03 6.136770000000000538e-05
2.830000000000000000e+03 6.233110000000000365e-05
2.833000000000000000e+03 6.328890000000000318e-05
2.836000000000000000e+03 6.428930000000000126e-05
2.839000000000000000e+03 6.536599999999999724e-05
2.842000000000000000e+03 6.658459999999999943e-05
2.845000000000000000e+03 6.802180000000000661e-05
2.848000000000000000e+03 6.976599999999999577e-05
2.851000000000000000e+03 7.156550000000000454e-05
2.854000000000000000e+03 7.347590000000000577e-05
2.857000000000000000e+03 7.558000000000000482e-05
2.860000000000000000e+03 7.787949999999999864e-05
2.863000000000000000e+03 8.034449999999999622e-05
2.866000000000000000e+03 8.312759999999999334e-05
2.869000000000000000e+03 8.635610000000000486e-05
2.872000000000000000e+03 9.013319999999999958e-05
2.875000000000000000e+03 9.412459999999999664e-05
2.878000000000000000e+03 9.893870000000000193e-05
2.881000000000000000e+03 1.046139999999999982e-04
2.884000000000000000e+03 1.112180000000000048e-04
2.887000000000000000e+03 1.182299999999999980e-04
2.890000000000000000e+03 1.264270000000000010e-04
2.893000000000000000e+03 1.358390000000000118e-04
2.896000000000000000e+03 1.465620000000000106e-04
2.899000000000000000e+03 1.582420000000000072e-04
2.902000000000000000e+03 1.722500000000000127e-04
2.905000000000000000e+03 1.885369999999999874e-04
2.908000000000000000e+03 2.071080000000000100e-04
2.911000000000000000e+03 2.269899999999999934e-04
2.914000000000000000e+03 2.498339999999999936e-04
2.917000000000000000e+03 2.753070000000000257e-04
2.920000000000000000e+03 3.032719999999999925e-04
2.923000000000000000e+03 3.335650000000000225e-04
2.926000000000000000e+03 3.677199999999999826e-04
2.929000000000000000e+03 4.056929999999999933e-04
2.932000000000000000e+03 4.471109999999999820e-04
2.935000000000000000e+03 4.912270000000000048e-04
2.938000000000000000e+03 5.392520000000000473e-04
2.941000000000000000e+03 5.903640000000000146e-04
2.944000000000000000e+03 6.444359999999999672e-04
2.947000000000000000e+03 7.016019999999999548e-04
2.950000000000000000e+03 7.612819999999999527e-04
2.953000000000000000e+03 8.230120000000000274e-04
2.956000000000000000e+03 8.873079999999999553e-04
2.959000000000000000e+03 9.536160000000000123e-04
2.962000000000000000e+03 1.020880000000000051e-03
2.965000000000000000e+03 1.087690000000000098e-03
2.968000000000000000e+03 1.155200000000000107e-03
2.971000000000000000e+03 1.220130000000000043e-03
2.974000000000000000e+03 1.280829999999999946e-03
2.977000000000000000e+03 1.338439999999999986e-03
2.980000000000000000e+03 1.397239999999999897e-03
2.983000000000000000e+03 1.452799999999999968e-03
2.986000000000000000e+03 1.502780000000000001e-03
2.989000000000000000e+03 1.545820000000000050e-03
2.992000000000000000e+03 1.584939999999999960e-03
2.995000000000000000e+03 1.617649999999999991e-03
2.998000000000000000e+03 1.643280000000000001e-03
3.001000000000000000e+03 1.660259999999999991e-03
3.004000000000000000e+03 1.671600000000000082e-03
3.007000000000000000e+03 1.674810000000000101e-03
3.010000000000000000e+03 1.670480000000000012e-03
3.013000000000000000e+03 1.657569999999999920e-03
3.016000000000000000e+03 1.638649999999999959e-03
3.019000000000000000e+03 1.612439999999999924e-03
3.022000000000000000e+03 1.579469999999999919e-03
3.025000000000000000e+03 1.540059999999999997e-03
3.028000000000000000e+03 1.495879999999999996e-03
3.031000000000000000e+03 1.447069999999999954e-03
3.034000000000000000e+03 1.393729999999999926e-03
3.037000000000000000e+03 1.337150000000000057e-03
3.040000000000000000e+03 1.277879999999999901e-03
3.043000000000000000e+03 1.217100000000000039e-03
3.046000000000000000e+03 1.154180000000000093e-03
3.049000000000000000e+03 1.090950000000000036e-03
3.052000000000000000e+03 1.027300000000000088e-03
3.055000000000000000e+03 9.648010000000000483e-04
3.058000000000000000e+03 9.023879999999999532e-04
3.061000000000000000e+03 8.419000000000000268e-04
3.064000000000000000e+03 7.826620000000000495e-04
3.067000000000000000e+03 7.262840000000000008e-04
3.070000000000000000e+03 6.720209999999999682e-04
3.073000000000000000e+03 6.208169999999999617e-04
3.076000000000000000e+03 5.717129999999999521e-04
3.079000000000000000e+03 5.260479999999999887e-04
3.082000000000000000e+03 4.833670000000000089e-04
3.085000000000000000e+03 4.438719999999999949e-04
3.088000000000000000e+03 4.068629999999999838e-04
3.091000000000000000e+03 3.731389999999999794e-04
3.094000000000000000e+03 3.424249999999999885e-04
3.097000000000000000e+03 3.146749999999999916e-04
3.100000000000000000e+03 2.893060000000000249e-04
3.103000000000000000e+03 2.670330000000000164e-04
3.106000000000000000e+03 2.476870000000000157e-04
3.109000000000000000e+03 2.309520000000000073e-04
3.112000000000000000e+03 2.161420000000000051e-04
3.115000000000000000e+03 2.035860000000000122e-04
3.118000000000000000e+03 1.932229999999999896e-04
3.121000000000000000e+03 1.846600000000000108e-04
3.124000000000000000e+03 1.776579999999999989e-04
3.127000000000000000e+03 1.724290000000000122e-04
3.130000000000000000e+03 1.689019999999999899e-04
3.133000000000000000e+03 1.668259999999999914e-04
3.136000000000000000e+03 1.656019999999999910e-04
3.139000000000000000e+03 1.653729999999999903e-04
3.142000000000000000e+03 1.661199999999999884e-04
3.145000000000000000e+03 1.675720000000000009e-04
3.148000000000000000e+03 1.695500000000000013e-04
3.151000000000000000e+03 1.718760000000000058e-04
3.154000000000000000e+03 1.745050000000000106e-04
3.157000000000000000e+03 1.775950000000000098e-04
3.160000000000000000e+03 1.806830000000000046e-04
3.163000000000000000e+03 1.838069999999999971e-04
3.166000000000000000e+03 1.869410000000000115e-04
3.169000000000000000e+03 1.900360000000000081e-04
3.172000000000000000e+03 1.927599999999999908e-04
3.175000000000000000e+03 1.951660000000000081e-04
3.178000000000000000e+03 1.971859999999999921e-04
3.181000000000000000e+03 1.988930000000000082e-04
3.184000000000000000e+03 2.000609999999999943e-04
3.187000000000000000e+03 2.008009999999999906e-04
3.190000000000000000e+03 2.010939999999999961e-04
3.193000000000000000e+03 2.009910000000000006e-04
3.196000000000000000e+03 2.006099999999999919e-04
3.199000000000000000e+03 2.000980000000000076e-04
3.202000000000000000e+03 1.994689999999999972e-04
3.205000000000000000e+03 1.984239999999999962e-04
3.208000000000000000e+03 1.971949999999999983e-04
3.211000000000000000e+03 1.957779999999999948e-04
3.214000000000000000e+03 1.942400000000000105e-04
3.217000000000000000e+03 1.925189999999999909e-04
3.220000000000000000e+03 1.914259999999999931e-04
3.223000000000000000e+03 1.905520000000000011e-04
3.226000000000000000e+03 1.900919999999999953e-04
3.229000000000000000e+03 1.898869999999999931e-04
3.232000000000000000e+03 1.905520000000000011e-04
3.235000000000000000e+03 1.920349999999999867e-04
3.238000000000000000e+03 1.943989999999999932e-04
3.241000000000000000e+03 1.971150000000000126e-04
3.244000000000000000e+03 2.007839999999999939e-04
3.247000000000000000e+03 2.049709999999999998e-04
3.250000000000000000e+03 2.098020000000000082e-04
3.253000000000000000e+03 2.154299999999999889e-04
3.256000000000000000e+03 2.222559999999999944e-04
3.259000000000000000e+03 2.299179999999999898e-04
3.262000000000000000e+03 2.384569999999999973e-04
3.265000000000000000e+03 2.461440000000000069e-04
3.268000000000000000e+03 2.397699999999999896e-04
3.271000000000000000e+03 2.221459999999999971e-04
3.274000000000000000e+03 1.951760000000000029e-04
3.277000000000000000e+03 1.708869999999999920e-04
3.280000000000000000e+03 1.595769999999999936e-04
3.283000000000000000e+03 1.593160000000000041e-04
3.286000000000000000e+03 1.667799999999999990e-04
3.289000000000000000e+03 1.672710000000000050e-04
3.292000000000000000e+03 1.562609999999999867e-04
3.295000000000000000e+03 1.456320000000000043e-04
3.298000000000000000e+03 1.276129999999999994e-04
3.301000000000000000e+03 1.053169999999999947e-04
3.304000000000000000e+03 9.135280000000000396e-05
3.307000000000000000e+03 6.416190000000000651e-05
3.310000000000000000e+03 3.933820000000000226e-05
3.313000000000000000e+03 2.353370000000000136e-05
3.316000000000000000e+03 8.540430000000000832e-06
3.319000000000000000e+03 4.967929999999999884e-06
3.322000000000000000e+03 5.013680000000000251e-06
3.325000000000000000e+03 5.005540000000000021e-06
3.328000000000000000e+03 4.997099999999999979e-06
3.331000000000000000e+03 4.993429999999999894e-06
3.334000000000000000e+03 5.003129999999999988e-06
3.337000000000000000e+03 5.013599999999999737e-06
3.340000000000000000e+03 5.023050000000000129e-06
3.343000000000000000e+03 5.028220000000000115e-06
3.346000000000000000e+03 5.032959999999999667e-06
3.349000000000000000e+03 5.041540000000000184e-06
3.352000000000000000e+03 5.077569999999999905e-06
3.355000000000000000e+03 5.117700000000000146e-06
3.358000000000000000e+03 5.159570000000000137e-06
3.361000000000000000e+03 5.219219999999999642e-06
3.364000000000000000e+03 5.283419999999999806e-06
3.367000000000000000e+03 5.347650000000000375e-06
3.370000000000000000e+03 5.412479999999999719e-06
3.373000000000000000e+03 5.477520000000000201e-06
3.376000000000000000e+03 5.542569999999999688e-06
3.379000000000000000e+03 5.575649999999999717e-06
3.382000000000000000e+03 5.592570000000000057e-06
3.385000000000000000e+03 5.609490000000000396e-06
3.388000000000000000e+03 5.652559999999999630e-06
3.391000000000000000e+03 5.716620000000000165e-06
3.394000000000000000e+03 5.780689999999999706e-06
3.397000000000000000e+03 5.833989999999999687e-06
3.400000000000000000e+03 5.873870000000000226e-06
3.403000000000000000e+03 5.913749999999999919e-06
3.406000000000000000e+03 5.955119999999999660e-06
3.409000000000000000e+03 5.999439999999999941e-06
3.412000000000000000e+03 6.043760000000000221e-06
3.415000000000000000e+03 6.100690000000000030e-06
3.418000000000000000e+03 6.191480000000000223e-06
3.421000000000000000e+03 6.284000000000000313e-06
3.424000000000000000e+03 6.366119999999999621e-06
3.427000000000000000e+03 6.407440000000000100e-06
3.430000000000000000e+03 6.444770000000000130e-06
3.433000000000000000e+03 6.481880000000000017e-06
3.436000000000000000e+03 6.517549999999999966e-06
3.439000000000000000e+03 6.553020000000000322e-06
3.442000000000000000e+03 6.592090000000000102e-06
3.445000000000000000e+03 6.665959999999999956e-06
3.448000000000000000e+03 6.748240000000000293e-06
3.451000000000000000e+03 6.829529999999999984e-06
3.454000000000000000e+03 6.893399999999999933e-06
3.457000000000000000e+03 6.951040000000000282e-06
3.460000000000000000e+03 7.008590000000000265e-06
3.463000000000000000e+03 7.049849999999999934e-06
3.466000000000000000e+03 7.083190000000000364e-06
3.469000000000000000e+03 7.116539999999999799e-06
3.472000000000000000e+03 7.176029999999999970e-06
3.475000000000000000e+03 7.255369999999999620e-06
3.478000000000000000e+03 7.334719999999999970e-06
3.481000000000000000e+03 7.403179999999999989e-06
3.484000000000000000e+03 7.458799999999999636e-06
3.487000000000000000e+03 7.514420000000000130e-06
3.490000000000000000e+03 7.585939999999999913e-06
3.493000000000000000e+03 7.687119999999999340e-06
3.496000000000000000e+03 7.788299999999999615e-06
3.499000000000000000e+03 7.895309999999999460e-06
3.502000000000000000e+03 8.017339999999999713e-06
3.505000000000000000e+03 8.140050000000000101e-06
3.508000000000000000e+03 8.262450000000000827e-06
3.511000000000000000e+03 8.383709999999999730e-06
3.514000000000000000e+03 8.504859999999999409e-06
3.517000000000000000e+03 8.622989999999999580e-06
3.520000000000000000e+03 8.722449999999999811e-06
3.523000000000000000e+03 8.819370000000000231e-06
3.526000000000000000e+03 8.912510000000000495e-06
3.529000000000000000e+03 8.970839999999999985e-06
3.532000000000000000e+03 9.021240000000000384e-06
3.535000000000000000e+03 9.027780000000000494e-06
3.538000000000000000e+03 8.338990000000000267e-06
3.541000000000000000e+03 7.412149999999999837e-06
3.544000000000000000e+03 6.495389999999999825e-06
3.547000000000000000e+03 6.395579999999999675e-06
3.550000000000000000e+03 6.679040000000000176e-06
3.553000000000000000e+03 6.962509999999999683e-06
3.556000000000000000e+03 7.074429999999999960e-06
3.559000000000000000e+03 7.063160000000000151e-06
3.562000000000000000e+03 7.051900000000000194e-06
3.565000000000000000e+03 7.340400000000000058e-06
3.568000000000000000e+03 7.963570000000000734e-06
3.571000000000000000e+03 8.586730000000000710e-06
3.574000000000000000e+03 9.170490000000000691e-06
3.577000000000000000e+03 9.685049999999999708e-06
3.580000000000000000e+03 1.019959999999999972e-05
3.583000000000000000e+03 1.057170000000000078e-05
3.586000000000000000e+03 1.059090000000000053e-05
3.589000000000000000e+03 1.059659999999999948e-05
3.592000000000000000e+03 1.059230000000000021e-05
3.595000000000000000e+03 1.055280000000000000e-05
3.598000000000000000e+03 1.051009999999999954e-05
3.601000000000000000e+03 1.002240000000000081e-05
3.604000000000000000e+03 6.987259999999999743e-06
3.607000000000000000e+03 3.620619999999999819e-06
3.610000000000000000e+03 5.433899999999999973e-07
