1.912000000000000000e+03 0.000000000000000000e+00
1.917000000000000000e+03 9.713369999999999515e-09
1.922000000000000000e+03 5.097099999999999869e-06
1.927000000000000000e+03 1.361599999999999974e-05
1.932000000000000000e+03 1.807949999999999859e-05
1.937000000000000000e+03 1.850439999999999854e-05
1.942000000000000000e+03 1.909230000000000015e-05
1.947000000000000000e+03 1.991930000000000087e-05
1.952000000000000000e+03 2.075640000000000002e-05
1.957000000000000000e+03 2.161300000000000127e-05
1.962000000000000000e+03 2.245010000000000042e-05
1.967000000000000000e+03 2.322920000000000114e-05
1.972000000000000000e+03 2.389079999999999833e-05
1.977000000000000000e+03 2.410159999999999977e-05
1.982000000000000000e+03 2.419829999999999835e-05
1.987000000000000000e+03 2.389470000000000011e-05
1.992000000000000000e+03 2.351449999999999992e-05
1.997000000000000000e+03 2.299540000000000010e-05
2.002000000000000000e+03 2.244959999999999932e-05
2.007000000000000000e+03 2.197880000000000038e-05
2.012000000000000000e+03 2.154820000000000148e-05
2.017000000000000000e+03 2.157469999999999860e-05
2.022000000000000000e+03 2.180930000000000141e-05
2.027000000000000000e+03 2.243699999999999880e-05
2.032000000000000000e+03 2.330719999999999938e-05
2.037000000000000000e+03 2.425050000000000100e-05
2.042000000000000000e+03 2.525910000000000012e-05
2.047000000000000000e+03 2.598459999999999851e-05
2.052000000000000000e+03 2.633620000000000036e-05
2.057000000000000000e+03 2.632799999999999933e-05
2.062000000000000000e+03 2.565630000000000032e-05
2.067000000000000000e+03 2.467670000000000041e-05
2.072000000000000000e+03 2.293430000000000165e-05
2.077000000000000000e+03 2.107690000000000144e-05
2.082000000000000000e+03 1.893449999999999972e-05
2.087000000000000000e+03 1.680469999999999853e-05
2.092000000000000000e+03 1.487010000000000015e-05
2.097000000000000000e+03 1.303680000000000027e-05
2.102000000000000000e+03 1.177469999999999926e-05
2.107000000000000000e+03 1.068360000000000051e-05
2.112000000000000000e+03 1.026289999999999961e-05
2.117000000000000000e+03 1.006020000000000068e-05
2.122000000000000000e+03 1.039979999999999994e-05
2.127000000000000000e+03 1.096410000000000062e-05
2.132000000000000000e+03 1.181090000000000071e-05
2.137000000000000000e+03 1.281789999999999971e-05
2.142000000000000000e+03 1.380439999999999949e-05
2.147000000000000000e+03 1.477450000000000059e-05
2.152000000000000000e+03 1.556299999999999990e-05
2.157000000000000000e+03 1.613670000000000086e-05
2.162000000000000000e+03 1.638799999999999963e-05
2.167000000000000000e+03 1.609419999999999915e-05
2.172000000000000000e+03 1.554549999999999880e-05
2.177000000000000000e+03 1.441549999999999945e-05
2.182000000000000000e+03 1.323630000000000065e-05
2.187000000000000000e+03 1.197140000000000027e-05
2.192000000000000000e+03 1.072600000000000030e-05
2.197000000000000000e+03 9.600210000000000704e-06
2.202000000000000000e+03 8.521560000000000452e-06
2.207000000000000000e+03 7.667529999999999414e-06
2.212000000000000000e+03 6.886979999999999747e-06
2.217000000000000000e+03 6.450850000000000248e-06
2.222000000000000000e+03 6.109099999999999666e-06
2.227000000000000000e+03 5.824540000000000141e-06
2.232000000000000000e+03 5.562220000000000423e-06
2.237000000000000000e+03 5.354129999999999676e-06
2.242000000000000000e+03 5.174160000000000110e-06
2.247000000000000000e+03 5.036590000000000342e-06
2.252000000000000000e+03 4.929389999999999911e-06
2.257000000000000000e+03 4.796300000000000140e-06
2.262000000000000000e+03 4.635789999999999876e-06
2.267000000000000000e+03 4.494360000000000283e-06
2.272000000000000000e+03 4.382530000000000373e-06
2.277000000000000000e+03 4.253940000000000305e-06
2.282000000000000000e+03 4.089390000000000330e-06
2.287000000000000000e+03 3.935420000000000176e-06
2.292000000000000000e+03 3.817129999999999823e-06
2.297000000000000000e+03 3.691259999999999875e-06
2.302000000000000000e+03 3.524830000000000098e-06
2.307000000000000000e+03 3.363399999999999849e-06
2.312000000000000000e+03 3.261129999999999980e-06
2.317000000000000000e+03 3.175940000000000208e-06
2.322000000000000000e+03 3.159860000000000185e-06
2.327000000000000000e+03 3.161059999999999852e-06
2.332000000000000000e+03 3.171930000000000054e-06
2.337000000000000000e+03 3.185409999999999881e-06
2.342000000000000000e+03 3.180570000000000111e-06
2.347000000000000000e+03 3.166700000000000106e-06
2.352000000000000000e+03 3.069000000000000178e-06
2.357000000000000000e+03 2.916879999999999845e-06
2.362000000000000000e+03 2.834459999999999879e-06
2.367000000000000000e+03 2.818310000000000042e-06
2.372000000000000000e+03 2.812480000000000049e-06
2.377000000000000000e+03 2.821169999999999791e-06
2.382000000000000000e+03 2.829089999999999878e-06
2.387000000000000000e+03 2.835510000000000064e-06
2.392000000000000000e+03 2.838159999999999945e-06
2.397000000000000000e+03 2.830510000000000111e-06
2.402000000000000000e+03 2.808510000000000153e-06
2.407000000000000000e+03 2.734080000000000088e-06
2.412000000000000000e+03 2.664180000000000130e-06
2.417000000000000000e+03 2.647399999999999844e-06
2.422000000000000000e+03 2.639619999999999810e-06
2.427000000000000000e+03 2.642270000000000115e-06
2.432000000000000000e+03 2.647210000000000105e-06
2.437000000000000000e+03 2.652099999999999985e-06
2.442000000000000000e+03 2.656200000000000081e-06
2.447000000000000000e+03 2.640559999999999923e-06
2.452000000000000000e+03 2.615369999999999999e-06
2.457000000000000000e+03 2.499780000000000061e-06
2.462000000000000000e+03 2.330419999999999873e-06
2.467000000000000000e+03 2.230969999999999919e-06
2.472000000000000000e+03 2.191100000000000079e-06
2.477000000000000000e+03 2.138129999999999890e-06
2.482000000000000000e+03 2.068669999999999796e-06
2.487000000000000000e+03 2.051270000000000183e-06
2.492000000000000000e+03 2.126370000000000107e-06
2.497000000000000000e+03 2.182660000000000038e-06
2.502000000000000000e+03 2.188340000000000126e-06
2.507000000000000000e+03 2.176289999999999961e-06
2.512000000000000000e+03 2.110460000000000119e-06
2.517000000000000000e+03 2.062670000000000192e-06
2.522000000000000000e+03 2.125439999999999847e-06
2.527000000000000000e+03 2.199759999999999840e-06
2.532000000000000000e+03 2.252109999999999856e-06
2.537000000000000000e+03 2.309679999999999967e-06
2.542000000000000000e+03 2.476589999999999865e-06
2.547000000000000000e+03 2.671689999999999911e-06
2.552000000000000000e+03 2.815419999999999888e-06
2.557000000000000000e+03 2.937860000000000024e-06
2.562000000000000000e+03 2.993689999999999962e-06
2.567000000000000000e+03 3.013180000000000092e-06
2.572000000000000000e+03 3.023929999999999947e-06
2.577000000000000000e+03 3.028000000000000062e-06
2.582000000000000000e+03 3.032029999999999920e-06
2.587000000000000000e+03 3.035999999999999816e-06
2.592000000000000000e+03 3.039989999999999841e-06
2.597000000000000000e+03 3.043999999999999994e-06
2.602000000000000000e+03 3.048010000000000147e-06
2.607000000000000000e+03 3.052030000000000152e-06
2.612000000000000000e+03 3.056009999999999901e-06
2.617000000000000000e+03 3.059889999999999853e-06
2.622000000000000000e+03 3.068780000000000034e-06
2.627000000000000000e+03 3.099779999999999822e-06
2.632000000000000000e+03 3.152430000000000072e-06
2.637000000000000000e+03 3.331919999999999941e-06
2.642000000000000000e+03 3.529839999999999902e-06
2.647000000000000000e+03 3.694370000000000172e-06
2.652000000000000000e+03 3.852749999999999662e-06
2.657000000000000000e+03 4.055170000000000173e-06
2.662000000000000000e+03 4.271920000000000258e-06
2.667000000000000000e+03 4.448949999999999984e-06
2.672000000000000000e+03 4.606300000000000265e-06
2.677000000000000000e+03 4.827729999999999939e-06
2.682000000000000000e+03 5.093189999999999935e-06
2.687000000000000000e+03 5.466370000000000316e-06
2.692000000000000000e+03 5.948530000000000287e-06
2.697000000000000000e+03 6.480919999999999776e-06
2.702000000000000000e+03 7.087929999999999915e-06
2.707000000000000000e+03 7.705810000000000681e-06
2.712000000000000000e+03 8.345449999999999863e-06
2.717000000000000000e+03 9.020529999999999843e-06
2.722000000000000000e+03 9.796809999999999804e-06
2.727000000000000000e+03 1.063950000000000037e-05
2.732000000000000000e+03 1.172490000000000018e-05
2.737000000000000000e+03 1.287559999999999917e-05
2.742000000000000000e+03 1.426440000000000017e-05
2.747000000000000000e+03 1.574189999999999916e-05
2.752000000000000000e+03 1.767280000000000128e-05
2.757000000000000000e+03 1.974900000000000014e-05
2.762000000000000000e+03 2.245129999999999966e-05
2.767000000000000000e+03 2.537980000000000051e-05
2.772000000000000000e+03 2.905339999999999868e-05
2.777000000000000000e+03 3.307149999999999668e-05
2.782000000000000000e+03 3.794680000000000064e-05
2.787000000000000000e+03 4.335739999999999928e-05
2.792000000000000000e+03 4.980339999999999821e-05
2.797000000000000000e+03 5.718850000000000311e-05
2.802000000000000000e+03 6.572600000000000057e-05
2.807000000000000000e+03 7.580959999999999327e-05
2.812000000000000000e+03 8.732909999999999707e-05
2.817000000000000000e+03 1.015310000000000008e-04
2.822000000000000000e+03 1.296290000000000018e-04
2.827000000000000000e+03 2.429449999999999991e-04
2.832000000000000000e+03 3.857530000000000182e-04
2.837000000000000000e+03 6.382220000000000297e-04
2.842000000000000000e+03 1.025139999999999905e-03
2.847000000000000000e+03 1.698829999999999915e-03
2.852000000000000000e+03 2.449840000000000004e-03
2.857000000000000000e+03 3.407059999999999950e-03
2.862000000000000000e+03 4.546449999999999624e-03
2.867000000000000000e+03 6.035949999999999996e-03
2.872000000000000000e+03 7.713669999999999728e-03
2.877000000000000000e+03 9.626120000000000163e-03
2.882000000000000000e+03 1.166679999999999974e-02
2.887000000000000000e+03 1.382390000000000008e-02
2.892000000000000000e+03 1.603200000000000111e-02
2.897000000000000000e+03 1.826569999999999930e-02
2.902000000000000000e+03 2.049079999999999999e-02
2.907000000000000000e+03 2.274549999999999836e-02
2.912000000000000000e+03 2.498790000000000039e-02
2.917000000000000000e+03 2.720909999999999995e-02
2.922000000000000000e+03 2.942300000000000124e-02
2.927000000000000000e+03 3.166279999999999789e-02
2.932000000000000000e+03 3.386209999999999914e-02
2.937000000000000000e+03 3.608080000000000315e-02
2.942000000000000000e+03 3.828909999999999952e-02
2.947000000000000000e+03 4.048299999999999815e-02
2.952000000000000000e+03 4.265130000000000310e-02
2.957000000000000000e+03 4.479749999999999704e-02
2.962000000000000000e+03 4.692700000000000343e-02
2.967000000000000000e+03 4.904220000000000107e-02
2.972000000000000000e+03 5.112409999999999871e-02
2.977000000000000000e+03 5.317270000000000330e-02
2.982000000000000000e+03 5.515119999999999745e-02
2.987000000000000000e+03 5.708219999999999961e-02
2.992000000000000000e+03 5.889370000000000022e-02
2.997000000000000000e+03 6.065229999999999927e-02
3.002000000000000000e+03 6.229400000000000215e-02
3.007000000000000000e+03 6.382269999999999610e-02
3.012000000000000000e+03 6.519139999999999657e-02
3.017000000000000000e+03 6.636930000000000607e-02
3.022000000000000000e+03 6.740129999999999733e-02
3.027000000000000000e+03 6.821119999999999961e-02
3.032000000000000000e+03 6.894430000000000003e-02
3.037000000000000000e+03 6.949879999999999947e-02
3.042000000000000000e+03 7.003510000000000291e-02
3.047000000000000000e+03 7.044920000000000349e-02
3.052000000000000000e+03 7.089850000000000319e-02
3.057000000000000000e+03 7.131220000000000614e-02
3.062000000000000000e+03 7.178829999999999933e-02
3.067000000000000000e+03 7.233059999999999490e-02
3.072000000000000000e+03 7.294330000000000258e-02
3.077000000000000000e+03 7.372889999999999999e-02
3.082000000000000000e+03 7.463029999999999664e-02
3.087000000000000000e+03 7.570889999999999564e-02
3.092000000000000000e+03 7.682880000000000265e-02
3.097000000000000000e+03 7.806409999999999738e-02
3.102000000000000000e+03 7.931839999999999724e-02
3.107000000000000000e+03 8.063579999999999359e-02
3.112000000000000000e+03 8.196050000000000557e-02
3.117000000000000000e+03 8.324499999999999955e-02
3.122000000000000000e+03 8.450019999999999754e-02
3.127000000000000000e+03 8.571470000000000478e-02
3.132000000000000000e+03 8.692260000000000264e-02
3.137000000000000000e+03 8.807940000000000214e-02
3.142000000000000000e+03 8.911109999999999864e-02
3.147000000000000000e+03 9.024999999999999689e-02
3.152000000000000000e+03 9.142949999999999688e-02
3.157000000000000000e+03 9.268469999999999487e-02
3.162000000000000000e+03 9.381190000000000362e-02
3.167000000000000000e+03 9.525880000000000458e-02
3.172000000000000000e+03 9.725150000000000461e-02
3.177000000000000000e+03 1.000449999999999950e-01
3.182000000000000000e+03 1.041649999999999937e-01
3.187000000000000000e+03 1.104460000000000025e-01
3.192000000000000000e+03 1.203869999999999940e-01
3.197000000000000000e+03 1.354829999999999923e-01
3.202000000000000000e+03 1.587610000000000132e-01
3.207000000000000000e+03 1.924710000000000032e-01
3.212000000000000000e+03 2.397549999999999959e-01
3.217000000000000000e+03 3.024290000000000034e-01
3.222000000000000000e+03 3.794239999999999835e-01
3.227000000000000000e+03 4.697419999999999929e-01
3.232000000000000000e+03 5.650549999999999740e-01
3.237000000000000000e+03 6.617809999999999526e-01
3.242000000000000000e+03 7.485859999999999737e-01
3.247000000000000000e+03 8.238280000000000047e-01
3.252000000000000000e+03 8.813630000000000075e-01
3.257000000000000000e+03 9.233719999999999706e-01
3.262000000000000000e+03 9.495219999999999771e-01
3.267000000000000000e+03 9.648390000000000022e-01
3.272000000000000000e+03 9.736190000000000122e-01
3.277000000000000000e+03 9.789069999999999716e-01
3.282000000000000000e+03 9.835709999999999731e-01
3.287000000000000000e+03 9.879259999999999708e-01
3.292000000000000000e+03 9.920619999999999994e-01
3.297000000000000000e+03 9.951170000000000293e-01
3.302000000000000000e+03 9.970210000000000461e-01
3.307000000000000000e+03 9.978590000000000515e-01
3.312000000000000000e+03 9.978569999999999940e-01
3.317000000000000000e+03 9.973549999999999915e-01
3.322000000000000000e+03 9.969829999999999526e-01
3.327000000000000000e+03 9.973880000000000523e-01
3.332000000000000000e+03 9.985110000000000374e-01
3.337000000000000000e+03 1.000000000000000000e+00
3.342000000000000000e+03 9.997319999999999540e-01
3.347000000000000000e+03 9.957679999999999865e-01
3.352000000000000000e+03 9.837869999999999671e-01
3.357000000000000000e+03 9.626620000000000177e-01
3.362000000000000000e+03 9.291399999999999659e-01
3.367000000000000000e+03 8.820069999999999855e-01
3.372000000000000000e+03 8.208619999999999806e-01
3.377000000000000000e+03 7.464439999999999964e-01
3.382000000000000000e+03 6.622759999999999758e-01
3.387000000000000000e+03 5.729929999999999746e-01
3.392000000000000000e+03 4.845070000000000210e-01
3.397000000000000000e+03 4.011989999999999723e-01
3.402000000000000000e+03 3.279590000000000005e-01
3.407000000000000000e+03 2.651060000000000083e-01
3.412000000000000000e+03 2.162179999999999935e-01
3.417000000000000000e+03 1.779459999999999931e-01
3.422000000000000000e+03 1.509739999999999971e-01
3.427000000000000000e+03 1.314819999999999878e-01
3.432000000000000000e+03 1.183710000000000040e-01
3.437000000000000000e+03 1.093009999999999954e-01
3.442000000000000000e+03 1.028929999999999984e-01
3.447000000000000000e+03 9.814240000000000463e-02
3.452000000000000000e+03 9.491429999999999312e-02
3.457000000000000000e+03 9.257769999999999888e-02
3.462000000000000000e+03 9.054790000000000061e-02
3.467000000000000000e+03 8.876770000000000493e-02
3.472000000000000000e+03 8.761629999999999419e-02
3.477000000000000000e+03 8.670980000000000354e-02
3.482000000000000000e+03 8.579499999999999627e-02
3.487000000000000000e+03 8.502419999999999423e-02
3.492000000000000000e+03 8.439449999999999730e-02
3.497000000000000000e+03 8.383580000000000199e-02
3.502000000000000000e+03 8.338450000000000029e-02
3.507000000000000000e+03 8.304469999999999907e-02
3.512000000000000000e+03 8.270769999999999511e-02
3.517000000000000000e+03 8.244269999999999377e-02
3.522000000000000000e+03 8.212619999999999643e-02
3.527000000000000000e+03 8.184160000000000046e-02
3.532000000000000000e+03 8.147189999999999988e-02
3.537000000000000000e+03 8.106249999999999567e-02
3.542000000000000000e+03 8.055909999999999460e-02
3.547000000000000000e+03 7.991879999999999817e-02
3.552000000000000000e+03 7.916979999999999851e-02
3.557000000000000000e+03 7.809489999999999488e-02
3.562000000000000000e+03 7.684900000000000064e-02
3.567000000000000000e+03 7.538659999999999806e-02
3.572000000000000000e+03 7.367440000000000100e-02
3.577000000000000000e+03 7.173019999999999397e-02
3.582000000000000000e+03 6.932470000000000299e-02
3.587000000000000000e+03 6.680160000000000264e-02
3.592000000000000000e+03 6.382259999999999323e-02
3.597000000000000000e+03 6.073889999999999845e-02
3.602000000000000000e+03 5.731350000000000333e-02
3.607000000000000000e+03 5.379690000000000166e-02
3.612000000000000000e+03 5.017209999999999726e-02
3.617000000000000000e+03 4.644559999999999661e-02
3.622000000000000000e+03 4.263490000000000335e-02
3.627000000000000000e+03 3.876410000000000272e-02
3.632000000000000000e+03 3.497519999999999796e-02
3.637000000000000000e+03 3.126790000000000125e-02
3.642000000000000000e+03 2.775479999999999961e-02
3.647000000000000000e+03 2.445869999999999989e-02
3.652000000000000000e+03 2.140490000000000101e-02
3.657000000000000000e+03 1.862739999999999882e-02
3.662000000000000000e+03 1.609079999999999885e-02
3.667000000000000000e+03 1.383440000000000017e-02
3.672000000000000000e+03 1.182940000000000033e-02
3.677000000000000000e+03 1.009600000000000081e-02
3.682000000000000000e+03 8.582209999999999839e-03
3.687000000000000000e+03 7.300369999999999603e-03
3.692000000000000000e+03 6.194159999999999770e-03
3.697000000000000000e+03 5.272330000000000419e-03
3.702000000000000000e+03 4.479069999999999926e-03
3.707000000000000000e+03 3.826140000000000010e-03
3.712000000000000000e+03 3.262989999999999901e-03
3.717000000000000000e+03 2.801269999999999802e-03
3.722000000000000000e+03 2.400020000000000105e-03
3.727000000000000000e+03 2.068280000000000032e-03
3.732000000000000000e+03 1.781400000000000041e-03
3.737000000000000000e+03 1.539910000000000020e-03
3.742000000000000000e+03 1.291639999999999932e-03
3.747000000000000000e+03 1.058560000000000056e-03
3.752000000000000000e+03 8.815119999999999857e-04
3.757000000000000000e+03 7.143549999999999596e-04
3.762000000000000000e+03 5.275069999999999759e-04
3.767000000000000000e+03 3.350560000000000257e-04
3.772000000000000000e+03 1.502580000000000105e-04
3.777000000000000000e+03 5.360940000000000209e-05
3.782000000000000000e+03 4.935589999999999953e-05
3.787000000000000000e+03 4.604799999999999687e-05
3.792000000000000000e+03 4.300849999999999996e-05
3.797000000000000000e+03 4.013689999999999852e-05
3.802000000000000000e+03 3.758349999999999685e-05
3.807000000000000000e+03 3.513359999999999850e-05
3.812000000000000000e+03 3.293440000000000099e-05
3.817000000000000000e+03 3.086009999999999952e-05
3.822000000000000000e+03 2.910220000000000065e-05
3.827000000000000000e+03 2.759540000000000010e-05
3.832000000000000000e+03 2.624789999999999987e-05
3.837000000000000000e+03 1.951669999999999900e-05
3.842000000000000000e+03 1.115899999999999938e-05
3.847000000000000000e+03 9.532409999999999422e-06
3.852000000000000000e+03 9.387750000000000031e-06
3.857000000000000000e+03 9.211190000000000149e-06
3.862000000000000000e+03 9.070160000000000586e-06
3.867000000000000000e+03 8.952980000000000804e-06
3.872000000000000000e+03 8.876600000000000698e-06
3.877000000000000000e+03 8.840239999999999914e-06
3.882000000000000000e+03 8.813229999999999304e-06
3.887000000000000000e+03 8.799680000000000086e-06
3.892000000000000000e+03 8.812019999999999361e-06
3.897000000000000000e+03 8.875859999999999753e-06
3.902000000000000000e+03 8.955060000000000621e-06
3.907000000000000000e+03 9.073559999999999571e-06
3.912000000000000000e+03 9.170800000000000355e-06
3.917000000000000000e+03 9.176959999999999293e-06
3.922000000000000000e+03 9.171110000000000018e-06
3.927000000000000000e+03 9.148670000000000619e-06
3.932000000000000000e+03 9.123739999999999826e-06
3.937000000000000000e+03 9.098869999999999842e-06
3.942000000000000000e+03 9.073999999999999858e-06
3.947000000000000000e+03 9.049129999999999875e-06
3.952000000000000000e+03 9.024220000000000481e-06
3.957000000000000000e+03 8.998330000000000293e-06
3.962000000000000000e+03 8.971020000000000719e-06
3.967000000000000000e+03 8.841170000000000598e-06
3.972000000000000000e+03 8.648799999999999254e-06
3.977000000000000000e+03 8.061810000000000322e-06
3.982000000000000000e+03 7.127760000000000346e-06
3.987000000000000000e+03 6.638040000000000060e-06
3.992000000000000000e+03 6.725979999999999933e-06
3.997000000000000000e+03 6.826350000000000296e-06
4.002000000000000000e+03 6.949330000000000090e-06
4.007000000000000000e+03 7.235180000000000073e-06
4.012000000000000000e+03 7.936250000000000460e-06
4.017000000000000000e+03 8.652919999999999479e-06
4.022000000000000000e+03 9.357259999999999921e-06
4.027000000000000000e+03 9.968569999999999325e-06
4.032000000000000000e+03 1.011139999999999945e-05
4.037000000000000000e+03 1.018200000000000009e-05
4.042000000000000000e+03 1.018690000000000067e-05
4.047000000000000000e+03 1.018530000000000055e-05
4.052000000000000000e+03 1.026609999999999985e-05
4.057000000000000000e+03 1.036939999999999935e-05
4.062000000000000000e+03 1.045030000000000056e-05
4.067000000000000000e+03 1.052290000000000050e-05
4.072000000000000000e+03 1.063989999999999955e-05
4.077000000000000000e+03 1.078170000000000047e-05
4.082000000000000000e+03 1.098490000000000049e-05
4.087000000000000000e+03 1.123639999999999969e-05
4.092000000000000000e+03 1.143489999999999957e-05
4.097000000000000000e+03 1.157190000000000012e-05
4.102000000000000000e+03 1.168550000000000018e-05
4.107000000000000000e+03 1.176029999999999987e-05
4.112000000000000000e+03 1.186340000000000063e-05
4.117000000000000000e+03 1.203320000000000026e-05
4.122000000000000000e+03 1.219400000000000048e-05
4.127000000000000000e+03 1.231700000000000083e-05
4.132000000000000000e+03 1.242859999999999989e-05
4.137000000000000000e+03 1.250019999999999934e-05
4.142000000000000000e+03 1.257410000000000045e-05
4.147000000000000000e+03 1.269610000000000030e-05
4.152000000000000000e+03 1.281530000000000078e-05
4.157000000000000000e+03 1.281600000000000062e-05
4.162000000000000000e+03 1.278549999999999981e-05
4.167000000000000000e+03 1.275410000000000042e-05
4.172000000000000000e+03 1.272509999999999951e-05
4.177000000000000000e+03 1.280639999999999990e-05
4.182000000000000000e+03 1.294410000000000029e-05
4.187000000000000000e+03 1.310139999999999962e-05
4.192000000000000000e+03 1.327260000000000062e-05
4.197000000000000000e+03 1.346410000000000040e-05
4.202000000000000000e+03 1.367679999999999923e-05
4.207000000000000000e+03 1.386190000000000021e-05
4.212000000000000000e+03 1.400519999999999933e-05
4.217000000000000000e+03 1.411240000000000061e-05
4.222000000000000000e+03 1.414419999999999919e-05
4.227000000000000000e+03 1.418609999999999958e-05
4.232000000000000000e+03 1.426460000000000061e-05
4.237000000000000000e+03 1.435609999999999965e-05
4.242000000000000000e+03 1.449180000000000074e-05
4.247000000000000000e+03 1.459779999999999939e-05
4.252000000000000000e+03 1.449490000000000076e-05
4.257000000000000000e+03 1.436919999999999958e-05
4.262000000000000000e+03 1.434100000000000042e-05
4.267000000000000000e+03 1.434480000000000028e-05
4.272000000000000000e+03 1.448569999999999922e-05
4.277000000000000000e+03 1.466819999999999959e-05
4.282000000000000000e+03 1.474110000000000020e-05
4.287000000000000000e+03 1.473239999999999976e-05
4.292000000000000000e+03 1.044860000000000022e-05
4.297000000000000000e+03 3.405360000000000206e-06
