1.162000000000000000e+03 0.000000000000000000e+00
1.165000000000000000e+03 7.399629999999999965e-11
1.168000000000000000e+03 5.914779999999999917e-10
1.171000000000000000e+03 1.168059999999999997e-09
1.174000000000000000e+03 1.260649999999999984e-09
1.177000000000000000e+03 6.841179999999999944e-10
1.180000000000000000e+03 2.488639999999999897e-10
1.183000000000000000e+03 6.383350000000000503e-10
1.186000000000000000e+03 1.200710000000000086e-09
1.189000000000000000e+03 1.205349999999999979e-09
1.192000000000000000e+03 6.431129999999999897e-10
1.195000000000000000e+03 1.165500000000000008e-10
1.198000000000000000e+03 5.466100000000000306e-13
1.201000000000000000e+03 6.251180000000000229e-13
1.204000000000000000e+03 7.026650000000000155e-13
1.207000000000000000e+03 7.769080000000000254e-13
1.210000000000000000e+03 8.508709999999999597e-13
1.213000000000000000e+03 9.232940000000000844e-13
1.216000000000000000e+03 9.942419999999999553e-13
1.219000000000000000e+03 1.065029999999999956e-12
1.222000000000000000e+03 1.134179999999999919e-12
1.225000000000000000e+03 1.202909999999999971e-12
1.228000000000000000e+03 1.273100000000000099e-12
1.231000000000000000e+03 1.348209999999999967e-12
1.234000000000000000e+03 1.423709999999999999e-12
1.237000000000000000e+03 1.349149999999999875e-07
1.240000000000000000e+03 3.711899999999999774e-07
1.243000000000000000e+03 6.159949999999999781e-07
1.246000000000000000e+03 9.265410000000000114e-07
1.249000000000000000e+03 1.248629999999999978e-06
1.252000000000000000e+03 1.635070000000000042e-06
1.255000000000000000e+03 2.119949999999999921e-06
1.258000000000000000e+03 2.608420000000000007e-06
1.261000000000000000e+03 3.188750000000000175e-06
1.264000000000000000e+03 3.806000000000000067e-06
1.267000000000000000e+03 4.417240000000000080e-06
1.270000000000000000e+03 5.000480000000000106e-06
1.273000000000000000e+03 5.580519999999999892e-06
1.276000000000000000e+03 6.204230000000000228e-06
1.279000000000000000e+03 6.871440000000000231e-06
1.282000000000000000e+03 7.569739999999999966e-06
1.285000000000000000e+03 8.538689999999999388e-06
1.288000000000000000e+03 9.565240000000000596e-06
1.291000000000000000e+03 1.061340000000000074e-05
1.294000000000000000e+03 1.171420000000000043e-05
1.297000000000000000e+03 1.280830000000000068e-05
1.300000000000000000e+03 1.376189999999999948e-05
1.303000000000000000e+03 1.472260000000000029e-05
1.306000000000000000e+03 1.569170000000000089e-05
1.309000000000000000e+03 1.670919999999999919e-05
1.312000000000000000e+03 1.773479999999999832e-05
1.315000000000000000e+03 1.862369999999999924e-05
1.318000000000000000e+03 1.919729999999999999e-05
1.321000000000000000e+03 1.976089999999999913e-05
1.324000000000000000e+03 2.033299999999999997e-05
1.327000000000000000e+03 2.091300000000000120e-05
1.330000000000000000e+03 2.151629999999999930e-05
1.333000000000000000e+03 2.216659999999999882e-05
1.336000000000000000e+03 2.281689999999999833e-05
1.339000000000000000e+03 2.345130000000000025e-05
1.342000000000000000e+03 2.407270000000000078e-05
1.345000000000000000e+03 2.469560000000000120e-05
1.348000000000000000e+03 2.537080000000000110e-05
1.351000000000000000e+03 2.606890000000000040e-05
1.354000000000000000e+03 2.680839999999999899e-05
1.357000000000000000e+03 2.758350000000000111e-05
1.360000000000000000e+03 2.836579999999999869e-05
1.363000000000000000e+03 2.924170000000000160e-05
1.366000000000000000e+03 3.014289999999999900e-05
1.369000000000000000e+03 3.104060000000000228e-05
1.372000000000000000e+03 3.198459999999999867e-05
1.375000000000000000e+03 3.295000000000000131e-05
1.378000000000000000e+03 3.409680000000000192e-05
1.381000000000000000e+03 3.541209999999999931e-05
1.384000000000000000e+03 3.685590000000000063e-05
1.387000000000000000e+03 3.890989999999999824e-05
1.390000000000000000e+03 4.102800000000000088e-05
1.393000000000000000e+03 4.213289999999999771e-05
1.396000000000000000e+03 4.214319999999999996e-05
1.399000000000000000e+03 4.218720000000000158e-05
1.402000000000000000e+03 4.233739999999999888e-05
1.405000000000000000e+03 4.301099999999999867e-05
1.408000000000000000e+03 4.360439999999999878e-05
1.411000000000000000e+03 4.257269999999999983e-05
1.414000000000000000e+03 4.064850000000000223e-05
1.417000000000000000e+03 3.800310000000000211e-05
1.420000000000000000e+03 3.482749999999999816e-05
1.423000000000000000e+03 3.192150000000000261e-05
1.426000000000000000e+03 3.063820000000000085e-05
1.429000000000000000e+03 2.933710000000000072e-05
1.432000000000000000e+03 2.802210000000000061e-05
1.435000000000000000e+03 2.596449999999999849e-05
1.438000000000000000e+03 2.356320000000000167e-05
1.441000000000000000e+03 2.153100000000000104e-05
1.444000000000000000e+03 2.119949999999999921e-05
1.447000000000000000e+03 2.105869999999999880e-05
1.450000000000000000e+03 2.086220000000000161e-05
1.453000000000000000e+03 2.065600000000000010e-05
1.456000000000000000e+03 2.049649999999999934e-05
1.459000000000000000e+03 2.041299999999999921e-05
1.462000000000000000e+03 2.035810000000000080e-05
1.465000000000000000e+03 2.036910000000000120e-05
1.468000000000000000e+03 2.034039999999999926e-05
1.471000000000000000e+03 2.028240000000000083e-05
1.474000000000000000e+03 2.022159999999999965e-05
1.477000000000000000e+03 2.020190000000000050e-05
1.480000000000000000e+03 2.027160000000000087e-05
1.483000000000000000e+03 2.044379999999999898e-05
1.486000000000000000e+03 2.066710000000000072e-05
1.489000000000000000e+03 2.096929999999999928e-05
1.492000000000000000e+03 2.123489999999999891e-05
1.495000000000000000e+03 2.152069999999999878e-05
1.498000000000000000e+03 2.188770000000000052e-05
1.501000000000000000e+03 2.232970000000000069e-05
1.504000000000000000e+03 2.299069999999999995e-05
1.507000000000000000e+03 2.378619999999999937e-05
1.510000000000000000e+03 2.465759999999999919e-05
1.513000000000000000e+03 2.564169999999999880e-05
1.516000000000000000e+03 2.666120000000000149e-05
1.519000000000000000e+03 2.789060000000000025e-05
1.522000000000000000e+03 2.937860000000000024e-05
1.525000000000000000e+03 3.109129999999999826e-05
1.528000000000000000e+03 3.329980000000000261e-05
1.531000000000000000e+03 3.566829999999999865e-05
1.534000000000000000e+03 3.852049999999999821e-05
1.537000000000000000e+03 4.188339999999999950e-05
1.540000000000000000e+03 4.555300000000000245e-05
1.543000000000000000e+03 5.032170000000000306e-05
1.546000000000000000e+03 5.575390000000000163e-05
1.549000000000000000e+03 6.215710000000000159e-05
1.552000000000000000e+03 7.032190000000000175e-05
1.555000000000000000e+03 7.920220000000000548e-05
1.558000000000000000e+03 9.126399999999999899e-05
1.561000000000000000e+03 1.056620000000000058e-04
1.564000000000000000e+03 1.231270000000000021e-04
1.567000000000000000e+03 1.491010000000000078e-04
1.570000000000000000e+03 1.777659999999999917e-04
1.573000000000000000e+03 2.190639999999999883e-04
1.576000000000000000e+03 2.734780000000000132e-04
1.579000000000000000e+03 3.623370000000000106e-04
1.582000000000000000e+03 5.501809999999999557e-04
1.585000000000000000e+03 7.514919999999999803e-04
1.588000000000000000e+03 9.576609999999999507e-04
1.591000000000000000e+03 1.286089999999999933e-03
1.594000000000000000e+03 1.644269999999999976e-03
1.597000000000000000e+03 2.083530000000000104e-03
1.600000000000000000e+03 2.603579999999999870e-03
1.603000000000000000e+03 3.202330000000000194e-03
1.606000000000000000e+03 3.946810000000000249e-03
1.609000000000000000e+03 4.792519999999999766e-03
1.612000000000000000e+03 5.781470000000000359e-03
1.615000000000000000e+03 6.901580000000000041e-03
1.618000000000000000e+03 8.185470000000000246e-03
1.621000000000000000e+03 9.606190000000000562e-03
1.624000000000000000e+03 1.114710000000000006e-02
1.627000000000000000e+03 1.284710000000000019e-02
1.630000000000000000e+03 1.461639999999999988e-02
1.633000000000000000e+03 1.655119999999999855e-02
1.636000000000000000e+03 1.853499999999999939e-02
1.639000000000000000e+03 2.059180000000000038e-02
1.642000000000000000e+03 2.271489999999999967e-02
1.645000000000000000e+03 2.478819999999999982e-02
1.648000000000000000e+03 2.706710000000000019e-02
1.651000000000000000e+03 2.932550000000000087e-02
1.654000000000000000e+03 3.153330000000000022e-02
1.657000000000000000e+03 3.384779999999999733e-02
1.660000000000000000e+03 3.621989999999999932e-02
1.663000000000000000e+03 3.858589999999999937e-02
1.666000000000000000e+03 4.104909999999999809e-02
1.669000000000000000e+03 4.377709999999999935e-02
1.672000000000000000e+03 4.654599999999999710e-02
1.675000000000000000e+03 4.944899999999999990e-02
1.678000000000000000e+03 5.263450000000000073e-02
1.681000000000000000e+03 5.591970000000000274e-02
1.684000000000000000e+03 5.939769999999999772e-02
1.687000000000000000e+03 6.319470000000000642e-02
1.690000000000000000e+03 6.716089999999999560e-02
1.693000000000000000e+03 7.133209999999999551e-02
1.696000000000000000e+03 7.590070000000000150e-02
1.699000000000000000e+03 8.070839999999999959e-02
1.702000000000000000e+03 8.565559999999999841e-02
1.705000000000000000e+03 9.083650000000000058e-02
1.708000000000000000e+03 9.628319999999999934e-02
1.711000000000000000e+03 1.018430000000000030e-01
1.714000000000000000e+03 1.075760000000000050e-01
1.717000000000000000e+03 1.136609999999999981e-01
1.720000000000000000e+03 1.198869999999999936e-01
1.723000000000000000e+03 1.262890000000000124e-01
1.726000000000000000e+03 1.328409999999999869e-01
1.729000000000000000e+03 1.394400000000000084e-01
1.732000000000000000e+03 1.460700000000000054e-01
1.735000000000000000e+03 1.527100000000000124e-01
1.738000000000000000e+03 1.593289999999999984e-01
1.741000000000000000e+03 1.658739999999999937e-01
1.744000000000000000e+03 1.723999999999999977e-01
1.747000000000000000e+03 1.786159999999999970e-01
1.750000000000000000e+03 1.846480000000000066e-01
1.753000000000000000e+03 1.906079999999999997e-01
1.756000000000000000e+03 1.963999999999999913e-01
1.759000000000000000e+03 2.019880000000000009e-01
1.762000000000000000e+03 2.075670000000000015e-01
1.765000000000000000e+03 2.130610000000000004e-01
1.768000000000000000e+03 2.184069999999999900e-01
1.771000000000000000e+03 2.237169999999999992e-01
1.774000000000000000e+03 2.290270000000000084e-01
1.777000000000000000e+03 2.342640000000000000e-01
1.780000000000000000e+03 2.395170000000000077e-01
1.783000000000000000e+03 2.447739999999999916e-01
1.786000000000000000e+03 2.500089999999999812e-01
1.789000000000000000e+03 2.552429999999999977e-01
1.792000000000000000e+03 2.603940000000000143e-01
1.795000000000000000e+03 2.654759999999999898e-01
1.798000000000000000e+03 2.703180000000000027e-01
1.801000000000000000e+03 2.749409999999999910e-01
1.804000000000000000e+03 2.794630000000000170e-01
1.807000000000000000e+03 2.837259999999999782e-01
1.810000000000000000e+03 2.877020000000000133e-01
1.813000000000000000e+03 2.915420000000000234e-01
1.816000000000000000e+03 2.950969999999999982e-01
1.819000000000000000e+03 2.981739999999999946e-01
1.822000000000000000e+03 3.010829999999999895e-01
1.825000000000000000e+03 3.038000000000000145e-01
1.828000000000000000e+03 3.061599999999999877e-01
1.831000000000000000e+03 3.083299999999999930e-01
1.834000000000000000e+03 3.104469999999999730e-01
1.837000000000000000e+03 3.125760000000000205e-01
1.840000000000000000e+03 3.147659999999999902e-01
1.843000000000000000e+03 3.174379999999999979e-01
1.846000000000000000e+03 3.204719999999999791e-01
1.849000000000000000e+03 3.247499999999999831e-01
1.852000000000000000e+03 3.297379999999999756e-01
1.855000000000000000e+03 3.372319999999999762e-01
1.858000000000000000e+03 3.466250000000000164e-01
1.861000000000000000e+03 3.598210000000000020e-01
1.864000000000000000e+03 3.753839999999999955e-01
1.867000000000000000e+03 3.957200000000000162e-01
1.870000000000000000e+03 4.171480000000000188e-01
1.873000000000000000e+03 4.410250000000000004e-01
1.876000000000000000e+03 4.645139999999999825e-01
1.879000000000000000e+03 4.886170000000000235e-01
1.882000000000000000e+03 5.118930000000000424e-01
1.885000000000000000e+03 5.376279999999999948e-01
1.888000000000000000e+03 5.633740000000000414e-01
1.891000000000000000e+03 5.923709999999999809e-01
1.894000000000000000e+03 6.192910000000000359e-01
1.897000000000000000e+03 6.463280000000000136e-01
1.900000000000000000e+03 6.706579999999999764e-01
1.903000000000000000e+03 6.904050000000000464e-01
1.906000000000000000e+03 7.102950000000000097e-01
1.909000000000000000e+03 7.300429999999999975e-01
1.912000000000000000e+03 7.543959999999999555e-01
1.915000000000000000e+03 7.824259999999999549e-01
1.918000000000000000e+03 8.126609999999999667e-01
1.921000000000000000e+03 8.452760000000000273e-01
1.924000000000000000e+03 8.759890000000000176e-01
1.927000000000000000e+03 9.055889999999999773e-01
1.930000000000000000e+03 9.309899999999999842e-01
1.933000000000000000e+03 9.528969999999999940e-01
1.936000000000000000e+03 9.709149999999999725e-01
1.939000000000000000e+03 9.843079999999999607e-01
1.942000000000000000e+03 9.943819999999999881e-01
1.945000000000000000e+03 9.990769999999999929e-01
1.948000000000000000e+03 1.000000000000000000e+00
1.951000000000000000e+03 9.964690000000000492e-01
1.954000000000000000e+03 9.896000000000000352e-01
1.957000000000000000e+03 9.796390000000000375e-01
1.960000000000000000e+03 9.660790000000000211e-01
1.963000000000000000e+03 9.504160000000000386e-01
1.966000000000000000e+03 9.317450000000000454e-01
1.969000000000000000e+03 9.135250000000000314e-01
1.972000000000000000e+03 8.922109999999999763e-01
1.975000000000000000e+03 8.726469999999999505e-01
1.978000000000000000e+03 8.515350000000000419e-01
1.981000000000000000e+03 8.328980000000000272e-01
1.984000000000000000e+03 8.139830000000000121e-01
1.987000000000000000e+03 7.961310000000000331e-01
1.990000000000000000e+03 7.793719999999999537e-01
1.993000000000000000e+03 7.627410000000000023e-01
1.996000000000000000e+03 7.464849999999999541e-01
1.999000000000000000e+03 7.291910000000000336e-01
2.002000000000000000e+03 7.101509999999999767e-01
2.005000000000000000e+03 6.890260000000000273e-01
2.008000000000000000e+03 6.638129999999999864e-01
2.011000000000000000e+03 6.375570000000000404e-01
2.014000000000000000e+03 6.084509999999999641e-01
2.017000000000000000e+03 5.792960000000000331e-01
2.020000000000000000e+03 5.511249999999999760e-01
2.023000000000000000e+03 5.258089999999999709e-01
2.026000000000000000e+03 5.040069999999999828e-01
2.029000000000000000e+03 4.855410000000000004e-01
2.032000000000000000e+03 4.722180000000000266e-01
2.035000000000000000e+03 4.610750000000000126e-01
2.038000000000000000e+03 4.536229999999999984e-01
2.041000000000000000e+03 4.471060000000000034e-01
2.044000000000000000e+03 4.422309999999999852e-01
2.047000000000000000e+03 4.375140000000000140e-01
2.050000000000000000e+03 4.334759999999999724e-01
2.053000000000000000e+03 4.289040000000000075e-01
2.056000000000000000e+03 4.240180000000000060e-01
2.059000000000000000e+03 4.188790000000000013e-01
2.062000000000000000e+03 4.133209999999999940e-01
2.065000000000000000e+03 4.073749999999999871e-01
2.068000000000000000e+03 4.010929999999999773e-01
2.071000000000000000e+03 3.942339999999999733e-01
2.074000000000000000e+03 3.867189999999999794e-01
2.077000000000000000e+03 3.787510000000000043e-01
2.080000000000000000e+03 3.700809999999999933e-01
2.083000000000000000e+03 3.606329999999999814e-01
2.086000000000000000e+03 3.505400000000000182e-01
2.089000000000000000e+03 3.396440000000000015e-01
2.092000000000000000e+03 3.280199999999999783e-01
2.095000000000000000e+03 3.159879999999999911e-01
2.098000000000000000e+03 3.029220000000000246e-01
2.101000000000000000e+03 2.892000000000000126e-01
2.104000000000000000e+03 2.752470000000000194e-01
2.107000000000000000e+03 2.605580000000000118e-01
2.110000000000000000e+03 2.451810000000000100e-01
2.113000000000000000e+03 2.297210000000000085e-01
2.116000000000000000e+03 2.143019999999999925e-01
2.119000000000000000e+03 1.985280000000000100e-01
2.122000000000000000e+03 1.827580000000000038e-01
2.125000000000000000e+03 1.676330000000000042e-01
2.128000000000000000e+03 1.529189999999999994e-01
2.131000000000000000e+03 1.385250000000000092e-01
2.134000000000000000e+03 1.250300000000000022e-01
2.137000000000000000e+03 1.124959999999999988e-01
2.140000000000000000e+03 1.008799999999999975e-01
2.143000000000000000e+03 9.009490000000000554e-02
2.146000000000000000e+03 8.037859999999999450e-02
2.149000000000000000e+03 7.189370000000000482e-02
2.152000000000000000e+03 6.420159999999999756e-02
2.155000000000000000e+03 5.732770000000000227e-02
2.158000000000000000e+03 5.149200000000000305e-02
2.161000000000000000e+03 4.645160000000000261e-02
2.164000000000000000e+03 4.195979999999999849e-02
2.167000000000000000e+03 3.808670000000000111e-02
2.170000000000000000e+03 3.488220000000000209e-02
2.173000000000000000e+03 3.204660000000000147e-02
2.176000000000000000e+03 2.950600000000000098e-02
2.179000000000000000e+03 2.740050000000000124e-02
2.182000000000000000e+03 2.554419999999999955e-02
2.185000000000000000e+03 2.381640000000000146e-02
2.188000000000000000e+03 2.230590000000000003e-02
2.191000000000000000e+03 2.093949999999999978e-02
2.194000000000000000e+03 1.964470000000000105e-02
2.197000000000000000e+03 1.842569999999999972e-02
2.200000000000000000e+03 1.729899999999999841e-02
2.203000000000000000e+03 1.618910000000000141e-02
2.206000000000000000e+03 1.511760000000000013e-02
2.209000000000000000e+03 1.410170000000000000e-02
2.212000000000000000e+03 1.307239999999999965e-02
2.215000000000000000e+03 1.210759999999999961e-02
2.218000000000000000e+03 1.115290000000000031e-02
2.221000000000000000e+03 1.021359999999999976e-02
2.224000000000000000e+03 9.347549999999999609e-03
2.227000000000000000e+03 8.478430000000000341e-03
2.230000000000000000e+03 7.674969999999999709e-03
2.233000000000000000e+03 6.923300000000000287e-03
2.236000000000000000e+03 6.200019999999999663e-03
2.239000000000000000e+03 5.542270000000000182e-03
2.242000000000000000e+03 4.932749999999999635e-03
2.245000000000000000e+03 4.374789999999999929e-03
2.248000000000000000e+03 3.858180000000000116e-03
2.251000000000000000e+03 3.407439999999999861e-03
2.254000000000000000e+03 2.999449999999999859e-03
2.257000000000000000e+03 2.626959999999999799e-03
2.260000000000000000e+03 2.310770000000000185e-03
2.263000000000000000e+03 2.009340000000000084e-03
2.266000000000000000e+03 1.757169999999999956e-03
2.269000000000000000e+03 1.558480000000000108e-03
2.272000000000000000e+03 1.372430000000000004e-03
2.275000000000000000e+03 1.211629999999999999e-03
2.278000000000000000e+03 1.066960000000000044e-03
2.281000000000000000e+03 9.569080000000000207e-04
2.284000000000000000e+03 8.745170000000000027e-04
2.287000000000000000e+03 7.958610000000000293e-04
2.290000000000000000e+03 7.316179999999999602e-04
2.293000000000000000e+03 6.761580000000000541e-04
2.296000000000000000e+03 6.237880000000000117e-04
2.299000000000000000e+03 5.818800000000000057e-04
2.302000000000000000e+03 5.431820000000000181e-04
2.305000000000000000e+03 5.088780000000000430e-04
2.308000000000000000e+03 4.796140000000000060e-04
2.311000000000000000e+03 4.506919999999999872e-04
2.314000000000000000e+03 4.248969999999999809e-04
2.317000000000000000e+03 4.014709999999999785e-04
2.320000000000000000e+03 3.789789999999999912e-04
2.323000000000000000e+03 3.588280000000000007e-04
2.326000000000000000e+03 3.395440000000000003e-04
2.329000000000000000e+03 3.220039999999999751e-04
2.332000000000000000e+03 3.063540000000000013e-04
2.335000000000000000e+03 2.919590000000000011e-04
2.338000000000000000e+03 2.790059999999999914e-04
2.341000000000000000e+03 2.665209999999999780e-04
2.344000000000000000e+03 2.555899999999999839e-04
2.347000000000000000e+03 2.462899999999999747e-04
2.350000000000000000e+03 2.380899999999999922e-04
2.353000000000000000e+03 2.320970000000000108e-04
2.356000000000000000e+03 2.274939999999999872e-04
2.359000000000000000e+03 2.233129999999999946e-04
2.362000000000000000e+03 2.191460000000000055e-04
2.365000000000000000e+03 2.153240000000000004e-04
2.368000000000000000e+03 2.119780000000000091e-04
2.371000000000000000e+03 2.091980000000000120e-04
2.374000000000000000e+03 2.081890000000000086e-04
2.377000000000000000e+03 2.080609999999999990e-04
2.380000000000000000e+03 2.085280000000000065e-04
2.383000000000000000e+03 2.094999999999999966e-04
2.386000000000000000e+03 2.109980000000000015e-04
2.389000000000000000e+03 2.129199999999999875e-04
2.392000000000000000e+03 2.151839999999999916e-04
2.395000000000000000e+03 2.175900000000000089e-04
2.398000000000000000e+03 2.202870000000000002e-04
2.401000000000000000e+03 2.239270000000000128e-04
2.404000000000000000e+03 2.286029999999999931e-04
2.407000000000000000e+03 2.339359999999999910e-04
2.410000000000000000e+03 2.409629999999999899e-04
2.413000000000000000e+03 2.492920000000000249e-04
2.416000000000000000e+03 2.589509999999999946e-04
2.419000000000000000e+03 2.701469999999999870e-04
2.422000000000000000e+03 2.831719999999999919e-04
2.425000000000000000e+03 2.985780000000000270e-04
2.428000000000000000e+03 3.155650000000000187e-04
2.431000000000000000e+03 3.359950000000000111e-04
2.434000000000000000e+03 3.604540000000000153e-04
2.437000000000000000e+03 3.870289999999999972e-04
2.440000000000000000e+03 4.173930000000000066e-04
2.443000000000000000e+03 4.519270000000000253e-04
2.446000000000000000e+03 4.906869999999999591e-04
2.449000000000000000e+03 5.337270000000000078e-04
2.452000000000000000e+03 5.817860000000000436e-04
2.455000000000000000e+03 6.393879999999999572e-04
2.458000000000000000e+03 6.999839999999999578e-04
2.461000000000000000e+03 7.644639999999999639e-04
2.464000000000000000e+03 8.388700000000000236e-04
2.467000000000000000e+03 9.180969999999999886e-04
2.470000000000000000e+03 9.996350000000000201e-04
2.473000000000000000e+03 1.090669999999999964e-03
2.476000000000000000e+03 1.192600000000000040e-03
2.479000000000000000e+03 1.295949999999999923e-03
2.482000000000000000e+03 1.402559999999999961e-03
2.485000000000000000e+03 1.518809999999999995e-03
2.488000000000000000e+03 1.637479999999999969e-03
2.491000000000000000e+03 1.755709999999999953e-03
2.494000000000000000e+03 1.876719999999999907e-03
2.497000000000000000e+03 2.002100000000000147e-03
2.500000000000000000e+03 2.127280000000000056e-03
2.503000000000000000e+03 2.250059999999999907e-03
2.506000000000000000e+03 2.372969999999999854e-03
2.509000000000000000e+03 2.501100000000000025e-03
2.512000000000000000e+03 2.629049999999999963e-03
2.515000000000000000e+03 2.742039999999999842e-03
2.518000000000000000e+03 2.863329999999999868e-03
2.521000000000000000e+03 2.992889999999999787e-03
2.524000000000000000e+03 3.102820000000000057e-03
2.527000000000000000e+03 3.218630000000000102e-03
2.530000000000000000e+03 3.350239999999999989e-03
2.533000000000000000e+03 3.474549999999999861e-03
2.536000000000000000e+03 3.591529999999999896e-03
2.539000000000000000e+03 3.725920000000000187e-03
2.542000000000000000e+03 3.867250000000000028e-03
2.545000000000000000e+03 3.999319999999999785e-03
2.548000000000000000e+03 4.146640000000000048e-03
2.551000000000000000e+03 4.303450000000000331e-03
2.554000000000000000e+03 4.458319999999999991e-03
2.557000000000000000e+03 4.616470000000000122e-03
2.560000000000000000e+03 4.775510000000000171e-03
2.563000000000000000e+03 4.933410000000000052e-03
2.566000000000000000e+03 5.092020000000000053e-03
2.569000000000000000e+03 5.241400000000000226e-03
2.572000000000000000e+03 5.376470000000000381e-03
2.575000000000000000e+03 5.510229999999999642e-03
2.578000000000000000e+03 5.629320000000000157e-03
2.581000000000000000e+03 5.719110000000000339e-03
2.584000000000000000e+03 5.794020000000000420e-03
2.587000000000000000e+03 5.857209999999999847e-03
2.590000000000000000e+03 5.875639999999999682e-03
2.593000000000000000e+03 5.867050000000000390e-03
2.596000000000000000e+03 5.846230000000000003e-03
2.599000000000000000e+03 5.785840000000000427e-03
2.602000000000000000e+03 5.686280000000000154e-03
2.605000000000000000e+03 5.571040000000000193e-03
2.608000000000000000e+03 5.436329999999999635e-03
2.611000000000000000e+03 5.260739999999999861e-03
2.614000000000000000e+03 5.069459999999999592e-03
2.617000000000000000e+03 4.870570000000000281e-03
2.620000000000000000e+03 4.646510000000000397e-03
2.623000000000000000e+03 4.411950000000000420e-03
2.626000000000000000e+03 4.173989999999999818e-03
2.629000000000000000e+03 3.931269999999999730e-03
2.632000000000000000e+03 3.684470000000000019e-03
2.635000000000000000e+03 3.441379999999999960e-03
2.638000000000000000e+03 3.200919999999999894e-03
2.641000000000000000e+03 2.970350000000000074e-03
2.644000000000000000e+03 2.750879999999999818e-03
2.647000000000000000e+03 2.536580000000000085e-03
2.650000000000000000e+03 2.335419999999999944e-03
2.653000000000000000e+03 2.150959999999999938e-03
2.656000000000000000e+03 1.975559999999999903e-03
2.659000000000000000e+03 1.808740000000000087e-03
2.662000000000000000e+03 1.662190000000000022e-03
2.665000000000000000e+03 1.527989999999999904e-03
2.668000000000000000e+03 1.399709999999999973e-03
2.671000000000000000e+03 1.289339999999999931e-03
2.674000000000000000e+03 1.193639999999999935e-03
2.677000000000000000e+03 1.106259999999999969e-03
2.680000000000000000e+03 1.028559999999999978e-03
2.683000000000000000e+03 9.663049999999999851e-04
2.686000000000000000e+03 9.127739999999999855e-04
2.689000000000000000e+03 8.633189999999999788e-04
2.692000000000000000e+03 8.265209999999999831e-04
2.695000000000000000e+03 7.982290000000000175e-04
2.698000000000000000e+03 7.746699999999999810e-04
2.701000000000000000e+03 7.578230000000000252e-04
2.704000000000000000e+03 7.511510000000000322e-04
2.707000000000000000e+03 7.497909999999999775e-04
2.710000000000000000e+03 7.500329999999999931e-04
2.713000000000000000e+03 7.559990000000000373e-04
2.716000000000000000e+03 7.660079999999999884e-04
2.719000000000000000e+03 7.772480000000000231e-04
2.722000000000000000e+03 7.923410000000000088e-04
2.725000000000000000e+03 8.119439999999999904e-04
2.728000000000000000e+03 8.323879999999999864e-04
2.731000000000000000e+03 8.534929999999999817e-04
2.734000000000000000e+03 8.695449999999999968e-04
2.737000000000000000e+03 8.623549999999999792e-04
2.740000000000000000e+03 8.538740000000000175e-04
2.743000000000000000e+03 8.480449999999999620e-04
2.746000000000000000e+03 8.617429999999999925e-04
2.749000000000000000e+03 8.787260000000000296e-04
2.752000000000000000e+03 8.957680000000000200e-04
2.755000000000000000e+03 9.115310000000000383e-04
2.758000000000000000e+03 9.254209999999999476e-04
2.761000000000000000e+03 9.183120000000000128e-04
2.764000000000000000e+03 8.396430000000000516e-04
2.767000000000000000e+03 7.540920000000000435e-04
2.770000000000000000e+03 6.737530000000000255e-04
2.773000000000000000e+03 6.520630000000000349e-04
2.776000000000000000e+03 6.473940000000000293e-04
2.779000000000000000e+03 6.434509999999999622e-04
2.782000000000000000e+03 6.414390000000000499e-04
2.785000000000000000e+03 6.424980000000000274e-04
2.788000000000000000e+03 6.451599999999999826e-04
2.791000000000000000e+03 6.489380000000000539e-04
2.794000000000000000e+03 6.552590000000000497e-04
2.797000000000000000e+03 6.645309999999999976e-04
2.800000000000000000e+03 6.579090000000000328e-04
2.803000000000000000e+03 6.411799999999999835e-04
2.806000000000000000e+03 6.303209999999999846e-04
2.809000000000000000e+03 6.300669999999999969e-04
2.812000000000000000e+03 6.448820000000000507e-04
2.815000000000000000e+03 6.447280000000000112e-04
2.818000000000000000e+03 6.470850000000000430e-04
2.821000000000000000e+03 6.515940000000000230e-04
2.824000000000000000e+03 6.765410000000000130e-04
2.827000000000000000e+03 6.928589999999999879e-04
2.830000000000000000e+03 7.013399999999999496e-04
2.833000000000000000e+03 7.075659999999999675e-04
2.836000000000000000e+03 7.010799999999999758e-04
2.839000000000000000e+03 6.794000000000000343e-04
2.842000000000000000e+03 6.238899999999999915e-04
2.845000000000000000e+03 5.012830000000000454e-04
2.848000000000000000e+03 3.219860000000000170e-04
2.851000000000000000e+03 1.652579999999999956e-04
2.854000000000000000e+03 4.819099999999999990e-05
2.857000000000000000e+03 1.769839999999999982e-05
2.860000000000000000e+03 1.610639999999999880e-05
2.863000000000000000e+03 1.632909999999999923e-05
2.866000000000000000e+03 1.658079999999999887e-05
2.869000000000000000e+03 1.676499999999999957e-05
2.872000000000000000e+03 1.687240000000000129e-05
2.875000000000000000e+03 1.699469999999999841e-05
2.878000000000000000e+03 1.716209999999999955e-05
2.881000000000000000e+03 1.732589999999999957e-05
2.884000000000000000e+03 1.746230000000000051e-05
2.887000000000000000e+03 1.764129999999999998e-05
2.890000000000000000e+03 1.784710000000000062e-05
2.893000000000000000e+03 1.805130000000000113e-05
2.896000000000000000e+03 1.822489999999999893e-05
2.899000000000000000e+03 1.843379999999999959e-05
2.902000000000000000e+03 1.866369999999999886e-05
2.905000000000000000e+03 1.886649999999999970e-05
2.908000000000000000e+03 1.900829999999999892e-05
2.911000000000000000e+03 1.918799999999999992e-05
2.914000000000000000e+03 1.938239999999999928e-05
2.917000000000000000e+03 1.956319999999999931e-05
2.920000000000000000e+03 1.971619999999999937e-05
2.923000000000000000e+03 1.991249999999999951e-05
2.926000000000000000e+03 2.019189999999999890e-05
2.929000000000000000e+03 2.049410000000000085e-05
2.932000000000000000e+03 2.077100000000000154e-05
2.935000000000000000e+03 2.106920000000000150e-05
2.938000000000000000e+03 2.135849999999999888e-05
2.941000000000000000e+03 2.161959999999999880e-05
2.944000000000000000e+03 2.187870000000000111e-05
2.947000000000000000e+03 2.218509999999999872e-05
2.950000000000000000e+03 2.248789999999999860e-05
2.953000000000000000e+03 2.277699999999999893e-05
2.956000000000000000e+03 2.301519999999999947e-05
2.959000000000000000e+03 2.319429999999999916e-05
2.962000000000000000e+03 2.339910000000000099e-05
2.965000000000000000e+03 2.262069999999999841e-05
2.968000000000000000e+03 2.122530000000000158e-05
2.971000000000000000e+03 2.010679999999999865e-05
2.974000000000000000e+03 2.057260000000000019e-05
2.977000000000000000e+03 2.125179999999999870e-05
2.980000000000000000e+03 2.172400000000000072e-05
2.983000000000000000e+03 2.190419999999999943e-05
2.986000000000000000e+03 2.211599999999999967e-05
2.989000000000000000e+03 2.306929999999999951e-05
2.992000000000000000e+03 2.427530000000000117e-05
2.995000000000000000e+03 2.538140000000000063e-05
2.998000000000000000e+03 2.633989999999999831e-05
3.001000000000000000e+03 2.691440000000000103e-05
3.004000000000000000e+03 2.582770000000000007e-05
3.007000000000000000e+03 2.431329999999999979e-05
3.010000000000000000e+03 2.387539999999999845e-05
3.013000000000000000e+03 2.427929999999999978e-05
3.016000000000000000e+03 2.463490000000000024e-05
3.019000000000000000e+03 2.248600000000000121e-05
3.022000000000000000e+03 1.679150000000000008e-05
3.025000000000000000e+03 1.160629999999999931e-05
3.028000000000000000e+03 1.113049999999999957e-05
3.031000000000000000e+03 1.215520000000000011e-05
3.034000000000000000e+03 1.306760000000000004e-05
3.037000000000000000e+03 1.391360000000000008e-05
3.040000000000000000e+03 1.466959999999999927e-05
3.043000000000000000e+03 1.477770000000000083e-05
3.046000000000000000e+03 1.478709999999999942e-05
3.049000000000000000e+03 1.476859999999999951e-05
3.052000000000000000e+03 1.469849999999999996e-05
3.055000000000000000e+03 1.454609999999999953e-05
3.058000000000000000e+03 1.066769999999999952e-05
3.061000000000000000e+03 5.132040000000000419e-06
3.064000000000000000e+03 4.805269999999999988e-07
