1.261000000000000000e+03 0.000000000000000000e+00
1.264000000000000000e+03 1.899189999999999932e-10
1.267000000000000000e+03 5.774829999999999796e-10
1.270000000000000000e+03 9.650469999999999660e-10
1.273000000000000000e+03 8.367309999999999719e-10
1.276000000000000000e+03 4.491969999999999844e-10
1.279000000000000000e+03 8.420320000000000294e-11
1.282000000000000000e+03 1.252470000000000064e-13
1.285000000000000000e+03 1.537379999999999907e-13
1.288000000000000000e+03 1.819630000000000043e-13
1.291000000000000000e+03 1.215060000000000035e-11
1.294000000000000000e+03 3.205129999999999870e-10
1.297000000000000000e+03 1.011950000000000006e-09
1.300000000000000000e+03 1.722480000000000032e-09
1.303000000000000000e+03 2.034140000000000174e-09
1.306000000000000000e+03 1.723289999999999950e-09
1.309000000000000000e+03 1.321679999999999928e-09
1.312000000000000000e+03 7.379109999999999967e-10
1.315000000000000000e+03 3.541779999999999943e-10
1.318000000000000000e+03 3.749680000000000073e-11
1.321000000000000000e+03 9.695889999999999391e-13
1.324000000000000000e+03 1.069579999999999972e-12
1.327000000000000000e+03 1.168659999999999990e-12
1.330000000000000000e+03 1.265219999999999934e-12
1.333000000000000000e+03 1.364720000000000066e-12
1.336000000000000000e+03 1.464580000000000006e-12
1.339000000000000000e+03 2.505389999999999844e-08
1.342000000000000000e+03 1.699290000000000124e-07
1.345000000000000000e+03 3.287469999999999989e-07
1.348000000000000000e+03 5.034160000000000392e-07
1.351000000000000000e+03 7.182269999999999634e-07
1.354000000000000000e+03 9.347270000000000293e-07
1.357000000000000000e+03 1.132080000000000010e-06
1.360000000000000000e+03 1.303109999999999921e-06
1.363000000000000000e+03 1.474140000000000043e-06
1.366000000000000000e+03 1.664690000000000065e-06
1.369000000000000000e+03 1.872960000000000064e-06
1.372000000000000000e+03 2.200179999999999999e-06
1.375000000000000000e+03 2.695940000000000145e-06
1.378000000000000000e+03 3.225619999999999789e-06
1.381000000000000000e+03 3.904959999999999624e-06
1.384000000000000000e+03 4.707730000000000241e-06
1.387000000000000000e+03 5.517270000000000117e-06
1.390000000000000000e+03 6.365829999999999663e-06
1.393000000000000000e+03 7.355890000000000311e-06
1.396000000000000000e+03 8.361250000000000626e-06
1.399000000000000000e+03 9.374940000000000064e-06
1.402000000000000000e+03 1.042100000000000068e-05
1.405000000000000000e+03 1.147569999999999924e-05
1.408000000000000000e+03 1.242490000000000025e-05
1.411000000000000000e+03 1.322739999999999977e-05
1.414000000000000000e+03 1.404040000000000028e-05
1.417000000000000000e+03 1.490820000000000068e-05
1.420000000000000000e+03 1.579899999999999900e-05
1.423000000000000000e+03 1.678309999999999861e-05
1.426000000000000000e+03 1.802190000000000104e-05
1.429000000000000000e+03 1.935739999999999867e-05
1.432000000000000000e+03 2.075759999999999926e-05
1.435000000000000000e+03 2.232690000000000133e-05
1.438000000000000000e+03 2.391210000000000099e-05
1.441000000000000000e+03 2.531719999999999877e-05
1.444000000000000000e+03 2.646049999999999848e-05
1.447000000000000000e+03 2.752600000000000039e-05
1.450000000000000000e+03 2.848529999999999983e-05
1.453000000000000000e+03 2.927690000000000086e-05
1.456000000000000000e+03 3.007179999999999895e-05
1.459000000000000000e+03 3.087169999999999785e-05
1.462000000000000000e+03 3.167650000000000072e-05
1.465000000000000000e+03 3.248060000000000205e-05
1.468000000000000000e+03 3.331669999999999901e-05
1.471000000000000000e+03 3.416309999999999822e-05
1.474000000000000000e+03 3.502299999999999993e-05
1.477000000000000000e+03 3.598939999999999800e-05
1.480000000000000000e+03 3.700949999999999862e-05
1.483000000000000000e+03 3.802849999999999682e-05
1.486000000000000000e+03 3.905769999999999706e-05
1.489000000000000000e+03 4.009059999999999864e-05
1.492000000000000000e+03 4.116440000000000181e-05
1.495000000000000000e+03 4.234089999999999978e-05
1.498000000000000000e+03 4.352079999999999843e-05
1.501000000000000000e+03 4.494869999999999877e-05
1.504000000000000000e+03 4.676909999999999916e-05
1.507000000000000000e+03 4.861959999999999779e-05
1.510000000000000000e+03 4.962479999999999962e-05
1.513000000000000000e+03 5.011650000000000035e-05
1.516000000000000000e+03 5.064369999999999761e-05
1.519000000000000000e+03 5.110220000000000008e-05
1.522000000000000000e+03 5.157389999999999761e-05
1.525000000000000000e+03 5.202710000000000201e-05
1.528000000000000000e+03 5.239100000000000034e-05
1.531000000000000000e+03 5.285190000000000130e-05
1.534000000000000000e+03 5.324299999999999828e-05
1.537000000000000000e+03 5.354869999999999774e-05
1.540000000000000000e+03 5.440199999999999854e-05
1.543000000000000000e+03 5.565929999999999749e-05
1.546000000000000000e+03 5.685780000000000304e-05
1.549000000000000000e+03 5.706410000000000139e-05
1.552000000000000000e+03 5.709580000000000314e-05
1.555000000000000000e+03 5.632800000000000009e-05
1.558000000000000000e+03 5.472520000000000249e-05
1.561000000000000000e+03 5.308670000000000115e-05
1.564000000000000000e+03 5.116579999999999723e-05
1.567000000000000000e+03 4.901460000000000333e-05
1.570000000000000000e+03 4.660020000000000151e-05
1.573000000000000000e+03 4.328589999999999836e-05
1.576000000000000000e+03 3.940709999999999748e-05
1.579000000000000000e+03 3.613209999999999919e-05
1.582000000000000000e+03 3.387480000000000303e-05
1.585000000000000000e+03 3.225649999999999855e-05
1.588000000000000000e+03 3.076979999999999803e-05
1.591000000000000000e+03 3.032369999999999903e-05
1.594000000000000000e+03 3.016810000000000005e-05
1.597000000000000000e+03 3.001050000000000007e-05
1.600000000000000000e+03 2.989210000000000134e-05
1.603000000000000000e+03 2.982779999999999926e-05
1.606000000000000000e+03 2.977460000000000119e-05
1.609000000000000000e+03 2.970940000000000053e-05
1.612000000000000000e+03 2.969659999999999957e-05
1.615000000000000000e+03 2.974060000000000118e-05
1.618000000000000000e+03 2.979790000000000146e-05
1.621000000000000000e+03 2.988829999999999978e-05
1.624000000000000000e+03 3.005319999999999883e-05
1.627000000000000000e+03 3.033579999999999846e-05
1.630000000000000000e+03 3.076240000000000213e-05
1.633000000000000000e+03 3.118989999999999762e-05
1.636000000000000000e+03 3.165349999999999772e-05
1.639000000000000000e+03 3.220510000000000104e-05
1.642000000000000000e+03 3.281609999999999909e-05
1.645000000000000000e+03 3.354030000000000141e-05
1.648000000000000000e+03 3.441820000000000193e-05
1.651000000000000000e+03 3.541429999999999735e-05
1.654000000000000000e+03 3.675549999999999732e-05
1.657000000000000000e+03 3.829849999999999932e-05
1.660000000000000000e+03 3.992840000000000213e-05
1.663000000000000000e+03 4.201180000000000322e-05
1.666000000000000000e+03 4.434839999999999708e-05
1.669000000000000000e+03 4.695320000000000304e-05
1.672000000000000000e+03 5.038069999999999690e-05
1.675000000000000000e+03 5.403630000000000304e-05
1.678000000000000000e+03 5.818660000000000292e-05
1.681000000000000000e+03 6.363499999999999636e-05
1.684000000000000000e+03 6.935429999999999427e-05
1.687000000000000000e+03 7.621890000000000305e-05
1.690000000000000000e+03 8.529620000000000507e-05
1.693000000000000000e+03 9.480339999999999427e-05
1.696000000000000000e+03 1.085400000000000010e-04
1.699000000000000000e+03 1.447160000000000015e-04
1.702000000000000000e+03 2.335759999999999876e-04
1.705000000000000000e+03 3.268049999999999991e-04
1.708000000000000000e+03 3.997280000000000191e-04
1.711000000000000000e+03 4.830829999999999825e-04
1.714000000000000000e+03 5.986290000000000448e-04
1.717000000000000000e+03 7.288089999999999673e-04
1.720000000000000000e+03 8.738290000000000120e-04
1.723000000000000000e+03 1.075599999999999907e-03
1.726000000000000000e+03 1.296040000000000039e-03
1.729000000000000000e+03 1.550979999999999980e-03
1.732000000000000000e+03 1.888759999999999961e-03
1.735000000000000000e+03 2.251099999999999803e-03
1.738000000000000000e+03 2.678110000000000039e-03
1.741000000000000000e+03 3.209080000000000005e-03
1.744000000000000000e+03 3.771290000000000059e-03
1.747000000000000000e+03 4.417929999999999600e-03
1.750000000000000000e+03 5.151840000000000412e-03
1.753000000000000000e+03 5.924470000000000257e-03
1.756000000000000000e+03 6.762879999999999760e-03
1.759000000000000000e+03 7.658899999999999736e-03
1.762000000000000000e+03 8.640230000000000479e-03
1.765000000000000000e+03 9.671370000000000314e-03
1.768000000000000000e+03 1.074229999999999977e-02
1.771000000000000000e+03 1.193980000000000041e-02
1.774000000000000000e+03 1.323799999999999977e-02
1.777000000000000000e+03 1.457819999999999949e-02
1.780000000000000000e+03 1.603119999999999892e-02
1.783000000000000000e+03 1.762889999999999943e-02
1.786000000000000000e+03 1.931789999999999896e-02
1.789000000000000000e+03 2.112870000000000026e-02
1.792000000000000000e+03 2.318189999999999834e-02
1.795000000000000000e+03 2.537299999999999972e-02
1.798000000000000000e+03 2.761929999999999941e-02
1.801000000000000000e+03 3.006769999999999929e-02
1.804000000000000000e+03 3.264319999999999722e-02
1.807000000000000000e+03 3.523029999999999912e-02
1.810000000000000000e+03 3.785550000000000026e-02
1.813000000000000000e+03 4.055550000000000127e-02
1.816000000000000000e+03 4.318070000000000241e-02
1.819000000000000000e+03 4.568930000000000213e-02
1.822000000000000000e+03 4.820660000000000223e-02
1.825000000000000000e+03 5.063600000000000045e-02
1.828000000000000000e+03 5.290999999999999870e-02
1.831000000000000000e+03 5.513629999999999920e-02
1.834000000000000000e+03 5.728869999999999796e-02
1.837000000000000000e+03 5.933669999999999917e-02
1.840000000000000000e+03 6.133999999999999869e-02
1.843000000000000000e+03 6.325880000000000392e-02
1.846000000000000000e+03 6.518480000000000107e-02
1.849000000000000000e+03 6.722050000000000247e-02
1.852000000000000000e+03 6.925779999999999437e-02
1.855000000000000000e+03 7.126100000000000489e-02
1.858000000000000000e+03 7.331369999999999554e-02
1.861000000000000000e+03 7.546060000000000267e-02
1.864000000000000000e+03 7.761840000000000406e-02
1.867000000000000000e+03 7.981019999999999781e-02
1.870000000000000000e+03 8.202420000000000544e-02
1.873000000000000000e+03 8.428579999999999406e-02
1.876000000000000000e+03 8.656880000000000130e-02
1.879000000000000000e+03 8.884930000000000605e-02
1.882000000000000000e+03 9.113770000000000204e-02
1.885000000000000000e+03 9.341449999999999754e-02
1.888000000000000000e+03 9.571490000000000553e-02
1.891000000000000000e+03 9.802339999999999665e-02
1.894000000000000000e+03 1.003330000000000055e-01
1.897000000000000000e+03 1.026389999999999941e-01
1.900000000000000000e+03 1.049530000000000046e-01
1.903000000000000000e+03 1.072540000000000021e-01
1.906000000000000000e+03 1.095929999999999960e-01
1.909000000000000000e+03 1.119310000000000027e-01
1.912000000000000000e+03 1.142480000000000023e-01
1.915000000000000000e+03 1.165619999999999989e-01
1.918000000000000000e+03 1.188789999999999986e-01
1.921000000000000000e+03 1.211539999999999978e-01
1.924000000000000000e+03 1.233950000000000047e-01
1.927000000000000000e+03 1.256240000000000134e-01
1.930000000000000000e+03 1.278070000000000039e-01
1.933000000000000000e+03 1.299109999999999987e-01
1.936000000000000000e+03 1.319559999999999900e-01
1.939000000000000000e+03 1.339639999999999997e-01
1.942000000000000000e+03 1.358590000000000075e-01
1.945000000000000000e+03 1.376320000000000043e-01
1.948000000000000000e+03 1.393340000000000134e-01
1.951000000000000000e+03 1.409739999999999882e-01
1.954000000000000000e+03 1.424880000000000035e-01
1.957000000000000000e+03 1.439560000000000006e-01
1.960000000000000000e+03 1.453589999999999882e-01
1.963000000000000000e+03 1.466480000000000006e-01
1.966000000000000000e+03 1.477439999999999864e-01
1.969000000000000000e+03 1.487100000000000088e-01
1.972000000000000000e+03 1.496000000000000107e-01
1.975000000000000000e+03 1.503899999999999959e-01
1.978000000000000000e+03 1.510769999999999891e-01
1.981000000000000000e+03 1.517090000000000105e-01
1.984000000000000000e+03 1.523589999999999944e-01
1.987000000000000000e+03 1.529969999999999941e-01
1.990000000000000000e+03 1.536069999999999935e-01
1.993000000000000000e+03 1.542749999999999955e-01
1.996000000000000000e+03 1.549409999999999954e-01
1.999000000000000000e+03 1.556190000000000073e-01
2.002000000000000000e+03 1.564369999999999927e-01
2.005000000000000000e+03 1.576019999999999921e-01
2.008000000000000000e+03 1.592619999999999869e-01
2.011000000000000000e+03 1.618179999999999896e-01
2.014000000000000000e+03 1.653139999999999887e-01
2.017000000000000000e+03 1.707930000000000004e-01
2.020000000000000000e+03 1.781089999999999895e-01
2.023000000000000000e+03 1.881049999999999944e-01
2.026000000000000000e+03 2.009740000000000137e-01
2.029000000000000000e+03 2.171119999999999994e-01
2.032000000000000000e+03 2.371999999999999942e-01
2.035000000000000000e+03 2.605640000000000178e-01
2.038000000000000000e+03 2.886290000000000244e-01
2.041000000000000000e+03 3.194870000000000210e-01
2.044000000000000000e+03 3.550139999999999962e-01
2.047000000000000000e+03 3.918130000000000224e-01
2.050000000000000000e+03 4.302259999999999973e-01
2.053000000000000000e+03 4.692589999999999817e-01
2.056000000000000000e+03 5.093760000000000510e-01
2.059000000000000000e+03 5.511899999999999578e-01
2.062000000000000000e+03 5.939069999999999627e-01
2.065000000000000000e+03 6.389010000000000522e-01
2.068000000000000000e+03 6.833430000000000337e-01
2.071000000000000000e+03 7.262070000000000469e-01
2.074000000000000000e+03 7.666500000000000536e-01
2.077000000000000000e+03 8.023150000000000004e-01
2.080000000000000000e+03 8.348799999999999555e-01
2.083000000000000000e+03 8.605850000000000444e-01
2.086000000000000000e+03 8.839179999999999815e-01
2.089000000000000000e+03 9.037119999999999598e-01
2.092000000000000000e+03 9.214569999999999705e-01
2.095000000000000000e+03 9.385229999999999961e-01
2.098000000000000000e+03 9.540710000000000024e-01
2.101000000000000000e+03 9.680680000000000396e-01
2.104000000000000000e+03 9.799069999999999725e-01
2.107000000000000000e+03 9.891729999999999690e-01
2.110000000000000000e+03 9.951510000000000078e-01
2.113000000000000000e+03 9.989510000000000334e-01
2.116000000000000000e+03 1.000000000000000000e+00
2.119000000000000000e+03 9.990820000000000256e-01
2.122000000000000000e+03 9.955680000000000085e-01
2.125000000000000000e+03 9.888569999999999860e-01
2.128000000000000000e+03 9.791450000000000431e-01
2.131000000000000000e+03 9.653319999999999679e-01
2.134000000000000000e+03 9.486959999999999837e-01
2.137000000000000000e+03 9.278939999999999966e-01
2.140000000000000000e+03 9.039390000000000480e-01
2.143000000000000000e+03 8.760459999999999914e-01
2.146000000000000000e+03 8.454089999999999661e-01
2.149000000000000000e+03 8.123820000000000485e-01
2.152000000000000000e+03 7.756269999999999554e-01
2.155000000000000000e+03 7.361299999999999510e-01
2.158000000000000000e+03 6.922509999999999497e-01
2.161000000000000000e+03 6.490310000000000246e-01
2.164000000000000000e+03 6.033340000000000369e-01
2.167000000000000000e+03 5.602099999999999858e-01
2.170000000000000000e+03 5.161759999999999682e-01
2.173000000000000000e+03 4.738439999999999874e-01
2.176000000000000000e+03 4.336380000000000234e-01
2.179000000000000000e+03 3.957689999999999819e-01
2.182000000000000000e+03 3.609339999999999771e-01
2.185000000000000000e+03 3.297579999999999956e-01
2.188000000000000000e+03 3.033420000000000005e-01
2.191000000000000000e+03 2.799530000000000074e-01
2.194000000000000000e+03 2.611709999999999865e-01
2.197000000000000000e+03 2.452120000000000133e-01
2.200000000000000000e+03 2.319160000000000110e-01
2.203000000000000000e+03 2.209820000000000118e-01
2.206000000000000000e+03 2.116399999999999948e-01
2.209000000000000000e+03 2.042259999999999909e-01
2.212000000000000000e+03 1.977980000000000016e-01
2.215000000000000000e+03 1.929839999999999889e-01
2.218000000000000000e+03 1.884540000000000104e-01
2.221000000000000000e+03 1.845459999999999878e-01
2.224000000000000000e+03 1.809949999999999892e-01
2.227000000000000000e+03 1.776230000000000031e-01
2.230000000000000000e+03 1.739809999999999968e-01
2.233000000000000000e+03 1.702249999999999874e-01
2.236000000000000000e+03 1.664940000000000031e-01
2.239000000000000000e+03 1.627389999999999948e-01
2.242000000000000000e+03 1.588420000000000110e-01
2.245000000000000000e+03 1.550110000000000099e-01
2.248000000000000000e+03 1.510950000000000071e-01
2.251000000000000000e+03 1.469100000000000128e-01
2.254000000000000000e+03 1.426959999999999895e-01
2.257000000000000000e+03 1.385699999999999987e-01
2.260000000000000000e+03 1.343050000000000077e-01
2.263000000000000000e+03 1.299109999999999987e-01
2.266000000000000000e+03 1.255880000000000052e-01
2.269000000000000000e+03 1.212270000000000014e-01
2.272000000000000000e+03 1.167900000000000049e-01
2.275000000000000000e+03 1.123500000000000054e-01
2.278000000000000000e+03 1.079360000000000042e-01
2.281000000000000000e+03 1.034749999999999975e-01
2.284000000000000000e+03 9.901509999999999478e-02
2.287000000000000000e+03 9.459560000000000191e-02
2.290000000000000000e+03 9.023140000000000327e-02
2.293000000000000000e+03 8.581629999999999814e-02
2.296000000000000000e+03 8.160649999999999848e-02
2.299000000000000000e+03 7.740829999999999933e-02
2.302000000000000000e+03 7.335300000000000153e-02
2.305000000000000000e+03 6.939249999999999585e-02
2.308000000000000000e+03 6.569110000000000227e-02
2.311000000000000000e+03 6.213169999999999804e-02
2.314000000000000000e+03 5.875609999999999861e-02
2.317000000000000000e+03 5.564940000000000164e-02
2.320000000000000000e+03 5.283449999999999952e-02
2.323000000000000000e+03 5.020349999999999813e-02
2.326000000000000000e+03 4.782970000000000277e-02
2.329000000000000000e+03 4.578759999999999775e-02
2.332000000000000000e+03 4.393720000000000264e-02
2.335000000000000000e+03 4.226860000000000339e-02
2.338000000000000000e+03 4.081350000000000255e-02
2.341000000000000000e+03 3.958430000000000282e-02
2.344000000000000000e+03 3.841920000000000057e-02
2.347000000000000000e+03 3.734230000000000188e-02
2.350000000000000000e+03 3.638369999999999799e-02
2.353000000000000000e+03 3.549019999999999953e-02
2.356000000000000000e+03 3.458080000000000181e-02
2.359000000000000000e+03 3.366620000000000029e-02
2.362000000000000000e+03 3.280469999999999914e-02
2.365000000000000000e+03 3.193300000000000305e-02
2.368000000000000000e+03 3.098640000000000075e-02
2.371000000000000000e+03 3.008430000000000132e-02
2.374000000000000000e+03 2.918549999999999964e-02
2.377000000000000000e+03 2.825549999999999937e-02
2.380000000000000000e+03 2.734429999999999847e-02
2.383000000000000000e+03 2.646400000000000141e-02
2.386000000000000000e+03 2.560429999999999998e-02
2.389000000000000000e+03 2.477319999999999869e-02
2.392000000000000000e+03 2.398540000000000047e-02
2.395000000000000000e+03 2.324120000000000005e-02
2.398000000000000000e+03 2.251979999999999954e-02
2.401000000000000000e+03 2.185099999999999890e-02
2.404000000000000000e+03 2.120280000000000081e-02
2.407000000000000000e+03 2.056770000000000126e-02
2.410000000000000000e+03 1.996529999999999833e-02
2.413000000000000000e+03 1.934169999999999986e-02
2.416000000000000000e+03 1.871710000000000040e-02
2.419000000000000000e+03 1.809250000000000094e-02
2.422000000000000000e+03 1.742010000000000086e-02
2.425000000000000000e+03 1.673780000000000059e-02
2.428000000000000000e+03 1.602709999999999899e-02
2.431000000000000000e+03 1.526319999999999934e-02
2.434000000000000000e+03 1.448059999999999972e-02
2.437000000000000000e+03 1.365369999999999952e-02
2.440000000000000000e+03 1.280150000000000038e-02
2.443000000000000000e+03 1.195769999999999993e-02
2.446000000000000000e+03 1.109599999999999996e-02
2.449000000000000000e+03 1.023209999999999918e-02
2.452000000000000000e+03 9.386830000000000521e-03
2.455000000000000000e+03 8.549620000000000830e-03
2.458000000000000000e+03 7.732890000000000076e-03
2.461000000000000000e+03 6.952210000000000334e-03
2.464000000000000000e+03 6.216209999999999791e-03
2.467000000000000000e+03 5.512389999999999825e-03
2.470000000000000000e+03 4.854869999999999845e-03
2.473000000000000000e+03 4.266810000000000221e-03
2.476000000000000000e+03 3.714110000000000068e-03
2.479000000000000000e+03 3.212459999999999882e-03
2.482000000000000000e+03 2.785049999999999852e-03
2.485000000000000000e+03 2.388899999999999791e-03
2.488000000000000000e+03 2.039640000000000116e-03
2.491000000000000000e+03 1.750929999999999934e-03
2.494000000000000000e+03 1.478259999999999904e-03
2.497000000000000000e+03 1.244000000000000097e-03
2.500000000000000000e+03 1.064239999999999934e-03
2.503000000000000000e+03 8.996969999999999750e-04
2.506000000000000000e+03 7.602969999999999477e-04
2.509000000000000000e+03 6.511719999999999921e-04
2.512000000000000000e+03 5.521490000000000425e-04
2.515000000000000000e+03 4.702479999999999876e-04
2.518000000000000000e+03 4.057260000000000250e-04
2.521000000000000000e+03 3.473400000000000185e-04
2.524000000000000000e+03 3.010980000000000232e-04
2.527000000000000000e+03 2.643529999999999947e-04
2.530000000000000000e+03 2.313139999999999879e-04
2.533000000000000000e+03 2.060280000000000000e-04
2.536000000000000000e+03 1.851570000000000028e-04
2.539000000000000000e+03 1.664699999999999969e-04
2.542000000000000000e+03 1.524239999999999894e-04
2.545000000000000000e+03 1.405789999999999969e-04
2.548000000000000000e+03 1.302739999999999931e-04
2.551000000000000000e+03 1.229550000000000044e-04
2.554000000000000000e+03 1.168180000000000054e-04
2.557000000000000000e+03 1.116459999999999946e-04
2.560000000000000000e+03 1.083260000000000061e-04
2.563000000000000000e+03 1.059099999999999939e-04
2.566000000000000000e+03 1.039860000000000036e-04
2.569000000000000000e+03 1.031640000000000036e-04
2.572000000000000000e+03 1.026589999999999941e-04
2.575000000000000000e+03 1.023879999999999962e-04
2.578000000000000000e+03 1.024670000000000068e-04
2.581000000000000000e+03 1.026599999999999963e-04
2.584000000000000000e+03 1.031239999999999972e-04
2.587000000000000000e+03 1.041090000000000022e-04
2.590000000000000000e+03 1.052890000000000011e-04
2.593000000000000000e+03 1.064090000000000039e-04
2.596000000000000000e+03 1.076489999999999988e-04
2.599000000000000000e+03 1.090639999999999980e-04
2.602000000000000000e+03 1.105500000000000037e-04
2.605000000000000000e+03 1.121820000000000044e-04
2.608000000000000000e+03 1.142950000000000026e-04
2.611000000000000000e+03 1.167810000000000056e-04
2.614000000000000000e+03 1.193870000000000006e-04
2.617000000000000000e+03 1.227710000000000075e-04
2.620000000000000000e+03 1.271970000000000088e-04
2.623000000000000000e+03 1.324470000000000009e-04
2.626000000000000000e+03 1.381929999999999964e-04
2.629000000000000000e+03 1.455790000000000100e-04
2.632000000000000000e+03 1.545940000000000042e-04
2.635000000000000000e+03 1.646080000000000069e-04
2.638000000000000000e+03 1.763599999999999988e-04
2.641000000000000000e+03 1.908319999999999917e-04
2.644000000000000000e+03 2.079609999999999966e-04
2.647000000000000000e+03 2.265760000000000072e-04
2.650000000000000000e+03 2.478520000000000115e-04
2.653000000000000000e+03 2.723199999999999948e-04
2.656000000000000000e+03 2.991669999999999768e-04
2.659000000000000000e+03 3.281110000000000168e-04
2.662000000000000000e+03 3.613210000000000055e-04
2.665000000000000000e+03 3.989239999999999908e-04
2.668000000000000000e+03 4.398369999999999971e-04
2.671000000000000000e+03 4.830960000000000245e-04
2.674000000000000000e+03 5.297140000000000312e-04
2.677000000000000000e+03 5.800469999999999845e-04
2.680000000000000000e+03 6.326349999999999899e-04
2.683000000000000000e+03 6.866650000000000401e-04
2.686000000000000000e+03 7.437350000000000341e-04
2.689000000000000000e+03 8.060019999999999988e-04
2.692000000000000000e+03 8.682460000000000351e-04
2.695000000000000000e+03 9.312940000000000454e-04
2.698000000000000000e+03 9.962420000000000476e-04
2.701000000000000000e+03 1.063820000000000043e-03
2.704000000000000000e+03 1.127790000000000042e-03
2.707000000000000000e+03 1.190749999999999968e-03
2.710000000000000000e+03 1.256060000000000032e-03
2.713000000000000000e+03 1.318689999999999966e-03
2.716000000000000000e+03 1.377530000000000074e-03
2.719000000000000000e+03 1.433339999999999961e-03
2.722000000000000000e+03 1.488240000000000049e-03
2.725000000000000000e+03 1.537769999999999936e-03
2.728000000000000000e+03 1.583339999999999921e-03
2.731000000000000000e+03 1.625170000000000000e-03
2.734000000000000000e+03 1.661399999999999943e-03
2.737000000000000000e+03 1.694570000000000061e-03
2.740000000000000000e+03 1.723649999999999965e-03
2.743000000000000000e+03 1.744780000000000029e-03
2.746000000000000000e+03 1.761479999999999947e-03
2.749000000000000000e+03 1.775700000000000065e-03
2.752000000000000000e+03 1.784460000000000083e-03
2.755000000000000000e+03 1.783969999999999957e-03
2.758000000000000000e+03 1.782960000000000100e-03
2.761000000000000000e+03 1.777479999999999902e-03
2.764000000000000000e+03 1.764209999999999997e-03
2.767000000000000000e+03 1.746589999999999905e-03
2.770000000000000000e+03 1.727770000000000000e-03
2.773000000000000000e+03 1.704439999999999992e-03
2.776000000000000000e+03 1.675209999999999894e-03
2.779000000000000000e+03 1.646359999999999924e-03
2.782000000000000000e+03 1.612780000000000073e-03
2.785000000000000000e+03 1.576099999999999984e-03
2.788000000000000000e+03 1.538180000000000103e-03
2.791000000000000000e+03 1.500559999999999958e-03
2.794000000000000000e+03 1.457680000000000043e-03
2.797000000000000000e+03 1.414319999999999944e-03
2.800000000000000000e+03 1.372909999999999972e-03
2.803000000000000000e+03 1.330030000000000058e-03
2.806000000000000000e+03 1.284619999999999989e-03
2.809000000000000000e+03 1.240730000000000001e-03
2.812000000000000000e+03 1.198569999999999931e-03
2.815000000000000000e+03 1.155339999999999926e-03
2.818000000000000000e+03 1.111060000000000086e-03
2.821000000000000000e+03 1.068500000000000005e-03
2.824000000000000000e+03 1.027080000000000094e-03
2.827000000000000000e+03 9.867350000000000860e-04
2.830000000000000000e+03 9.451979999999999583e-04
2.833000000000000000e+03 9.041210000000000262e-04
2.836000000000000000e+03 8.650549999999999906e-04
2.839000000000000000e+03 8.281369999999999487e-04
2.842000000000000000e+03 7.900239999999999563e-04
2.845000000000000000e+03 7.523659999999999723e-04
2.848000000000000000e+03 7.185849999999999920e-04
2.851000000000000000e+03 6.865190000000000181e-04
2.854000000000000000e+03 6.534239999999999970e-04
2.857000000000000000e+03 6.212960000000000227e-04
2.860000000000000000e+03 5.930069999999999959e-04
2.863000000000000000e+03 5.655550000000000290e-04
2.866000000000000000e+03 5.376380000000000048e-04
2.869000000000000000e+03 5.116059999999999532e-04
2.872000000000000000e+03 4.888540000000000463e-04
2.875000000000000000e+03 4.676850000000000191e-04
2.878000000000000000e+03 4.463709999999999857e-04
2.881000000000000000e+03 4.273850000000000153e-04
2.884000000000000000e+03 4.102250000000000102e-04
2.887000000000000000e+03 3.943950000000000212e-04
2.890000000000000000e+03 3.787439999999999774e-04
2.893000000000000000e+03 3.650349999999999906e-04
2.896000000000000000e+03 3.529459999999999781e-04
2.899000000000000000e+03 3.419760000000000204e-04
2.902000000000000000e+03 3.315659999999999896e-04
2.905000000000000000e+03 3.220899999999999740e-04
2.908000000000000000e+03 3.147390000000000235e-04
2.911000000000000000e+03 3.083769999999999784e-04
2.914000000000000000e+03 3.024319999999999938e-04
2.917000000000000000e+03 2.966140000000000031e-04
2.920000000000000000e+03 2.927890000000000050e-04
2.923000000000000000e+03 2.893300000000000234e-04
2.926000000000000000e+03 2.860250000000000271e-04
2.929000000000000000e+03 2.834380000000000059e-04
2.932000000000000000e+03 2.827479999999999837e-04
2.935000000000000000e+03 2.819669999999999924e-04
2.938000000000000000e+03 2.816009999999999759e-04
2.941000000000000000e+03 2.828759999999999933e-04
2.944000000000000000e+03 2.856979999999999741e-04
2.947000000000000000e+03 2.882159999999999930e-04
2.950000000000000000e+03 2.911279999999999814e-04
2.953000000000000000e+03 2.951370000000000035e-04
2.956000000000000000e+03 2.997200000000000103e-04
2.959000000000000000e+03 3.047759999999999836e-04
2.962000000000000000e+03 3.109809999999999961e-04
2.965000000000000000e+03 3.181959999999999737e-04
2.968000000000000000e+03 3.249950000000000148e-04
2.971000000000000000e+03 3.175580000000000113e-04
2.974000000000000000e+03 2.956060000000000154e-04
2.977000000000000000e+03 2.610989999999999882e-04
2.980000000000000000e+03 2.313159999999999923e-04
2.983000000000000000e+03 2.167270000000000004e-04
2.986000000000000000e+03 2.163959999999999929e-04
2.989000000000000000e+03 2.207099999999999926e-04
2.992000000000000000e+03 2.266280000000000128e-04
2.995000000000000000e+03 2.335589999999999910e-04
2.998000000000000000e+03 2.402369999999999972e-04
3.001000000000000000e+03 2.436899999999999928e-04
3.004000000000000000e+03 2.321509999999999936e-04
3.007000000000000000e+03 2.191960000000000067e-04
3.010000000000000000e+03 2.060080000000000103e-04
3.013000000000000000e+03 2.026569999999999945e-04
3.016000000000000000e+03 2.092370000000000026e-04
3.019000000000000000e+03 2.156550000000000079e-04
3.022000000000000000e+03 2.105359999999999914e-04
3.025000000000000000e+03 1.911129999999999979e-04
3.028000000000000000e+03 1.573559999999999889e-04
3.031000000000000000e+03 1.246610000000000047e-04
3.034000000000000000e+03 1.055880000000000062e-04
3.037000000000000000e+03 1.007199999999999979e-04
3.040000000000000000e+03 1.028290000000000009e-04
3.043000000000000000e+03 1.050660000000000000e-04
3.046000000000000000e+03 1.078019999999999955e-04
3.049000000000000000e+03 1.107989999999999941e-04
3.052000000000000000e+03 1.141090000000000013e-04
3.055000000000000000e+03 1.158729999999999933e-04
3.058000000000000000e+03 1.020030000000000058e-04
3.061000000000000000e+03 8.529580000000000419e-05
3.064000000000000000e+03 6.929389999999999736e-05
3.067000000000000000e+03 5.898779999999999790e-05
3.070000000000000000e+03 6.053480000000000189e-05
3.073000000000000000e+03 6.245559999999999881e-05
3.076000000000000000e+03 6.492150000000000514e-05
3.079000000000000000e+03 6.758109999999999573e-05
3.082000000000000000e+03 7.022069999999999668e-05
3.085000000000000000e+03 7.295369999999999915e-05
3.088000000000000000e+03 7.603970000000000314e-05
3.091000000000000000e+03 7.915780000000000299e-05
3.094000000000000000e+03 8.226459999999999838e-05
3.097000000000000000e+03 7.650859999999999454e-05
3.100000000000000000e+03 5.972099999999999962e-05
3.103000000000000000e+03 4.296650000000000274e-05
3.106000000000000000e+03 2.653700000000000020e-05
3.109000000000000000e+03 2.163839999999999937e-05
3.112000000000000000e+03 2.170319999999999915e-05
3.115000000000000000e+03 2.177909999999999956e-05
3.118000000000000000e+03 2.187959999999999970e-05
3.121000000000000000e+03 2.201740000000000031e-05
3.124000000000000000e+03 2.217860000000000141e-05
3.127000000000000000e+03 2.235290000000000074e-05
3.130000000000000000e+03 2.258429999999999992e-05
3.133000000000000000e+03 2.282519999999999959e-05
3.136000000000000000e+03 2.308609999999999908e-05
3.139000000000000000e+03 2.332079999999999871e-05
3.142000000000000000e+03 2.352169999999999877e-05
3.145000000000000000e+03 2.371120000000000093e-05
3.148000000000000000e+03 2.387269999999999930e-05
3.151000000000000000e+03 2.406680000000000139e-05
3.154000000000000000e+03 2.431690000000000091e-05
3.157000000000000000e+03 2.460240000000000013e-05
3.160000000000000000e+03 2.486110000000000156e-05
3.163000000000000000e+03 2.504940000000000110e-05
3.166000000000000000e+03 2.521950000000000138e-05
3.169000000000000000e+03 2.541169999999999931e-05
3.172000000000000000e+03 2.568199999999999907e-05
3.175000000000000000e+03 2.599650000000000089e-05
3.178000000000000000e+03 2.632519999999999996e-05
3.181000000000000000e+03 2.668829999999999992e-05
3.184000000000000000e+03 2.702469999999999894e-05
3.187000000000000000e+03 2.734429999999999839e-05
3.190000000000000000e+03 2.762190000000000061e-05
3.193000000000000000e+03 2.788549999999999924e-05
3.196000000000000000e+03 2.816219999999999948e-05
3.199000000000000000e+03 2.845419999999999940e-05
3.202000000000000000e+03 2.878449999999999859e-05
3.205000000000000000e+03 2.905519999999999923e-05
3.208000000000000000e+03 2.932020000000000093e-05
3.211000000000000000e+03 2.949640000000000104e-05
3.214000000000000000e+03 2.885160000000000003e-05
3.217000000000000000e+03 2.795799999999999897e-05
3.220000000000000000e+03 2.723750000000000137e-05
3.223000000000000000e+03 2.759199999999999942e-05
3.226000000000000000e+03 2.809129999999999987e-05
3.229000000000000000e+03 2.853479999999999995e-05
3.232000000000000000e+03 2.874179999999999983e-05
3.235000000000000000e+03 2.895019999999999939e-05
3.238000000000000000e+03 2.942439999999999902e-05
3.241000000000000000e+03 3.030270000000000042e-05
3.244000000000000000e+03 3.119299999999999764e-05
3.247000000000000000e+03 3.204259999999999709e-05
3.250000000000000000e+03 3.290489999999999729e-05
3.253000000000000000e+03 3.379239999999999853e-05
3.256000000000000000e+03 3.428260000000000275e-05
3.259000000000000000e+03 3.460759999999999710e-05
3.262000000000000000e+03 3.493279999999999866e-05
3.265000000000000000e+03 3.523030000000000047e-05
3.268000000000000000e+03 3.554920000000000177e-05
3.271000000000000000e+03 3.519209999999999803e-05
3.274000000000000000e+03 3.202590000000000113e-05
3.277000000000000000e+03 2.854969999999999874e-05
3.280000000000000000e+03 2.614190000000000123e-05
3.283000000000000000e+03 2.634560000000000065e-05
3.286000000000000000e+03 2.638339999999999883e-05
3.289000000000000000e+03 2.563709999999999888e-05
3.292000000000000000e+03 2.460649999999999895e-05
3.295000000000000000e+03 2.313549999999999897e-05
3.298000000000000000e+03 2.250349999999999893e-05
3.301000000000000000e+03 2.221830000000000037e-05
3.304000000000000000e+03 2.272449999999999901e-05
3.307000000000000000e+03 2.305430000000000050e-05
3.310000000000000000e+03 2.256659999999999837e-05
3.313000000000000000e+03 2.186660000000000169e-05
3.316000000000000000e+03 2.160010000000000009e-05
3.319000000000000000e+03 2.254959999999999837e-05
3.322000000000000000e+03 2.413259999999999998e-05
3.325000000000000000e+03 2.564029999999999912e-05
3.328000000000000000e+03 2.684940000000000080e-05
3.331000000000000000e+03 2.757850000000000031e-05
3.334000000000000000e+03 2.820059999999999898e-05
3.337000000000000000e+03 2.899479999999999893e-05
3.340000000000000000e+03 2.963360000000000034e-05
3.343000000000000000e+03 3.023879999999999922e-05
3.346000000000000000e+03 3.044419999999999898e-05
3.349000000000000000e+03 2.794950000000000066e-05
3.352000000000000000e+03 2.446879999999999856e-05
3.355000000000000000e+03 1.841189999999999900e-05
3.358000000000000000e+03 1.439060000000000076e-05
3.361000000000000000e+03 1.109750000000000005e-05
3.364000000000000000e+03 1.053680000000000049e-05
3.367000000000000000e+03 1.049130000000000067e-05
3.370000000000000000e+03 9.194390000000000581e-06
3.373000000000000000e+03 5.598459999999999589e-06
3.376000000000000000e+03 2.002520000000000014e-06
