2.352000000000000000e+03 0.000000000000000000e+00
2.357000000000000000e+03 3.166389999999999808e-07
2.362000000000000000e+03 2.844109999999999863e-06
2.367000000000000000e+03 5.626819999999999771e-06
2.372000000000000000e+03 6.105800000000000054e-06
2.377000000000000000e+03 5.853190000000000282e-06
2.382000000000000000e+03 5.576200000000000076e-06
2.387000000000000000e+03 5.285920000000000206e-06
2.392000000000000000e+03 5.139810000000000177e-06
2.397000000000000000e+03 5.131099999999999882e-06
2.402000000000000000e+03 5.122779999999999765e-06
2.407000000000000000e+03 5.115120000000000079e-06
2.412000000000000000e+03 5.136950000000000004e-06
2.417000000000000000e+03 5.244800000000000166e-06
2.422000000000000000e+03 5.380259999999999713e-06
2.427000000000000000e+03 5.628570000000000220e-06
2.432000000000000000e+03 5.880770000000000109e-06
2.437000000000000000e+03 6.032639999999999894e-06
2.442000000000000000e+03 9.572570000000000067e-06
2.447000000000000000e+03 1.639200000000000162e-05
2.452000000000000000e+03 1.900259999999999997e-05
2.457000000000000000e+03 1.895879999999999880e-05
2.462000000000000000e+03 1.886179999999999956e-05
2.467000000000000000e+03 1.864590000000000049e-05
2.472000000000000000e+03 1.830099999999999978e-05
2.477000000000000000e+03 1.804380000000000163e-05
2.482000000000000000e+03 1.813930000000000097e-05
2.487000000000000000e+03 1.831870000000000132e-05
2.492000000000000000e+03 1.863200000000000050e-05
2.497000000000000000e+03 1.903370000000000040e-05
2.502000000000000000e+03 1.963569999999999904e-05
2.507000000000000000e+03 2.002010000000000166e-05
2.512000000000000000e+03 2.001650000000000055e-05
2.517000000000000000e+03 2.016889999999999929e-05
2.522000000000000000e+03 2.049609999999999846e-05
2.527000000000000000e+03 2.064400000000000089e-05
2.532000000000000000e+03 2.067129999999999977e-05
2.537000000000000000e+03 2.064909999999999852e-05
2.542000000000000000e+03 2.060469999999999942e-05
2.547000000000000000e+03 2.056040000000000054e-05
2.552000000000000000e+03 2.051319999999999869e-05
2.557000000000000000e+03 2.044640000000000129e-05
2.562000000000000000e+03 2.039510000000000061e-05
2.567000000000000000e+03 2.042569999999999995e-05
2.572000000000000000e+03 2.059539999999999936e-05
2.577000000000000000e+03 2.113589999999999867e-05
2.582000000000000000e+03 2.176819999999999938e-05
2.587000000000000000e+03 2.253439999999999892e-05
2.592000000000000000e+03 2.312870000000000101e-05
2.597000000000000000e+03 2.351419999999999926e-05
2.602000000000000000e+03 2.382639999999999942e-05
2.607000000000000000e+03 2.408840000000000132e-05
2.612000000000000000e+03 2.446180000000000015e-05
2.617000000000000000e+03 2.486990000000000053e-05
2.622000000000000000e+03 2.499180000000000016e-05
2.627000000000000000e+03 2.501690000000000099e-05
2.632000000000000000e+03 2.498750000000000089e-05
2.637000000000000000e+03 2.499040000000000048e-05
2.642000000000000000e+03 2.519659999999999860e-05
2.647000000000000000e+03 2.557500000000000162e-05
2.652000000000000000e+03 2.655369999999999955e-05
2.657000000000000000e+03 2.762729999999999890e-05
2.662000000000000000e+03 2.872210000000000068e-05
2.667000000000000000e+03 2.987360000000000143e-05
2.672000000000000000e+03 3.103639999999999985e-05
2.677000000000000000e+03 3.188370000000000104e-05
2.682000000000000000e+03 3.259440000000000086e-05
2.687000000000000000e+03 3.305739999999999964e-05
2.692000000000000000e+03 3.332360000000000058e-05
2.697000000000000000e+03 3.352719999999999979e-05
2.702000000000000000e+03 3.376719999999999749e-05
2.707000000000000000e+03 3.453490000000000032e-05
2.712000000000000000e+03 3.547029999999999817e-05
2.717000000000000000e+03 3.668310000000000120e-05
2.722000000000000000e+03 3.791519999999999911e-05
2.727000000000000000e+03 3.905710000000000253e-05
2.732000000000000000e+03 4.019770000000000309e-05
2.737000000000000000e+03 4.150019999999999951e-05
2.742000000000000000e+03 4.302669999999999921e-05
2.747000000000000000e+03 4.478290000000000113e-05
2.752000000000000000e+03 4.651769999999999679e-05
2.757000000000000000e+03 4.828100000000000073e-05
2.762000000000000000e+03 5.012650000000000195e-05
2.767000000000000000e+03 5.205559999999999674e-05
2.772000000000000000e+03 5.489160000000000144e-05
2.777000000000000000e+03 5.797260000000000125e-05
2.782000000000000000e+03 6.098779999999999908e-05
2.787000000000000000e+03 6.399950000000000278e-05
2.792000000000000000e+03 6.740450000000000152e-05
2.797000000000000000e+03 7.087500000000000158e-05
2.802000000000000000e+03 7.473519999999999556e-05
2.807000000000000000e+03 7.876499999999999550e-05
2.812000000000000000e+03 8.302910000000000097e-05
2.817000000000000000e+03 8.780930000000000647e-05
2.822000000000000000e+03 9.348589999999999884e-05
2.827000000000000000e+03 1.002739999999999957e-04
2.832000000000000000e+03 1.078269999999999961e-04
2.837000000000000000e+03 1.166219999999999957e-04
2.842000000000000000e+03 1.256510000000000070e-04
2.847000000000000000e+03 1.317299999999999873e-04
2.852000000000000000e+03 1.368139999999999949e-04
2.857000000000000000e+03 1.484690000000000044e-04
2.862000000000000000e+03 1.622949999999999903e-04
2.867000000000000000e+03 1.822700000000000015e-04
2.872000000000000000e+03 2.051189999999999990e-04
2.877000000000000000e+03 2.371589999999999972e-04
2.882000000000000000e+03 2.713440000000000231e-04
2.887000000000000000e+03 3.078590000000000081e-04
2.892000000000000000e+03 3.488550000000000201e-04
2.897000000000000000e+03 3.938969999999999863e-04
2.902000000000000000e+03 4.486089999999999869e-04
2.907000000000000000e+03 6.192030000000000277e-04
2.912000000000000000e+03 8.772180000000000298e-04
2.917000000000000000e+03 1.169719999999999961e-03
2.922000000000000000e+03 1.557039999999999987e-03
2.927000000000000000e+03 2.049270000000000171e-03
2.932000000000000000e+03 2.729239999999999965e-03
2.937000000000000000e+03 3.478469999999999999e-03
2.942000000000000000e+03 4.486099999999999810e-03
2.947000000000000000e+03 5.561370000000000376e-03
2.952000000000000000e+03 6.887260000000000083e-03
2.957000000000000000e+03 8.304100000000000023e-03
2.962000000000000000e+03 9.987209999999999838e-03
2.967000000000000000e+03 1.184220000000000064e-02
2.972000000000000000e+03 1.388170000000000029e-02
2.977000000000000000e+03 1.614859999999999907e-02
2.982000000000000000e+03 1.847520000000000065e-02
2.987000000000000000e+03 2.104260000000000158e-02
2.992000000000000000e+03 2.363979999999999901e-02
2.997000000000000000e+03 2.647410000000000041e-02
3.002000000000000000e+03 2.932030000000000053e-02
3.007000000000000000e+03 3.222660000000000108e-02
3.012000000000000000e+03 3.517180000000000306e-02
3.017000000000000000e+03 3.808740000000000042e-02
3.022000000000000000e+03 4.109140000000000015e-02
3.027000000000000000e+03 4.402190000000000270e-02
3.032000000000000000e+03 4.703600000000000142e-02
3.037000000000000000e+03 4.998369999999999896e-02
3.042000000000000000e+03 5.297419999999999907e-02
3.047000000000000000e+03 5.591159999999999880e-02
3.052000000000000000e+03 5.882890000000000341e-02
3.057000000000000000e+03 6.184309999999999807e-02
3.062000000000000000e+03 6.485029999999999961e-02
3.067000000000000000e+03 6.804659999999999875e-02
3.072000000000000000e+03 7.109640000000000404e-02
3.077000000000000000e+03 7.438559999999999617e-02
3.082000000000000000e+03 7.750329999999999719e-02
3.087000000000000000e+03 8.103929999999999467e-02
3.092000000000000000e+03 8.571929999999999827e-02
3.097000000000000000e+03 9.117759999999999754e-02
3.102000000000000000e+03 9.746109999999999496e-02
3.107000000000000000e+03 1.040920000000000040e-01
3.112000000000000000e+03 1.106950000000000017e-01
3.117000000000000000e+03 1.169660000000000005e-01
3.122000000000000000e+03 1.228950000000000042e-01
3.127000000000000000e+03 1.283819999999999961e-01
3.132000000000000000e+03 1.332919999999999938e-01
3.137000000000000000e+03 1.374370000000000036e-01
3.142000000000000000e+03 1.405740000000000045e-01
3.147000000000000000e+03 1.434120000000000117e-01
3.152000000000000000e+03 1.456770000000000009e-01
3.157000000000000000e+03 1.473420000000000007e-01
3.162000000000000000e+03 1.482980000000000131e-01
3.167000000000000000e+03 1.485990000000000089e-01
3.172000000000000000e+03 1.486419999999999964e-01
3.177000000000000000e+03 1.486580000000000124e-01
3.182000000000000000e+03 1.486460000000000004e-01
3.187000000000000000e+03 1.485539999999999916e-01
3.192000000000000000e+03 1.485410000000000064e-01
3.197000000000000000e+03 1.485269999999999924e-01
3.202000000000000000e+03 1.487580000000000013e-01
3.207000000000000000e+03 1.493490000000000095e-01
3.212000000000000000e+03 1.505450000000000121e-01
3.217000000000000000e+03 1.526109999999999967e-01
3.222000000000000000e+03 1.564039999999999875e-01
3.227000000000000000e+03 1.630550000000000055e-01
3.232000000000000000e+03 1.735480000000000078e-01
3.237000000000000000e+03 1.921200000000000130e-01
3.242000000000000000e+03 2.175070000000000059e-01
3.247000000000000000e+03 2.560220000000000273e-01
3.252000000000000000e+03 3.016050000000000120e-01
3.257000000000000000e+03 3.611059999999999826e-01
3.262000000000000000e+03 4.223930000000000184e-01
3.267000000000000000e+03 4.905109999999999748e-01
3.272000000000000000e+03 5.596440000000000303e-01
3.277000000000000000e+03 6.335589999999999833e-01
3.282000000000000000e+03 7.078459999999999752e-01
3.287000000000000000e+03 7.766960000000000530e-01
3.292000000000000000e+03 8.415479999999999627e-01
3.297000000000000000e+03 8.921769999999999978e-01
3.302000000000000000e+03 9.324390000000000178e-01
3.307000000000000000e+03 9.562349999999999461e-01
3.312000000000000000e+03 9.716960000000000042e-01
3.317000000000000000e+03 9.802800000000000402e-01
3.322000000000000000e+03 9.864500000000000490e-01
3.327000000000000000e+03 9.911050000000000137e-01
3.332000000000000000e+03 9.938209999999999544e-01
3.337000000000000000e+03 9.956230000000000357e-01
3.342000000000000000e+03 9.973579999999999668e-01
3.347000000000000000e+03 9.986549999999999594e-01
3.352000000000000000e+03 9.993900000000000006e-01
3.357000000000000000e+03 9.995600000000000041e-01
3.362000000000000000e+03 9.998310000000000253e-01
3.367000000000000000e+03 1.000000000000000000e+00
3.372000000000000000e+03 9.993149999999999533e-01
3.377000000000000000e+03 9.969029999999999836e-01
3.382000000000000000e+03 9.918439999999999479e-01
3.387000000000000000e+03 9.803209999999999980e-01
3.392000000000000000e+03 9.577609999999999735e-01
3.397000000000000000e+03 9.242070000000000007e-01
3.402000000000000000e+03 8.762189999999999701e-01
3.407000000000000000e+03 8.168640000000000345e-01
3.412000000000000000e+03 7.444509999999999739e-01
3.417000000000000000e+03 6.641899999999999471e-01
3.422000000000000000e+03 5.791760000000000241e-01
3.427000000000000000e+03 4.954020000000000090e-01
3.432000000000000000e+03 4.174689999999999790e-01
3.437000000000000000e+03 3.463129999999999820e-01
3.442000000000000000e+03 2.863260000000000249e-01
3.447000000000000000e+03 2.359920000000000073e-01
3.452000000000000000e+03 1.932840000000000114e-01
3.457000000000000000e+03 1.616390000000000049e-01
3.462000000000000000e+03 1.393830000000000069e-01
3.467000000000000000e+03 1.248630000000000018e-01
3.472000000000000000e+03 1.140970000000000040e-01
3.477000000000000000e+03 1.065060000000000034e-01
3.482000000000000000e+03 1.011869999999999992e-01
3.487000000000000000e+03 9.685820000000000540e-02
3.492000000000000000e+03 9.239989999999999315e-02
3.497000000000000000e+03 8.781060000000000254e-02
3.502000000000000000e+03 8.431199999999999806e-02
3.507000000000000000e+03 8.181149999999999534e-02
3.512000000000000000e+03 8.010580000000000478e-02
3.517000000000000000e+03 7.933060000000000112e-02
3.522000000000000000e+03 7.927420000000000300e-02
3.527000000000000000e+03 7.975089999999999957e-02
3.532000000000000000e+03 7.989580000000000293e-02
3.537000000000000000e+03 7.977579999999999394e-02
3.542000000000000000e+03 7.874200000000000643e-02
3.547000000000000000e+03 7.733399999999999996e-02
3.552000000000000000e+03 7.654089999999999505e-02
3.557000000000000000e+03 7.562739999999999740e-02
3.562000000000000000e+03 7.452319999999999778e-02
3.567000000000000000e+03 7.337539999999999341e-02
3.572000000000000000e+03 7.219739999999999491e-02
3.577000000000000000e+03 7.106519999999999504e-02
3.582000000000000000e+03 6.974950000000000594e-02
3.587000000000000000e+03 6.845239999999999658e-02
3.592000000000000000e+03 6.705809999999999549e-02
3.597000000000000000e+03 6.530690000000000106e-02
3.602000000000000000e+03 6.324920000000000542e-02
3.607000000000000000e+03 6.121449999999999808e-02
3.612000000000000000e+03 5.917139999999999900e-02
3.617000000000000000e+03 5.654959999999999848e-02
3.622000000000000000e+03 5.366010000000000224e-02
3.627000000000000000e+03 5.067440000000000139e-02
3.632000000000000000e+03 4.755220000000000280e-02
3.637000000000000000e+03 4.476879999999999749e-02
3.642000000000000000e+03 4.183599999999999819e-02
3.647000000000000000e+03 3.885500000000000065e-02
3.652000000000000000e+03 3.580869999999999886e-02
3.657000000000000000e+03 3.269210000000000171e-02
3.662000000000000000e+03 2.984749999999999903e-02
3.667000000000000000e+03 2.717850000000000127e-02
3.672000000000000000e+03 2.483689999999999856e-02
3.677000000000000000e+03 2.258160000000000028e-02
3.682000000000000000e+03 2.063720000000000138e-02
3.687000000000000000e+03 1.889240000000000017e-02
3.692000000000000000e+03 1.724499999999999991e-02
3.697000000000000000e+03 1.578310000000000130e-02
3.702000000000000000e+03 1.442509999999999973e-02
3.707000000000000000e+03 1.330789999999999924e-02
3.712000000000000000e+03 1.223579999999999980e-02
3.717000000000000000e+03 1.136060000000000021e-02
3.722000000000000000e+03 1.053980000000000021e-02
3.727000000000000000e+03 9.828419999999999171e-03
3.732000000000000000e+03 9.177110000000000475e-03
3.737000000000000000e+03 8.592100000000000085e-03
3.742000000000000000e+03 8.075950000000000142e-03
3.747000000000000000e+03 7.578559999999999811e-03
3.752000000000000000e+03 7.101610000000000388e-03
3.757000000000000000e+03 6.644500000000000232e-03
3.762000000000000000e+03 6.230549999999999630e-03
3.767000000000000000e+03 5.814230000000000093e-03
3.772000000000000000e+03 5.424810000000000396e-03
3.777000000000000000e+03 5.051169999999999792e-03
3.782000000000000000e+03 4.698110000000000133e-03
3.787000000000000000e+03 4.334349999999999835e-03
3.792000000000000000e+03 3.965019999999999656e-03
3.797000000000000000e+03 3.599830000000000044e-03
3.802000000000000000e+03 3.240149999999999801e-03
3.807000000000000000e+03 2.884690000000000084e-03
3.812000000000000000e+03 2.522250000000000186e-03
3.817000000000000000e+03 2.147580000000000062e-03
3.822000000000000000e+03 1.818930000000000069e-03
3.827000000000000000e+03 1.559819999999999957e-03
3.832000000000000000e+03 1.036260000000000002e-03
3.837000000000000000e+03 3.197070000000000207e-04
3.842000000000000000e+03 7.666319999999999472e-05
3.847000000000000000e+03 7.427489999999999592e-05
3.852000000000000000e+03 7.163159999999999363e-05
3.857000000000000000e+03 6.818709999999999637e-05
3.862000000000000000e+03 6.474949999999999391e-05
3.867000000000000000e+03 6.163529999999999584e-05
3.872000000000000000e+03 5.687020000000000313e-05
3.877000000000000000e+03 3.448169999999999886e-05
3.882000000000000000e+03 8.122289999999999445e-06
