1.252000000000000000e+03 0.000000000000000000e+00
1.255000000000000000e+03 2.299000000000000023e-10
1.258000000000000000e+03 1.035089999999999990e-09
1.261000000000000000e+03 1.863379999999999825e-09
1.264000000000000000e+03 1.956569999999999996e-09
1.267000000000000000e+03 1.128369999999999899e-09
1.270000000000000000e+03 3.001739999999999914e-10
1.273000000000000000e+03 2.538709999999999792e-13
1.276000000000000000e+03 3.147600000000000139e-13
1.279000000000000000e+03 3.753929999999999939e-13
1.282000000000000000e+03 4.326729999999999780e-13
1.285000000000000000e+03 4.889160000000000142e-13
1.288000000000000000e+03 5.447929999999999587e-13
1.291000000000000000e+03 5.984799999999999904e-13
1.294000000000000000e+03 6.518759999999999579e-13
1.297000000000000000e+03 7.047560000000000315e-13
1.300000000000000000e+03 7.562279999999999560e-13
1.303000000000000000e+03 8.076250000000000044e-13
1.306000000000000000e+03 8.583789999999999515e-13
1.309000000000000000e+03 9.082210000000000132e-13
1.312000000000000000e+03 9.580639999999999453e-13
1.315000000000000000e+03 1.007150000000000005e-12
1.318000000000000000e+03 1.055750000000000020e-12
1.321000000000000000e+03 1.104869999999999916e-12
1.324000000000000000e+03 1.161980000000000063e-12
1.327000000000000000e+03 1.221830000000000056e-12
1.330000000000000000e+03 3.729520000000000166e-08
1.333000000000000000e+03 3.381600000000000052e-07
1.336000000000000000e+03 6.775750000000000306e-07
1.339000000000000000e+03 1.046330000000000026e-06
1.342000000000000000e+03 1.503149999999999957e-06
1.345000000000000000e+03 1.965840000000000138e-06
1.348000000000000000e+03 2.391170000000000096e-06
1.351000000000000000e+03 2.756689999999999944e-06
1.354000000000000000e+03 3.122199999999999939e-06
1.357000000000000000e+03 3.528169999999999967e-06
1.360000000000000000e+03 3.963610000000000325e-06
1.363000000000000000e+03 4.400510000000000326e-06
1.366000000000000000e+03 4.866420000000000241e-06
1.369000000000000000e+03 5.343190000000000083e-06
1.372000000000000000e+03 5.825649999999999865e-06
1.375000000000000000e+03 6.351850000000000010e-06
1.378000000000000000e+03 6.885649999999999880e-06
1.381000000000000000e+03 7.523310000000000311e-06
1.384000000000000000e+03 8.505600000000000354e-06
1.387000000000000000e+03 9.515260000000000780e-06
1.390000000000000000e+03 1.054399999999999934e-05
1.393000000000000000e+03 1.160760000000000047e-05
1.396000000000000000e+03 1.267109999999999969e-05
1.399000000000000000e+03 1.336799999999999974e-05
1.402000000000000000e+03 1.376339999999999938e-05
1.405000000000000000e+03 1.415989999999999973e-05
1.408000000000000000e+03 1.458459999999999924e-05
1.411000000000000000e+03 1.502080000000000025e-05
1.414000000000000000e+03 1.545599999999999906e-05
1.417000000000000000e+03 1.588300000000000023e-05
1.420000000000000000e+03 1.630840000000000127e-05
1.423000000000000000e+03 1.673030000000000141e-05
1.426000000000000000e+03 1.713920000000000016e-05
1.429000000000000000e+03 1.754710000000000010e-05
1.432000000000000000e+03 1.799149999999999876e-05
1.435000000000000000e+03 1.851059999999999858e-05
1.438000000000000000e+03 1.903009999999999928e-05
1.441000000000000000e+03 1.953679999999999902e-05
1.444000000000000000e+03 2.003169999999999999e-05
1.447000000000000000e+03 2.052670000000000118e-05
1.450000000000000000e+03 2.102240000000000052e-05
1.453000000000000000e+03 2.151860000000000095e-05
1.456000000000000000e+03 2.202530000000000069e-05
1.459000000000000000e+03 2.263100000000000067e-05
1.462000000000000000e+03 2.325970000000000026e-05
1.465000000000000000e+03 2.392089999999999996e-05
1.468000000000000000e+03 2.471740000000000157e-05
1.471000000000000000e+03 2.552810000000000043e-05
1.474000000000000000e+03 2.632730000000000118e-05
1.477000000000000000e+03 2.710150000000000132e-05
1.480000000000000000e+03 2.787520000000000037e-05
1.483000000000000000e+03 2.881300000000000010e-05
1.486000000000000000e+03 2.992199999999999914e-05
1.489000000000000000e+03 3.103770000000000270e-05
1.492000000000000000e+03 3.294609999999999954e-05
1.495000000000000000e+03 3.523430000000000247e-05
1.498000000000000000e+03 3.729079999999999879e-05
1.501000000000000000e+03 3.692009999999999910e-05
1.504000000000000000e+03 3.591499999999999749e-05
1.507000000000000000e+03 3.487409999999999870e-05
1.510000000000000000e+03 3.366350000000000050e-05
1.513000000000000000e+03 3.243340000000000020e-05
1.516000000000000000e+03 3.104350000000000187e-05
1.519000000000000000e+03 2.927200000000000028e-05
1.522000000000000000e+03 2.748809999999999860e-05
1.525000000000000000e+03 2.496499999999999899e-05
1.528000000000000000e+03 2.157380000000000002e-05
1.531000000000000000e+03 1.818260000000000105e-05
1.534000000000000000e+03 1.692409999999999946e-05
1.537000000000000000e+03 1.679409999999999901e-05
1.540000000000000000e+03 1.666299999999999954e-05
1.543000000000000000e+03 1.651960000000000020e-05
1.546000000000000000e+03 1.637259999999999974e-05
1.549000000000000000e+03 1.623909999999999839e-05
1.552000000000000000e+03 1.617990000000000072e-05
1.555000000000000000e+03 1.613020000000000016e-05
1.558000000000000000e+03 1.605279999999999985e-05
1.561000000000000000e+03 1.590320000000000047e-05
1.564000000000000000e+03 1.575020000000000041e-05
1.567000000000000000e+03 1.564299999999999914e-05
1.570000000000000000e+03 1.559649999999999882e-05
1.573000000000000000e+03 1.554999999999999850e-05
1.576000000000000000e+03 1.559580000000000067e-05
1.579000000000000000e+03 1.569709999999999918e-05
1.582000000000000000e+03 1.579380000000000115e-05
1.585000000000000000e+03 1.582470000000000114e-05
1.588000000000000000e+03 1.583429999999999847e-05
1.591000000000000000e+03 1.586409999999999944e-05
1.594000000000000000e+03 1.602510000000000010e-05
1.597000000000000000e+03 1.620419999999999979e-05
1.600000000000000000e+03 1.642979999999999980e-05
1.603000000000000000e+03 1.678829999999999984e-05
1.606000000000000000e+03 1.715460000000000005e-05
1.609000000000000000e+03 1.754420000000000052e-05
1.612000000000000000e+03 1.796849999999999915e-05
1.615000000000000000e+03 1.839290000000000139e-05
1.618000000000000000e+03 1.904859999999999919e-05
1.621000000000000000e+03 1.986190000000000037e-05
1.624000000000000000e+03 2.068440000000000139e-05
1.627000000000000000e+03 2.166560000000000141e-05
1.630000000000000000e+03 2.270340000000000018e-05
1.633000000000000000e+03 2.378700000000000112e-05
1.636000000000000000e+03 2.520599999999999889e-05
1.639000000000000000e+03 2.667820000000000150e-05
1.642000000000000000e+03 2.836490000000000010e-05
1.645000000000000000e+03 3.072480000000000100e-05
1.648000000000000000e+03 3.313349999999999710e-05
1.651000000000000000e+03 3.600330000000000137e-05
1.654000000000000000e+03 3.965509999999999917e-05
1.657000000000000000e+03 4.330679999999999675e-05
1.660000000000000000e+03 4.812599999999999967e-05
1.663000000000000000e+03 5.384400000000000151e-05
1.666000000000000000e+03 5.966829999999999926e-05
1.669000000000000000e+03 6.789919999999999528e-05
1.672000000000000000e+03 7.706769999999999398e-05
1.675000000000000000e+03 8.686060000000000655e-05
1.678000000000000000e+03 1.016370000000000028e-04
1.681000000000000000e+03 1.173439999999999932e-04
1.684000000000000000e+03 1.364589999999999889e-04
1.687000000000000000e+03 1.674459999999999957e-04
1.690000000000000000e+03 1.994420000000000058e-04
1.693000000000000000e+03 2.746059999999999929e-04
1.696000000000000000e+03 4.903649999999999849e-04
1.699000000000000000e+03 6.924010000000000407e-04
1.702000000000000000e+03 8.695219999999999599e-04
1.705000000000000000e+03 1.095140000000000089e-03
1.708000000000000000e+03 1.342529999999999982e-03
1.711000000000000000e+03 1.691790000000000091e-03
1.714000000000000000e+03 2.093409999999999976e-03
1.717000000000000000e+03 2.528959999999999802e-03
1.720000000000000000e+03 3.128569999999999789e-03
1.723000000000000000e+03 3.783050000000000041e-03
1.726000000000000000e+03 4.508820000000000189e-03
1.729000000000000000e+03 5.438219999999999686e-03
1.732000000000000000e+03 6.424240000000000332e-03
1.735000000000000000e+03 7.519149999999999619e-03
1.738000000000000000e+03 8.801849999999999952e-03
1.741000000000000000e+03 1.011989999999999938e-02
1.744000000000000000e+03 1.149550000000000051e-02
1.747000000000000000e+03 1.292410000000000087e-02
1.750000000000000000e+03 1.437049999999999959e-02
1.753000000000000000e+03 1.575789999999999830e-02
1.756000000000000000e+03 1.711120000000000002e-02
1.759000000000000000e+03 1.844410000000000147e-02
1.762000000000000000e+03 1.959930000000000005e-02
1.765000000000000000e+03 2.070800000000000071e-02
1.768000000000000000e+03 2.175469999999999834e-02
1.771000000000000000e+03 2.256810000000000066e-02
1.774000000000000000e+03 2.335320000000000104e-02
1.777000000000000000e+03 2.409450000000000133e-02
1.780000000000000000e+03 2.474159999999999901e-02
1.783000000000000000e+03 2.540919999999999984e-02
1.786000000000000000e+03 2.607020000000000171e-02
1.789000000000000000e+03 2.674239999999999950e-02
1.792000000000000000e+03 2.746080000000000049e-02
1.795000000000000000e+03 2.822469999999999840e-02
1.798000000000000000e+03 2.900969999999999938e-02
1.801000000000000000e+03 2.982339999999999991e-02
1.804000000000000000e+03 3.067440000000000097e-02
1.807000000000000000e+03 3.152470000000000272e-02
1.810000000000000000e+03 3.235160000000000119e-02
1.813000000000000000e+03 3.320100000000000134e-02
1.816000000000000000e+03 3.419529999999999792e-02
1.819000000000000000e+03 3.517839999999999856e-02
1.822000000000000000e+03 3.614089999999999664e-02
1.825000000000000000e+03 3.723599999999999827e-02
1.828000000000000000e+03 3.845169999999999838e-02
1.831000000000000000e+03 3.978410000000000279e-02
1.834000000000000000e+03 4.118480000000000057e-02
1.837000000000000000e+03 4.271550000000000347e-02
1.840000000000000000e+03 4.431879999999999847e-02
1.843000000000000000e+03 4.603659999999999697e-02
1.846000000000000000e+03 4.782680000000000264e-02
1.849000000000000000e+03 4.968129999999999769e-02
1.852000000000000000e+03 5.154340000000000310e-02
1.855000000000000000e+03 5.343900000000000039e-02
1.858000000000000000e+03 5.528509999999999674e-02
1.861000000000000000e+03 5.705640000000000017e-02
1.864000000000000000e+03 5.870630000000000293e-02
1.867000000000000000e+03 6.027559999999999862e-02
1.870000000000000000e+03 6.179769999999999708e-02
1.873000000000000000e+03 6.326149999999999829e-02
1.876000000000000000e+03 6.462619999999999476e-02
1.879000000000000000e+03 6.587719999999999687e-02
1.882000000000000000e+03 6.697509999999999575e-02
1.885000000000000000e+03 6.801260000000000638e-02
1.888000000000000000e+03 6.895210000000000228e-02
1.891000000000000000e+03 6.986950000000000105e-02
1.894000000000000000e+03 7.071779999999999733e-02
1.897000000000000000e+03 7.156419999999999448e-02
1.900000000000000000e+03 7.238790000000000502e-02
1.903000000000000000e+03 7.322099999999999442e-02
1.906000000000000000e+03 7.408040000000000458e-02
1.909000000000000000e+03 7.495040000000000036e-02
1.912000000000000000e+03 7.581409999999999538e-02
1.915000000000000000e+03 7.663050000000000417e-02
1.918000000000000000e+03 7.737679999999999558e-02
1.921000000000000000e+03 7.820219999999999949e-02
1.924000000000000000e+03 7.912729999999999764e-02
1.927000000000000000e+03 8.003499999999999504e-02
1.930000000000000000e+03 8.089770000000000294e-02
1.933000000000000000e+03 8.166600000000000248e-02
1.936000000000000000e+03 8.236809999999999965e-02
1.939000000000000000e+03 8.298969999999999958e-02
1.942000000000000000e+03 8.359419999999999351e-02
1.945000000000000000e+03 8.417460000000000220e-02
1.948000000000000000e+03 8.474539999999999851e-02
1.951000000000000000e+03 8.527369999999999395e-02
1.954000000000000000e+03 8.576419999999999877e-02
1.957000000000000000e+03 8.620010000000000172e-02
1.960000000000000000e+03 8.661710000000000242e-02
1.963000000000000000e+03 8.712440000000000462e-02
1.966000000000000000e+03 8.768059999999999743e-02
1.969000000000000000e+03 8.854879999999999696e-02
1.972000000000000000e+03 8.966019999999999546e-02
1.975000000000000000e+03 9.155789999999999762e-02
1.978000000000000000e+03 9.475160000000000526e-02
1.981000000000000000e+03 1.007040000000000018e-01
1.984000000000000000e+03 1.120919999999999972e-01
1.987000000000000000e+03 1.292560000000000098e-01
1.990000000000000000e+03 1.605900000000000105e-01
1.993000000000000000e+03 2.000740000000000018e-01
1.996000000000000000e+03 2.575160000000000227e-01
1.999000000000000000e+03 3.226379999999999804e-01
2.002000000000000000e+03 3.912740000000000107e-01
2.005000000000000000e+03 4.622319999999999762e-01
2.008000000000000000e+03 5.226420000000000510e-01
2.011000000000000000e+03 5.762950000000000017e-01
2.014000000000000000e+03 6.229329999999999590e-01
2.017000000000000000e+03 6.633649999999999824e-01
2.020000000000000000e+03 7.038649999999999629e-01
2.023000000000000000e+03 7.433760000000000367e-01
2.026000000000000000e+03 7.845520000000000271e-01
2.029000000000000000e+03 8.240110000000000490e-01
2.032000000000000000e+03 8.636960000000000193e-01
2.035000000000000000e+03 8.958089999999999664e-01
2.038000000000000000e+03 9.241559999999999775e-01
2.041000000000000000e+03 9.448959999999999582e-01
2.044000000000000000e+03 9.608940000000000259e-01
2.047000000000000000e+03 9.740189999999999682e-01
2.050000000000000000e+03 9.832849999999999646e-01
2.053000000000000000e+03 9.911520000000000330e-01
2.056000000000000000e+03 9.961950000000000527e-01
2.059000000000000000e+03 9.992299999999999516e-01
2.062000000000000000e+03 1.000000000000000000e+00
2.065000000000000000e+03 9.995840000000000281e-01
2.068000000000000000e+03 9.972320000000000073e-01
2.071000000000000000e+03 9.926770000000000316e-01
2.074000000000000000e+03 9.858080000000000176e-01
2.077000000000000000e+03 9.755080000000000418e-01
2.080000000000000000e+03 9.622720000000000162e-01
2.083000000000000000e+03 9.416909999999999448e-01
2.086000000000000000e+03 9.175159999999999982e-01
2.089000000000000000e+03 8.826180000000000136e-01
2.092000000000000000e+03 8.433589999999999698e-01
2.095000000000000000e+03 7.944290000000000518e-01
2.098000000000000000e+03 7.407280000000000530e-01
2.101000000000000000e+03 6.834679999999999644e-01
2.104000000000000000e+03 6.249190000000000023e-01
2.107000000000000000e+03 5.685860000000000358e-01
2.110000000000000000e+03 5.159380000000000077e-01
2.113000000000000000e+03 4.658499999999999863e-01
2.116000000000000000e+03 4.217739999999999823e-01
2.119000000000000000e+03 3.799089999999999967e-01
2.122000000000000000e+03 3.407020000000000048e-01
2.125000000000000000e+03 3.037949999999999817e-01
2.128000000000000000e+03 2.669170000000000154e-01
2.131000000000000000e+03 2.334440000000000126e-01
2.134000000000000000e+03 2.038659999999999917e-01
2.137000000000000000e+03 1.782400000000000095e-01
2.140000000000000000e+03 1.584710000000000008e-01
2.143000000000000000e+03 1.407690000000000052e-01
2.146000000000000000e+03 1.290320000000000078e-01
2.149000000000000000e+03 1.199299999999999949e-01
2.152000000000000000e+03 1.141100000000000031e-01
2.155000000000000000e+03 1.106069999999999970e-01
2.158000000000000000e+03 1.078400000000000053e-01
2.161000000000000000e+03 1.060829999999999967e-01
2.164000000000000000e+03 1.046200000000000047e-01
2.167000000000000000e+03 1.037489999999999940e-01
2.170000000000000000e+03 1.031659999999999938e-01
2.173000000000000000e+03 1.026340000000000030e-01
2.176000000000000000e+03 1.022190000000000043e-01
2.179000000000000000e+03 1.021060000000000023e-01
2.182000000000000000e+03 1.021729999999999999e-01
2.185000000000000000e+03 1.023089999999999972e-01
2.188000000000000000e+03 1.024540000000000034e-01
2.191000000000000000e+03 1.025889999999999996e-01
2.194000000000000000e+03 1.026709999999999984e-01
2.197000000000000000e+03 1.026379999999999931e-01
2.200000000000000000e+03 1.025429999999999953e-01
2.203000000000000000e+03 1.022310000000000024e-01
2.206000000000000000e+03 1.018089999999999967e-01
2.209000000000000000e+03 1.011660000000000059e-01
2.212000000000000000e+03 1.005240000000000022e-01
2.215000000000000000e+03 9.956510000000000360e-02
2.218000000000000000e+03 9.828910000000000424e-02
2.221000000000000000e+03 9.676809999999999579e-02
2.224000000000000000e+03 9.511229999999999685e-02
2.227000000000000000e+03 9.336270000000000679e-02
2.230000000000000000e+03 9.159150000000000624e-02
2.233000000000000000e+03 8.982039999999999469e-02
2.236000000000000000e+03 8.808989999999999876e-02
2.239000000000000000e+03 8.644870000000000332e-02
2.242000000000000000e+03 8.488370000000000637e-02
2.245000000000000000e+03 8.335770000000000679e-02
2.248000000000000000e+03 8.186910000000000021e-02
2.251000000000000000e+03 8.033869999999999900e-02
2.254000000000000000e+03 7.872909999999999631e-02
2.257000000000000000e+03 7.688250000000000639e-02
2.260000000000000000e+03 7.484630000000000449e-02
2.263000000000000000e+03 7.250109999999999888e-02
2.266000000000000000e+03 6.983530000000000293e-02
2.269000000000000000e+03 6.685349999999999626e-02
2.272000000000000000e+03 6.362679999999999725e-02
2.275000000000000000e+03 6.008150000000000296e-02
2.278000000000000000e+03 5.639450000000000018e-02
2.281000000000000000e+03 5.264289999999999942e-02
2.284000000000000000e+03 4.884379999999999972e-02
2.287000000000000000e+03 4.512150000000000188e-02
2.290000000000000000e+03 4.155009999999999953e-02
2.293000000000000000e+03 3.812789999999999929e-02
2.296000000000000000e+03 3.493380000000000096e-02
2.299000000000000000e+03 3.202560000000000129e-02
2.302000000000000000e+03 2.936470000000000052e-02
2.305000000000000000e+03 2.696899999999999992e-02
2.308000000000000000e+03 2.486820000000000003e-02
2.311000000000000000e+03 2.302080000000000098e-02
2.314000000000000000e+03 2.138910000000000117e-02
2.317000000000000000e+03 2.002460000000000004e-02
2.320000000000000000e+03 1.884440000000000073e-02
2.323000000000000000e+03 1.781659999999999841e-02
2.326000000000000000e+03 1.694949999999999929e-02
2.329000000000000000e+03 1.619080000000000172e-02
2.332000000000000000e+03 1.551899999999999981e-02
2.335000000000000000e+03 1.489749999999999928e-02
2.338000000000000000e+03 1.433079999999999944e-02
2.341000000000000000e+03 1.378960000000000082e-02
2.344000000000000000e+03 1.322369999999999969e-02
2.347000000000000000e+03 1.268919999999999944e-02
2.350000000000000000e+03 1.212809999999999930e-02
2.353000000000000000e+03 1.152489999999999938e-02
2.356000000000000000e+03 1.094080000000000052e-02
2.359000000000000000e+03 1.030709999999999960e-02
2.362000000000000000e+03 9.653240000000000431e-03
2.365000000000000000e+03 9.005980000000000235e-03
2.368000000000000000e+03 8.333319999999999964e-03
2.371000000000000000e+03 7.656760000000000302e-03
2.374000000000000000e+03 6.988460000000000158e-03
2.377000000000000000e+03 6.340669999999999640e-03
2.380000000000000000e+03 5.698120000000000095e-03
2.383000000000000000e+03 5.081389999999999865e-03
2.386000000000000000e+03 4.523390000000000397e-03
2.389000000000000000e+03 3.969570000000000390e-03
2.392000000000000000e+03 3.468150000000000139e-03
2.395000000000000000e+03 3.016239999999999893e-03
2.398000000000000000e+03 2.562609999999999888e-03
2.401000000000000000e+03 2.204789999999999875e-03
2.404000000000000000e+03 1.893509999999999941e-03
2.407000000000000000e+03 1.588329999999999994e-03
2.410000000000000000e+03 1.358760000000000089e-03
2.413000000000000000e+03 1.152589999999999995e-03
2.416000000000000000e+03 9.566989999999999826e-04
2.419000000000000000e+03 8.180670000000000129e-04
2.422000000000000000e+03 6.840639999999999612e-04
2.425000000000000000e+03 5.381379999999999627e-04
2.428000000000000000e+03 4.173310000000000062e-04
2.431000000000000000e+03 3.255600000000000204e-04
2.434000000000000000e+03 2.647850000000000203e-04
2.437000000000000000e+03 2.222349999999999890e-04
2.440000000000000000e+03 1.796839999999999961e-04
2.443000000000000000e+03 1.487050000000000069e-04
2.446000000000000000e+03 1.250190000000000036e-04
2.449000000000000000e+03 1.018230000000000041e-04
2.452000000000000000e+03 8.608259999999999469e-05
2.455000000000000000e+03 7.284319999999999402e-05
2.458000000000000000e+03 6.024740000000000190e-05
2.461000000000000000e+03 5.211100000000000302e-05
2.464000000000000000e+03 4.460889999999999907e-05
2.467000000000000000e+03 3.802210000000000312e-05
2.470000000000000000e+03 3.413519999999999803e-05
2.473000000000000000e+03 3.042210000000000134e-05
2.476000000000000000e+03 2.757509999999999963e-05
2.479000000000000000e+03 2.608440000000000051e-05
2.482000000000000000e+03 2.459360000000000116e-05
2.485000000000000000e+03 2.362099999999999966e-05
2.488000000000000000e+03 2.301770000000000156e-05
2.491000000000000000e+03 2.243350000000000129e-05
2.494000000000000000e+03 2.221250000000000121e-05
2.497000000000000000e+03 2.212529999999999974e-05
2.500000000000000000e+03 2.200820000000000047e-05
2.503000000000000000e+03 2.166660000000000021e-05
2.506000000000000000e+03 2.128700000000000134e-05
2.509000000000000000e+03 2.087529999999999985e-05
2.512000000000000000e+03 2.035919999999999982e-05
2.515000000000000000e+03 1.983509999999999920e-05
2.518000000000000000e+03 1.912759999999999962e-05
2.521000000000000000e+03 1.809410000000000011e-05
2.524000000000000000e+03 1.706050000000000039e-05
2.527000000000000000e+03 1.599049999999999877e-05
2.530000000000000000e+03 1.489110000000000046e-05
2.533000000000000000e+03 1.378969999999999945e-05
2.536000000000000000e+03 1.263890000000000023e-05
2.539000000000000000e+03 1.146819999999999974e-05
2.542000000000000000e+03 1.031779999999999971e-05
2.545000000000000000e+03 9.334689999999999898e-06
2.548000000000000000e+03 8.384579999999999605e-06
2.551000000000000000e+03 7.508299999999999755e-06
2.554000000000000000e+03 6.899669999999999790e-06
2.557000000000000000e+03 6.315039999999999934e-06
2.560000000000000000e+03 5.803050000000000284e-06
2.563000000000000000e+03 5.437420000000000365e-06
2.566000000000000000e+03 5.071990000000000037e-06
2.569000000000000000e+03 4.858919999999999890e-06
2.572000000000000000e+03 4.783990000000000422e-06
2.575000000000000000e+03 4.710320000000000160e-06
2.578000000000000000e+03 4.686399999999999718e-06
2.581000000000000000e+03 4.684209999999999829e-06
2.584000000000000000e+03 4.682029999999999793e-06
2.587000000000000000e+03 4.679839999999999903e-06
2.590000000000000000e+03 4.677650000000000014e-06
2.593000000000000000e+03 4.675379999999999611e-06
2.596000000000000000e+03 4.672800000000000391e-06
2.599000000000000000e+03 4.670180000000000067e-06
2.602000000000000000e+03 4.666960000000000121e-06
2.605000000000000000e+03 4.662410000000000309e-06
2.608000000000000000e+03 4.657849999999999797e-06
2.611000000000000000e+03 4.759310000000000177e-06
2.614000000000000000e+03 4.968990000000000345e-06
2.617000000000000000e+03 5.178659999999999813e-06
2.620000000000000000e+03 5.387319999999999777e-06
2.623000000000000000e+03 5.595500000000000044e-06
2.626000000000000000e+03 5.813869999999999954e-06
2.629000000000000000e+03 6.136520000000000160e-06
2.632000000000000000e+03 6.485869999999999618e-06
2.635000000000000000e+03 6.811710000000000212e-06
2.638000000000000000e+03 7.028659999999999888e-06
2.641000000000000000e+03 7.233239999999999884e-06
2.644000000000000000e+03 7.396009999999999852e-06
2.647000000000000000e+03 7.460289999999999684e-06
2.650000000000000000e+03 7.521609999999999971e-06
2.653000000000000000e+03 7.517010000000000049e-06
2.656000000000000000e+03 7.436660000000000048e-06
2.659000000000000000e+03 7.356319999999999899e-06
2.662000000000000000e+03 7.091099999999999751e-06
2.665000000000000000e+03 6.730340000000000007e-06
2.668000000000000000e+03 6.378530000000000406e-06
2.671000000000000000e+03 6.131570000000000317e-06
2.674000000000000000e+03 5.914660000000000051e-06
2.677000000000000000e+03 5.707890000000000165e-06
2.680000000000000000e+03 5.555309999999999841e-06
2.683000000000000000e+03 5.409510000000000322e-06
2.686000000000000000e+03 5.301900000000000009e-06
2.689000000000000000e+03 5.292130000000000101e-06
2.692000000000000000e+03 5.286660000000000304e-06
2.695000000000000000e+03 5.281179999999999807e-06
2.698000000000000000e+03 5.275690000000000305e-06
2.701000000000000000e+03 5.270199999999999957e-06
2.704000000000000000e+03 5.264709999999999608e-06
2.707000000000000000e+03 5.259210000000000253e-06
2.710000000000000000e+03 5.253710000000000052e-06
2.713000000000000000e+03 5.248240000000000255e-06
2.716000000000000000e+03 5.242769999999999611e-06
2.719000000000000000e+03 5.237299999999999814e-06
2.722000000000000000e+03 5.231799999999999613e-06
2.725000000000000000e+03 5.226290000000000406e-06
2.728000000000000000e+03 5.220790000000000204e-06
2.731000000000000000e+03 5.215280000000000150e-06
2.734000000000000000e+03 5.209760000000000244e-06
2.737000000000000000e+03 5.203860000000000012e-06
2.740000000000000000e+03 5.197370000000000012e-06
2.743000000000000000e+03 5.190880000000000011e-06
2.746000000000000000e+03 5.266259999999999618e-06
2.749000000000000000e+03 5.396250000000000215e-06
2.752000000000000000e+03 5.529079999999999585e-06
2.755000000000000000e+03 5.709459999999999881e-06
2.758000000000000000e+03 5.906500000000000115e-06
2.761000000000000000e+03 6.103390000000000021e-06
2.764000000000000000e+03 6.299160000000000351e-06
2.767000000000000000e+03 6.494769999999999652e-06
2.770000000000000000e+03 6.690039999999999732e-06
2.773000000000000000e+03 6.884279999999999756e-06
2.776000000000000000e+03 7.078440000000000113e-06
2.779000000000000000e+03 7.246760000000000392e-06
2.782000000000000000e+03 7.372210000000000182e-06
2.785000000000000000e+03 7.497659999999999972e-06
2.788000000000000000e+03 7.546099999999999630e-06
2.791000000000000000e+03 7.536520000000000308e-06
2.794000000000000000e+03 7.522589999999999918e-06
2.797000000000000000e+03 7.415220000000000300e-06
2.800000000000000000e+03 7.272030000000000406e-06
2.803000000000000000e+03 7.141879999999999628e-06
2.806000000000000000e+03 7.114179999999999876e-06
2.809000000000000000e+03 7.105090000000000103e-06
2.812000000000000000e+03 7.095989999999999632e-06
2.815000000000000000e+03 7.086899999999999859e-06
2.818000000000000000e+03 7.077810000000000087e-06
2.821000000000000000e+03 7.068740000000000020e-06
2.824000000000000000e+03 7.059710000000000209e-06
2.827000000000000000e+03 7.050680000000000399e-06
2.830000000000000000e+03 7.041440000000000298e-06
2.833000000000000000e+03 7.032020000000000310e-06
2.836000000000000000e+03 7.022600000000000322e-06
2.839000000000000000e+03 7.013229999999999597e-06
2.842000000000000000e+03 7.003870000000000419e-06
2.845000000000000000e+03 6.994510000000000393e-06
2.848000000000000000e+03 6.985110000000000110e-06
2.851000000000000000e+03 6.975699999999999975e-06
2.854000000000000000e+03 6.966310000000000392e-06
2.857000000000000000e+03 6.956939999999999667e-06
2.860000000000000000e+03 6.947569999999999789e-06
2.863000000000000000e+03 6.980029999999999644e-06
2.866000000000000000e+03 7.099670000000000416e-06
2.869000000000000000e+03 7.220010000000000182e-06
2.872000000000000000e+03 7.279160000000000285e-06
2.875000000000000000e+03 7.279750000000000054e-06
2.878000000000000000e+03 7.281089999999999774e-06
2.881000000000000000e+03 7.322439999999999810e-06
2.884000000000000000e+03 7.381920000000000128e-06
2.887000000000000000e+03 7.431710000000000205e-06
2.890000000000000000e+03 7.388559999999999610e-06
2.893000000000000000e+03 7.323129999999999798e-06
2.896000000000000000e+03 7.284270000000000309e-06
2.899000000000000000e+03 7.359879999999999912e-06
2.902000000000000000e+03 7.447749999999999970e-06
2.905000000000000000e+03 7.554510000000000114e-06
2.908000000000000000e+03 7.703850000000000788e-06
2.911000000000000000e+03 7.854139999999999310e-06
2.914000000000000000e+03 7.975580000000000641e-06
2.917000000000000000e+03 8.065919999999999847e-06
2.920000000000000000e+03 8.156450000000000486e-06
2.923000000000000000e+03 8.289540000000000257e-06
2.926000000000000000e+03 8.443449999999999602e-06
2.929000000000000000e+03 8.588939999999999458e-06
2.932000000000000000e+03 8.643039999999999499e-06
2.935000000000000000e+03 8.672489999999999699e-06
2.938000000000000000e+03 8.705949999999999206e-06
2.941000000000000000e+03 8.759249999999999187e-06
2.944000000000000000e+03 8.814909999999999938e-06
2.947000000000000000e+03 8.852269999999999527e-06
2.950000000000000000e+03 8.844879999999999247e-06
2.953000000000000000e+03 8.835860000000000136e-06
2.956000000000000000e+03 8.911880000000000469e-06
2.959000000000000000e+03 9.091110000000000784e-06
2.962000000000000000e+03 9.270350000000000104e-06
2.965000000000000000e+03 9.408440000000000675e-06
2.968000000000000000e+03 9.523970000000000227e-06
2.971000000000000000e+03 9.635859999999999253e-06
2.974000000000000000e+03 9.702030000000000010e-06
2.977000000000000000e+03 9.754460000000000116e-06
2.980000000000000000e+03 9.831790000000000611e-06
2.983000000000000000e+03 1.005189999999999942e-05
2.986000000000000000e+03 1.029050000000000083e-05
2.989000000000000000e+03 1.051220000000000076e-05
2.992000000000000000e+03 1.068869999999999983e-05
2.995000000000000000e+03 1.086280000000000042e-05
2.998000000000000000e+03 1.095480000000000055e-05
3.001000000000000000e+03 1.093439999999999987e-05
3.004000000000000000e+03 1.091390000000000066e-05
3.007000000000000000e+03 1.092170000000000082e-05
3.010000000000000000e+03 1.094700000000000039e-05
3.013000000000000000e+03 1.097170000000000034e-05
3.016000000000000000e+03 1.098650000000000061e-05
3.019000000000000000e+03 1.099800000000000041e-05
3.022000000000000000e+03 1.101919999999999946e-05
3.025000000000000000e+03 1.110700000000000055e-05
3.028000000000000000e+03 1.120420000000000023e-05
3.031000000000000000e+03 1.131560000000000055e-05
3.034000000000000000e+03 1.146840000000000018e-05
3.037000000000000000e+03 1.162390000000000064e-05
3.040000000000000000e+03 1.178019999999999946e-05
3.043000000000000000e+03 1.193769999999999922e-05
3.046000000000000000e+03 1.209529999999999921e-05
3.049000000000000000e+03 1.218439999999999976e-05
3.052000000000000000e+03 1.222539999999999987e-05
3.055000000000000000e+03 1.227069999999999925e-05
3.058000000000000000e+03 1.239650000000000066e-05
3.061000000000000000e+03 1.255160000000000024e-05
3.064000000000000000e+03 1.270080000000000044e-05
3.067000000000000000e+03 1.280490000000000000e-05
3.070000000000000000e+03 1.290150000000000006e-05
3.073000000000000000e+03 1.300040000000000008e-05
3.076000000000000000e+03 1.310720000000000048e-05
3.079000000000000000e+03 1.321450000000000028e-05
3.082000000000000000e+03 1.336419999999999988e-05
3.085000000000000000e+03 1.358829999999999999e-05
3.088000000000000000e+03 1.381240000000000010e-05
3.091000000000000000e+03 1.396199999999999948e-05
3.094000000000000000e+03 1.405239999999999949e-05
3.097000000000000000e+03 1.414269999999999929e-05
3.100000000000000000e+03 1.422990000000000076e-05
3.103000000000000000e+03 1.431579999999999938e-05
3.106000000000000000e+03 1.441220000000000069e-05
3.109000000000000000e+03 1.459469999999999936e-05
3.112000000000000000e+03 1.479399999999999930e-05
3.115000000000000000e+03 1.498109999999999960e-05
3.118000000000000000e+03 1.512450000000000063e-05
3.121000000000000000e+03 1.526409999999999841e-05
3.124000000000000000e+03 1.538410000000000065e-05
3.127000000000000000e+03 1.546490000000000164e-05
3.130000000000000000e+03 1.554569999999999924e-05
3.133000000000000000e+03 1.568509999999999997e-05
3.136000000000000000e+03 1.587730000000000128e-05
3.139000000000000000e+03 1.606840000000000018e-05
3.142000000000000000e+03 1.622020000000000100e-05
3.145000000000000000e+03 1.635490000000000159e-05
3.148000000000000000e+03 1.649879999999999863e-05
3.151000000000000000e+03 1.672530000000000062e-05
3.154000000000000000e+03 1.697039999999999934e-05
3.157000000000000000e+03 1.722499999999999856e-05
3.160000000000000000e+03 1.751830000000000132e-05
3.163000000000000000e+03 1.781549999999999909e-05
3.166000000000000000e+03 1.811150000000000100e-05
3.169000000000000000e+03 1.840490000000000059e-05
3.172000000000000000e+03 1.869830000000000019e-05
3.175000000000000000e+03 1.896250000000000013e-05
3.178000000000000000e+03 1.919729999999999999e-05
3.181000000000000000e+03 1.943110000000000104e-05
3.184000000000000000e+03 1.958890000000000146e-05
3.187000000000000000e+03 1.971090000000000130e-05
3.190000000000000000e+03 1.966019999999999855e-05
3.193000000000000000e+03 1.785879999999999917e-05
3.196000000000000000e+03 1.561410000000000014e-05
3.199000000000000000e+03 1.385089999999999981e-05
3.202000000000000000e+03 1.428959999999999952e-05
3.205000000000000000e+03 1.497610000000000049e-05
3.208000000000000000e+03 1.545299999999999926e-05
3.211000000000000000e+03 1.543990000000000103e-05
3.214000000000000000e+03 1.541269999999999899e-05
3.217000000000000000e+03 1.610430000000000097e-05
3.220000000000000000e+03 1.761350000000000001e-05
3.223000000000000000e+03 1.912279999999999926e-05
3.226000000000000000e+03 2.045789999999999940e-05
3.229000000000000000e+03 2.170410000000000113e-05
3.232000000000000000e+03 2.287250000000000166e-05
3.235000000000000000e+03 2.314149999999999858e-05
3.238000000000000000e+03 2.315529999999999834e-05
3.241000000000000000e+03 2.315219999999999832e-05
3.244000000000000000e+03 2.305999999999999944e-05
3.247000000000000000e+03 2.295680000000000016e-05
3.250000000000000000e+03 2.064870000000000103e-05
3.253000000000000000e+03 1.273429999999999936e-05
3.256000000000000000e+03 4.580530000000000002e-06
