2.834650000000000000e+04 0.000000000000000000e+00
2.841250000000000000e+04 5.341839999999999875e-07
2.847850000000000000e+04 1.037949999999999947e-05
2.854450000000000000e+04 2.903450000000000128e-05
2.861050000000000000e+04 5.351489999999999817e-05
2.867650000000000000e+04 8.069189999999999902e-05
2.874250000000000000e+04 9.917270000000000002e-05
2.880850000000000000e+04 1.042070000000000003e-04
2.887450000000000000e+04 1.058820000000000003e-04
2.894050000000000000e+04 1.072480000000000004e-04
2.900650000000000000e+04 1.098839999999999935e-04
2.907250000000000000e+04 1.176950000000000039e-04
2.913850000000000000e+04 1.280429999999999936e-04
2.920450000000000000e+04 1.238850000000000107e-04
2.927050000000000000e+04 1.144750000000000043e-04
2.933650000000000000e+04 1.181229999999999937e-04
2.940250000000000000e+04 1.292710000000000029e-04
2.946850000000000000e+04 1.419600000000000029e-04
2.953450000000000000e+04 1.636970000000000016e-04
2.960050000000000000e+04 1.993479999999999894e-04
2.966650000000000000e+04 2.439270000000000110e-04
2.973250000000000000e+04 3.174799999999999758e-04
2.979850000000000000e+04 5.827430000000000413e-04
2.986450000000000000e+04 1.135640000000000044e-03
2.993050000000000000e+04 2.727910000000000057e-03
2.999650000000000000e+04 5.282529999999999691e-03
3.006250000000000000e+04 9.857819999999999777e-03
3.012850000000000000e+04 1.560109999999999969e-02
3.019450000000000000e+04 2.351819999999999952e-02
3.026050000000000000e+04 3.227279999999999732e-02
3.032650000000000000e+04 4.205829999999999985e-02
3.039250000000000000e+04 5.172149999999999664e-02
3.045850000000000000e+04 6.107669999999999766e-02
3.052450000000000000e+04 6.936000000000000498e-02
3.059050000000000000e+04 7.772389999999999854e-02
3.065650000000000000e+04 8.509200000000000097e-02
3.072250000000000000e+04 9.206419999999999881e-02
3.078850000000000000e+04 9.837840000000000473e-02
3.085450000000000000e+04 1.040429999999999966e-01
3.092050000000000000e+04 1.078500000000000014e-01
3.098650000000000000e+04 1.106250000000000011e-01
3.105250000000000000e+04 1.127569999999999961e-01
3.111850000000000000e+04 1.147470000000000018e-01
3.118450000000000000e+04 1.165390000000000037e-01
3.125050000000000000e+04 1.185540000000000066e-01
3.131650000000000000e+04 1.216649999999999954e-01
3.138250000000000000e+04 1.264339999999999908e-01
3.144850000000000000e+04 1.351169999999999871e-01
3.151450000000000000e+04 1.466429999999999956e-01
3.158050000000000000e+04 1.622409999999999963e-01
3.164650000000000000e+04 1.800269999999999926e-01
3.171250000000000000e+04 1.990609999999999880e-01
3.177850000000000000e+04 2.176990000000000036e-01
3.184450000000000000e+04 2.340990000000000015e-01
3.191050000000000000e+04 2.470150000000000123e-01
3.197650000000000000e+04 2.564690000000000025e-01
3.204250000000000000e+04 2.670049999999999923e-01
3.210850000000000000e+04 2.790429999999999855e-01
3.217450000000000000e+04 2.917560000000000153e-01
3.224050000000000000e+04 3.040410000000000057e-01
3.230650000000000000e+04 3.147260000000000058e-01
3.237250000000000000e+04 3.243010000000000059e-01
3.243850000000000000e+04 3.339699999999999891e-01
3.250450000000000000e+04 3.435759999999999925e-01
3.257050000000000000e+04 3.530670000000000197e-01
3.263650000000000000e+04 3.638640000000000208e-01
3.270250000000000000e+04 3.766149999999999776e-01
3.276850000000000000e+04 3.910120000000000262e-01
3.283450000000000000e+04 4.070670000000000122e-01
3.290050000000000000e+04 4.248899999999999899e-01
3.296650000000000000e+04 4.436550000000000216e-01
3.303250000000000000e+04 4.646589999999999887e-01
3.309850000000000000e+04 4.895689999999999764e-01
3.316450000000000000e+04 5.156629999999999825e-01
3.323050000000000000e+04 5.417849999999999611e-01
3.329650000000000000e+04 5.678279999999999994e-01
3.336250000000000000e+04 5.938050000000000272e-01
3.342850000000000000e+04 6.181259999999999533e-01
3.349450000000000000e+04 6.425570000000000448e-01
3.356050000000000000e+04 6.640970000000000484e-01
3.362650000000000000e+04 6.814839999999999787e-01
3.369250000000000000e+04 6.982610000000000205e-01
3.375850000000000000e+04 7.138550000000000173e-01
3.382450000000000000e+04 7.291260000000000518e-01
3.389050000000000000e+04 7.419210000000000527e-01
3.395650000000000000e+04 7.533830000000000249e-01
3.402250000000000000e+04 7.621459999999999901e-01
3.408850000000000000e+04 7.689110000000000111e-01
3.415450000000000000e+04 7.748589999999999645e-01
3.422050000000000000e+04 7.806340000000000501e-01
3.428650000000000000e+04 7.855069999999999553e-01
3.435250000000000000e+04 7.890150000000000219e-01
3.441850000000000000e+04 7.921340000000000048e-01
3.448450000000000000e+04 7.925410000000000510e-01
3.455050000000000000e+04 7.912090000000000511e-01
3.461650000000000000e+04 7.900530000000000053e-01
3.468250000000000000e+04 7.887070000000000469e-01
3.474850000000000000e+04 7.892569999999999864e-01
3.481450000000000000e+04 7.930460000000000287e-01
3.488050000000000000e+04 7.974710000000000409e-01
3.494650000000000000e+04 8.015320000000000222e-01
3.501250000000000000e+04 8.060589999999999700e-01
3.507850000000000000e+04 8.095579999999999998e-01
3.514450000000000000e+04 8.130479999999999929e-01
3.521050000000000000e+04 8.164160000000000306e-01
3.527650000000000000e+04 8.192850000000000410e-01
3.534250000000000000e+04 8.232000000000000428e-01
3.540850000000000000e+04 8.262019999999999920e-01
3.547450000000000000e+04 8.301920000000000410e-01
3.554050000000000000e+04 8.344190000000000218e-01
3.560650000000000000e+04 8.381739999999999746e-01
3.567250000000000000e+04 8.427959999999999896e-01
3.573850000000000000e+04 8.471349999999999714e-01
3.580450000000000000e+04 8.513319999999999776e-01
3.587050000000000000e+04 8.543370000000000131e-01
3.593650000000000000e+04 8.550379999999999647e-01
3.600250000000000000e+04 8.545570000000000110e-01
3.606850000000000000e+04 8.528639999999999555e-01
3.613450000000000000e+04 8.510379999999999612e-01
3.620050000000000000e+04 8.509109999999999729e-01
3.626650000000000000e+04 8.512969999999999704e-01
3.633250000000000000e+04 8.531050000000000022e-01
3.639850000000000000e+04 8.558280000000000332e-01
3.646450000000000000e+04 8.587500000000000133e-01
3.653050000000000000e+04 8.615260000000000140e-01
3.659650000000000000e+04 8.633459999999999468e-01
3.666250000000000000e+04 8.634910000000000085e-01
3.672850000000000000e+04 8.620100000000000540e-01
3.679450000000000000e+04 8.604610000000000314e-01
3.686050000000000000e+04 8.595850000000000435e-01
3.692650000000000000e+04 8.617110000000000047e-01
3.699250000000000000e+04 8.666690000000000227e-01
3.705850000000000000e+04 8.735720000000000152e-01
3.712450000000000000e+04 8.812999999999999723e-01
3.719050000000000000e+04 8.879439999999999555e-01
3.725650000000000000e+04 8.925859999999999905e-01
3.732250000000000000e+04 8.959190000000000209e-01
3.738850000000000000e+04 8.981230000000000047e-01
3.745450000000000000e+04 8.993670000000000275e-01
3.752050000000000000e+04 9.013929999999999998e-01
3.758650000000000000e+04 9.023900000000000254e-01
3.765250000000000000e+04 9.043710000000000360e-01
3.771850000000000000e+04 9.069409999999999972e-01
3.778450000000000000e+04 9.093799999999999661e-01
3.785050000000000000e+04 9.131099999999999772e-01
3.791650000000000000e+04 9.162339999999999929e-01
3.798250000000000000e+04 9.193050000000000388e-01
3.804850000000000000e+04 9.222470000000000390e-01
3.811450000000000000e+04 9.244489999999999652e-01
3.818050000000000000e+04 9.268279999999999852e-01
3.824650000000000000e+04 9.288669999999999982e-01
3.831250000000000000e+04 9.302709999999999591e-01
3.837850000000000000e+04 9.311110000000000220e-01
3.844450000000000000e+04 9.317640000000000366e-01
3.851050000000000000e+04 9.322639999999999816e-01
3.857650000000000000e+04 9.337670000000000137e-01
3.864250000000000000e+04 9.362009999999999499e-01
3.870850000000000000e+04 9.403200000000000447e-01
3.877450000000000000e+04 9.457299999999999596e-01
3.884050000000000000e+04 9.518910000000000426e-01
3.890650000000000000e+04 9.582580000000000542e-01
3.897250000000000000e+04 9.630530000000000479e-01
3.903850000000000000e+04 9.670649999999999524e-01
3.910450000000000000e+04 9.688430000000000097e-01
3.917050000000000000e+04 9.696839999999999904e-01
3.923650000000000000e+04 9.700720000000000454e-01
3.930250000000000000e+04 9.700429999999999886e-01
3.936850000000000000e+04 9.709820000000000118e-01
3.943450000000000000e+04 9.725310000000000343e-01
3.950050000000000000e+04 9.747120000000000228e-01
3.956650000000000000e+04 9.772279999999999855e-01
3.963250000000000000e+04 9.802929999999999700e-01
3.969850000000000000e+04 9.832279999999999909e-01
3.976450000000000000e+04 9.861010000000000053e-01
3.983050000000000000e+04 9.888470000000000315e-01
3.989650000000000000e+04 9.905739999999999545e-01
3.996250000000000000e+04 9.917920000000000069e-01
4.002850000000000000e+04 9.920799999999999619e-01
4.009450000000000000e+04 9.909890000000000088e-01
4.016050000000000000e+04 9.895040000000000502e-01
4.022650000000000000e+04 9.876850000000000351e-01
4.029250000000000000e+04 9.862119999999999775e-01
4.035850000000000000e+04 9.862710000000000088e-01
4.042450000000000000e+04 9.874380000000000379e-01
4.049050000000000000e+04 9.896559999999999802e-01
4.055650000000000000e+04 9.928379999999999983e-01
4.062250000000000000e+04 9.956829999999999847e-01
4.068850000000000000e+04 9.983079999999999732e-01
4.075450000000000000e+04 1.000000000000000000e+00
4.082050000000000000e+04 9.996650000000000258e-01
4.088650000000000000e+04 9.985690000000000399e-01
4.095250000000000000e+04 9.960269999999999957e-01
4.101850000000000000e+04 9.927650000000000086e-01
4.108450000000000000e+04 9.900809999999999889e-01
4.115050000000000000e+04 9.878160000000000274e-01
4.121650000000000000e+04 9.872009999999999952e-01
4.128250000000000000e+04 9.876239999999999464e-01
4.134850000000000000e+04 9.889569999999999750e-01
4.141450000000000000e+04 9.905859999999999665e-01
4.148050000000000000e+04 9.921290000000000386e-01
4.154650000000000000e+04 9.933640000000000247e-01
4.161250000000000000e+04 9.943610000000000504e-01
4.167850000000000000e+04 9.951149999999999718e-01
4.174450000000000000e+04 9.955610000000000293e-01
4.181050000000000000e+04 9.943239999999999856e-01
4.187650000000000000e+04 9.912809999999999677e-01
4.194250000000000000e+04 9.855760000000000076e-01
4.200850000000000000e+04 9.781779999999999919e-01
4.207450000000000000e+04 9.694420000000000259e-01
4.214050000000000000e+04 9.604709999999999637e-01
4.220650000000000000e+04 9.514310000000000267e-01
4.227250000000000000e+04 9.417830000000000368e-01
4.233850000000000000e+04 9.315529999999999644e-01
4.240450000000000000e+04 9.195020000000000415e-01
4.247050000000000000e+04 9.073999999999999844e-01
4.253650000000000000e+04 8.958390000000000519e-01
4.260250000000000000e+04 8.853790000000000271e-01
4.266850000000000000e+04 8.775389999999999580e-01
4.273450000000000000e+04 8.699489999999999723e-01
4.280050000000000000e+04 8.633140000000000258e-01
4.286650000000000000e+04 8.554880000000000262e-01
4.293250000000000000e+04 8.463410000000000100e-01
4.299850000000000000e+04 8.365770000000000151e-01
4.306450000000000000e+04 8.275460000000000038e-01
4.313050000000000000e+04 8.197229999999999794e-01
4.319650000000000000e+04 8.151909999999999989e-01
4.326250000000000000e+04 8.118630000000000013e-01
4.332850000000000000e+04 8.107379999999999587e-01
4.339450000000000000e+04 8.103510000000000435e-01
4.346050000000000000e+04 8.092880000000000074e-01
4.352650000000000000e+04 8.077910000000000368e-01
4.359250000000000000e+04 8.041110000000000202e-01
4.365850000000000000e+04 7.992350000000000287e-01
4.372450000000000000e+04 7.934470000000000134e-01
4.379050000000000000e+04 7.868169999999999886e-01
4.385650000000000000e+04 7.806199999999999806e-01
4.392250000000000000e+04 7.745389999999999775e-01
4.398850000000000000e+04 7.682729999999999837e-01
4.405450000000000000e+04 7.623079999999999856e-01
4.412050000000000000e+04 7.558359999999999523e-01
4.418650000000000000e+04 7.495610000000000328e-01
4.425250000000000000e+04 7.434060000000000112e-01
4.431850000000000000e+04 7.372659999999999769e-01
4.438450000000000000e+04 7.316150000000000153e-01
4.445050000000000000e+04 7.257130000000000525e-01
4.451650000000000000e+04 7.194150000000000267e-01
4.458250000000000000e+04 7.125740000000000407e-01
4.464850000000000000e+04 7.047909999999999453e-01
4.471450000000000000e+04 6.964599999999999680e-01
4.478050000000000000e+04 6.882190000000000252e-01
4.484650000000000000e+04 6.800650000000000306e-01
4.491250000000000000e+04 6.724149999999999849e-01
4.497850000000000000e+04 6.656159999999999854e-01
4.504450000000000000e+04 6.592240000000000322e-01
4.511050000000000000e+04 6.536950000000000260e-01
4.517650000000000000e+04 6.484539999999999749e-01
4.524250000000000000e+04 6.429949999999999832e-01
4.530850000000000000e+04 6.374389999999999779e-01
4.537450000000000000e+04 6.311890000000000001e-01
4.544050000000000000e+04 6.246629999999999683e-01
4.550650000000000000e+04 6.174119999999999608e-01
4.557250000000000000e+04 6.096470000000000500e-01
4.563850000000000000e+04 6.014399999999999746e-01
4.570450000000000000e+04 5.925169999999999604e-01
4.577050000000000000e+04 5.831969999999999654e-01
4.583650000000000000e+04 5.734209999999999585e-01
4.590250000000000000e+04 5.635630000000000361e-01
4.596850000000000000e+04 5.541989999999999972e-01
4.603450000000000000e+04 5.451350000000000362e-01
4.610050000000000000e+04 5.363790000000000502e-01
4.616650000000000000e+04 5.275600000000000289e-01
4.623250000000000000e+04 5.184090000000000087e-01
4.629850000000000000e+04 5.085480000000000000e-01
4.636450000000000000e+04 4.981160000000000032e-01
4.643050000000000000e+04 4.873179999999999734e-01
4.649650000000000000e+04 4.761349999999999749e-01
4.656250000000000000e+04 4.651120000000000254e-01
4.662850000000000000e+04 4.539110000000000089e-01
4.669450000000000000e+04 4.429150000000000031e-01
4.676050000000000000e+04 4.321820000000000106e-01
4.682650000000000000e+04 4.219820000000000237e-01
4.689250000000000000e+04 4.125210000000000266e-01
4.695850000000000000e+04 4.038059999999999983e-01
4.702450000000000000e+04 3.957669999999999799e-01
4.709050000000000000e+04 3.884380000000000055e-01
4.715650000000000000e+04 3.812630000000000186e-01
4.722250000000000000e+04 3.744290000000000118e-01
4.728850000000000000e+04 3.674140000000000184e-01
4.735450000000000000e+04 3.603399999999999936e-01
4.742050000000000000e+04 3.528029999999999777e-01
4.748650000000000000e+04 3.448769999999999891e-01
4.755250000000000000e+04 3.363079999999999958e-01
4.761850000000000000e+04 3.270580000000000154e-01
4.768450000000000000e+04 3.171729999999999827e-01
4.775050000000000000e+04 3.068339999999999956e-01
4.781650000000000000e+04 2.964040000000000008e-01
4.788250000000000000e+04 2.859360000000000235e-01
4.794850000000000000e+04 2.756839999999999846e-01
4.801450000000000000e+04 2.651589999999999780e-01
4.808050000000000000e+04 2.546129999999999782e-01
4.814650000000000000e+04 2.437370000000000092e-01
4.821250000000000000e+04 2.326880000000000059e-01
4.827850000000000000e+04 2.216710000000000069e-01
4.834450000000000000e+04 2.104189999999999949e-01
4.841050000000000000e+04 1.990039999999999865e-01
4.847650000000000000e+04 1.874089999999999923e-01
4.854250000000000000e+04 1.754080000000000084e-01
4.860850000000000000e+04 1.632510000000000072e-01
4.867450000000000000e+04 1.509000000000000064e-01
4.874050000000000000e+04 1.385589999999999877e-01
4.880650000000000000e+04 1.266259999999999886e-01
4.887250000000000000e+04 1.151969999999999938e-01
4.893850000000000000e+04 1.043319999999999942e-01
4.900450000000000000e+04 9.429819999999999869e-02
4.907050000000000000e+04 8.475729999999999376e-02
4.913650000000000000e+04 7.582579999999999876e-02
4.920250000000000000e+04 6.747000000000000219e-02
4.926850000000000000e+04 5.979210000000000080e-02
4.933450000000000000e+04 5.265960000000000085e-02
4.940050000000000000e+04 4.619329999999999964e-02
4.946650000000000000e+04 4.015559999999999963e-02
4.953250000000000000e+04 3.494400000000000284e-02
4.959850000000000000e+04 3.013340000000000116e-02
4.966450000000000000e+04 2.587100000000000163e-02
4.973050000000000000e+04 2.201439999999999994e-02
4.979650000000000000e+04 1.871360000000000037e-02
4.986250000000000000e+04 1.565180000000000043e-02
4.992850000000000000e+04 1.299860000000000078e-02
4.999450000000000000e+04 1.055309999999999929e-02
5.006050000000000000e+04 8.479999999999999691e-03
5.012650000000000000e+04 6.738830000000000341e-03
5.019250000000000000e+04 5.349040000000000218e-03
5.025850000000000000e+04 4.255369999999999639e-03
5.032450000000000000e+04 3.489439999999999903e-03
5.039050000000000000e+04 2.910610000000000107e-03
5.045650000000000000e+04 2.481080000000000091e-03
5.052250000000000000e+04 2.144590000000000038e-03
5.058850000000000000e+04 1.794119999999999960e-03
5.065450000000000000e+04 1.456770000000000027e-03
5.072050000000000000e+04 1.234429999999999902e-03
5.078650000000000000e+04 1.104790000000000025e-03
5.085250000000000000e+04 1.004930000000000016e-03
5.091850000000000000e+04 8.963830000000000539e-04
5.098450000000000000e+04 8.159559999999999513e-04
5.105050000000000000e+04 7.772639999999999497e-04
5.111650000000000000e+04 7.419259999999999571e-04
5.118250000000000000e+04 6.984289999999999769e-04
5.124850000000000000e+04 6.656340000000000173e-04
5.131450000000000000e+04 6.234310000000000285e-04
5.138050000000000000e+04 5.737179999999999711e-04
5.144650000000000000e+04 5.440010000000000115e-04
5.151250000000000000e+04 5.274869999999999863e-04
5.157850000000000000e+04 4.971459999999999595e-04
5.164450000000000000e+04 4.343880000000000159e-04
5.171050000000000000e+04 3.803759999999999780e-04
5.177650000000000000e+04 3.609460000000000099e-04
5.184250000000000000e+04 3.421060000000000073e-04
5.190850000000000000e+04 3.188469999999999781e-04
5.197450000000000000e+04 2.854409999999999933e-04
5.204050000000000000e+04 2.529990000000000082e-04
5.210650000000000000e+04 2.562950000000000254e-04
5.217250000000000000e+04 2.477159999999999844e-04
5.223850000000000000e+04 1.880530000000000103e-04
5.230450000000000000e+04 1.414259999999999975e-04
5.237050000000000000e+04 1.295260000000000064e-04
5.243650000000000000e+04 1.153169999999999938e-04
5.250250000000000000e+04 1.066469999999999972e-04
5.256850000000000000e+04 1.063299999999999933e-04
5.263450000000000000e+04 9.236190000000000079e-05
5.270050000000000000e+04 6.845829999999999472e-05
5.276650000000000000e+04 6.280989999999999642e-05
5.283250000000000000e+04 7.340509999999999960e-05
5.289850000000000000e+04 7.463630000000000232e-05
5.296450000000000000e+04 5.194660000000000168e-05
5.303050000000000000e+04 1.802139999999999995e-05
5.309650000000000000e+04 1.100360000000000041e-06
