3.314000000000000000e+03 0.000000000000000000e+00
3.321000000000000000e+03 8.211889999999999823e-07
3.328000000000000000e+03 2.694560000000000168e-06
3.335000000000000000e+03 5.308169999999999866e-06
3.342000000000000000e+03 8.611600000000000694e-06
3.349000000000000000e+03 1.109639999999999933e-05
3.356000000000000000e+03 1.109700000000000065e-05
3.363000000000000000e+03 1.060759999999999988e-05
3.370000000000000000e+03 1.022099999999999921e-05
3.377000000000000000e+03 9.886049999999999986e-06
3.384000000000000000e+03 9.759589999999999845e-06
3.391000000000000000e+03 9.744440000000000507e-06
3.398000000000000000e+03 1.006509999999999957e-05
3.405000000000000000e+03 1.364180000000000041e-05
3.412000000000000000e+03 1.765710000000000074e-05
3.419000000000000000e+03 2.004480000000000161e-05
3.426000000000000000e+03 2.729359999999999902e-05
3.433000000000000000e+03 3.958570000000000285e-05
3.440000000000000000e+03 4.957320000000000167e-05
3.447000000000000000e+03 5.216109999999999768e-05
3.454000000000000000e+03 5.235239999999999702e-05
3.461000000000000000e+03 5.256599999999999782e-05
3.468000000000000000e+03 5.275449999999999779e-05
3.475000000000000000e+03 5.296119999999999702e-05
3.482000000000000000e+03 5.347340000000000204e-05
3.489000000000000000e+03 5.425969999999999822e-05
3.496000000000000000e+03 5.470700000000000324e-05
3.503000000000000000e+03 5.537400000000000210e-05
3.510000000000000000e+03 5.651549999999999787e-05
3.517000000000000000e+03 5.753809999999999719e-05
3.524000000000000000e+03 5.804599999999999956e-05
3.531000000000000000e+03 5.836470000000000042e-05
3.538000000000000000e+03 5.889970000000000123e-05
3.545000000000000000e+03 5.939110000000000130e-05
3.552000000000000000e+03 5.954630000000000280e-05
3.559000000000000000e+03 5.950560000000000165e-05
3.566000000000000000e+03 5.937779999999999924e-05
3.573000000000000000e+03 5.926579999999999761e-05
3.580000000000000000e+03 5.917639999999999809e-05
3.587000000000000000e+03 5.929550000000000174e-05
3.594000000000000000e+03 5.956750000000000185e-05
3.601000000000000000e+03 6.007209999999999698e-05
3.608000000000000000e+03 6.102960000000000264e-05
3.615000000000000000e+03 6.228259999999999894e-05
3.622000000000000000e+03 6.409919999999999778e-05
3.629000000000000000e+03 6.598669999999999623e-05
3.636000000000000000e+03 6.777650000000000406e-05
3.643000000000000000e+03 6.925439999999999884e-05
3.650000000000000000e+03 7.028800000000000195e-05
3.657000000000000000e+03 7.109860000000000398e-05
3.664000000000000000e+03 7.194250000000000449e-05
3.671000000000000000e+03 7.276450000000000441e-05
3.678000000000000000e+03 7.345989999999999779e-05
3.685000000000000000e+03 7.378499999999999913e-05
3.692000000000000000e+03 7.420089999999999629e-05
3.699000000000000000e+03 7.480279999999999471e-05
3.706000000000000000e+03 7.566620000000000409e-05
3.713000000000000000e+03 7.717690000000000303e-05
3.720000000000000000e+03 7.924630000000000053e-05
3.727000000000000000e+03 8.184879999999999467e-05
3.734000000000000000e+03 8.445969999999999368e-05
3.741000000000000000e+03 8.711659999999999868e-05
3.748000000000000000e+03 8.969199999999999439e-05
3.755000000000000000e+03 9.212569999999999787e-05
3.762000000000000000e+03 9.385390000000000616e-05
3.769000000000000000e+03 9.508739999999999359e-05
3.776000000000000000e+03 9.595609999999999426e-05
3.783000000000000000e+03 9.654630000000000091e-05
3.790000000000000000e+03 9.750280000000000437e-05
3.797000000000000000e+03 9.908130000000000290e-05
3.804000000000000000e+03 1.015659999999999962e-04
3.811000000000000000e+03 1.043839999999999953e-04
3.818000000000000000e+03 1.073680000000000061e-04
3.825000000000000000e+03 1.104880000000000033e-04
3.832000000000000000e+03 1.134860000000000041e-04
3.839000000000000000e+03 1.165710000000000059e-04
3.846000000000000000e+03 1.199399999999999935e-04
3.853000000000000000e+03 1.235859999999999921e-04
3.860000000000000000e+03 1.276860000000000104e-04
3.867000000000000000e+03 1.320469999999999912e-04
3.874000000000000000e+03 1.362149999999999960e-04
3.881000000000000000e+03 1.405439999999999879e-04
3.888000000000000000e+03 1.455729999999999969e-04
3.895000000000000000e+03 1.512990000000000027e-04
3.902000000000000000e+03 1.573280000000000089e-04
3.909000000000000000e+03 1.630489999999999902e-04
3.916000000000000000e+03 1.690410000000000100e-04
3.923000000000000000e+03 1.753360000000000031e-04
3.930000000000000000e+03 1.821260000000000110e-04
3.937000000000000000e+03 1.889009999999999995e-04
3.944000000000000000e+03 1.962950000000000036e-04
3.951000000000000000e+03 2.041699999999999917e-04
3.958000000000000000e+03 2.130690000000000025e-04
3.965000000000000000e+03 2.213469999999999934e-04
3.972000000000000000e+03 2.285250000000000118e-04
3.979000000000000000e+03 2.392779999999999950e-04
3.986000000000000000e+03 2.495730000000000040e-04
3.993000000000000000e+03 2.584199999999999822e-04
4.000000000000000000e+03 2.653089999999999767e-04
4.007000000000000000e+03 2.775230000000000058e-04
4.014000000000000000e+03 2.984400000000000225e-04
4.021000000000000000e+03 3.253409999999999874e-04
4.028000000000000000e+03 3.603799999999999885e-04
4.035000000000000000e+03 4.034220000000000145e-04
4.042000000000000000e+03 4.533420000000000245e-04
4.049000000000000000e+03 5.063259999999999766e-04
4.056000000000000000e+03 5.605939999999999795e-04
4.063000000000000000e+03 6.189350000000000364e-04
4.070000000000000000e+03 6.853010000000000308e-04
4.077000000000000000e+03 7.583460000000000201e-04
4.084000000000000000e+03 8.464510000000000176e-04
4.091000000000000000e+03 1.001799999999999956e-03
4.098000000000000000e+03 1.244920000000000054e-03
4.105000000000000000e+03 1.576279999999999999e-03
4.112000000000000000e+03 2.110630000000000058e-03
4.119000000000000000e+03 2.806760000000000158e-03
4.126000000000000000e+03 3.692040000000000165e-03
4.133000000000000000e+03 4.715539999999999836e-03
4.140000000000000000e+03 6.131730000000000166e-03
4.147000000000000000e+03 7.769840000000000080e-03
4.154000000000000000e+03 9.691810000000000355e-03
4.161000000000000000e+03 1.193409999999999957e-02
4.168000000000000000e+03 1.449660000000000011e-02
4.175000000000000000e+03 1.745789999999999842e-02
4.182000000000000000e+03 2.070320000000000146e-02
4.189000000000000000e+03 2.443829999999999961e-02
4.196000000000000000e+03 2.845630000000000034e-02
4.203000000000000000e+03 3.290959999999999719e-02
4.210000000000000000e+03 3.767600000000000116e-02
4.217000000000000000e+03 4.277000000000000246e-02
4.224000000000000000e+03 4.820200000000000179e-02
4.231000000000000000e+03 5.385790000000000022e-02
4.238000000000000000e+03 5.989280000000000298e-02
4.245000000000000000e+03 6.608830000000000260e-02
4.252000000000000000e+03 7.257539999999999825e-02
4.259000000000000000e+03 7.930990000000000262e-02
4.266000000000000000e+03 8.632739999999999858e-02
4.273000000000000000e+03 9.377050000000000662e-02
4.280000000000000000e+03 1.015859999999999957e-01
4.287000000000000000e+03 1.099929999999999936e-01
4.294000000000000000e+03 1.190210000000000018e-01
4.301000000000000000e+03 1.287770000000000026e-01
4.308000000000000000e+03 1.395599999999999896e-01
4.315000000000000000e+03 1.510700000000000098e-01
4.322000000000000000e+03 1.639390000000000014e-01
4.329000000000000000e+03 1.774809999999999999e-01
4.336000000000000000e+03 1.922319999999999862e-01
4.343000000000000000e+03 2.073679999999999968e-01
4.350000000000000000e+03 2.238529999999999964e-01
4.357000000000000000e+03 2.409020000000000050e-01
4.364000000000000000e+03 2.585040000000000115e-01
4.371000000000000000e+03 2.768550000000000177e-01
4.378000000000000000e+03 2.952219999999999844e-01
4.385000000000000000e+03 3.130780000000000229e-01
4.392000000000000000e+03 3.301129999999999898e-01
4.399000000000000000e+03 3.453160000000000118e-01
4.406000000000000000e+03 3.590570000000000150e-01
4.413000000000000000e+03 3.706050000000000177e-01
4.420000000000000000e+03 3.810660000000000158e-01
4.427000000000000000e+03 3.897610000000000241e-01
4.434000000000000000e+03 3.976580000000000115e-01
4.441000000000000000e+03 4.042200000000000237e-01
4.448000000000000000e+03 4.095619999999999816e-01
4.455000000000000000e+03 4.140599999999999836e-01
4.462000000000000000e+03 4.173870000000000080e-01
4.469000000000000000e+03 4.204149999999999832e-01
4.476000000000000000e+03 4.222000000000000197e-01
4.483000000000000000e+03 4.232650000000000023e-01
4.490000000000000000e+03 4.235990000000000033e-01
4.497000000000000000e+03 4.235729999999999773e-01
4.504000000000000000e+03 4.232670000000000043e-01
4.511000000000000000e+03 4.227069999999999994e-01
4.518000000000000000e+03 4.227639999999999731e-01
4.525000000000000000e+03 4.235090000000000243e-01
4.532000000000000000e+03 4.267219999999999902e-01
4.539000000000000000e+03 4.326619999999999910e-01
4.546000000000000000e+03 4.421539999999999915e-01
4.553000000000000000e+03 4.567769999999999886e-01
4.560000000000000000e+03 4.748609999999999776e-01
4.567000000000000000e+03 4.976369999999999960e-01
4.574000000000000000e+03 5.260259999999999936e-01
4.581000000000000000e+03 5.591690000000000271e-01
4.588000000000000000e+03 6.016690000000000094e-01
4.595000000000000000e+03 6.490240000000000453e-01
4.602000000000000000e+03 7.034620000000000317e-01
4.609000000000000000e+03 7.614649999999999475e-01
4.616000000000000000e+03 8.149170000000000025e-01
4.623000000000000000e+03 8.623020000000000129e-01
4.630000000000000000e+03 9.009260000000000046e-01
4.637000000000000000e+03 9.321450000000000014e-01
4.644000000000000000e+03 9.533669999999999645e-01
4.651000000000000000e+03 9.704679999999999973e-01
4.658000000000000000e+03 9.810440000000000271e-01
4.665000000000000000e+03 9.914469999999999672e-01
4.672000000000000000e+03 9.973009999999999931e-01
4.679000000000000000e+03 1.000000000000000000e+00
4.686000000000000000e+03 9.997610000000000108e-01
4.693000000000000000e+03 9.974859999999999838e-01
4.700000000000000000e+03 9.944979999999999931e-01
4.707000000000000000e+03 9.920889999999999986e-01
4.714000000000000000e+03 9.907350000000000323e-01
4.721000000000000000e+03 9.889639999999999542e-01
4.728000000000000000e+03 9.866359999999999575e-01
4.735000000000000000e+03 9.829780000000000184e-01
4.742000000000000000e+03 9.780119999999999925e-01
4.749000000000000000e+03 9.714300000000000157e-01
4.756000000000000000e+03 9.620290000000000230e-01
4.763000000000000000e+03 9.456499999999999906e-01
4.770000000000000000e+03 9.213729999999999976e-01
4.777000000000000000e+03 8.862619999999999942e-01
4.784000000000000000e+03 8.356320000000000414e-01
4.791000000000000000e+03 7.777789999999999981e-01
4.798000000000000000e+03 7.073340000000000183e-01
4.805000000000000000e+03 6.347310000000000452e-01
4.812000000000000000e+03 5.598480000000000123e-01
4.819000000000000000e+03 4.884279999999999733e-01
4.826000000000000000e+03 4.253430000000000266e-01
4.833000000000000000e+03 3.717409999999999881e-01
4.840000000000000000e+03 3.298849999999999838e-01
4.847000000000000000e+03 3.015590000000000215e-01
4.854000000000000000e+03 2.808280000000000221e-01
4.861000000000000000e+03 2.673130000000000228e-01
4.868000000000000000e+03 2.591510000000000202e-01
4.875000000000000000e+03 2.538940000000000086e-01
4.882000000000000000e+03 2.485429999999999862e-01
4.889000000000000000e+03 2.434709999999999930e-01
4.896000000000000000e+03 2.381669999999999898e-01
4.903000000000000000e+03 2.321249999999999980e-01
4.910000000000000000e+03 2.265560000000000074e-01
4.917000000000000000e+03 2.212409999999999932e-01
4.924000000000000000e+03 2.165380000000000082e-01
4.931000000000000000e+03 2.124900000000000122e-01
4.938000000000000000e+03 2.098820000000000130e-01
4.945000000000000000e+03 2.085869999999999946e-01
4.952000000000000000e+03 2.087920000000000054e-01
4.959000000000000000e+03 2.091909999999999881e-01
4.966000000000000000e+03 2.085509999999999864e-01
4.973000000000000000e+03 2.075670000000000015e-01
4.980000000000000000e+03 2.058929999999999927e-01
4.987000000000000000e+03 2.043040000000000134e-01
4.994000000000000000e+03 2.033719999999999972e-01
5.001000000000000000e+03 2.022289999999999921e-01
5.008000000000000000e+03 2.008719999999999950e-01
5.015000000000000000e+03 1.988020000000000065e-01
5.022000000000000000e+03 1.962129999999999985e-01
5.029000000000000000e+03 1.936060000000000003e-01
5.036000000000000000e+03 1.903539999999999954e-01
5.043000000000000000e+03 1.866259999999999863e-01
5.050000000000000000e+03 1.829669999999999908e-01
5.057000000000000000e+03 1.794729999999999936e-01
5.064000000000000000e+03 1.757499999999999896e-01
5.071000000000000000e+03 1.722460000000000102e-01
5.078000000000000000e+03 1.678939999999999877e-01
5.085000000000000000e+03 1.623410000000000131e-01
5.092000000000000000e+03 1.560970000000000135e-01
5.099000000000000000e+03 1.492159999999999875e-01
5.106000000000000000e+03 1.420540000000000136e-01
5.113000000000000000e+03 1.345069999999999877e-01
5.120000000000000000e+03 1.264399999999999968e-01
5.127000000000000000e+03 1.180199999999999999e-01
5.134000000000000000e+03 1.095229999999999954e-01
5.141000000000000000e+03 1.012220000000000064e-01
5.148000000000000000e+03 9.335060000000000580e-02
5.155000000000000000e+03 8.603909999999999336e-02
5.162000000000000000e+03 7.922440000000000038e-02
5.169000000000000000e+03 7.286230000000000484e-02
5.176000000000000000e+03 6.695450000000000013e-02
5.183000000000000000e+03 6.146019999999999955e-02
5.190000000000000000e+03 5.632929999999999882e-02
5.197000000000000000e+03 5.160420000000000285e-02
5.204000000000000000e+03 4.728689999999999977e-02
5.211000000000000000e+03 4.334600000000000258e-02
5.218000000000000000e+03 3.975259999999999905e-02
5.225000000000000000e+03 3.647040000000000004e-02
5.232000000000000000e+03 3.350369999999999737e-02
5.239000000000000000e+03 3.082450000000000120e-02
5.246000000000000000e+03 2.842379999999999907e-02
5.253000000000000000e+03 2.626260000000000053e-02
5.260000000000000000e+03 2.432650000000000090e-02
5.267000000000000000e+03 2.256069999999999950e-02
5.274000000000000000e+03 2.091519999999999838e-02
5.281000000000000000e+03 1.937509999999999927e-02
5.288000000000000000e+03 1.793200000000000002e-02
5.295000000000000000e+03 1.656169999999999864e-02
5.302000000000000000e+03 1.521589999999999922e-02
5.309000000000000000e+03 1.389909999999999930e-02
5.316000000000000000e+03 1.261750000000000024e-02
5.323000000000000000e+03 1.139480000000000007e-02
5.330000000000000000e+03 1.024180000000000056e-02
5.337000000000000000e+03 9.013359999999999775e-03
5.344000000000000000e+03 7.598650000000000196e-03
5.351000000000000000e+03 6.415810000000000089e-03
5.358000000000000000e+03 5.568100000000000306e-03
5.365000000000000000e+03 4.664240000000000053e-03
5.372000000000000000e+03 3.556989999999999891e-03
5.379000000000000000e+03 2.479480000000000052e-03
5.386000000000000000e+03 1.433220000000000023e-03
5.393000000000000000e+03 4.882999999999999971e-04
5.400000000000000000e+03 1.760780000000000038e-04
5.407000000000000000e+03 1.564819999999999970e-04
5.414000000000000000e+03 1.516520000000000042e-04
5.421000000000000000e+03 1.476209999999999881e-04
5.428000000000000000e+03 1.425739999999999939e-04
5.435000000000000000e+03 1.374210000000000112e-04
5.442000000000000000e+03 1.323119999999999895e-04
5.449000000000000000e+03 1.263620000000000075e-04
5.456000000000000000e+03 1.097309999999999968e-04
5.463000000000000000e+03 8.848960000000000061e-05
5.470000000000000000e+03 7.629549999999999483e-05
5.477000000000000000e+03 6.147059999999999384e-05
5.484000000000000000e+03 3.313069999999999774e-05
5.491000000000000000e+03 9.039180000000000080e-06
