2.053500000000000000e+03 0.000000000000000000e+00
2.057500000000000000e+03 1.458379999999999960e-06
2.061500000000000000e+03 4.736040000000000314e-06
2.065500000000000000e+03 7.885320000000000255e-06
2.069500000000000000e+03 1.080049999999999934e-05
2.073500000000000000e+03 1.370300000000000077e-05
2.077500000000000000e+03 1.424869999999999963e-05
2.081500000000000000e+03 1.364500000000000065e-05
2.085500000000000000e+03 1.315399999999999976e-05
2.089500000000000000e+03 1.282319999999999947e-05
2.093500000000000000e+03 1.252799999999999931e-05
2.097500000000000000e+03 1.246750000000000049e-05
2.101500000000000000e+03 1.245220000000000082e-05
2.105500000000000000e+03 1.252739999999999969e-05
2.109500000000000000e+03 1.264469999999999940e-05
2.113500000000000000e+03 1.286259999999999947e-05
2.117500000000000000e+03 1.327720000000000054e-05
2.121500000000000000e+03 1.368880000000000013e-05
2.125500000000000000e+03 1.411170000000000077e-05
2.129500000000000000e+03 1.454480000000000006e-05
2.133500000000000000e+03 1.483920000000000016e-05
2.137500000000000000e+03 1.503650000000000079e-05
2.141500000000000000e+03 1.516840000000000033e-05
2.145500000000000000e+03 1.515189999999999972e-05
2.149500000000000000e+03 1.508880000000000028e-05
2.153500000000000000e+03 1.470519999999999941e-05
2.157500000000000000e+03 1.425230000000000075e-05
2.161500000000000000e+03 1.375210000000000001e-05
2.165500000000000000e+03 1.315210000000000067e-05
2.169500000000000000e+03 1.264649999999999996e-05
2.173500000000000000e+03 1.239829999999999952e-05
2.177500000000000000e+03 1.217230000000000033e-05
2.181500000000000000e+03 1.209839999999999923e-05
2.185500000000000000e+03 1.208399999999999984e-05
2.189500000000000000e+03 1.207079999999999969e-05
2.193500000000000000e+03 1.205929999999999989e-05
2.197500000000000000e+03 1.204780000000000008e-05
2.201500000000000000e+03 1.203659999999999924e-05
2.205500000000000000e+03 1.202550000000000031e-05
2.209500000000000000e+03 1.201429999999999947e-05
2.213500000000000000e+03 1.200310000000000033e-05
2.217500000000000000e+03 1.199189999999999948e-05
2.221500000000000000e+03 1.198070000000000034e-05
2.225500000000000000e+03 1.196949999999999949e-05
2.229500000000000000e+03 1.195850000000000079e-05
2.233500000000000000e+03 1.194740000000000016e-05
2.237500000000000000e+03 1.193660000000000020e-05
2.241500000000000000e+03 1.192590000000000045e-05
2.245500000000000000e+03 1.191559999999999989e-05
2.249500000000000000e+03 1.190559999999999999e-05
2.253500000000000000e+03 1.189609999999999949e-05
2.257500000000000000e+03 1.188839999999999954e-05
2.261500000000000000e+03 1.188079999999999982e-05
2.265500000000000000e+03 1.187439999999999934e-05
2.269500000000000000e+03 1.186890000000000083e-05
2.273500000000000000e+03 1.186349999999999915e-05
2.277500000000000000e+03 1.185829999999999961e-05
2.281500000000000000e+03 1.185310000000000007e-05
2.285500000000000000e+03 1.184770000000000009e-05
2.289500000000000000e+03 1.184219999999999988e-05
2.293500000000000000e+03 1.183589999999999962e-05
2.297500000000000000e+03 1.182909999999999996e-05
2.301500000000000000e+03 1.182320000000000057e-05
2.305500000000000000e+03 1.181780000000000059e-05
2.309500000000000000e+03 1.186199999999999925e-05
2.313500000000000000e+03 1.213000000000000075e-05
2.317500000000000000e+03 1.242309999999999969e-05
2.321500000000000000e+03 1.282479999999999959e-05
2.325500000000000000e+03 1.340049999999999985e-05
2.329500000000000000e+03 1.392090000000000084e-05
2.333500000000000000e+03 1.434909999999999955e-05
2.337500000000000000e+03 1.480799999999999951e-05
2.341500000000000000e+03 1.535059999999999834e-05
2.345500000000000000e+03 1.587189999999999960e-05
2.349500000000000000e+03 1.647490000000000044e-05
2.353500000000000000e+03 1.722900000000000055e-05
2.357500000000000000e+03 1.796859999999999937e-05
2.361500000000000000e+03 1.868170000000000106e-05
2.365500000000000000e+03 1.941929999999999888e-05
2.369500000000000000e+03 2.026759999999999887e-05
2.373500000000000000e+03 2.111939999999999976e-05
2.377500000000000000e+03 2.202990000000000062e-05
2.381500000000000000e+03 2.307209999999999887e-05
2.385500000000000000e+03 2.421370000000000163e-05
2.389500000000000000e+03 2.554960000000000014e-05
2.393500000000000000e+03 2.690320000000000019e-05
2.397500000000000000e+03 2.848700000000000017e-05
2.401500000000000000e+03 3.021699999999999885e-05
2.405500000000000000e+03 3.216089999999999899e-05
2.409500000000000000e+03 3.429889999999999784e-05
2.413500000000000000e+03 3.661550000000000205e-05
2.417500000000000000e+03 3.951589999999999888e-05
2.421500000000000000e+03 4.254020000000000311e-05
2.425500000000000000e+03 4.615689999999999848e-05
2.429500000000000000e+03 5.013459999999999938e-05
2.433500000000000000e+03 5.446019999999999740e-05
2.437500000000000000e+03 5.932529999999999932e-05
2.441500000000000000e+03 6.449209999999999871e-05
2.445500000000000000e+03 7.064029999999999517e-05
2.449500000000000000e+03 7.700959999999999533e-05
2.453500000000000000e+03 8.438370000000000321e-05
2.457500000000000000e+03 9.249170000000000080e-05
2.461500000000000000e+03 1.016029999999999961e-04
2.465500000000000000e+03 1.121109999999999978e-04
2.469500000000000000e+03 1.232329999999999906e-04
2.473500000000000000e+03 2.977689999999999742e-04
2.477500000000000000e+03 6.184489999999999736e-04
2.481500000000000000e+03 9.504350000000000168e-04
2.485500000000000000e+03 1.305879999999999931e-03
2.489500000000000000e+03 1.705719999999999979e-03
2.493500000000000000e+03 2.395959999999999930e-03
2.497500000000000000e+03 3.146449999999999855e-03
2.501500000000000000e+03 4.091560000000000162e-03
2.505500000000000000e+03 5.133480000000000161e-03
2.509500000000000000e+03 6.247720000000000010e-03
2.513500000000000000e+03 7.462749999999999766e-03
2.517500000000000000e+03 8.686370000000000549e-03
2.521500000000000000e+03 9.932850000000000013e-03
2.525500000000000000e+03 1.117940000000000079e-02
2.529500000000000000e+03 1.237500000000000058e-02
2.533500000000000000e+03 1.361249999999999960e-02
2.537500000000000000e+03 1.495920000000000062e-02
2.541500000000000000e+03 1.629339999999999955e-02
2.545500000000000000e+03 1.769429999999999961e-02
2.549500000000000000e+03 1.918330000000000035e-02
2.553500000000000000e+03 2.085259999999999891e-02
2.557500000000000000e+03 2.267610000000000112e-02
2.561500000000000000e+03 2.459170000000000106e-02
2.565500000000000000e+03 2.685770000000000171e-02
2.569500000000000000e+03 2.929630000000000081e-02
2.573500000000000000e+03 3.201369999999999910e-02
2.577500000000000000e+03 3.506279999999999814e-02
2.581500000000000000e+03 3.835149999999999670e-02
2.585500000000000000e+03 4.232820000000000332e-02
2.589500000000000000e+03 4.650789999999999785e-02
2.593500000000000000e+03 5.108540000000000303e-02
2.597500000000000000e+03 5.607469999999999816e-02
2.601500000000000000e+03 6.141279999999999656e-02
2.605500000000000000e+03 6.732069999999999721e-02
2.609500000000000000e+03 7.353079999999999339e-02
2.613500000000000000e+03 8.017509999999999915e-02
2.617500000000000000e+03 8.720400000000000373e-02
2.621500000000000000e+03 9.423520000000000507e-02
2.625500000000000000e+03 1.016800000000000065e-01
2.629500000000000000e+03 1.089610000000000023e-01
2.633500000000000000e+03 1.163249999999999978e-01
2.637500000000000000e+03 1.236939999999999984e-01
2.641500000000000000e+03 1.308380000000000098e-01
2.645500000000000000e+03 1.380109999999999948e-01
2.649500000000000000e+03 1.448609999999999898e-01
2.653500000000000000e+03 1.514959999999999918e-01
2.657500000000000000e+03 1.577560000000000073e-01
2.661500000000000000e+03 1.634629999999999972e-01
2.665500000000000000e+03 1.688769999999999993e-01
2.669500000000000000e+03 1.736419999999999908e-01
2.673500000000000000e+03 1.778820000000000123e-01
2.677500000000000000e+03 1.814850000000000074e-01
2.681500000000000000e+03 1.842189999999999939e-01
2.685500000000000000e+03 1.863450000000000106e-01
2.689500000000000000e+03 1.872139999999999915e-01
2.693500000000000000e+03 1.877310000000000090e-01
2.697500000000000000e+03 1.884200000000000041e-01
2.701500000000000000e+03 1.884780000000000066e-01
2.705500000000000000e+03 1.888499999999999901e-01
2.709500000000000000e+03 1.899180000000000035e-01
2.713500000000000000e+03 1.909780000000000089e-01
2.717500000000000000e+03 1.920509999999999995e-01
2.721500000000000000e+03 1.931479999999999864e-01
2.725500000000000000e+03 1.940290000000000070e-01
2.729500000000000000e+03 1.944929999999999992e-01
2.733500000000000000e+03 1.948870000000000047e-01
2.737500000000000000e+03 1.953149999999999886e-01
2.741500000000000000e+03 1.959009999999999918e-01
2.745500000000000000e+03 1.967490000000000072e-01
2.749500000000000000e+03 1.977279999999999871e-01
2.753500000000000000e+03 1.986829999999999985e-01
2.757500000000000000e+03 1.999029999999999974e-01
2.761500000000000000e+03 2.012200000000000100e-01
2.765500000000000000e+03 2.027799999999999880e-01
2.769500000000000000e+03 2.048750000000000016e-01
2.773500000000000000e+03 2.083369999999999944e-01
2.777500000000000000e+03 2.132630000000000081e-01
2.781500000000000000e+03 2.218370000000000064e-01
2.785500000000000000e+03 2.335150000000000003e-01
2.789500000000000000e+03 2.518270000000000231e-01
2.793500000000000000e+03 2.744249999999999745e-01
2.797500000000000000e+03 3.056499999999999773e-01
2.801500000000000000e+03 3.430429999999999868e-01
2.805500000000000000e+03 3.850970000000000226e-01
2.809500000000000000e+03 4.354759999999999742e-01
2.813500000000000000e+03 4.830789999999999806e-01
2.817500000000000000e+03 5.330570000000000030e-01
2.821500000000000000e+03 5.795059999999999656e-01
2.825500000000000000e+03 6.178420000000000023e-01
2.829500000000000000e+03 6.522740000000000204e-01
2.833500000000000000e+03 6.823299999999999921e-01
2.837500000000000000e+03 7.081950000000000189e-01
2.841500000000000000e+03 7.324190000000000422e-01
2.845500000000000000e+03 7.554220000000000379e-01
2.849500000000000000e+03 7.729179999999999939e-01
2.853500000000000000e+03 8.010570000000000190e-01
2.857500000000000000e+03 8.307970000000000077e-01
2.861500000000000000e+03 8.582379999999999454e-01
2.865500000000000000e+03 8.880700000000000260e-01
2.869500000000000000e+03 9.147330000000000183e-01
2.873500000000000000e+03 9.395660000000000123e-01
2.877500000000000000e+03 9.618989999999999485e-01
2.881500000000000000e+03 9.779999999999999805e-01
2.885500000000000000e+03 9.890189999999999815e-01
2.889500000000000000e+03 9.965129999999999821e-01
2.893500000000000000e+03 1.000000000000000000e+00
2.897500000000000000e+03 9.988110000000000044e-01
2.901500000000000000e+03 9.942959999999999576e-01
2.905500000000000000e+03 9.879210000000000491e-01
2.909500000000000000e+03 9.789670000000000316e-01
2.913500000000000000e+03 9.708369999999999500e-01
2.917500000000000000e+03 9.571549999999999780e-01
2.921500000000000000e+03 9.404479999999999507e-01
2.925500000000000000e+03 9.201840000000000019e-01
2.929500000000000000e+03 8.959009999999999474e-01
2.933500000000000000e+03 8.683459999999999512e-01
2.937500000000000000e+03 8.343479999999999785e-01
2.941500000000000000e+03 7.953919999999999879e-01
2.945500000000000000e+03 7.543499999999999650e-01
2.949500000000000000e+03 7.114620000000000388e-01
2.953500000000000000e+03 6.677469999999999795e-01
2.957500000000000000e+03 6.294490000000000363e-01
2.961500000000000000e+03 5.852600000000000025e-01
2.965500000000000000e+03 5.457600000000000229e-01
2.969500000000000000e+03 5.050240000000000284e-01
2.973500000000000000e+03 4.674630000000000174e-01
2.977500000000000000e+03 4.321969999999999978e-01
2.981500000000000000e+03 3.999650000000000150e-01
2.985500000000000000e+03 3.701409999999999978e-01
2.989500000000000000e+03 3.432990000000000208e-01
2.993500000000000000e+03 3.204139999999999766e-01
2.997500000000000000e+03 3.007369999999999766e-01
3.001500000000000000e+03 2.792140000000000177e-01
3.005500000000000000e+03 2.595870000000000122e-01
3.009500000000000000e+03 2.425029999999999963e-01
3.013500000000000000e+03 2.298149999999999915e-01
3.017500000000000000e+03 2.206809999999999883e-01
3.021500000000000000e+03 2.122060000000000057e-01
3.025500000000000000e+03 2.064400000000000124e-01
3.029500000000000000e+03 2.013780000000000014e-01
3.033500000000000000e+03 1.978300000000000058e-01
3.037500000000000000e+03 1.949829999999999897e-01
3.041500000000000000e+03 1.928600000000000037e-01
3.045500000000000000e+03 1.911120000000000041e-01
3.049500000000000000e+03 1.894720000000000015e-01
3.053500000000000000e+03 1.880590000000000039e-01
3.057500000000000000e+03 1.863650000000000029e-01
3.061500000000000000e+03 1.848499999999999865e-01
3.065500000000000000e+03 1.834939999999999904e-01
3.069500000000000000e+03 1.823289999999999911e-01
3.073500000000000000e+03 1.811480000000000035e-01
3.077500000000000000e+03 1.801069999999999893e-01
3.081500000000000000e+03 1.789989999999999915e-01
3.085500000000000000e+03 1.778230000000000088e-01
3.089500000000000000e+03 1.765680000000000027e-01
3.093500000000000000e+03 1.751510000000000011e-01
3.097500000000000000e+03 1.736030000000000073e-01
3.101500000000000000e+03 1.719759999999999900e-01
3.105500000000000000e+03 1.702430000000000054e-01
3.109500000000000000e+03 1.684360000000000024e-01
3.113500000000000000e+03 1.663340000000000096e-01
3.117500000000000000e+03 1.642260000000000109e-01
3.121500000000000000e+03 1.620729999999999948e-01
3.125500000000000000e+03 1.597679999999999934e-01
3.129500000000000000e+03 1.572739999999999971e-01
3.133500000000000000e+03 1.547570000000000057e-01
3.137500000000000000e+03 1.517759999999999942e-01
3.141500000000000000e+03 1.486020000000000119e-01
3.145500000000000000e+03 1.449129999999999863e-01
3.149500000000000000e+03 1.406820000000000015e-01
3.153500000000000000e+03 1.358590000000000075e-01
3.157500000000000000e+03 1.304929999999999979e-01
3.161500000000000000e+03 1.245789999999999953e-01
3.165500000000000000e+03 1.182470000000000049e-01
3.169500000000000000e+03 1.114939999999999959e-01
3.173500000000000000e+03 1.045159999999999978e-01
3.177500000000000000e+03 9.735159999999999647e-02
3.181500000000000000e+03 9.003429999999999767e-02
3.185500000000000000e+03 8.279699999999999560e-02
3.189500000000000000e+03 7.552639999999999354e-02
3.193500000000000000e+03 6.852139999999999620e-02
3.197500000000000000e+03 6.172840000000000271e-02
3.201500000000000000e+03 5.521969999999999656e-02
3.205500000000000000e+03 4.913320000000000187e-02
3.209500000000000000e+03 4.335150000000000114e-02
3.213500000000000000e+03 3.807050000000000017e-02
3.217500000000000000e+03 3.321099999999999747e-02
3.221500000000000000e+03 2.876770000000000022e-02
3.225500000000000000e+03 2.477209999999999829e-02
3.229500000000000000e+03 2.120429999999999884e-02
3.233500000000000000e+03 1.807459999999999969e-02
3.237500000000000000e+03 1.531519999999999930e-02
3.241500000000000000e+03 1.295750000000000027e-02
3.245500000000000000e+03 1.090789999999999989e-02
3.249500000000000000e+03 9.210599999999999343e-03
3.253500000000000000e+03 7.729289999999999772e-03
3.257500000000000000e+03 6.546630000000000331e-03
3.261500000000000000e+03 5.546719999999999776e-03
3.265500000000000000e+03 4.718939999999999593e-03
3.269500000000000000e+03 4.023960000000000037e-03
3.273500000000000000e+03 3.395260000000000205e-03
3.277500000000000000e+03 2.791150000000000055e-03
3.281500000000000000e+03 2.223230000000000085e-03
3.285500000000000000e+03 1.833910000000000011e-03
3.289500000000000000e+03 1.578079999999999934e-03
3.293500000000000000e+03 1.375109999999999917e-03
3.297500000000000000e+03 1.215869999999999972e-03
3.301500000000000000e+03 1.082679999999999927e-03
3.305500000000000000e+03 9.859190000000000315e-04
3.309500000000000000e+03 8.926259999999999880e-04
3.313500000000000000e+03 8.146549999999999582e-04
3.317500000000000000e+03 7.533859999999999862e-04
3.321500000000000000e+03 6.929220000000000041e-04
3.325500000000000000e+03 6.177010000000000139e-04
3.329500000000000000e+03 5.381900000000000225e-04
3.333500000000000000e+03 4.822550000000000101e-04
3.337500000000000000e+03 4.506809999999999766e-04
3.341500000000000000e+03 4.063110000000000202e-04
3.345500000000000000e+03 3.566120000000000206e-04
3.349500000000000000e+03 3.231090000000000264e-04
3.353500000000000000e+03 3.100649999999999934e-04
3.357500000000000000e+03 2.975820000000000114e-04
3.361500000000000000e+03 2.843100000000000206e-04
3.365500000000000000e+03 2.715120000000000120e-04
3.369500000000000000e+03 2.592030000000000050e-04
3.373500000000000000e+03 2.476119999999999732e-04
3.377500000000000000e+03 2.316040000000000004e-04
3.381500000000000000e+03 1.954659999999999883e-04
3.385500000000000000e+03 1.572909999999999955e-04
3.389500000000000000e+03 1.395210000000000081e-04
3.393500000000000000e+03 1.274439999999999948e-04
3.397500000000000000e+03 9.580579999999999674e-05
3.401500000000000000e+03 6.343309999999999411e-05
3.405500000000000000e+03 5.211590000000000021e-05
3.409500000000000000e+03 4.040539999999999773e-05
3.413500000000000000e+03 1.522369999999999961e-05
