2.021750000000000000e+04 0.000000000000000000e+00
2.026150000000000000e+04 1.951549999999999975e-06
2.030550000000000000e+04 1.964150000000000160e-05
2.034950000000000000e+04 4.040140000000000251e-05
2.039350000000000000e+04 5.847219999999999897e-05
2.043750000000000000e+04 7.608190000000000081e-05
2.048150000000000000e+04 8.819250000000000646e-05
2.052550000000000000e+04 9.903049999999999993e-05
2.056950000000000000e+04 1.273780000000000127e-04
2.061350000000000000e+04 1.742430000000000053e-04
2.065750000000000000e+04 2.019789999999999986e-04
2.070150000000000000e+04 2.258299999999999978e-04
2.074550000000000000e+04 2.560470000000000237e-04
2.078950000000000000e+04 2.625139999999999874e-04
2.083350000000000000e+04 2.543590000000000087e-04
2.087750000000000000e+04 2.566809999999999773e-04
2.092150000000000000e+04 2.735789999999999771e-04
2.096550000000000000e+04 2.961260000000000172e-04
2.100950000000000000e+04 3.169410000000000001e-04
2.105350000000000000e+04 3.521500000000000216e-04
2.109750000000000000e+04 4.072209999999999827e-04
2.114150000000000000e+04 5.385319999999999864e-04
2.118550000000000000e+04 7.540210000000000098e-04
2.122950000000000000e+04 1.121510000000000042e-03
2.127350000000000000e+04 2.072759999999999880e-03
2.131750000000000000e+04 4.172529999999999815e-03
2.136150000000000000e+04 8.680570000000000300e-03
2.140550000000000000e+04 1.665190000000000073e-02
2.144950000000000000e+04 2.836059999999999970e-02
2.149350000000000000e+04 4.506450000000000039e-02
2.153750000000000000e+04 6.548589999999999967e-02
2.158150000000000000e+04 8.984369999999999856e-02
2.162550000000000000e+04 1.172170000000000017e-01
2.166950000000000000e+04 1.475760000000000127e-01
2.171350000000000000e+04 1.785069999999999990e-01
2.175750000000000000e+04 2.117610000000000048e-01
2.180150000000000000e+04 2.441119999999999957e-01
2.184550000000000000e+04 2.768829999999999902e-01
2.188950000000000000e+04 3.059459999999999957e-01
2.193350000000000000e+04 3.355150000000000077e-01
2.197750000000000000e+04 3.659270000000000023e-01
2.202150000000000000e+04 3.960650000000000004e-01
2.206550000000000000e+04 4.287340000000000040e-01
2.210950000000000000e+04 4.604539999999999744e-01
2.215350000000000000e+04 4.905720000000000081e-01
2.219750000000000000e+04 5.183299999999999574e-01
2.224150000000000000e+04 5.437699999999999756e-01
2.228550000000000000e+04 5.681969999999999521e-01
2.232950000000000000e+04 5.889259999999999495e-01
2.237350000000000000e+04 6.053469999999999684e-01
2.241750000000000000e+04 6.174119999999999608e-01
2.246150000000000000e+04 6.273440000000000127e-01
2.250550000000000000e+04 6.388800000000000034e-01
2.254950000000000000e+04 6.508279999999999621e-01
2.259350000000000000e+04 6.630880000000000107e-01
2.263750000000000000e+04 6.768279999999999852e-01
2.268150000000000000e+04 6.900530000000000275e-01
2.272550000000000000e+04 7.032150000000000345e-01
2.276950000000000000e+04 7.162519999999999998e-01
2.281350000000000000e+04 7.282650000000000512e-01
2.285750000000000000e+04 7.392269999999999675e-01
2.290150000000000000e+04 7.459240000000000315e-01
2.294550000000000000e+04 7.526559999999999917e-01
2.298950000000000000e+04 7.563269999999999715e-01
2.303350000000000000e+04 7.605499999999999483e-01
2.307750000000000000e+04 7.666680000000000161e-01
2.312150000000000000e+04 7.728479999999999794e-01
2.316550000000000000e+04 7.810799999999999965e-01
2.320950000000000000e+04 7.896609999999999463e-01
2.325350000000000000e+04 7.995370000000000532e-01
2.329750000000000000e+04 8.089349999999999596e-01
2.334150000000000000e+04 8.169710000000000027e-01
2.338550000000000000e+04 8.228469999999999951e-01
2.342950000000000000e+04 8.254920000000000035e-01
2.347350000000000000e+04 8.259079999999999755e-01
2.351750000000000000e+04 8.254320000000000546e-01
2.356150000000000000e+04 8.243129999999999624e-01
2.360550000000000000e+04 8.247499999999999831e-01
2.364950000000000000e+04 8.258280000000000065e-01
2.369350000000000000e+04 8.271249999999999991e-01
2.373750000000000000e+04 8.297529999999999628e-01
2.378150000000000000e+04 8.319450000000000456e-01
2.382550000000000000e+04 8.357099999999999529e-01
2.386950000000000000e+04 8.397270000000000012e-01
2.391350000000000000e+04 8.434850000000000403e-01
2.395750000000000000e+04 8.462830000000000075e-01
2.400150000000000000e+04 8.480130000000000168e-01
2.404550000000000000e+04 8.486789999999999612e-01
2.408950000000000000e+04 8.487240000000000339e-01
2.413350000000000000e+04 8.499079999999999968e-01
2.417750000000000000e+04 8.507900000000000462e-01
2.422150000000000000e+04 8.524329999999999963e-01
2.426550000000000000e+04 8.545570000000000110e-01
2.430950000000000000e+04 8.572750000000000092e-01
2.435350000000000000e+04 8.610900000000000221e-01
2.439750000000000000e+04 8.649029999999999774e-01
2.444150000000000000e+04 8.687840000000000007e-01
2.448550000000000000e+04 8.720639999999999503e-01
2.452950000000000000e+04 8.757040000000000379e-01
2.457350000000000000e+04 8.794990000000000308e-01
2.461750000000000000e+04 8.827559999999999851e-01
2.466150000000000000e+04 8.869449999999999834e-01
2.470550000000000000e+04 8.898369999999999891e-01
2.474950000000000000e+04 8.931430000000000202e-01
2.479350000000000000e+04 8.963499999999999801e-01
2.483750000000000000e+04 8.993959999999999733e-01
2.488150000000000000e+04 9.035039999999999738e-01
2.492550000000000000e+04 9.058119999999999505e-01
2.496950000000000000e+04 9.081299999999999928e-01
2.501350000000000000e+04 9.091470000000000384e-01
2.505750000000000000e+04 9.097119999999999651e-01
2.510150000000000000e+04 9.119920000000000249e-01
2.514550000000000000e+04 9.144099999999999451e-01
2.518950000000000000e+04 9.186229999999999674e-01
2.523350000000000000e+04 9.231139999999999901e-01
2.527750000000000000e+04 9.268140000000000267e-01
2.532150000000000000e+04 9.308389999999999720e-01
2.536550000000000000e+04 9.345109999999999806e-01
2.540950000000000000e+04 9.386210000000000386e-01
2.545350000000000000e+04 9.438950000000000395e-01
2.549750000000000000e+04 9.487240000000000117e-01
2.554150000000000000e+04 9.527590000000000225e-01
2.558550000000000000e+04 9.560070000000000512e-01
2.562950000000000000e+04 9.578100000000000502e-01
2.567350000000000000e+04 9.601840000000000375e-01
2.571750000000000000e+04 9.636390000000000233e-01
2.576150000000000000e+04 9.675519999999999676e-01
2.580550000000000000e+04 9.722150000000000514e-01
2.584950000000000000e+04 9.758930000000000105e-01
2.589350000000000000e+04 9.780950000000000477e-01
2.593750000000000000e+04 9.797489999999999810e-01
2.598150000000000000e+04 9.804669999999999774e-01
2.602550000000000000e+04 9.813809999999999478e-01
2.606950000000000000e+04 9.831860000000000044e-01
2.611350000000000000e+04 9.852379999999999471e-01
2.615750000000000000e+04 9.882880000000000553e-01
2.620150000000000000e+04 9.915310000000000512e-01
2.624550000000000000e+04 9.938529999999999864e-01
2.628950000000000000e+04 9.953060000000000240e-01
2.633350000000000000e+04 9.954680000000000195e-01
2.637750000000000000e+04 9.942229999999999679e-01
2.642150000000000000e+04 9.931339999999999613e-01
2.646550000000000000e+04 9.916000000000000369e-01
2.650950000000000000e+04 9.905969999999999498e-01
2.655350000000000000e+04 9.908280000000000420e-01
2.659750000000000000e+04 9.909520000000000550e-01
2.664150000000000000e+04 9.921830000000000371e-01
2.668550000000000000e+04 9.935399999999999787e-01
2.672950000000000000e+04 9.955469999999999597e-01
2.677350000000000000e+04 9.977719999999999922e-01
2.681750000000000000e+04 9.991349999999999953e-01
2.686150000000000000e+04 1.000000000000000000e+00
2.690550000000000000e+04 9.989580000000000126e-01
2.694950000000000000e+04 9.973699999999999788e-01
2.699350000000000000e+04 9.940139999999999532e-01
2.703750000000000000e+04 9.905059999999999976e-01
2.708150000000000000e+04 9.871739999999999959e-01
2.712550000000000000e+04 9.853699999999999681e-01
2.716950000000000000e+04 9.859630000000000338e-01
2.721350000000000000e+04 9.877080000000000304e-01
2.725750000000000000e+04 9.911170000000000258e-01
2.730150000000000000e+04 9.933539999999999592e-01
2.734550000000000000e+04 9.946869999999999878e-01
2.738950000000000000e+04 9.941940000000000222e-01
2.743350000000000000e+04 9.928350000000000231e-01
2.747750000000000000e+04 9.908930000000000238e-01
2.752150000000000000e+04 9.892039999999999722e-01
2.756550000000000000e+04 9.855500000000000371e-01
2.760950000000000000e+04 9.807609999999999939e-01
2.765350000000000000e+04 9.726599999999999691e-01
2.769750000000000000e+04 9.610589999999999966e-01
2.774150000000000000e+04 9.470349999999999602e-01
2.778550000000000000e+04 9.297619999999999774e-01
2.782950000000000000e+04 9.121190000000000131e-01
2.787350000000000000e+04 8.924870000000000303e-01
2.791750000000000000e+04 8.715100000000000069e-01
2.796150000000000000e+04 8.494249999999999856e-01
2.800550000000000000e+04 8.258130000000000193e-01
2.804950000000000000e+04 8.041359999999999619e-01
2.809350000000000000e+04 7.847539999999999516e-01
2.813750000000000000e+04 7.686199999999999699e-01
2.818150000000000000e+04 7.558989999999999876e-01
2.822550000000000000e+04 7.437200000000000477e-01
2.826950000000000000e+04 7.301710000000000145e-01
2.831350000000000000e+04 7.147809999999999997e-01
2.835750000000000000e+04 6.976069999999999771e-01
2.840150000000000000e+04 6.794519999999999449e-01
2.844550000000000000e+04 6.631369999999999765e-01
2.848950000000000000e+04 6.454290000000000305e-01
2.853350000000000000e+04 6.297829999999999817e-01
2.857750000000000000e+04 6.116810000000000302e-01
2.862150000000000000e+04 5.947040000000000104e-01
2.866550000000000000e+04 5.792869999999999964e-01
2.870950000000000000e+04 5.654150000000000009e-01
2.875350000000000000e+04 5.548020000000000174e-01
2.879750000000000000e+04 5.443189999999999973e-01
2.884150000000000000e+04 5.344630000000000214e-01
2.888550000000000000e+04 5.244529999999999470e-01
2.892950000000000000e+04 5.155929999999999680e-01
2.897350000000000000e+04 5.069379999999999997e-01
2.901750000000000000e+04 5.003109999999999502e-01
2.906150000000000000e+04 4.924279999999999768e-01
2.910550000000000000e+04 4.854260000000000241e-01
2.914950000000000000e+04 4.767540000000000111e-01
2.919350000000000000e+04 4.681919999999999971e-01
2.923750000000000000e+04 4.596339999999999870e-01
2.928150000000000000e+04 4.514980000000000104e-01
2.932550000000000000e+04 4.434779999999999833e-01
2.936950000000000000e+04 4.354930000000000190e-01
2.941350000000000000e+04 4.261130000000000195e-01
2.945750000000000000e+04 4.166480000000000183e-01
2.950150000000000000e+04 4.073669999999999791e-01
2.954550000000000000e+04 3.985830000000000206e-01
2.958950000000000000e+04 3.924699999999999855e-01
2.963350000000000000e+04 3.870049999999999879e-01
2.967750000000000000e+04 3.838670000000000138e-01
2.972150000000000000e+04 3.815899999999999848e-01
2.976550000000000000e+04 3.801950000000000052e-01
2.980950000000000000e+04 3.794629999999999947e-01
2.985350000000000000e+04 3.790789999999999993e-01
2.989750000000000000e+04 3.789950000000000263e-01
2.994150000000000000e+04 3.790939999999999865e-01
2.998550000000000000e+04 3.788639999999999786e-01
3.002950000000000000e+04 3.785540000000000016e-01
3.007350000000000000e+04 3.776649999999999729e-01
3.011750000000000000e+04 3.766100000000000003e-01
3.016150000000000000e+04 3.750609999999999777e-01
3.020550000000000000e+04 3.735010000000000274e-01
3.024950000000000000e+04 3.721470000000000056e-01
3.029350000000000000e+04 3.706439999999999735e-01
3.033750000000000000e+04 3.694819999999999771e-01
3.038150000000000000e+04 3.682259999999999978e-01
3.042550000000000000e+04 3.673810000000000131e-01
3.046950000000000000e+04 3.666880000000000139e-01
3.051350000000000000e+04 3.660700000000000065e-01
3.055750000000000000e+04 3.653569999999999873e-01
3.060150000000000000e+04 3.640950000000000020e-01
3.064550000000000000e+04 3.626010000000000066e-01
3.068950000000000000e+04 3.606079999999999841e-01
3.073350000000000000e+04 3.583759999999999724e-01
3.077750000000000000e+04 3.558419999999999916e-01
3.082150000000000000e+04 3.530949999999999922e-01
3.086550000000000000e+04 3.500579999999999803e-01
3.090950000000000000e+04 3.468979999999999841e-01
3.095350000000000000e+04 3.435230000000000228e-01
3.099750000000000000e+04 3.397709999999999897e-01
3.104150000000000000e+04 3.355159999999999809e-01
3.108550000000000000e+04 3.309170000000000167e-01
3.112950000000000000e+04 3.258019999999999805e-01
3.117350000000000000e+04 3.203520000000000256e-01
3.121750000000000000e+04 3.143159999999999843e-01
3.126150000000000000e+04 3.076110000000000233e-01
3.130550000000000000e+04 3.001759999999999984e-01
3.134950000000000000e+04 2.919490000000000141e-01
3.139350000000000000e+04 2.831210000000000115e-01
3.143750000000000000e+04 2.734779999999999989e-01
3.148150000000000000e+04 2.634589999999999987e-01
3.152550000000000000e+04 2.530339999999999812e-01
3.156950000000000000e+04 2.425279999999999936e-01
3.161350000000000000e+04 2.319350000000000023e-01
3.165750000000000000e+04 2.213900000000000035e-01
3.170150000000000000e+04 2.107050000000000034e-01
3.174550000000000000e+04 1.996140000000000136e-01
3.178950000000000000e+04 1.883410000000000084e-01
3.183350000000000000e+04 1.767739999999999867e-01
3.187750000000000000e+04 1.651140000000000108e-01
3.192150000000000000e+04 1.534419999999999951e-01
3.196550000000000000e+04 1.419009999999999994e-01
3.200950000000000000e+04 1.307210000000000039e-01
3.205350000000000000e+04 1.197860000000000036e-01
3.209750000000000000e+04 1.092449999999999949e-01
3.214150000000000000e+04 9.895230000000000692e-02
3.218550000000000000e+04 8.900299999999999878e-02
3.222950000000000000e+04 7.973089999999999344e-02
3.227350000000000000e+04 7.108480000000000354e-02
3.231750000000000000e+04 6.325450000000000517e-02
3.236150000000000000e+04 5.608989999999999809e-02
3.240550000000000000e+04 4.953380000000000283e-02
3.244950000000000000e+04 4.349909999999999888e-02
3.249350000000000000e+04 3.791309999999999819e-02
3.253750000000000000e+04 3.278280000000000083e-02
3.258150000000000000e+04 2.823240000000000124e-02
3.262550000000000000e+04 2.415339999999999848e-02
3.266950000000000000e+04 2.062719999999999831e-02
3.271350000000000000e+04 1.750300000000000120e-02
3.275750000000000000e+04 1.473110000000000044e-02
3.280150000000000000e+04 1.230279999999999915e-02
3.284550000000000000e+04 1.012440000000000041e-02
3.288950000000000000e+04 8.126670000000000768e-03
3.293350000000000000e+04 6.511920000000000035e-03
3.297750000000000000e+04 5.097670000000000326e-03
3.302150000000000000e+04 4.147230000000000014e-03
3.306550000000000000e+04 3.346469999999999827e-03
3.310950000000000000e+04 2.767400000000000155e-03
3.315350000000000000e+04 2.233919999999999916e-03
3.319750000000000000e+04 1.856049999999999931e-03
3.324150000000000000e+04 1.618499999999999930e-03
3.328550000000000000e+04 1.438100000000000099e-03
3.332950000000000000e+04 1.258339999999999936e-03
3.337350000000000000e+04 1.115249999999999922e-03
3.341750000000000000e+04 9.757249999999999864e-04
3.346150000000000000e+04 8.501480000000000061e-04
3.350550000000000000e+04 7.331700000000000023e-04
3.354950000000000000e+04 6.726850000000000147e-04
3.359350000000000000e+04 6.673869999999999716e-04
3.363750000000000000e+04 6.783489999999999659e-04
3.368150000000000000e+04 6.875269999999999515e-04
3.372550000000000000e+04 6.282459999999999477e-04
3.376950000000000000e+04 5.264669999999999723e-04
3.381350000000000000e+04 4.625109999999999768e-04
3.385750000000000000e+04 4.223739999999999916e-04
3.390150000000000000e+04 3.907320000000000259e-04
3.394550000000000000e+04 3.860499999999999782e-04
3.398950000000000000e+04 3.722819999999999840e-04
3.403350000000000000e+04 3.371240000000000066e-04
3.407750000000000000e+04 3.197930000000000195e-04
3.412150000000000000e+04 3.054479999999999934e-04
3.416550000000000000e+04 2.787290000000000210e-04
3.420950000000000000e+04 2.327700000000000092e-04
3.425350000000000000e+04 1.717380000000000013e-04
3.429750000000000000e+04 1.460119999999999973e-04
3.434150000000000000e+04 1.511069999999999883e-04
3.438550000000000000e+04 1.665150000000000007e-04
3.442950000000000000e+04 1.742969999999999882e-04
3.447350000000000000e+04 1.251229999999999877e-04
3.451750000000000000e+04 7.135860000000000488e-05
3.456150000000000000e+04 5.853319999999999720e-05
3.460550000000000000e+04 5.507690000000000117e-05
3.464950000000000000e+04 5.428620000000000212e-05
3.469350000000000000e+04 5.632900000000000228e-05
3.473750000000000000e+04 6.992599999999999424e-05
3.478150000000000000e+04 7.698820000000000262e-05
3.482550000000000000e+04 4.188150000000000211e-05
3.486950000000000000e+04 5.456380000000000264e-06
