1.729500000000000000e+03 0.000000000000000000e+00
1.733500000000000000e+03 8.078760000000000007e-08
1.737500000000000000e+03 1.669389999999999995e-06
1.741500000000000000e+03 3.823379999999999975e-06
1.745500000000000000e+03 5.147199999999999610e-06
1.749500000000000000e+03 5.254649999999999741e-06
1.753500000000000000e+03 5.376649999999999590e-06
1.757500000000000000e+03 5.574990000000000133e-06
1.761500000000000000e+03 5.784280000000000124e-06
1.765500000000000000e+03 5.998419999999999737e-06
1.769500000000000000e+03 6.215150000000000116e-06
1.773500000000000000e+03 6.425379999999999796e-06
1.777500000000000000e+03 6.621979999999999743e-06
1.781500000000000000e+03 6.804430000000000004e-06
1.785500000000000000e+03 6.870980000000000239e-06
1.789500000000000000e+03 6.912649999999999791e-06
1.793500000000000000e+03 6.879720000000000091e-06
1.797500000000000000e+03 6.787880000000000137e-06
1.801500000000000000e+03 6.685130000000000147e-06
1.805500000000000000e+03 6.548399999999999848e-06
1.809500000000000000e+03 6.410540000000000121e-06
1.813500000000000000e+03 6.291159999999999750e-06
1.817500000000000000e+03 6.177650000000000052e-06
1.821500000000000000e+03 6.141539999999999817e-06
1.825500000000000000e+03 6.199930000000000117e-06
1.829500000000000000e+03 6.285160000000000146e-06
1.833500000000000000e+03 6.491520000000000149e-06
1.837500000000000000e+03 6.712300000000000092e-06
1.841500000000000000e+03 6.956469999999999822e-06
1.845500000000000000e+03 7.211500000000000326e-06
1.849500000000000000e+03 7.408320000000000417e-06
1.853500000000000000e+03 7.498589999999999809e-06
1.857500000000000000e+03 7.558280000000000418e-06
1.861500000000000000e+03 7.421300000000000418e-06
1.865500000000000000e+03 7.247980000000000187e-06
1.869500000000000000e+03 6.907929999999999945e-06
1.873500000000000000e+03 6.458330000000000048e-06
1.877500000000000000e+03 5.982219999999999790e-06
1.881500000000000000e+03 5.437670000000000066e-06
1.885500000000000000e+03 4.893569999999999634e-06
1.889500000000000000e+03 4.398369999999999700e-06
1.893500000000000000e+03 3.915979999999999732e-06
1.897500000000000000e+03 3.529080000000000099e-06
1.901500000000000000e+03 3.268380000000000207e-06
1.905500000000000000e+03 3.096179999999999975e-06
1.909500000000000000e+03 3.174149999999999925e-06
1.913500000000000000e+03 3.337039999999999817e-06
1.917500000000000000e+03 3.653430000000000018e-06
1.921500000000000000e+03 4.051979999999999785e-06
1.925500000000000000e+03 4.506169999999999752e-06
1.929500000000000000e+03 5.017070000000000230e-06
1.933500000000000000e+03 5.505509999999999911e-06
1.937500000000000000e+03 5.976659999999999627e-06
1.941500000000000000e+03 6.455129999999999808e-06
1.945500000000000000e+03 6.884810000000000410e-06
1.949500000000000000e+03 7.293750000000000259e-06
1.953500000000000000e+03 7.641370000000000668e-06
1.957500000000000000e+03 7.848880000000000651e-06
1.961500000000000000e+03 8.045529999999999861e-06
1.965500000000000000e+03 8.088189999999999212e-06
1.969500000000000000e+03 8.105890000000000754e-06
1.973500000000000000e+03 8.154619999999999523e-06
1.977500000000000000e+03 8.252980000000000729e-06
1.981500000000000000e+03 8.456229999999999165e-06
1.985500000000000000e+03 8.779279999999999400e-06
1.989500000000000000e+03 9.117609999999999598e-06
1.993500000000000000e+03 9.520240000000000180e-06
1.997500000000000000e+03 9.900739999999999332e-06
2.001500000000000000e+03 1.024369999999999986e-05
2.005500000000000000e+03 1.052510000000000025e-05
2.009500000000000000e+03 1.068609999999999921e-05
2.013500000000000000e+03 1.086280000000000042e-05
2.017500000000000000e+03 1.104949999999999983e-05
2.021500000000000000e+03 1.125719999999999956e-05
2.025500000000000000e+03 1.147059999999999992e-05
2.029500000000000000e+03 1.168829999999999954e-05
2.033500000000000000e+03 1.191449999999999917e-05
2.037500000000000000e+03 1.213719999999999960e-05
2.041500000000000000e+03 1.234649999999999944e-05
2.045500000000000000e+03 1.255829999999999969e-05
2.049500000000000000e+03 1.279200000000000051e-05
2.053500000000000000e+03 1.305049999999999982e-05
2.057500000000000000e+03 1.332689999999999941e-05
2.061500000000000000e+03 1.359160000000000045e-05
2.065500000000000000e+03 1.385219999999999927e-05
2.069500000000000000e+03 1.411700000000000053e-05
2.073500000000000000e+03 1.438430000000000050e-05
2.077500000000000000e+03 1.464509999999999976e-05
2.081500000000000000e+03 1.490820000000000068e-05
2.085500000000000000e+03 1.519230000000000022e-05
2.089500000000000000e+03 1.551319999999999913e-05
2.093500000000000000e+03 1.587720000000000106e-05
2.097500000000000000e+03 1.628340000000000066e-05
2.101500000000000000e+03 1.672609999999999898e-05
2.105500000000000000e+03 1.720720000000000019e-05
2.109500000000000000e+03 1.768879999999999910e-05
2.113500000000000000e+03 1.816370000000000026e-05
2.117500000000000000e+03 1.864750000000000061e-05
2.121500000000000000e+03 1.917369999999999906e-05
2.125500000000000000e+03 1.973050000000000024e-05
2.129500000000000000e+03 2.042600000000000061e-05
2.133500000000000000e+03 2.129430000000000041e-05
2.137500000000000000e+03 2.236619999999999941e-05
2.141500000000000000e+03 2.349249999999999911e-05
2.145500000000000000e+03 2.421490000000000087e-05
2.149500000000000000e+03 2.445089999999999997e-05
2.153500000000000000e+03 2.392049999999999908e-05
2.157500000000000000e+03 2.327589999999999851e-05
2.161500000000000000e+03 2.259830000000000012e-05
2.165500000000000000e+03 2.183119999999999860e-05
2.169500000000000000e+03 2.098289999999999861e-05
2.173500000000000000e+03 2.004519999999999910e-05
2.177500000000000000e+03 1.887369999999999855e-05
2.181500000000000000e+03 1.747739999999999973e-05
2.185500000000000000e+03 1.587629999999999909e-05
2.189500000000000000e+03 1.409240000000000080e-05
2.193500000000000000e+03 1.270109999999999940e-05
2.197500000000000000e+03 1.173180000000000006e-05
2.201500000000000000e+03 1.154640000000000011e-05
2.205500000000000000e+03 1.146639999999999918e-05
2.209500000000000000e+03 1.138200000000000046e-05
2.213500000000000000e+03 1.129429999999999959e-05
2.217500000000000000e+03 1.121570000000000004e-05
2.221500000000000000e+03 1.112129999999999972e-05
2.225500000000000000e+03 1.103910000000000075e-05
2.229500000000000000e+03 1.096499999999999920e-05
2.233500000000000000e+03 1.089300000000000057e-05
2.237500000000000000e+03 1.079969999999999928e-05
2.241500000000000000e+03 1.071159999999999922e-05
2.245500000000000000e+03 1.063689999999999975e-05
2.249500000000000000e+03 1.062410000000000048e-05
2.253500000000000000e+03 1.064430000000000073e-05
2.257500000000000000e+03 1.067210000000000070e-05
2.261500000000000000e+03 1.072189999999999978e-05
2.265500000000000000e+03 1.076250000000000072e-05
2.269500000000000000e+03 1.077959999999999925e-05
2.273500000000000000e+03 1.078209999999999965e-05
2.277500000000000000e+03 1.082880000000000040e-05
2.281500000000000000e+03 1.090409999999999950e-05
2.285500000000000000e+03 1.102970000000000046e-05
2.289500000000000000e+03 1.118539999999999967e-05
2.293500000000000000e+03 1.136350000000000055e-05
2.297500000000000000e+03 1.162080000000000061e-05
2.301500000000000000e+03 1.190130000000000072e-05
2.305500000000000000e+03 1.217579999999999954e-05
2.309500000000000000e+03 1.247820000000000023e-05
2.313500000000000000e+03 1.283130000000000029e-05
2.317500000000000000e+03 1.320119999999999992e-05
2.321500000000000000e+03 1.368130000000000062e-05
2.325500000000000000e+03 1.421340000000000015e-05
2.329500000000000000e+03 1.476399999999999959e-05
2.333500000000000000e+03 1.539419999999999908e-05
2.337500000000000000e+03 1.610019999999999876e-05
2.341500000000000000e+03 1.684239999999999988e-05
2.345500000000000000e+03 1.774240000000000143e-05
2.349500000000000000e+03 1.880479999999999993e-05
2.353500000000000000e+03 1.994230000000000048e-05
2.357500000000000000e+03 2.138059999999999990e-05
2.361500000000000000e+03 2.306220000000000088e-05
2.365500000000000000e+03 2.483989999999999912e-05
2.369500000000000000e+03 2.703549999999999890e-05
2.373500000000000000e+03 2.962529999999999908e-05
2.377500000000000000e+03 3.236980000000000304e-05
2.381500000000000000e+03 3.583149999999999736e-05
2.385500000000000000e+03 3.996560000000000238e-05
2.389500000000000000e+03 4.434440000000000186e-05
2.393500000000000000e+03 4.989279999999999773e-05
2.397500000000000000e+03 5.667100000000000002e-05
2.401500000000000000e+03 6.391780000000000660e-05
2.405500000000000000e+03 7.354649999999999794e-05
2.409500000000000000e+03 8.858739999999999822e-05
2.413500000000000000e+03 1.193390000000000038e-04
2.417500000000000000e+03 1.588009999999999997e-04
2.421500000000000000e+03 2.098269999999999953e-04
2.425500000000000000e+03 2.588240000000000007e-04
2.429500000000000000e+03 3.155979999999999962e-04
2.433500000000000000e+03 3.897770000000000054e-04
2.437500000000000000e+03 4.705479999999999949e-04
2.441500000000000000e+03 5.757460000000000268e-04
2.445500000000000000e+03 7.099310000000000169e-04
2.449500000000000000e+03 8.548050000000000396e-04
2.453500000000000000e+03 1.044070000000000024e-03
2.457500000000000000e+03 1.279369999999999943e-03
2.461500000000000000e+03 1.531969999999999903e-03
2.465500000000000000e+03 1.848280000000000105e-03
2.469500000000000000e+03 2.225500000000000048e-03
2.473500000000000000e+03 2.626659999999999846e-03
2.477500000000000000e+03 3.096970000000000105e-03
2.481500000000000000e+03 3.631539999999999942e-03
2.485500000000000000e+03 4.183189999999999825e-03
2.489500000000000000e+03 4.789400000000000081e-03
2.493500000000000000e+03 5.433409999999999629e-03
2.497500000000000000e+03 6.082060000000000244e-03
2.501500000000000000e+03 6.742279999999999801e-03
2.505500000000000000e+03 7.393460000000000136e-03
2.509500000000000000e+03 8.038780000000000578e-03
2.513500000000000000e+03 8.650049999999999406e-03
2.517500000000000000e+03 9.209850000000000328e-03
2.521500000000000000e+03 9.755319999999999617e-03
2.525500000000000000e+03 1.023390000000000064e-02
2.529500000000000000e+03 1.063940000000000025e-02
2.533500000000000000e+03 1.103510000000000081e-02
2.537500000000000000e+03 1.136539999999999946e-02
2.541500000000000000e+03 1.164059999999999921e-02
2.545500000000000000e+03 1.195659999999999952e-02
2.549500000000000000e+03 1.224590000000000053e-02
2.553500000000000000e+03 1.255060000000000030e-02
2.557500000000000000e+03 1.287469999999999934e-02
2.561500000000000000e+03 1.321050000000000002e-02
2.565500000000000000e+03 1.359409999999999959e-02
2.569500000000000000e+03 1.401269999999999946e-02
2.573500000000000000e+03 1.456430000000000051e-02
2.577500000000000000e+03 1.513530000000000084e-02
2.581500000000000000e+03 1.576100000000000070e-02
2.585500000000000000e+03 1.641520000000000132e-02
2.589500000000000000e+03 1.711669999999999858e-02
2.593500000000000000e+03 1.787180000000000019e-02
2.597500000000000000e+03 1.863520000000000107e-02
2.601500000000000000e+03 1.942620000000000111e-02
2.605500000000000000e+03 2.026210000000000164e-02
2.609500000000000000e+03 2.114970000000000044e-02
2.613500000000000000e+03 2.202039999999999900e-02
2.617500000000000000e+03 2.291299999999999934e-02
2.621500000000000000e+03 2.384789999999999827e-02
2.625500000000000000e+03 2.483789999999999956e-02
2.629500000000000000e+03 2.583819999999999867e-02
2.633500000000000000e+03 2.691349999999999992e-02
2.637500000000000000e+03 2.803299999999999889e-02
2.641500000000000000e+03 2.920160000000000117e-02
2.645500000000000000e+03 3.040100000000000094e-02
2.649500000000000000e+03 3.162039999999999990e-02
2.653500000000000000e+03 3.285629999999999801e-02
2.657500000000000000e+03 3.411430000000000018e-02
2.661500000000000000e+03 3.538820000000000160e-02
2.665500000000000000e+03 3.666849999999999971e-02
2.669500000000000000e+03 3.794759999999999800e-02
2.673500000000000000e+03 3.922629999999999867e-02
2.677500000000000000e+03 4.046890000000000209e-02
2.681500000000000000e+03 4.167330000000000340e-02
2.685500000000000000e+03 4.285540000000000183e-02
2.689500000000000000e+03 4.399949999999999695e-02
2.693500000000000000e+03 4.510329999999999895e-02
2.697500000000000000e+03 4.614959999999999896e-02
2.701500000000000000e+03 4.715760000000000091e-02
2.705500000000000000e+03 4.807600000000000068e-02
2.709500000000000000e+03 4.895420000000000327e-02
2.713500000000000000e+03 4.974810000000000343e-02
2.717500000000000000e+03 5.049970000000000153e-02
2.721500000000000000e+03 5.118330000000000102e-02
2.725500000000000000e+03 5.179450000000000026e-02
2.729500000000000000e+03 5.237850000000000145e-02
2.733500000000000000e+03 5.287499999999999839e-02
2.737500000000000000e+03 5.336339999999999834e-02
2.741500000000000000e+03 5.380780000000000285e-02
2.745500000000000000e+03 5.422790000000000249e-02
2.749500000000000000e+03 5.462929999999999869e-02
2.753500000000000000e+03 5.497280000000000222e-02
2.757500000000000000e+03 5.530329999999999968e-02
2.761500000000000000e+03 5.565210000000000296e-02
2.765500000000000000e+03 5.597749999999999948e-02
2.769500000000000000e+03 5.629050000000000026e-02
2.773500000000000000e+03 5.661859999999999810e-02
2.777500000000000000e+03 5.692769999999999775e-02
2.781500000000000000e+03 5.722619999999999790e-02
2.785500000000000000e+03 5.750410000000000244e-02
2.789500000000000000e+03 5.776019999999999766e-02
2.793500000000000000e+03 5.797479999999999994e-02
2.797500000000000000e+03 5.816210000000000130e-02
2.801500000000000000e+03 5.832199999999999884e-02
2.805500000000000000e+03 5.847050000000000164e-02
2.809500000000000000e+03 5.863059999999999800e-02
2.813500000000000000e+03 5.878930000000000267e-02
2.817500000000000000e+03 5.899349999999999733e-02
2.821500000000000000e+03 5.929899999999999755e-02
2.825500000000000000e+03 5.963399999999999951e-02
2.829500000000000000e+03 5.996859999999999691e-02
2.833500000000000000e+03 6.040029999999999705e-02
2.837500000000000000e+03 6.094329999999999886e-02
2.841500000000000000e+03 6.172180000000000027e-02
2.845500000000000000e+03 6.280769999999999409e-02
2.849500000000000000e+03 6.445620000000000516e-02
2.853500000000000000e+03 6.665740000000000554e-02
2.857500000000000000e+03 6.994749999999999579e-02
2.861500000000000000e+03 7.423929999999999418e-02
2.865500000000000000e+03 8.138299999999999701e-02
2.869500000000000000e+03 9.088390000000000357e-02
2.873500000000000000e+03 1.063569999999999932e-01
2.877500000000000000e+03 1.273539999999999950e-01
2.881500000000000000e+03 1.574879999999999891e-01
2.885500000000000000e+03 1.971660000000000079e-01
2.889500000000000000e+03 2.465080000000000049e-01
2.893500000000000000e+03 3.068359999999999976e-01
2.897500000000000000e+03 3.728710000000000080e-01
2.901500000000000000e+03 4.459690000000000043e-01
2.905500000000000000e+03 5.201240000000000308e-01
2.909500000000000000e+03 5.936519999999999575e-01
2.913500000000000000e+03 6.654959999999999765e-01
2.917500000000000000e+03 7.306209999999999649e-01
2.921500000000000000e+03 7.897650000000000503e-01
2.925500000000000000e+03 8.398369999999999447e-01
2.929500000000000000e+03 8.795920000000000405e-01
2.933500000000000000e+03 9.107600000000000140e-01
2.937500000000000000e+03 9.329380000000000450e-01
2.941500000000000000e+03 9.483639999999999848e-01
2.945500000000000000e+03 9.587529999999999664e-01
2.949500000000000000e+03 9.662450000000000205e-01
2.953500000000000000e+03 9.719349999999999934e-01
2.957500000000000000e+03 9.767970000000000264e-01
2.961500000000000000e+03 9.805160000000000542e-01
2.965500000000000000e+03 9.839160000000000128e-01
2.969500000000000000e+03 9.870489999999999542e-01
2.973500000000000000e+03 9.890930000000000000e-01
2.977500000000000000e+03 9.911280000000000090e-01
2.981500000000000000e+03 9.925460000000000393e-01
2.985500000000000000e+03 9.939639999999999587e-01
2.989500000000000000e+03 9.959559999999999524e-01
2.993500000000000000e+03 9.982509999999999994e-01
2.997500000000000000e+03 9.996380000000000265e-01
3.001500000000000000e+03 1.000000000000000000e+00
3.005500000000000000e+03 9.957000000000000295e-01
3.009500000000000000e+03 9.874330000000000052e-01
3.013500000000000000e+03 9.717139999999999667e-01
3.017500000000000000e+03 9.495249999999999524e-01
3.021500000000000000e+03 9.183799999999999741e-01
3.025500000000000000e+03 8.768719999999999848e-01
3.029500000000000000e+03 8.270790000000000086e-01
3.033500000000000000e+03 7.673520000000000341e-01
3.037500000000000000e+03 7.014559999999999684e-01
3.041500000000000000e+03 6.322360000000000202e-01
3.045500000000000000e+03 5.591380000000000239e-01
3.049500000000000000e+03 4.874319999999999764e-01
3.053500000000000000e+03 4.162799999999999834e-01
3.057500000000000000e+03 3.495340000000000114e-01
3.061500000000000000e+03 2.901619999999999755e-01
3.065500000000000000e+03 2.367599999999999982e-01
3.069500000000000000e+03 1.943670000000000120e-01
3.073500000000000000e+03 1.595399999999999874e-01
3.077500000000000000e+03 1.341690000000000105e-01
3.081500000000000000e+03 1.149939999999999990e-01
3.085500000000000000e+03 1.010120000000000046e-01
3.089500000000000000e+03 9.123290000000000566e-02
3.093500000000000000e+03 8.403480000000000671e-02
3.097500000000000000e+03 7.877850000000000130e-02
3.101500000000000000e+03 7.498849999999999960e-02
3.105500000000000000e+03 7.227100000000000191e-02
3.109500000000000000e+03 7.024650000000000338e-02
3.113500000000000000e+03 6.867510000000000281e-02
3.117500000000000000e+03 6.741250000000000020e-02
3.121500000000000000e+03 6.648170000000000468e-02
3.125500000000000000e+03 6.595470000000000499e-02
3.129500000000000000e+03 6.555450000000000166e-02
3.133500000000000000e+03 6.526319999999999344e-02
3.137500000000000000e+03 6.512750000000000483e-02
3.141500000000000000e+03 6.504690000000000472e-02
3.145500000000000000e+03 6.498919999999999697e-02
3.149500000000000000e+03 6.492920000000000635e-02
3.153500000000000000e+03 6.484130000000000449e-02
3.157500000000000000e+03 6.468909999999999938e-02
3.161500000000000000e+03 6.448669999999999403e-02
3.165500000000000000e+03 6.412679999999999769e-02
3.169500000000000000e+03 6.370670000000000499e-02
3.173500000000000000e+03 6.311890000000000556e-02
3.177500000000000000e+03 6.244319999999999732e-02
3.181500000000000000e+03 6.160979999999999929e-02
3.185500000000000000e+03 6.069390000000000202e-02
3.189500000000000000e+03 5.965970000000000301e-02
3.193500000000000000e+03 5.853239999999999832e-02
3.197500000000000000e+03 5.736229999999999801e-02
3.201500000000000000e+03 5.611039999999999778e-02
3.205500000000000000e+03 5.481430000000000330e-02
3.209500000000000000e+03 5.348440000000000139e-02
3.213500000000000000e+03 5.211940000000000323e-02
3.217500000000000000e+03 5.072070000000000051e-02
3.221500000000000000e+03 4.931019999999999848e-02
3.225500000000000000e+03 4.784549999999999914e-02
3.229500000000000000e+03 4.639549999999999924e-02
3.233500000000000000e+03 4.485739999999999866e-02
3.237500000000000000e+03 4.324030000000000235e-02
3.241500000000000000e+03 4.158909999999999690e-02
3.245500000000000000e+03 3.986499999999999766e-02
3.249500000000000000e+03 3.807460000000000011e-02
3.253500000000000000e+03 3.625339999999999813e-02
3.257500000000000000e+03 3.439670000000000227e-02
3.261500000000000000e+03 3.253770000000000273e-02
3.265500000000000000e+03 3.069480000000000125e-02
3.269500000000000000e+03 2.889950000000000158e-02
3.273500000000000000e+03 2.711140000000000078e-02
3.277500000000000000e+03 2.537439999999999835e-02
3.281500000000000000e+03 2.371289999999999856e-02
3.285500000000000000e+03 2.212859999999999827e-02
3.289500000000000000e+03 2.062030000000000113e-02
3.293500000000000000e+03 1.923129999999999978e-02
3.297500000000000000e+03 1.795019999999999949e-02
3.301500000000000000e+03 1.678170000000000009e-02
3.305500000000000000e+03 1.572250000000000036e-02
3.309500000000000000e+03 1.477050000000000064e-02
3.313500000000000000e+03 1.391839999999999918e-02
3.317500000000000000e+03 1.314730000000000065e-02
3.321500000000000000e+03 1.247419999999999952e-02
3.325500000000000000e+03 1.187629999999999936e-02
3.329500000000000000e+03 1.134420000000000046e-02
3.333500000000000000e+03 1.086469999999999970e-02
3.337500000000000000e+03 1.043020000000000058e-02
3.341500000000000000e+03 1.004180000000000003e-02
3.345500000000000000e+03 9.660759999999999140e-03
3.349500000000000000e+03 9.302029999999999327e-03
3.353500000000000000e+03 8.960809999999999609e-03
3.357500000000000000e+03 8.607760000000000758e-03
3.361500000000000000e+03 8.250510000000000829e-03
3.365500000000000000e+03 7.900149999999999881e-03
3.369500000000000000e+03 7.515570000000000063e-03
3.373500000000000000e+03 7.100730000000000409e-03
3.377500000000000000e+03 6.701389999999999778e-03
3.381500000000000000e+03 6.291699999999999897e-03
3.385500000000000000e+03 5.860100000000000031e-03
3.389500000000000000e+03 5.442869999999999826e-03
3.393500000000000000e+03 5.046239999999999580e-03
3.397500000000000000e+03 4.648560000000000365e-03
3.401500000000000000e+03 4.250929999999999986e-03
3.405500000000000000e+03 3.851729999999999824e-03
3.409500000000000000e+03 3.455870000000000209e-03
3.413500000000000000e+03 3.077270000000000005e-03
3.417500000000000000e+03 2.750690000000000079e-03
3.421500000000000000e+03 2.446740000000000199e-03
3.425500000000000000e+03 2.147679999999999902e-03
3.429500000000000000e+03 1.884089999999999940e-03
3.433500000000000000e+03 1.649960000000000012e-03
3.437500000000000000e+03 1.420220000000000033e-03
3.441500000000000000e+03 1.218349999999999989e-03
3.445500000000000000e+03 1.046510000000000062e-03
3.449500000000000000e+03 8.858600000000000328e-04
3.453500000000000000e+03 7.478689999999999644e-04
3.457500000000000000e+03 6.345699999999999908e-04
3.461500000000000000e+03 5.259340000000000369e-04
3.465500000000000000e+03 4.376340000000000048e-04
3.469500000000000000e+03 3.712079999999999872e-04
3.473500000000000000e+03 3.086079999999999835e-04
3.477500000000000000e+03 2.578370000000000184e-04
3.481500000000000000e+03 2.181770000000000085e-04
3.485500000000000000e+03 1.805459999999999888e-04
3.489500000000000000e+03 1.504090000000000028e-04
3.493500000000000000e+03 1.275439999999999972e-04
3.497500000000000000e+03 1.060409999999999966e-04
3.501500000000000000e+03 8.887670000000000238e-05
3.505500000000000000e+03 7.605110000000000104e-05
3.509500000000000000e+03 6.407100000000000371e-05
3.513500000000000000e+03 5.444829999999999841e-05
3.517500000000000000e+03 4.724159999999999845e-05
3.521500000000000000e+03 4.053849999999999820e-05
3.525500000000000000e+03 3.519090000000000217e-05
3.529500000000000000e+03 3.123299999999999726e-05
3.533500000000000000e+03 2.756640000000000089e-05
3.537500000000000000e+03 2.472889999999999968e-05
3.541500000000000000e+03 2.277200000000000152e-05
3.545500000000000000e+03 2.101099999999999924e-05
3.549500000000000000e+03 1.968620000000000135e-05
3.553500000000000000e+03 1.885419999999999983e-05
3.557500000000000000e+03 1.814019999999999955e-05
3.561500000000000000e+03 1.761840000000000059e-05
3.565500000000000000e+03 1.730749999999999989e-05
3.569500000000000000e+03 1.704710000000000150e-05
3.573500000000000000e+03 1.682689999999999978e-05
3.577500000000000000e+03 1.668070000000000108e-05
3.581500000000000000e+03 1.656010000000000091e-05
3.585500000000000000e+03 1.635229999999999927e-05
3.589500000000000000e+03 1.606440000000000157e-05
3.593500000000000000e+03 1.568860000000000087e-05
3.597500000000000000e+03 1.511639999999999981e-05
3.601500000000000000e+03 1.450579999999999925e-05
3.605500000000000000e+03 1.407770000000000076e-05
3.609500000000000000e+03 1.360400000000000053e-05
3.613500000000000000e+03 1.303240000000000079e-05
3.617500000000000000e+03 1.243120000000000051e-05
3.621500000000000000e+03 1.185720000000000059e-05
3.625500000000000000e+03 1.136679999999999932e-05
3.629500000000000000e+03 1.087569999999999990e-05
3.633500000000000000e+03 1.039659999999999970e-05
3.637500000000000000e+03 9.922570000000000104e-06
3.641500000000000000e+03 9.361149999999999303e-06
3.645500000000000000e+03 8.794029999999999556e-06
3.649500000000000000e+03 8.297750000000000302e-06
3.653500000000000000e+03 7.801759999999999313e-06
3.657500000000000000e+03 7.376390000000000369e-06
3.661500000000000000e+03 7.061749999999999770e-06
3.665500000000000000e+03 6.782190000000000197e-06
3.669500000000000000e+03 6.558289999999999681e-06
3.673500000000000000e+03 6.398470000000000252e-06
3.677500000000000000e+03 6.258719999999999599e-06
3.681500000000000000e+03 6.176229999999999818e-06
3.685500000000000000e+03 6.158000000000000164e-06
3.689500000000000000e+03 6.182039999999999683e-06
3.693500000000000000e+03 6.224189999999999779e-06
3.697500000000000000e+03 6.270699999999999949e-06
3.701500000000000000e+03 6.304489999999999671e-06
3.705500000000000000e+03 6.336249999999999685e-06
3.709500000000000000e+03 6.356090000000000160e-06
3.713500000000000000e+03 6.373480000000000344e-06
3.717500000000000000e+03 6.404769999999999666e-06
3.721500000000000000e+03 6.446440000000000065e-06
3.725500000000000000e+03 6.484840000000000409e-06
3.729500000000000000e+03 6.535560000000000323e-06
3.733500000000000000e+03 6.605729999999999687e-06
3.737500000000000000e+03 6.665830000000000179e-06
3.741500000000000000e+03 6.746199999999999886e-06
3.745500000000000000e+03 6.873939999999999784e-06
3.749500000000000000e+03 7.032239999999999607e-06
3.753500000000000000e+03 7.197480000000000417e-06
3.757500000000000000e+03 7.346140000000000108e-06
3.761500000000000000e+03 7.491440000000000225e-06
3.765500000000000000e+03 7.636760000000000046e-06
3.769500000000000000e+03 7.793400000000000633e-06
3.773500000000000000e+03 7.980930000000000513e-06
3.777500000000000000e+03 8.167289999999999861e-06
3.781500000000000000e+03 8.313289999999999818e-06
3.785500000000000000e+03 8.449220000000000057e-06
3.789500000000000000e+03 8.558780000000000410e-06
3.793500000000000000e+03 8.633630000000000210e-06
3.797500000000000000e+03 8.695720000000000153e-06
3.801500000000000000e+03 8.713010000000000118e-06
3.805500000000000000e+03 8.662509999999999500e-06
3.809500000000000000e+03 8.592470000000000760e-06
3.813500000000000000e+03 8.489019999999999235e-06
3.817500000000000000e+03 8.344259999999999625e-06
3.821500000000000000e+03 8.171139999999999832e-06
3.825500000000000000e+03 8.023539999999999755e-06
3.829500000000000000e+03 7.912959999999999197e-06
3.833500000000000000e+03 7.831789999999999431e-06
3.837500000000000000e+03 7.767970000000000438e-06
3.841500000000000000e+03 7.683740000000000061e-06
3.845500000000000000e+03 7.589899999999999956e-06
3.849500000000000000e+03 7.520900000000000278e-06
3.853500000000000000e+03 7.497690000000000376e-06
3.857500000000000000e+03 7.499519999999999646e-06
3.861500000000000000e+03 7.537989999999999804e-06
3.865500000000000000e+03 7.581419999999999658e-06
3.869500000000000000e+03 7.598110000000000001e-06
3.873500000000000000e+03 7.600309999999999743e-06
3.877500000000000000e+03 7.045329999999999680e-06
3.881500000000000000e+03 5.298799999999999988e-06
3.885500000000000000e+03 3.667419999999999947e-06
3.889500000000000000e+03 3.371639999999999875e-06
3.893500000000000000e+03 3.368359999999999968e-06
3.897500000000000000e+03 3.365080000000000060e-06
3.901500000000000000e+03 3.361780000000000024e-06
3.905500000000000000e+03 3.358489999999999840e-06
3.909500000000000000e+03 3.355110000000000137e-06
3.913500000000000000e+03 3.351610000000000086e-06
3.917500000000000000e+03 3.348110000000000035e-06
3.921500000000000000e+03 3.355860000000000087e-06
3.925500000000000000e+03 3.379509999999999853e-06
3.929500000000000000e+03 3.403010000000000136e-06
3.933500000000000000e+03 3.440619999999999849e-06
3.937500000000000000e+03 3.510500000000000101e-06
3.941500000000000000e+03 3.600489999999999810e-06
3.945500000000000000e+03 3.695750000000000149e-06
3.949500000000000000e+03 3.802700000000000031e-06
3.953500000000000000e+03 3.919699999999999927e-06
3.957500000000000000e+03 4.037209999999999925e-06
3.961500000000000000e+03 4.154300000000000188e-06
3.965500000000000000e+03 4.271159999999999608e-06
3.969500000000000000e+03 4.382569999999999783e-06
3.973500000000000000e+03 4.485300000000000068e-06
3.977500000000000000e+03 4.587810000000000210e-06
3.981500000000000000e+03 4.676219999999999928e-06
3.985500000000000000e+03 4.735959999999999800e-06
3.989500000000000000e+03 4.784980000000000221e-06
3.993500000000000000e+03 4.815930000000000323e-06
3.997500000000000000e+03 4.806750000000000184e-06
4.001500000000000000e+03 4.776389999999999851e-06
4.005500000000000000e+03 4.747269999999999866e-06
4.009500000000000000e+03 4.711870000000000171e-06
4.013500000000000000e+03 4.655429999999999912e-06
4.017500000000000000e+03 4.602879999999999881e-06
4.021500000000000000e+03 4.573520000000000047e-06
4.025500000000000000e+03 4.565400000000000369e-06
4.029500000000000000e+03 4.559960000000000129e-06
4.033500000000000000e+03 4.554529999999999743e-06
4.037500000000000000e+03 4.549100000000000203e-06
4.041500000000000000e+03 4.543640000000000259e-06
4.045500000000000000e+03 4.538149999999999910e-06
4.049500000000000000e+03 4.532660000000000408e-06
4.053500000000000000e+03 4.527160000000000206e-06
4.057500000000000000e+03 4.521609999999999895e-06
4.061500000000000000e+03 4.515989999999999769e-06
4.065500000000000000e+03 4.510359999999999791e-06
4.069500000000000000e+03 4.504729999999999813e-06
4.073500000000000000e+03 4.499120000000000387e-06
4.077500000000000000e+03 4.493510000000000113e-06
4.081500000000000000e+03 4.487889999999999988e-06
4.085500000000000000e+03 4.482269999999999862e-06
4.089500000000000000e+03 4.485499999999999660e-06
4.093500000000000000e+03 4.505610000000000387e-06
4.097500000000000000e+03 4.526020000000000078e-06
4.101500000000000000e+03 4.542639999999999760e-06
4.105500000000000000e+03 4.565149999999999821e-06
4.109500000000000000e+03 4.608890000000000184e-06
4.113500000000000000e+03 4.657089999999999994e-06
4.117500000000000000e+03 4.693360000000000411e-06
4.121500000000000000e+03 4.709719999999999692e-06
4.125500000000000000e+03 4.715449999999999889e-06
4.129500000000000000e+03 4.714280000000000204e-06
4.133500000000000000e+03 4.722660000000000283e-06
4.137500000000000000e+03 4.739600000000000327e-06
4.141500000000000000e+03 4.756710000000000406e-06
4.145500000000000000e+03 4.753230000000000059e-06
4.149500000000000000e+03 4.752889999999999992e-06
4.153500000000000000e+03 4.785399999999999956e-06
4.157500000000000000e+03 4.844039999999999957e-06
4.161500000000000000e+03 4.906989999999999922e-06
4.165500000000000000e+03 4.971870000000000223e-06
4.169500000000000000e+03 5.047019999999999833e-06
4.173500000000000000e+03 5.127520000000000164e-06
4.177500000000000000e+03 5.207050000000000400e-06
4.181500000000000000e+03 5.276790000000000176e-06
4.185500000000000000e+03 5.337450000000000033e-06
4.189500000000000000e+03 5.391329999999999930e-06
4.193500000000000000e+03 5.455290000000000246e-06
4.197500000000000000e+03 5.521510000000000266e-06
4.201500000000000000e+03 5.571809999999999598e-06
4.205500000000000000e+03 5.601390000000000423e-06
4.209500000000000000e+03 5.620949999999999944e-06
4.213500000000000000e+03 5.635779999999999767e-06
4.217500000000000000e+03 5.654650000000000147e-06
4.221500000000000000e+03 5.684860000000000150e-06
4.225500000000000000e+03 5.730800000000000256e-06
4.229500000000000000e+03 5.767009999999999864e-06
4.233500000000000000e+03 5.798700000000000063e-06
4.237500000000000000e+03 5.850569999999999958e-06
4.241500000000000000e+03 5.933399999999999807e-06
4.245500000000000000e+03 6.023480000000000307e-06
4.249500000000000000e+03 6.095129999999999866e-06
4.253500000000000000e+03 6.155800000000000422e-06
4.257500000000000000e+03 6.221879999999999966e-06
4.261500000000000000e+03 6.304170000000000155e-06
4.265500000000000000e+03 6.377210000000000391e-06
4.269500000000000000e+03 6.444640000000000354e-06
4.273500000000000000e+03 6.530949999999999702e-06
4.277500000000000000e+03 6.647750000000000006e-06
4.281500000000000000e+03 6.766549999999999614e-06
4.285500000000000000e+03 6.848679999999999623e-06
4.289500000000000000e+03 6.918679999999999799e-06
4.293500000000000000e+03 6.984350000000000307e-06
4.297500000000000000e+03 7.028199999999999896e-06
4.301500000000000000e+03 7.040139999999999988e-06
4.305500000000000000e+03 7.036790000000000266e-06
4.309500000000000000e+03 7.038070000000000023e-06
4.313500000000000000e+03 7.046759999999999766e-06
4.317500000000000000e+03 7.063419999999999705e-06
4.321500000000000000e+03 7.090229999999999876e-06
4.325500000000000000e+03 7.115470000000000333e-06
4.329500000000000000e+03 7.143150000000000379e-06
4.333500000000000000e+03 7.191139999999999898e-06
4.337500000000000000e+03 7.253459999999999837e-06
4.341500000000000000e+03 7.323879999999999748e-06
4.345500000000000000e+03 7.402689999999999592e-06
4.349500000000000000e+03 7.490839999999999756e-06
4.353500000000000000e+03 7.578730000000000366e-06
4.357500000000000000e+03 7.650210000000000739e-06
4.361500000000000000e+03 7.720970000000000719e-06
4.365500000000000000e+03 7.796690000000000394e-06
4.369500000000000000e+03 7.873009999999999690e-06
4.373500000000000000e+03 7.932080000000000126e-06
4.377500000000000000e+03 7.977350000000000795e-06
4.381500000000000000e+03 8.029489999999999249e-06
4.385500000000000000e+03 8.098840000000000542e-06
4.389500000000000000e+03 8.180259999999999162e-06
4.393500000000000000e+03 8.255459999999999730e-06
4.397500000000000000e+03 8.321739999999999712e-06
4.401500000000000000e+03 8.386999999999999490e-06
4.405500000000000000e+03 8.470669999999999656e-06
4.409500000000000000e+03 8.557169999999999591e-06
4.413500000000000000e+03 8.639300000000000446e-06
4.417500000000000000e+03 8.717010000000000418e-06
4.421500000000000000e+03 8.810970000000000447e-06
4.425500000000000000e+03 8.917919999999999482e-06
4.429500000000000000e+03 9.007080000000000845e-06
4.433500000000000000e+03 9.076169999999999195e-06
4.437500000000000000e+03 9.134169999999999318e-06
4.441500000000000000e+03 9.208319999999999277e-06
4.445500000000000000e+03 9.283059999999999852e-06
4.449500000000000000e+03 9.354809999999999631e-06
4.453500000000000000e+03 9.431889999999999578e-06
4.457500000000000000e+03 9.525010000000000136e-06
4.461500000000000000e+03 9.629949999999999169e-06
4.465500000000000000e+03 9.718899999999999393e-06
4.469500000000000000e+03 9.798370000000000514e-06
4.473500000000000000e+03 9.874619999999999996e-06
4.477500000000000000e+03 9.960420000000000089e-06
4.481500000000000000e+03 1.003889999999999972e-05
4.485500000000000000e+03 1.010749999999999937e-05
4.489500000000000000e+03 1.018029999999999975e-05
4.493500000000000000e+03 1.026889999999999921e-05
4.497500000000000000e+03 1.037629999999999923e-05
4.501500000000000000e+03 1.049410000000000003e-05
4.505500000000000000e+03 1.060470000000000030e-05
4.509500000000000000e+03 1.070970000000000014e-05
4.513500000000000000e+03 1.083440000000000083e-05
4.517500000000000000e+03 1.097620000000000004e-05
4.521500000000000000e+03 1.113269999999999931e-05
4.525500000000000000e+03 1.129470000000000047e-05
4.529500000000000000e+03 1.146450000000000009e-05
4.533500000000000000e+03 1.163930000000000052e-05
4.537500000000000000e+03 1.180520000000000007e-05
4.541500000000000000e+03 1.196969999999999993e-05
4.545500000000000000e+03 1.212970000000000010e-05
4.549500000000000000e+03 1.226679999999999917e-05
4.553500000000000000e+03 1.239349999999999916e-05
4.557500000000000000e+03 1.243020000000000001e-05
4.561500000000000000e+03 1.209939999999999973e-05
4.565500000000000000e+03 1.171469999999999983e-05
4.569500000000000000e+03 1.141339999999999986e-05
4.573500000000000000e+03 1.132889999999999922e-05
4.577500000000000000e+03 1.093729999999999945e-05
4.581500000000000000e+03 1.018079999999999915e-05
4.585500000000000000e+03 9.560760000000000599e-06
4.589500000000000000e+03 9.368870000000000645e-06
4.593500000000000000e+03 9.655259999999999440e-06
4.597500000000000000e+03 1.014169999999999982e-05
4.601500000000000000e+03 1.054770000000000067e-05
4.605500000000000000e+03 1.083950000000000015e-05
4.609500000000000000e+03 1.121399999999999970e-05
4.613500000000000000e+03 1.181579999999999959e-05
4.617500000000000000e+03 1.260790000000000002e-05
4.621500000000000000e+03 1.321320000000000082e-05
4.625500000000000000e+03 1.375540000000000047e-05
4.629500000000000000e+03 1.425469999999999923e-05
4.633500000000000000e+03 1.463540000000000052e-05
4.637500000000000000e+03 1.482480000000000077e-05
4.641500000000000000e+03 1.458639999999999980e-05
4.645500000000000000e+03 1.310710000000000026e-05
4.649500000000000000e+03 1.145000000000000049e-05
4.653500000000000000e+03 1.001740000000000001e-05
4.657500000000000000e+03 9.220799999999999876e-06
4.661500000000000000e+03 7.344920000000000313e-06
4.665500000000000000e+03 4.263770000000000175e-06
4.669500000000000000e+03 1.593900000000000105e-06
4.673500000000000000e+03 1.834160000000000060e-07
