1.772950000000000000e+04 0.000000000000000000e+00
1.776550000000000000e+04 5.189939999999999687e-07
1.780150000000000000e+04 1.715950000000000063e-05
1.783750000000000000e+04 5.372400000000000266e-05
1.787350000000000000e+04 8.481599999999999567e-05
1.790950000000000000e+04 1.004919999999999994e-04
1.794550000000000000e+04 1.429409999999999990e-04
1.798150000000000000e+04 1.941769999999999944e-04
1.801750000000000000e+04 2.230380000000000014e-04
1.805350000000000000e+04 2.413840000000000050e-04
1.808950000000000000e+04 2.650740000000000171e-04
1.812550000000000000e+04 3.148970000000000176e-04
1.816150000000000000e+04 3.460650000000000011e-04
1.819750000000000000e+04 3.670559999999999904e-04
1.823350000000000000e+04 4.040189999999999819e-04
1.826950000000000000e+04 4.797380000000000069e-04
1.830550000000000000e+04 5.905959999999999812e-04
1.834150000000000000e+04 7.497940000000000247e-04
1.837750000000000000e+04 9.938580000000000244e-04
1.841350000000000000e+04 1.414569999999999977e-03
1.844950000000000000e+04 1.997360000000000108e-03
1.848550000000000000e+04 2.858009999999999804e-03
1.852150000000000000e+04 4.109630000000000401e-03
1.855750000000000000e+04 5.938170000000000427e-03
1.859350000000000000e+04 8.669349999999999279e-03
1.862950000000000000e+04 1.274549999999999988e-02
1.866550000000000000e+04 1.976210000000000119e-02
1.870150000000000000e+04 3.025800000000000017e-02
1.873750000000000000e+04 4.721310000000000090e-02
1.877350000000000000e+04 7.091340000000000143e-02
1.880950000000000000e+04 9.940920000000000312e-02
1.884550000000000000e+04 1.324460000000000082e-01
1.888150000000000000e+04 1.633840000000000015e-01
1.891750000000000000e+04 1.955959999999999921e-01
1.895350000000000000e+04 2.227780000000000038e-01
1.898950000000000000e+04 2.506889999999999952e-01
1.902550000000000000e+04 2.735070000000000001e-01
1.906150000000000000e+04 2.956309999999999771e-01
1.909750000000000000e+04 3.145169999999999910e-01
1.913350000000000000e+04 3.313169999999999726e-01
1.916950000000000000e+04 3.497589999999999866e-01
1.920550000000000000e+04 3.652969999999999828e-01
1.924150000000000000e+04 3.863349999999999840e-01
1.927750000000000000e+04 4.037600000000000078e-01
1.931350000000000000e+04 4.233009999999999828e-01
1.934950000000000000e+04 4.398279999999999967e-01
1.938550000000000000e+04 4.541890000000000094e-01
1.942150000000000000e+04 4.672689999999999899e-01
1.945750000000000000e+04 4.790989999999999971e-01
1.949350000000000000e+04 4.915399999999999769e-01
1.952950000000000000e+04 5.028589999999999449e-01
1.956550000000000000e+04 5.147540000000000449e-01
1.960150000000000000e+04 5.246939999999999937e-01
1.963750000000000000e+04 5.352620000000000156e-01
1.967350000000000000e+04 5.463590000000000391e-01
1.970950000000000000e+04 5.605750000000000455e-01
1.974550000000000000e+04 5.780610000000000470e-01
1.978150000000000000e+04 5.997200000000000308e-01
1.981750000000000000e+04 6.259069999999999911e-01
1.985350000000000000e+04 6.554720000000000546e-01
1.988950000000000000e+04 6.875229999999999952e-01
1.992550000000000000e+04 7.186230000000000118e-01
1.996150000000000000e+04 7.474150000000000515e-01
1.999750000000000000e+04 7.700360000000000538e-01
2.003350000000000000e+04 7.882740000000000302e-01
2.006950000000000000e+04 8.002230000000000176e-01
2.010550000000000000e+04 8.103350000000000275e-01
2.014150000000000000e+04 8.177470000000000017e-01
2.017750000000000000e+04 8.249020000000000241e-01
2.021350000000000000e+04 8.326329999999999565e-01
2.024950000000000000e+04 8.384390000000000454e-01
2.028550000000000000e+04 8.454209999999999781e-01
2.032150000000000000e+04 8.506209999999999605e-01
2.035750000000000000e+04 8.560740000000000016e-01
2.039350000000000000e+04 8.607749999999999568e-01
2.042950000000000000e+04 8.653110000000000523e-01
2.046550000000000000e+04 8.693089999999999984e-01
2.050150000000000000e+04 8.730940000000000367e-01
2.053750000000000000e+04 8.769580000000000153e-01
2.057350000000000000e+04 8.809449999999999781e-01
2.060950000000000000e+04 8.857310000000000461e-01
2.064550000000000000e+04 8.914050000000000029e-01
2.068150000000000000e+04 8.978890000000000482e-01
2.071750000000000000e+04 9.047640000000000127e-01
2.075350000000000000e+04 9.122550000000000381e-01
2.078950000000000000e+04 9.199720000000000120e-01
2.082550000000000000e+04 9.275390000000000024e-01
2.086150000000000000e+04 9.349849999999999550e-01
2.089750000000000000e+04 9.416339999999999710e-01
2.093350000000000000e+04 9.476329999999999476e-01
2.096950000000000000e+04 9.529549999999999965e-01
2.100550000000000000e+04 9.572380000000000333e-01
2.104150000000000000e+04 9.610269999999999646e-01
2.107750000000000000e+04 9.637890000000000068e-01
2.111350000000000000e+04 9.657540000000000013e-01
2.114950000000000000e+04 9.670360000000000067e-01
2.118550000000000000e+04 9.681020000000000181e-01
2.122150000000000000e+04 9.691490000000000382e-01
2.125750000000000000e+04 9.704089999999999661e-01
2.129350000000000000e+04 9.719569999999999599e-01
2.132950000000000000e+04 9.737310000000000132e-01
2.136550000000000000e+04 9.754580000000000473e-01
2.140150000000000000e+04 9.770720000000000516e-01
2.143750000000000000e+04 9.783319999999999794e-01
2.147350000000000000e+04 9.791860000000000008e-01
2.150950000000000000e+04 9.788320000000000354e-01
2.154550000000000000e+04 9.780659999999999910e-01
2.158150000000000000e+04 9.769409999999999483e-01
2.161750000000000000e+04 9.755939999999999612e-01
2.165350000000000000e+04 9.740849999999999786e-01
2.168950000000000000e+04 9.731319999999999970e-01
2.172550000000000000e+04 9.726369999999999738e-01
2.176150000000000000e+04 9.732589999999999852e-01
2.179750000000000000e+04 9.751379999999999493e-01
2.183350000000000000e+04 9.773020000000000040e-01
2.186950000000000000e+04 9.800440000000000262e-01
2.190550000000000000e+04 9.826240000000000530e-01
2.194150000000000000e+04 9.854800000000000226e-01
2.197750000000000000e+04 9.887200000000000433e-01
2.201350000000000000e+04 9.919879999999999809e-01
2.204950000000000000e+04 9.949710000000000498e-01
2.208550000000000000e+04 9.973070000000000546e-01
2.212150000000000000e+04 9.990700000000000136e-01
2.215750000000000000e+04 1.000000000000000000e+00
2.219350000000000000e+04 9.999059999999999615e-01
2.222950000000000000e+04 9.993859999999999966e-01
2.226550000000000000e+04 9.984950000000000214e-01
2.230150000000000000e+04 9.971750000000000336e-01
2.233750000000000000e+04 9.957179999999999920e-01
2.237350000000000000e+04 9.940710000000000379e-01
2.240950000000000000e+04 9.921440000000000259e-01
2.244550000000000000e+04 9.902579999999999716e-01
2.248150000000000000e+04 9.884619999999999518e-01
2.251750000000000000e+04 9.867050000000000542e-01
2.255350000000000000e+04 9.850940000000000252e-01
2.258950000000000000e+04 9.830119999999999969e-01
2.262550000000000000e+04 9.810499999999999776e-01
2.266150000000000000e+04 9.787470000000000336e-01
2.269750000000000000e+04 9.759039999999999937e-01
2.273350000000000000e+04 9.722950000000000204e-01
2.276950000000000000e+04 9.679689999999999683e-01
2.280550000000000000e+04 9.630739999999999856e-01
2.284150000000000000e+04 9.582180000000000142e-01
2.287750000000000000e+04 9.535350000000000215e-01
2.291350000000000000e+04 9.497649999999999704e-01
2.294950000000000000e+04 9.464960000000000040e-01
2.298550000000000000e+04 9.439689999999999470e-01
2.302150000000000000e+04 9.424430000000000307e-01
2.305750000000000000e+04 9.405099999999999572e-01
2.309350000000000000e+04 9.388090000000000046e-01
2.312950000000000000e+04 9.352049999999999530e-01
2.316550000000000000e+04 9.290389999999999482e-01
2.320150000000000000e+04 9.185919999999999641e-01
2.323750000000000000e+04 9.037490000000000245e-01
2.327350000000000000e+04 8.859129999999999505e-01
2.330950000000000000e+04 8.655439999999999801e-01
2.334550000000000000e+04 8.442199999999999704e-01
2.338150000000000000e+04 8.210699999999999665e-01
2.341750000000000000e+04 7.987410000000000343e-01
2.345350000000000000e+04 7.751869999999999594e-01
2.348950000000000000e+04 7.503130000000000077e-01
2.352550000000000000e+04 7.221790000000000154e-01
2.356150000000000000e+04 6.882460000000000244e-01
2.359750000000000000e+04 6.558439999999999825e-01
2.363350000000000000e+04 6.240240000000000231e-01
2.366950000000000000e+04 5.994270000000000431e-01
2.370550000000000000e+04 5.805179999999999785e-01
2.374150000000000000e+04 5.637069999999999581e-01
2.377750000000000000e+04 5.476999999999999647e-01
2.381350000000000000e+04 5.342289999999999539e-01
2.384950000000000000e+04 5.225950000000000317e-01
2.388550000000000000e+04 5.127730000000000343e-01
2.392150000000000000e+04 5.052140000000000519e-01
2.395750000000000000e+04 4.980390000000000095e-01
2.399350000000000000e+04 4.922730000000000161e-01
2.402950000000000000e+04 4.833790000000000031e-01
2.406550000000000000e+04 4.728109999999999813e-01
2.410150000000000000e+04 4.613220000000000098e-01
2.413750000000000000e+04 4.460359999999999880e-01
2.417350000000000000e+04 4.327230000000000243e-01
2.420950000000000000e+04 4.199820000000000220e-01
2.424550000000000000e+04 4.085849999999999760e-01
2.428150000000000000e+04 4.007279999999999731e-01
2.431750000000000000e+04 3.956390000000000184e-01
2.435350000000000000e+04 3.888659999999999894e-01
2.438950000000000000e+04 3.803819999999999979e-01
2.442550000000000000e+04 3.654009999999999758e-01
2.446150000000000000e+04 3.442740000000000244e-01
2.449750000000000000e+04 3.197200000000000042e-01
2.453350000000000000e+04 2.904340000000000255e-01
2.456950000000000000e+04 2.642090000000000272e-01
2.460550000000000000e+04 2.406260000000000066e-01
2.464150000000000000e+04 2.205350000000000088e-01
2.467750000000000000e+04 2.038929999999999909e-01
2.471350000000000000e+04 1.886269999999999891e-01
2.474950000000000000e+04 1.752259999999999929e-01
2.478550000000000000e+04 1.634259999999999879e-01
2.482150000000000000e+04 1.525630000000000042e-01
2.485750000000000000e+04 1.438379999999999936e-01
2.489350000000000000e+04 1.342839999999999867e-01
2.492950000000000000e+04 1.245529999999999970e-01
2.496550000000000000e+04 1.126189999999999969e-01
2.500150000000000000e+04 9.816049999999999776e-02
2.503750000000000000e+04 8.643030000000000157e-02
2.507350000000000000e+04 7.247779999999999501e-02
2.510950000000000000e+04 6.046119999999999967e-02
2.514550000000000000e+04 5.050099999999999728e-02
2.518150000000000000e+04 4.159680000000000322e-02
2.521750000000000000e+04 3.440290000000000015e-02
2.525350000000000000e+04 2.586919999999999845e-02
2.528950000000000000e+04 1.860859999999999945e-02
2.532550000000000000e+04 1.125950000000000041e-02
2.536150000000000000e+04 6.097240000000000298e-03
2.539750000000000000e+04 3.922029999999999961e-03
2.543350000000000000e+04 2.087209999999999933e-03
2.546950000000000000e+04 9.538469999999999631e-04
2.550550000000000000e+04 7.507349999999999874e-05
