1.705500000000000000e+03 0.000000000000000000e+00
1.709500000000000000e+03 1.049790000000000032e-06
1.713500000000000000e+03 4.469830000000000367e-06
1.717500000000000000e+03 8.792119999999999772e-06
1.721500000000000000e+03 1.217850000000000037e-05
1.725500000000000000e+03 1.520460000000000008e-05
1.729500000000000000e+03 1.686069999999999935e-05
1.733500000000000000e+03 1.744139999999999872e-05
1.737500000000000000e+03 1.803090000000000045e-05
1.741500000000000000e+03 1.869919999999999878e-05
1.745500000000000000e+03 1.938359999999999853e-05
1.749500000000000000e+03 2.004839999999999934e-05
1.753500000000000000e+03 2.070519999999999956e-05
1.757500000000000000e+03 2.119629999999999897e-05
1.761500000000000000e+03 2.156320000000000049e-05
1.765500000000000000e+03 2.176560000000000045e-05
1.769500000000000000e+03 2.171589999999999989e-05
1.773500000000000000e+03 2.155870000000000079e-05
1.777500000000000000e+03 2.125420000000000057e-05
1.781500000000000000e+03 2.087090000000000036e-05
1.785500000000000000e+03 2.048069999999999858e-05
1.789500000000000000e+03 2.008049999999999858e-05
1.793500000000000000e+03 1.977710000000000077e-05
1.797500000000000000e+03 1.967840000000000119e-05
1.801500000000000000e+03 1.970079999999999949e-05
1.805500000000000000e+03 2.003119999999999890e-05
1.809500000000000000e+03 2.051769999999999839e-05
1.813500000000000000e+03 2.114770000000000083e-05
1.817500000000000000e+03 2.190229999999999865e-05
1.821500000000000000e+03 2.260960000000000118e-05
1.825500000000000000e+03 2.315909999999999990e-05
1.829500000000000000e+03 2.359230000000000111e-05
1.833500000000000000e+03 2.360150000000000095e-05
1.837500000000000000e+03 2.340589999999999896e-05
1.841500000000000000e+03 2.276599999999999853e-05
1.845500000000000000e+03 2.176929999999999840e-05
1.849500000000000000e+03 2.053420000000000069e-05
1.853500000000000000e+03 1.900790000000000143e-05
1.857500000000000000e+03 1.737189999999999880e-05
1.861500000000000000e+03 1.575299999999999978e-05
1.865500000000000000e+03 1.411380000000000029e-05
1.869500000000000000e+03 1.270480000000000074e-05
1.873500000000000000e+03 1.147029999999999926e-05
1.877500000000000000e+03 1.046950000000000030e-05
1.881500000000000000e+03 9.872060000000000481e-06
1.885500000000000000e+03 9.499920000000000009e-06
1.889500000000000000e+03 9.528249999999999787e-06
1.893500000000000000e+03 9.814439999999999837e-06
1.897500000000000000e+03 1.039209999999999999e-05
1.901500000000000000e+03 1.119679999999999925e-05
1.905500000000000000e+03 1.209409999999999996e-05
1.909500000000000000e+03 1.305940000000000070e-05
1.913500000000000000e+03 1.404389999999999949e-05
1.917500000000000000e+03 1.489590000000000082e-05
1.921500000000000000e+03 1.569529999999999862e-05
1.925500000000000000e+03 1.621400000000000095e-05
1.929500000000000000e+03 1.652829999999999894e-05
1.933500000000000000e+03 1.661009999999999874e-05
1.937500000000000000e+03 1.632259999999999853e-05
1.941500000000000000e+03 1.587029999999999948e-05
1.945500000000000000e+03 1.525730000000000044e-05
1.949500000000000000e+03 1.451519999999999953e-05
1.953500000000000000e+03 1.383490000000000030e-05
1.957500000000000000e+03 1.320269999999999982e-05
1.961500000000000000e+03 1.265040000000000004e-05
1.965500000000000000e+03 1.226219999999999925e-05
1.969500000000000000e+03 1.199199999999999970e-05
1.973500000000000000e+03 1.193830000000000054e-05
1.977500000000000000e+03 1.191590000000000055e-05
1.981500000000000000e+03 1.195639999999999957e-05
1.985500000000000000e+03 1.205340000000000050e-05
1.989500000000000000e+03 1.212649999999999986e-05
1.993500000000000000e+03 1.216579999999999963e-05
1.997500000000000000e+03 1.219299999999999998e-05
2.001500000000000000e+03 1.225859999999999983e-05
2.005500000000000000e+03 1.234770000000000038e-05
2.009500000000000000e+03 1.243800000000000018e-05
2.013500000000000000e+03 1.252770000000000035e-05
2.017500000000000000e+03 1.261769999999999949e-05
2.021500000000000000e+03 1.271250000000000068e-05
2.025500000000000000e+03 1.281379999999999919e-05
2.029500000000000000e+03 1.290969999999999940e-05
2.033500000000000000e+03 1.301319999999999934e-05
2.037500000000000000e+03 1.312999999999999965e-05
2.041500000000000000e+03 1.325759999999999992e-05
2.045500000000000000e+03 1.338610000000000047e-05
2.049500000000000000e+03 1.350389999999999958e-05
2.053500000000000000e+03 1.362349999999999924e-05
2.057500000000000000e+03 1.375830000000000005e-05
2.061500000000000000e+03 1.390729999999999981e-05
2.065500000000000000e+03 1.409499999999999973e-05
2.069500000000000000e+03 1.432030000000000077e-05
2.073500000000000000e+03 1.459920000000000076e-05
2.077500000000000000e+03 1.493840000000000083e-05
2.081500000000000000e+03 1.564860000000000125e-05
2.085500000000000000e+03 1.647279999999999922e-05
2.089500000000000000e+03 1.725730000000000162e-05
2.093500000000000000e+03 1.802599999999999987e-05
2.097500000000000000e+03 1.874370000000000148e-05
2.101500000000000000e+03 1.907909999999999831e-05
2.105500000000000000e+03 1.940259999999999953e-05
2.109500000000000000e+03 1.991859999999999933e-05
2.113500000000000000e+03 2.054289999999999944e-05
2.117500000000000000e+03 2.125550000000000003e-05
2.121500000000000000e+03 2.172019999999999916e-05
2.125500000000000000e+03 2.223050000000000002e-05
2.129500000000000000e+03 2.257120000000000168e-05
2.133500000000000000e+03 2.258490000000000123e-05
2.137500000000000000e+03 2.226210000000000154e-05
2.141500000000000000e+03 2.175210000000000134e-05
2.145500000000000000e+03 2.114539999999999917e-05
2.149500000000000000e+03 2.051049999999999954e-05
2.153500000000000000e+03 1.979319999999999880e-05
2.157500000000000000e+03 1.881470000000000131e-05
2.161500000000000000e+03 1.774800000000000016e-05
2.165500000000000000e+03 1.660020000000000075e-05
2.169500000000000000e+03 1.569200000000000155e-05
2.173500000000000000e+03 1.466410000000000077e-05
2.177500000000000000e+03 1.376659999999999962e-05
2.181500000000000000e+03 1.312859999999999997e-05
2.185500000000000000e+03 1.281060000000000064e-05
2.189500000000000000e+03 1.258860000000000006e-05
2.193500000000000000e+03 1.238299999999999986e-05
2.197500000000000000e+03 1.222999999999999980e-05
2.201500000000000000e+03 1.207270000000000047e-05
2.205500000000000000e+03 1.193799999999999988e-05
2.209500000000000000e+03 1.183230000000000020e-05
2.213500000000000000e+03 1.175360000000000043e-05
2.217500000000000000e+03 1.171710000000000001e-05
2.221500000000000000e+03 1.167269999999999922e-05
2.225500000000000000e+03 1.163700000000000056e-05
2.229500000000000000e+03 1.164240000000000054e-05
2.233500000000000000e+03 1.164049999999999976e-05
2.237500000000000000e+03 1.163179999999999932e-05
2.241500000000000000e+03 1.162380000000000042e-05
2.245500000000000000e+03 1.166289999999999975e-05
2.249500000000000000e+03 1.170359999999999921e-05
2.253500000000000000e+03 1.176879999999999987e-05
2.257500000000000000e+03 1.184419999999999919e-05
2.261500000000000000e+03 1.197959999999999962e-05
2.265500000000000000e+03 1.217020000000000081e-05
2.269500000000000000e+03 1.238279999999999942e-05
2.273500000000000000e+03 1.262200000000000045e-05
2.277500000000000000e+03 1.289579999999999942e-05
2.281500000000000000e+03 1.315089999999999974e-05
2.285500000000000000e+03 1.342059999999999988e-05
2.289500000000000000e+03 1.371230000000000083e-05
2.293500000000000000e+03 1.399739999999999917e-05
2.297500000000000000e+03 1.431959999999999924e-05
2.301500000000000000e+03 1.468870000000000050e-05
2.305500000000000000e+03 1.509830000000000078e-05
2.309500000000000000e+03 1.557090000000000028e-05
2.313500000000000000e+03 1.610290000000000129e-05
2.317500000000000000e+03 1.666020000000000017e-05
2.321500000000000000e+03 1.732530000000000165e-05
2.325500000000000000e+03 1.811280000000000046e-05
2.329500000000000000e+03 1.894949999999999873e-05
2.333500000000000000e+03 1.997879999999999920e-05
2.337500000000000000e+03 2.122770000000000006e-05
2.341500000000000000e+03 2.259430000000000151e-05
2.345500000000000000e+03 2.431250000000000143e-05
2.349500000000000000e+03 2.636460000000000165e-05
2.353500000000000000e+03 2.857159999999999932e-05
2.357500000000000000e+03 3.127949999999999757e-05
2.361500000000000000e+03 3.444520000000000015e-05
2.365500000000000000e+03 3.787930000000000171e-05
2.369500000000000000e+03 4.224020000000000259e-05
2.373500000000000000e+03 4.735879999999999794e-05
2.377500000000000000e+03 5.289500000000000094e-05
2.381500000000000000e+03 6.055360000000000245e-05
2.385500000000000000e+03 6.994539999999999612e-05
2.389500000000000000e+03 8.011060000000000511e-05
2.393500000000000000e+03 9.508930000000000453e-05
2.397500000000000000e+03 1.138390000000000056e-04
2.401500000000000000e+03 1.446449999999999949e-04
2.405500000000000000e+03 1.889820000000000009e-04
2.409500000000000000e+03 2.323869999999999961e-04
2.413500000000000000e+03 2.799769999999999928e-04
2.417500000000000000e+03 3.496799999999999995e-04
2.421500000000000000e+03 4.330420000000000189e-04
2.425500000000000000e+03 5.250499999999999959e-04
2.429500000000000000e+03 6.534540000000000357e-04
2.433500000000000000e+03 8.024949999999999662e-04
2.437500000000000000e+03 9.682379999999999546e-04
2.441500000000000000e+03 1.185440000000000061e-03
2.445500000000000000e+03 1.428240000000000108e-03
2.449500000000000000e+03 1.696950000000000021e-03
2.453500000000000000e+03 2.023019999999999940e-03
2.457500000000000000e+03 2.375579999999999966e-03
2.461500000000000000e+03 2.759590000000000133e-03
2.465500000000000000e+03 3.184699999999999944e-03
2.469500000000000000e+03 3.625869999999999788e-03
2.473500000000000000e+03 4.091949999999999581e-03
2.477500000000000000e+03 4.564109999999999695e-03
2.481500000000000000e+03 5.035350000000000069e-03
2.485500000000000000e+03 5.512709999999999659e-03
2.489500000000000000e+03 5.955499999999999856e-03
2.493500000000000000e+03 6.382470000000000331e-03
2.497500000000000000e+03 6.795630000000000420e-03
2.501500000000000000e+03 7.147409999999999874e-03
2.505500000000000000e+03 7.476830000000000281e-03
2.509500000000000000e+03 7.775469999999999604e-03
2.513500000000000000e+03 8.031869999999999982e-03
2.517500000000000000e+03 8.334829999999999670e-03
2.521500000000000000e+03 8.646400000000000266e-03
2.525500000000000000e+03 8.942620000000000083e-03
2.529500000000000000e+03 9.243170000000000205e-03
2.533500000000000000e+03 9.653180000000000788e-03
2.537500000000000000e+03 1.013350000000000015e-02
2.541500000000000000e+03 1.071229999999999925e-02
2.545500000000000000e+03 1.137819999999999977e-02
2.549500000000000000e+03 1.211910000000000071e-02
2.553500000000000000e+03 1.300029999999999936e-02
2.557500000000000000e+03 1.392359999999999952e-02
2.561500000000000000e+03 1.499310000000000052e-02
2.565500000000000000e+03 1.611610000000000126e-02
2.569500000000000000e+03 1.732140000000000069e-02
2.573500000000000000e+03 1.859560000000000032e-02
2.577500000000000000e+03 1.993970000000000117e-02
2.581500000000000000e+03 2.142020000000000035e-02
2.585500000000000000e+03 2.297570000000000168e-02
2.589500000000000000e+03 2.457240000000000119e-02
2.593500000000000000e+03 2.627300000000000121e-02
2.597500000000000000e+03 2.813979999999999954e-02
2.601500000000000000e+03 3.012619999999999881e-02
2.605500000000000000e+03 3.230870000000000269e-02
2.609500000000000000e+03 3.461619999999999975e-02
2.613500000000000000e+03 3.709149999999999947e-02
2.617500000000000000e+03 3.968440000000000162e-02
2.621500000000000000e+03 4.243190000000000156e-02
2.625500000000000000e+03 4.536599999999999661e-02
2.629500000000000000e+03 4.838979999999999670e-02
2.633500000000000000e+03 5.157090000000000285e-02
2.637500000000000000e+03 5.481350000000000111e-02
2.641500000000000000e+03 5.813360000000000055e-02
2.645500000000000000e+03 6.153750000000000192e-02
2.649500000000000000e+03 6.494099999999999873e-02
2.653500000000000000e+03 6.836100000000000509e-02
2.657500000000000000e+03 7.174859999999999571e-02
2.661500000000000000e+03 7.506440000000000334e-02
2.665500000000000000e+03 7.827929999999999611e-02
2.669500000000000000e+03 8.137900000000000689e-02
2.673500000000000000e+03 8.433069999999999455e-02
2.677500000000000000e+03 8.714950000000000474e-02
2.681500000000000000e+03 8.973860000000000170e-02
2.685500000000000000e+03 9.214880000000000293e-02
2.689500000000000000e+03 9.434299999999999631e-02
2.693500000000000000e+03 9.626650000000000484e-02
2.697500000000000000e+03 9.802929999999999977e-02
2.701500000000000000e+03 9.951809999999999823e-02
2.705500000000000000e+03 1.008560000000000012e-01
2.709500000000000000e+03 1.019589999999999941e-01
2.713500000000000000e+03 1.028700000000000031e-01
2.717500000000000000e+03 1.035660000000000053e-01
2.721500000000000000e+03 1.040459999999999996e-01
2.725500000000000000e+03 1.045480000000000020e-01
2.729500000000000000e+03 1.049490000000000006e-01
2.733500000000000000e+03 1.053619999999999973e-01
2.737500000000000000e+03 1.058850000000000069e-01
2.741500000000000000e+03 1.064350000000000018e-01
2.745500000000000000e+03 1.069409999999999944e-01
2.749500000000000000e+03 1.074419999999999958e-01
2.753500000000000000e+03 1.078630000000000005e-01
2.757500000000000000e+03 1.082680000000000031e-01
2.761500000000000000e+03 1.087029999999999941e-01
2.765500000000000000e+03 1.091109999999999997e-01
2.769500000000000000e+03 1.095269999999999994e-01
2.773500000000000000e+03 1.099659999999999943e-01
2.777500000000000000e+03 1.103790000000000049e-01
2.781500000000000000e+03 1.107989999999999947e-01
2.785500000000000000e+03 1.112830000000000069e-01
2.789500000000000000e+03 1.118989999999999985e-01
2.793500000000000000e+03 1.124909999999999938e-01
2.797500000000000000e+03 1.130580000000000057e-01
2.801500000000000000e+03 1.137149999999999966e-01
2.805500000000000000e+03 1.145779999999999993e-01
2.809500000000000000e+03 1.156750000000000000e-01
2.813500000000000000e+03 1.172440000000000010e-01
2.817500000000000000e+03 1.194729999999999959e-01
2.821500000000000000e+03 1.226550000000000001e-01
2.825500000000000000e+03 1.273799999999999932e-01
2.829500000000000000e+03 1.341590000000000005e-01
2.833500000000000000e+03 1.449390000000000123e-01
2.837500000000000000e+03 1.599019999999999886e-01
2.841500000000000000e+03 1.825289999999999968e-01
2.845500000000000000e+03 2.124109999999999887e-01
2.849500000000000000e+03 2.516439999999999788e-01
2.853500000000000000e+03 3.001730000000000231e-01
2.857500000000000000e+03 3.560240000000000071e-01
2.861500000000000000e+03 4.178529999999999744e-01
2.865500000000000000e+03 4.839419999999999833e-01
2.869500000000000000e+03 5.488549999999999818e-01
2.873500000000000000e+03 6.136150000000000215e-01
2.877500000000000000e+03 6.727830000000000199e-01
2.881500000000000000e+03 7.270349999999999868e-01
2.885500000000000000e+03 7.782360000000000388e-01
2.889500000000000000e+03 8.234280000000000488e-01
2.893500000000000000e+03 8.634650000000000380e-01
2.897500000000000000e+03 8.961820000000000341e-01
2.901500000000000000e+03 9.214780000000000193e-01
2.905500000000000000e+03 9.398779999999999912e-01
2.909500000000000000e+03 9.539039999999999742e-01
2.913500000000000000e+03 9.635169999999999568e-01
2.917500000000000000e+03 9.701870000000000216e-01
2.921500000000000000e+03 9.760400000000000187e-01
2.925500000000000000e+03 9.812349999999999683e-01
2.929500000000000000e+03 9.853460000000000552e-01
2.933500000000000000e+03 9.891529999999999490e-01
2.937500000000000000e+03 9.928909999999999680e-01
2.941500000000000000e+03 9.961889999999999912e-01
2.945500000000000000e+03 9.986920000000000242e-01
2.949500000000000000e+03 1.000000000000000000e+00
2.953500000000000000e+03 9.998860000000000525e-01
2.957500000000000000e+03 9.994579999999999576e-01
2.961500000000000000e+03 9.969630000000000436e-01
2.965500000000000000e+03 9.936399999999999677e-01
2.969500000000000000e+03 9.863239999999999785e-01
2.973500000000000000e+03 9.730640000000000400e-01
2.977500000000000000e+03 9.525930000000000231e-01
2.981500000000000000e+03 9.225499999999999812e-01
2.985500000000000000e+03 8.858249999999999735e-01
2.989500000000000000e+03 8.389159999999999950e-01
2.993500000000000000e+03 7.852839999999999820e-01
2.997500000000000000e+03 7.260109999999999619e-01
3.001500000000000000e+03 6.622329999999999606e-01
3.005500000000000000e+03 5.998200000000000198e-01
3.009500000000000000e+03 5.364170000000000327e-01
3.013500000000000000e+03 4.766699999999999826e-01
3.017500000000000000e+03 4.199590000000000267e-01
3.021500000000000000e+03 3.668950000000000267e-01
3.025500000000000000e+03 3.186640000000000028e-01
3.029500000000000000e+03 2.747459999999999902e-01
3.033500000000000000e+03 2.365019999999999900e-01
3.037500000000000000e+03 2.057499999999999885e-01
3.041500000000000000e+03 1.807660000000000100e-01
3.045500000000000000e+03 1.630639999999999867e-01
3.049500000000000000e+03 1.495489999999999875e-01
3.053500000000000000e+03 1.403610000000000135e-01
3.057500000000000000e+03 1.340580000000000105e-01
3.061500000000000000e+03 1.294970000000000010e-01
3.065500000000000000e+03 1.260890000000000066e-01
3.069500000000000000e+03 1.236740000000000061e-01
3.073500000000000000e+03 1.219149999999999956e-01
3.077500000000000000e+03 1.205129999999999951e-01
3.081500000000000000e+03 1.192190000000000055e-01
3.085500000000000000e+03 1.181139999999999968e-01
3.089500000000000000e+03 1.171800000000000064e-01
3.093500000000000000e+03 1.163219999999999948e-01
3.097500000000000000e+03 1.155550000000000049e-01
3.101500000000000000e+03 1.148070000000000063e-01
3.105500000000000000e+03 1.141059999999999991e-01
3.109500000000000000e+03 1.134949999999999987e-01
3.113500000000000000e+03 1.128900000000000042e-01
3.117500000000000000e+03 1.122149999999999953e-01
3.121500000000000000e+03 1.114829999999999988e-01
3.125500000000000000e+03 1.106609999999999955e-01
3.129500000000000000e+03 1.097370000000000012e-01
3.133500000000000000e+03 1.087280000000000052e-01
3.137500000000000000e+03 1.075880000000000031e-01
3.141500000000000000e+03 1.063150000000000067e-01
3.145500000000000000e+03 1.048749999999999960e-01
3.149500000000000000e+03 1.033079999999999971e-01
3.153500000000000000e+03 1.016800000000000065e-01
3.157500000000000000e+03 9.989030000000000131e-02
3.161500000000000000e+03 9.806220000000000214e-02
3.165500000000000000e+03 9.608220000000000649e-02
3.169500000000000000e+03 9.406820000000000459e-02
3.173500000000000000e+03 9.192859999999999920e-02
3.177500000000000000e+03 8.971969999999999945e-02
3.181500000000000000e+03 8.744860000000000133e-02
3.185500000000000000e+03 8.502669999999999673e-02
3.189500000000000000e+03 8.243330000000000102e-02
3.193500000000000000e+03 7.981549999999999756e-02
3.197500000000000000e+03 7.696630000000000138e-02
3.201500000000000000e+03 7.401969999999999383e-02
3.205500000000000000e+03 7.088849999999999318e-02
3.209500000000000000e+03 6.758240000000000081e-02
3.213500000000000000e+03 6.418240000000000056e-02
3.217500000000000000e+03 6.064239999999999908e-02
3.221500000000000000e+03 5.703720000000000317e-02
3.225500000000000000e+03 5.335299999999999765e-02
3.229500000000000000e+03 4.966050000000000325e-02
3.233500000000000000e+03 4.599940000000000279e-02
3.237500000000000000e+03 4.240549999999999875e-02
3.241500000000000000e+03 3.888590000000000102e-02
3.245500000000000000e+03 3.552330000000000071e-02
3.249500000000000000e+03 3.231599999999999751e-02
3.253500000000000000e+03 2.934269999999999934e-02
3.257500000000000000e+03 2.656390000000000140e-02
3.261500000000000000e+03 2.403949999999999837e-02
3.265500000000000000e+03 2.175349999999999853e-02
3.269500000000000000e+03 1.969090000000000076e-02
3.273500000000000000e+03 1.788290000000000018e-02
3.277500000000000000e+03 1.626990000000000033e-02
3.281500000000000000e+03 1.488189999999999999e-02
3.285500000000000000e+03 1.366120000000000008e-02
3.289500000000000000e+03 1.261379999999999967e-02
3.293500000000000000e+03 1.172040000000000061e-02
3.297500000000000000e+03 1.093470000000000032e-02
3.301500000000000000e+03 1.027050000000000012e-02
3.305500000000000000e+03 9.679449999999999166e-03
3.309500000000000000e+03 9.159950000000000037e-03
3.313500000000000000e+03 8.692160000000000858e-03
3.317500000000000000e+03 8.272399999999999198e-03
3.321500000000000000e+03 7.886310000000000542e-03
3.325500000000000000e+03 7.507510000000000225e-03
3.329500000000000000e+03 7.149499999999999605e-03
3.333500000000000000e+03 6.772310000000000135e-03
3.337500000000000000e+03 6.377790000000000369e-03
3.341500000000000000e+03 6.014850000000000405e-03
3.345500000000000000e+03 5.676060000000000133e-03
3.349500000000000000e+03 5.341839999999999609e-03
3.353500000000000000e+03 4.989010000000000319e-03
3.357500000000000000e+03 4.623939999999999995e-03
3.361500000000000000e+03 4.258129999999999728e-03
3.365500000000000000e+03 3.922489999999999831e-03
3.369500000000000000e+03 3.589950000000000172e-03
3.373500000000000000e+03 3.268640000000000174e-03
3.377500000000000000e+03 2.968989999999999910e-03
3.381500000000000000e+03 2.683189999999999794e-03
3.385500000000000000e+03 2.417579999999999903e-03
3.389500000000000000e+03 2.160780000000000166e-03
3.393500000000000000e+03 1.916060000000000029e-03
3.397500000000000000e+03 1.699430000000000038e-03
3.401500000000000000e+03 1.492389999999999906e-03
3.405500000000000000e+03 1.293169999999999953e-03
3.409500000000000000e+03 1.123999999999999999e-03
3.413500000000000000e+03 9.696540000000000237e-04
3.417500000000000000e+03 8.270620000000000445e-04
3.421500000000000000e+03 7.141139999999999597e-04
3.425500000000000000e+03 6.114859999999999523e-04
3.429500000000000000e+03 5.184579999999999614e-04
3.433500000000000000e+03 4.448400000000000032e-04
3.437500000000000000e+03 3.719759999999999907e-04
3.441500000000000000e+03 3.019690000000000221e-04
3.445500000000000000e+03 2.533370000000000175e-04
3.449500000000000000e+03 2.143120000000000040e-04
3.453500000000000000e+03 1.791039999999999982e-04
3.457500000000000000e+03 1.535940000000000070e-04
3.461500000000000000e+03 1.280990000000000080e-04
3.465500000000000000e+03 1.034720000000000014e-04
3.469500000000000000e+03 8.673049999999999911e-05
3.473500000000000000e+03 7.420100000000000328e-05
3.477500000000000000e+03 6.271009999999999443e-05
3.481500000000000000e+03 5.482450000000000338e-05
3.485500000000000000e+03 4.784020000000000319e-05
3.489500000000000000e+03 4.151110000000000309e-05
3.493500000000000000e+03 3.718090000000000175e-05
3.497500000000000000e+03 3.334830000000000053e-05
3.501500000000000000e+03 2.989070000000000165e-05
3.505500000000000000e+03 2.759519999999999966e-05
3.509500000000000000e+03 2.557859999999999935e-05
3.513500000000000000e+03 2.374259999999999863e-05
3.517500000000000000e+03 2.262879999999999924e-05
3.521500000000000000e+03 2.169660000000000162e-05
3.525500000000000000e+03 2.086770000000000012e-05
3.529500000000000000e+03 2.040140000000000088e-05
3.533500000000000000e+03 1.996619999999999867e-05
3.537500000000000000e+03 1.949379999999999960e-05
3.541500000000000000e+03 1.895589999999999922e-05
3.545500000000000000e+03 1.836389999999999878e-05
3.549500000000000000e+03 1.796559999999999957e-05
3.553500000000000000e+03 1.769270000000000087e-05
3.557500000000000000e+03 1.733519999999999964e-05
3.561500000000000000e+03 1.693359999999999996e-05
3.565500000000000000e+03 1.652659999999999860e-05
3.569500000000000000e+03 1.630210000000000101e-05
3.573500000000000000e+03 1.627469999999999853e-05
3.577500000000000000e+03 1.620350000000000165e-05
3.581500000000000000e+03 1.617660000000000026e-05
3.585500000000000000e+03 1.613500000000000052e-05
3.589500000000000000e+03 1.586719999999999946e-05
3.593500000000000000e+03 1.566029999999999980e-05
3.597500000000000000e+03 1.544989999999999924e-05
3.601500000000000000e+03 1.512270000000000007e-05
3.605500000000000000e+03 1.479900000000000010e-05
3.609500000000000000e+03 1.447220000000000011e-05
3.613500000000000000e+03 1.409230000000000058e-05
3.617500000000000000e+03 1.371549999999999938e-05
3.621500000000000000e+03 1.337770000000000068e-05
3.625500000000000000e+03 1.313330000000000011e-05
3.629500000000000000e+03 1.293139999999999955e-05
3.633500000000000000e+03 1.279929999999999958e-05
3.637500000000000000e+03 1.276510000000000082e-05
3.641500000000000000e+03 1.274100000000000049e-05
3.645500000000000000e+03 1.270620000000000042e-05
3.649500000000000000e+03 1.275580000000000076e-05
3.653500000000000000e+03 1.280089999999999970e-05
3.657500000000000000e+03 1.284540000000000071e-05
3.661500000000000000e+03 1.295340000000000036e-05
3.665500000000000000e+03 1.307439999999999971e-05
3.669500000000000000e+03 1.317140000000000064e-05
3.673500000000000000e+03 1.326310000000000012e-05
3.677500000000000000e+03 1.335949999999999974e-05
3.681500000000000000e+03 1.344000000000000007e-05
3.685500000000000000e+03 1.352149999999999920e-05
3.689500000000000000e+03 1.362999999999999994e-05
3.693500000000000000e+03 1.376610000000000022e-05
3.697500000000000000e+03 1.387530000000000080e-05
3.701500000000000000e+03 1.393729999999999953e-05
3.705500000000000000e+03 1.400139999999999947e-05
3.709500000000000000e+03 1.408930000000000078e-05
3.713500000000000000e+03 1.417539999999999984e-05
3.717500000000000000e+03 1.430920000000000015e-05
3.721500000000000000e+03 1.449230000000000014e-05
3.725500000000000000e+03 1.465289999999999993e-05
3.729500000000000000e+03 1.481659999999999973e-05
3.733500000000000000e+03 1.502400000000000049e-05
3.737500000000000000e+03 1.524069999999999962e-05
3.741500000000000000e+03 1.547210000000000048e-05
3.745500000000000000e+03 1.570420000000000119e-05
3.749500000000000000e+03 1.591779999999999861e-05
3.753500000000000000e+03 1.611220000000000135e-05
3.757500000000000000e+03 1.623759999999999849e-05
3.761500000000000000e+03 1.633170000000000154e-05
3.765500000000000000e+03 1.640949999999999934e-05
3.769500000000000000e+03 1.643500000000000104e-05
3.773500000000000000e+03 1.646469999999999840e-05
3.777500000000000000e+03 1.650689999999999945e-05
3.781500000000000000e+03 1.646519999999999950e-05
3.785500000000000000e+03 1.634109999999999843e-05
3.789500000000000000e+03 1.623440000000000164e-05
3.793500000000000000e+03 1.615360000000000065e-05
3.797500000000000000e+03 1.606329999999999916e-05
3.801500000000000000e+03 1.601270000000000002e-05
3.805500000000000000e+03 1.602339999999999976e-05
3.809500000000000000e+03 1.600060000000000059e-05
3.813500000000000000e+03 1.593730000000000071e-05
3.817500000000000000e+03 1.579990000000000097e-05
3.821500000000000000e+03 1.358850000000000043e-05
3.825500000000000000e+03 1.072840000000000048e-05
3.829500000000000000e+03 9.302320000000000410e-06
3.833500000000000000e+03 8.893180000000000122e-06
3.837500000000000000e+03 7.502820000000000105e-06
3.841500000000000000e+03 6.162509999999999719e-06
3.845500000000000000e+03 4.891690000000000255e-06
3.849500000000000000e+03 3.470960000000000053e-06
3.853500000000000000e+03 2.662690000000000082e-06
3.857500000000000000e+03 2.660070000000000181e-06
3.861500000000000000e+03 2.657449999999999857e-06
3.865500000000000000e+03 2.654820000000000105e-06
3.869500000000000000e+03 2.652099999999999985e-06
3.873500000000000000e+03 2.649319999999999903e-06
3.877500000000000000e+03 2.646959999999999980e-06
3.881500000000000000e+03 2.659119999999999792e-06
3.885500000000000000e+03 2.678179999999999911e-06
3.889500000000000000e+03 2.697410000000000064e-06
3.893500000000000000e+03 2.723890000000000021e-06
3.897500000000000000e+03 2.758550000000000041e-06
3.901500000000000000e+03 2.808729999999999873e-06
3.905500000000000000e+03 2.859770000000000150e-06
3.909500000000000000e+03 2.916099999999999914e-06
3.913500000000000000e+03 2.996199999999999791e-06
3.917500000000000000e+03 3.079189999999999821e-06
3.921500000000000000e+03 3.163460000000000032e-06
3.925500000000000000e+03 3.255010000000000028e-06
3.929500000000000000e+03 3.339929999999999971e-06
3.933500000000000000e+03 3.422110000000000088e-06
3.937500000000000000e+03 3.502849999999999844e-06
3.941500000000000000e+03 3.567809999999999812e-06
3.945500000000000000e+03 3.625059999999999983e-06
3.949500000000000000e+03 3.673279999999999922e-06
3.953500000000000000e+03 3.705209999999999970e-06
3.957500000000000000e+03 3.725489999999999884e-06
3.961500000000000000e+03 3.724199999999999851e-06
3.965500000000000000e+03 3.737050000000000075e-06
3.969500000000000000e+03 3.744989999999999867e-06
3.973500000000000000e+03 3.722380000000000010e-06
3.977500000000000000e+03 3.696659999999999857e-06
3.981500000000000000e+03 3.674289999999999849e-06
3.985500000000000000e+03 3.650610000000000103e-06
3.989500000000000000e+03 3.625119999999999946e-06
3.993500000000000000e+03 3.602529999999999794e-06
3.997500000000000000e+03 3.595809999999999798e-06
4.001500000000000000e+03 3.591430000000000019e-06
4.005500000000000000e+03 3.587039999999999965e-06
4.009500000000000000e+03 3.582660000000000186e-06
4.013500000000000000e+03 3.578289999999999837e-06
4.017500000000000000e+03 3.573900000000000206e-06
4.021500000000000000e+03 3.569480000000000170e-06
4.025500000000000000e+03 3.565049999999999858e-06
4.029500000000000000e+03 3.560619999999999970e-06
4.033500000000000000e+03 3.556149999999999825e-06
4.037500000000000000e+03 3.551669999999999827e-06
4.041500000000000000e+03 3.547200000000000105e-06
4.045500000000000000e+03 3.545949999999999906e-06
4.049500000000000000e+03 3.560300000000000031e-06
4.053500000000000000e+03 3.576619999999999902e-06
4.057500000000000000e+03 3.589719999999999827e-06
4.061500000000000000e+03 3.588419999999999941e-06
4.065500000000000000e+03 3.592819999999999848e-06
4.069500000000000000e+03 3.612100000000000111e-06
4.073500000000000000e+03 3.638619999999999901e-06
4.077500000000000000e+03 3.661849999999999931e-06
4.081500000000000000e+03 3.684449999999999935e-06
4.085500000000000000e+03 3.694239999999999972e-06
4.089500000000000000e+03 3.703560000000000164e-06
4.093500000000000000e+03 3.709880000000000130e-06
4.097500000000000000e+03 3.732200000000000028e-06
4.101500000000000000e+03 3.749630000000000046e-06
4.105500000000000000e+03 3.764089999999999819e-06
4.109500000000000000e+03 3.786709999999999952e-06
4.113500000000000000e+03 3.816460000000000387e-06
4.117500000000000000e+03 3.843789999999999666e-06
4.121500000000000000e+03 3.862290000000000421e-06
4.125500000000000000e+03 3.887990000000000022e-06
4.129500000000000000e+03 3.940520000000000348e-06
4.133500000000000000e+03 4.002579999999999886e-06
4.137500000000000000e+03 4.062499999999999644e-06
4.141500000000000000e+03 4.118410000000000096e-06
4.145500000000000000e+03 4.161749999999999583e-06
4.149500000000000000e+03 4.207430000000000135e-06
4.153500000000000000e+03 4.253109999999999840e-06
4.157500000000000000e+03 4.300650000000000066e-06
4.161500000000000000e+03 4.341099999999999823e-06
4.165500000000000000e+03 4.374570000000000029e-06
4.169500000000000000e+03 4.402240000000000223e-06
4.173500000000000000e+03 4.428650000000000365e-06
4.177500000000000000e+03 4.453180000000000281e-06
4.181500000000000000e+03 4.495139999999999791e-06
4.185500000000000000e+03 4.533250000000000177e-06
4.189500000000000000e+03 4.565159999999999673e-06
4.193500000000000000e+03 4.591049999999999861e-06
4.197500000000000000e+03 4.629529999999999872e-06
4.201500000000000000e+03 4.672110000000000402e-06
4.205500000000000000e+03 4.707560000000000207e-06
4.209500000000000000e+03 4.742689999999999649e-06
4.213500000000000000e+03 4.807359999999999658e-06
4.217500000000000000e+03 4.892260000000000319e-06
4.221500000000000000e+03 4.970610000000000170e-06
4.225500000000000000e+03 5.031789999999999981e-06
4.229500000000000000e+03 5.086270000000000347e-06
4.233500000000000000e+03 5.154249999999999822e-06
4.237500000000000000e+03 5.214650000000000124e-06
4.241500000000000000e+03 5.257550000000000171e-06
4.245500000000000000e+03 5.299739999999999677e-06
4.249500000000000000e+03 5.362700000000000341e-06
4.253500000000000000e+03 5.432090000000000197e-06
4.257500000000000000e+03 5.483399999999999880e-06
4.261500000000000000e+03 5.511479999999999957e-06
4.265500000000000000e+03 5.537550000000000031e-06
4.269500000000000000e+03 5.562680000000000416e-06
4.273500000000000000e+03 5.575599999999999608e-06
4.277500000000000000e+03 5.591980000000000288e-06
4.281500000000000000e+03 5.608300000000000158e-06
4.285500000000000000e+03 5.634389999999999937e-06
4.289500000000000000e+03 5.665139999999999601e-06
4.293500000000000000e+03 5.703259999999999839e-06
4.297500000000000000e+03 5.745829999999999670e-06
4.301500000000000000e+03 5.788329999999999687e-06
4.305500000000000000e+03 5.838390000000000017e-06
4.309500000000000000e+03 5.890870000000000233e-06
4.313500000000000000e+03 5.937469999999999922e-06
4.317500000000000000e+03 5.985870000000000170e-06
4.321500000000000000e+03 6.052950000000000213e-06
4.325500000000000000e+03 6.127380000000000278e-06
4.329500000000000000e+03 6.190599999999999649e-06
4.333500000000000000e+03 6.240600000000000017e-06
4.337500000000000000e+03 6.287460000000000107e-06
4.341500000000000000e+03 6.342439999999999875e-06
4.345500000000000000e+03 6.391769999999999960e-06
4.349500000000000000e+03 6.440079999999999842e-06
4.353500000000000000e+03 6.486039999999999652e-06
4.357500000000000000e+03 6.554659999999999853e-06
4.361500000000000000e+03 6.630409999999999932e-06
4.365500000000000000e+03 6.705029999999999736e-06
4.369500000000000000e+03 6.758599999999999970e-06
4.373500000000000000e+03 6.805500000000000317e-06
4.377500000000000000e+03 6.864469999999999687e-06
4.381500000000000000e+03 6.930820000000000330e-06
4.385500000000000000e+03 6.996919999999999579e-06
4.389500000000000000e+03 7.053299999999999876e-06
4.393500000000000000e+03 7.129059999999999808e-06
4.397500000000000000e+03 7.210719999999999971e-06
4.401500000000000000e+03 7.287840000000000175e-06
4.405500000000000000e+03 7.341959999999999921e-06
4.409500000000000000e+03 7.392519999999999654e-06
4.413500000000000000e+03 7.454210000000000413e-06
4.417500000000000000e+03 7.514339999999999616e-06
4.421500000000000000e+03 7.572329999999999885e-06
4.425500000000000000e+03 7.628269999999999895e-06
4.429500000000000000e+03 7.707980000000000018e-06
4.433500000000000000e+03 7.792210000000000396e-06
4.437500000000000000e+03 7.867879999999999961e-06
4.441500000000000000e+03 7.926660000000000438e-06
4.445500000000000000e+03 7.983529999999999438e-06
4.449500000000000000e+03 8.052259999999999710e-06
4.453500000000000000e+03 8.132670000000000521e-06
4.457500000000000000e+03 8.214980000000000416e-06
4.461500000000000000e+03 8.295029999999999759e-06
4.465500000000000000e+03 8.391830000000000255e-06
4.469500000000000000e+03 8.491709999999999374e-06
4.473500000000000000e+03 8.601910000000000453e-06
4.477500000000000000e+03 8.709879999999999692e-06
4.481500000000000000e+03 8.817369999999999234e-06
4.485500000000000000e+03 8.932440000000000489e-06
4.489500000000000000e+03 9.055829999999999319e-06
4.493500000000000000e+03 9.179309999999999363e-06
4.497500000000000000e+03 9.301300000000000206e-06
4.501500000000000000e+03 9.415750000000000440e-06
4.505500000000000000e+03 9.528459999999999231e-06
4.509500000000000000e+03 9.576400000000000334e-06
4.513500000000000000e+03 9.336900000000000340e-06
4.517500000000000000e+03 9.059879999999999729e-06
4.521500000000000000e+03 8.846529999999999476e-06
4.525500000000000000e+03 8.974179999999999855e-06
4.529500000000000000e+03 9.124110000000000298e-06
4.533500000000000000e+03 8.982330000000000785e-06
4.537500000000000000e+03 8.650080000000000705e-06
4.541500000000000000e+03 8.330289999999999825e-06
4.545500000000000000e+03 8.324979999999999362e-06
4.549500000000000000e+03 8.332339999999999238e-06
4.553500000000000000e+03 8.323459999999999756e-06
4.557500000000000000e+03 8.307970000000000350e-06
4.561500000000000000e+03 8.582929999999999154e-06
4.565500000000000000e+03 8.899600000000000308e-06
4.569500000000000000e+03 9.328069999999999274e-06
4.573500000000000000e+03 9.582580000000000671e-06
4.577500000000000000e+03 9.817869999999999226e-06
4.581500000000000000e+03 1.006250000000000064e-05
4.585500000000000000e+03 1.046699999999999990e-05
4.589500000000000000e+03 1.087500000000000006e-05
4.593500000000000000e+03 1.078139999999999981e-05
4.597500000000000000e+03 9.720880000000000685e-06
4.601500000000000000e+03 8.611419999999999961e-06
4.605500000000000000e+03 7.829929999999999757e-06
4.609500000000000000e+03 7.790690000000000790e-06
4.613500000000000000e+03 7.691549999999999228e-06
4.617500000000000000e+03 6.629930000000000235e-06
4.621500000000000000e+03 5.319709999999999928e-06
4.625500000000000000e+03 4.101920000000000192e-06
4.629500000000000000e+03 3.615159999999999875e-06
4.633500000000000000e+03 2.407179999999999880e-06
4.637500000000000000e+03 1.120499999999999902e-06
4.641500000000000000e+03 7.908240000000000145e-08
