2.978000000000000000e+03 0.000000000000000000e+00
2.985000000000000000e+03 3.058439999999999956e-07
2.992000000000000000e+03 1.181010000000000065e-06
2.999000000000000000e+03 1.917039999999999860e-06
3.006000000000000000e+03 2.040059999999999912e-06
3.013000000000000000e+03 1.940450000000000200e-06
3.020000000000000000e+03 1.834680000000000068e-06
3.027000000000000000e+03 1.763980000000000050e-06
3.034000000000000000e+03 1.745809999999999934e-06
3.041000000000000000e+03 1.773560000000000007e-06
3.048000000000000000e+03 2.696890000000000110e-06
3.055000000000000000e+03 4.591809999999999664e-06
3.062000000000000000e+03 5.956390000000000412e-06
3.069000000000000000e+03 6.430800000000000330e-06
3.076000000000000000e+03 7.668229999999999255e-06
3.083000000000000000e+03 8.555649999999999985e-06
3.090000000000000000e+03 8.978919999999999407e-06
3.097000000000000000e+03 1.030740000000000062e-05
3.104000000000000000e+03 1.103379999999999929e-05
3.111000000000000000e+03 1.291560000000000048e-05
3.118000000000000000e+03 1.646760000000000137e-05
3.125000000000000000e+03 1.788179999999999878e-05
3.132000000000000000e+03 1.796039999999999833e-05
3.139000000000000000e+03 1.799129999999999832e-05
3.146000000000000000e+03 1.816129999999999839e-05
3.153000000000000000e+03 1.836950000000000090e-05
3.160000000000000000e+03 1.859249999999999859e-05
3.167000000000000000e+03 1.892339999999999910e-05
3.174000000000000000e+03 1.922909999999999856e-05
3.181000000000000000e+03 1.946040000000000091e-05
3.188000000000000000e+03 1.980889999999999935e-05
3.195000000000000000e+03 2.000929999999999831e-05
3.202000000000000000e+03 2.003159999999999977e-05
3.209000000000000000e+03 2.019580000000000068e-05
3.216000000000000000e+03 2.046140000000000030e-05
3.223000000000000000e+03 2.072150000000000142e-05
3.230000000000000000e+03 2.098919999999999887e-05
3.237000000000000000e+03 2.123910000000000134e-05
3.244000000000000000e+03 2.147949999999999992e-05
3.251000000000000000e+03 2.171859999999999904e-05
3.258000000000000000e+03 2.199750000000000072e-05
3.265000000000000000e+03 2.230650000000000064e-05
3.272000000000000000e+03 2.262999999999999848e-05
3.279000000000000000e+03 2.302119999999999907e-05
3.286000000000000000e+03 2.348489999999999939e-05
3.293000000000000000e+03 2.403590000000000140e-05
3.300000000000000000e+03 2.455030000000000108e-05
3.307000000000000000e+03 2.504750000000000032e-05
3.314000000000000000e+03 2.557160000000000094e-05
3.321000000000000000e+03 2.608130000000000048e-05
3.328000000000000000e+03 2.667960000000000118e-05
3.335000000000000000e+03 2.736210000000000015e-05
3.342000000000000000e+03 2.790099999999999934e-05
3.349000000000000000e+03 2.832520000000000114e-05
3.356000000000000000e+03 2.874190000000000005e-05
3.363000000000000000e+03 2.920710000000000027e-05
3.370000000000000000e+03 2.969509999999999966e-05
3.377000000000000000e+03 3.044549999999999844e-05
3.384000000000000000e+03 3.131840000000000155e-05
3.391000000000000000e+03 3.221019999999999867e-05
3.398000000000000000e+03 3.314520000000000243e-05
3.405000000000000000e+03 3.414020000000000222e-05
3.412000000000000000e+03 3.499829999999999998e-05
3.419000000000000000e+03 3.574599999999999962e-05
3.426000000000000000e+03 3.641019999999999912e-05
3.433000000000000000e+03 3.707530000000000059e-05
3.440000000000000000e+03 3.777190000000000338e-05
3.447000000000000000e+03 3.868119999999999821e-05
3.454000000000000000e+03 3.981440000000000288e-05
3.461000000000000000e+03 4.115830000000000199e-05
3.468000000000000000e+03 4.261449999999999662e-05
3.475000000000000000e+03 4.404500000000000266e-05
3.482000000000000000e+03 4.544319999999999886e-05
3.489000000000000000e+03 4.699620000000000246e-05
3.496000000000000000e+03 4.864829999999999974e-05
3.503000000000000000e+03 5.028970000000000066e-05
3.510000000000000000e+03 5.203799999999999881e-05
3.517000000000000000e+03 5.388519999999999698e-05
3.524000000000000000e+03 5.575410000000000207e-05
3.531000000000000000e+03 5.804889999999999914e-05
3.538000000000000000e+03 6.058480000000000310e-05
3.545000000000000000e+03 6.306750000000000561e-05
3.552000000000000000e+03 6.474449999999999650e-05
3.559000000000000000e+03 6.589929999999999432e-05
3.566000000000000000e+03 6.727880000000000373e-05
3.573000000000000000e+03 6.997099999999999804e-05
3.580000000000000000e+03 7.305909999999999987e-05
3.587000000000000000e+03 7.720890000000000543e-05
3.594000000000000000e+03 9.265470000000000585e-05
3.601000000000000000e+03 1.528289999999999965e-04
3.608000000000000000e+03 2.563399999999999750e-04
3.615000000000000000e+03 3.722660000000000032e-04
3.622000000000000000e+03 5.144499999999999551e-04
3.629000000000000000e+03 7.125599999999999946e-04
3.636000000000000000e+03 9.792080000000000749e-04
3.643000000000000000e+03 1.295719999999999988e-03
3.650000000000000000e+03 1.661310000000000044e-03
3.657000000000000000e+03 2.054119999999999991e-03
3.664000000000000000e+03 2.469119999999999995e-03
3.671000000000000000e+03 2.890569999999999858e-03
3.678000000000000000e+03 3.334370000000000129e-03
3.685000000000000000e+03 3.804430000000000138e-03
3.692000000000000000e+03 4.290999999999999676e-03
3.699000000000000000e+03 4.788569999999999806e-03
3.706000000000000000e+03 5.315720000000000341e-03
3.713000000000000000e+03 5.872940000000000105e-03
3.720000000000000000e+03 6.499089999999999902e-03
3.727000000000000000e+03 7.174210000000000309e-03
3.734000000000000000e+03 7.894329999999999750e-03
3.741000000000000000e+03 8.661270000000000427e-03
3.748000000000000000e+03 9.500240000000000073e-03
3.755000000000000000e+03 1.039720000000000054e-02
3.762000000000000000e+03 1.138540000000000038e-02
3.769000000000000000e+03 1.244040000000000076e-02
3.776000000000000000e+03 1.359890000000000057e-02
3.783000000000000000e+03 1.482870000000000021e-02
3.790000000000000000e+03 1.614929999999999838e-02
3.797000000000000000e+03 1.757260000000000072e-02
3.804000000000000000e+03 1.912350000000000161e-02
3.811000000000000000e+03 2.082940000000000139e-02
3.818000000000000000e+03 2.274320000000000161e-02
3.825000000000000000e+03 2.504839999999999844e-02
3.832000000000000000e+03 2.774510000000000171e-02
3.839000000000000000e+03 3.092510000000000051e-02
3.846000000000000000e+03 3.454430000000000001e-02
3.853000000000000000e+03 3.852749999999999925e-02
3.860000000000000000e+03 4.271269999999999928e-02
3.867000000000000000e+03 4.717009999999999953e-02
3.874000000000000000e+03 5.186120000000000313e-02
3.881000000000000000e+03 5.701570000000000249e-02
3.888000000000000000e+03 6.292860000000000120e-02
3.895000000000000000e+03 6.920189999999999675e-02
3.902000000000000000e+03 7.619919999999999471e-02
3.909000000000000000e+03 8.335109999999999741e-02
3.916000000000000000e+03 9.104020000000000168e-02
3.923000000000000000e+03 9.845220000000000360e-02
3.930000000000000000e+03 1.059559999999999946e-01
3.937000000000000000e+03 1.133649999999999936e-01
3.944000000000000000e+03 1.211229999999999946e-01
3.951000000000000000e+03 1.293620000000000048e-01
3.958000000000000000e+03 1.381429999999999880e-01
3.965000000000000000e+03 1.468119999999999981e-01
3.972000000000000000e+03 1.549599999999999866e-01
3.979000000000000000e+03 1.617820000000000091e-01
3.986000000000000000e+03 1.670049999999999868e-01
3.993000000000000000e+03 1.709229999999999916e-01
4.000000000000000000e+03 1.741060000000000108e-01
4.007000000000000000e+03 1.771969999999999934e-01
4.014000000000000000e+03 1.799090000000000134e-01
4.021000000000000000e+03 1.820380000000000054e-01
4.028000000000000000e+03 1.827950000000000130e-01
4.035000000000000000e+03 1.840819999999999956e-01
4.042000000000000000e+03 1.862119999999999886e-01
4.049000000000000000e+03 1.896889999999999965e-01
4.056000000000000000e+03 1.962770000000000070e-01
4.063000000000000000e+03 2.059310000000000029e-01
4.070000000000000000e+03 2.199349999999999916e-01
4.077000000000000000e+03 2.390390000000000015e-01
4.084000000000000000e+03 2.634900000000000020e-01
4.091000000000000000e+03 2.939970000000000083e-01
4.098000000000000000e+03 3.292789999999999884e-01
4.105000000000000000e+03 3.671670000000000211e-01
4.112000000000000000e+03 4.045480000000000187e-01
4.119000000000000000e+03 4.419810000000000128e-01
4.126000000000000000e+03 4.782000000000000139e-01
4.133000000000000000e+03 5.187570000000000237e-01
4.140000000000000000e+03 5.641890000000000516e-01
4.147000000000000000e+03 6.210419999999999829e-01
4.154000000000000000e+03 6.843460000000000099e-01
4.161000000000000000e+03 7.539000000000000146e-01
4.168000000000000000e+03 8.216700000000000115e-01
4.175000000000000000e+03 8.829350000000000254e-01
4.182000000000000000e+03 9.299009999999999776e-01
4.189000000000000000e+03 9.639219999999999455e-01
4.196000000000000000e+03 9.838209999999999456e-01
4.203000000000000000e+03 9.950520000000000476e-01
4.210000000000000000e+03 9.995020000000000016e-01
4.217000000000000000e+03 1.000000000000000000e+00
4.224000000000000000e+03 9.981010000000000160e-01
4.231000000000000000e+03 9.963260000000000449e-01
4.238000000000000000e+03 9.930250000000000465e-01
4.245000000000000000e+03 9.864990000000000148e-01
4.252000000000000000e+03 9.765239999999999476e-01
4.259000000000000000e+03 9.605120000000000324e-01
4.266000000000000000e+03 9.378720000000000390e-01
4.273000000000000000e+03 9.077490000000000281e-01
4.280000000000000000e+03 8.718320000000000514e-01
4.287000000000000000e+03 8.321990000000000220e-01
4.294000000000000000e+03 7.908549999999999747e-01
4.301000000000000000e+03 7.494319999999999871e-01
4.308000000000000000e+03 7.077670000000000350e-01
4.315000000000000000e+03 6.632630000000000470e-01
4.322000000000000000e+03 6.147010000000000529e-01
4.329000000000000000e+03 5.611840000000000162e-01
4.336000000000000000e+03 5.039329999999999643e-01
4.343000000000000000e+03 4.424609999999999932e-01
4.350000000000000000e+03 3.830500000000000016e-01
4.357000000000000000e+03 3.240259999999999807e-01
4.364000000000000000e+03 2.711480000000000001e-01
4.371000000000000000e+03 2.274760000000000115e-01
4.378000000000000000e+03 1.944639999999999980e-01
4.385000000000000000e+03 1.704350000000000032e-01
4.392000000000000000e+03 1.547520000000000007e-01
4.399000000000000000e+03 1.455799999999999872e-01
4.406000000000000000e+03 1.404670000000000085e-01
4.413000000000000000e+03 1.363360000000000127e-01
4.420000000000000000e+03 1.324369999999999992e-01
4.427000000000000000e+03 1.294220000000000093e-01
4.434000000000000000e+03 1.264750000000000041e-01
4.441000000000000000e+03 1.232840000000000047e-01
4.448000000000000000e+03 1.193120000000000014e-01
4.455000000000000000e+03 1.152139999999999970e-01
4.462000000000000000e+03 1.111739999999999950e-01
4.469000000000000000e+03 1.075379999999999947e-01
4.476000000000000000e+03 1.037430000000000019e-01
4.483000000000000000e+03 1.001910000000000023e-01
4.490000000000000000e+03 9.638789999999999858e-02
4.497000000000000000e+03 9.228749999999999454e-02
4.504000000000000000e+03 8.718760000000000399e-02
4.511000000000000000e+03 8.165500000000000536e-02
4.518000000000000000e+03 7.617960000000000009e-02
4.525000000000000000e+03 7.156189999999999773e-02
4.532000000000000000e+03 6.761639999999999318e-02
4.539000000000000000e+03 6.448529999999999540e-02
4.546000000000000000e+03 6.179149999999999920e-02
4.553000000000000000e+03 5.926019999999999899e-02
4.560000000000000000e+03 5.657659999999999773e-02
4.567000000000000000e+03 5.397890000000000327e-02
4.574000000000000000e+03 5.139930000000000193e-02
4.581000000000000000e+03 4.878760000000000041e-02
4.588000000000000000e+03 4.603190000000000059e-02
4.595000000000000000e+03 4.339180000000000120e-02
4.602000000000000000e+03 4.073349999999999888e-02
4.609000000000000000e+03 3.798920000000000075e-02
4.616000000000000000e+03 3.514500000000000263e-02
4.623000000000000000e+03 3.232480000000000075e-02
4.630000000000000000e+03 2.967960000000000043e-02
4.637000000000000000e+03 2.720569999999999933e-02
4.644000000000000000e+03 2.487750000000000031e-02
4.651000000000000000e+03 2.259790000000000063e-02
4.658000000000000000e+03 2.051189999999999958e-02
4.665000000000000000e+03 1.860490000000000060e-02
4.672000000000000000e+03 1.701220000000000163e-02
4.679000000000000000e+03 1.557659999999999947e-02
4.686000000000000000e+03 1.437289999999999922e-02
4.693000000000000000e+03 1.330860000000000029e-02
4.700000000000000000e+03 1.240130000000000052e-02
4.707000000000000000e+03 1.154810000000000038e-02
4.714000000000000000e+03 1.079729999999999926e-02
4.721000000000000000e+03 1.010169999999999992e-02
4.728000000000000000e+03 9.462099999999999331e-03
4.735000000000000000e+03 8.846720000000000625e-03
4.742000000000000000e+03 8.261889999999999165e-03
4.749000000000000000e+03 7.689409999999999822e-03
4.756000000000000000e+03 7.139509999999999953e-03
4.763000000000000000e+03 6.594230000000000404e-03
4.770000000000000000e+03 6.060249999999999665e-03
4.777000000000000000e+03 5.529489999999999753e-03
4.784000000000000000e+03 4.978220000000000214e-03
4.791000000000000000e+03 4.482940000000000362e-03
4.798000000000000000e+03 4.009910000000000210e-03
4.805000000000000000e+03 3.624989999999999810e-03
4.812000000000000000e+03 3.312419999999999948e-03
4.819000000000000000e+03 2.970019999999999865e-03
4.826000000000000000e+03 2.562200000000000154e-03
4.833000000000000000e+03 2.237139999999999875e-03
4.840000000000000000e+03 1.983550000000000157e-03
4.847000000000000000e+03 1.733860000000000045e-03
4.854000000000000000e+03 1.420690000000000060e-03
4.861000000000000000e+03 1.128410000000000047e-03
4.868000000000000000e+03 9.483070000000000128e-04
4.875000000000000000e+03 7.855470000000000464e-04
4.882000000000000000e+03 4.979859999999999582e-04
4.889000000000000000e+03 1.609699999999999987e-04
4.896000000000000000e+03 3.332460000000000278e-05
4.903000000000000000e+03 2.124759999999999965e-05
4.910000000000000000e+03 1.503449999999999980e-05
4.917000000000000000e+03 9.471389999999999792e-06
4.924000000000000000e+03 6.031159999999999698e-06
4.931000000000000000e+03 5.547909999999999708e-06
4.938000000000000000e+03 3.213990000000000207e-06
4.945000000000000000e+03 5.253170000000000181e-07
