1.327000000000000000e+03 0.000000000000000000e+00
1.330000000000000000e+03 2.589340000000000077e-09
1.333000000000000000e+03 1.213520000000000030e-06
1.336000000000000000e+03 4.481459999999999949e-06
1.339000000000000000e+03 9.068080000000000769e-06
1.342000000000000000e+03 1.211890000000000013e-05
1.345000000000000000e+03 1.296709999999999990e-05
1.348000000000000000e+03 1.329510000000000083e-05
1.351000000000000000e+03 1.372319999999999932e-05
1.354000000000000000e+03 1.422619999999999942e-05
1.357000000000000000e+03 1.473900000000000068e-05
1.360000000000000000e+03 1.525769999999999962e-05
1.363000000000000000e+03 1.576300000000000138e-05
1.366000000000000000e+03 1.624790000000000075e-05
1.369000000000000000e+03 1.665189999999999891e-05
1.372000000000000000e+03 1.691479999999999939e-05
1.375000000000000000e+03 1.701519999999999931e-05
1.378000000000000000e+03 1.699100000000000046e-05
1.381000000000000000e+03 1.683040000000000068e-05
1.384000000000000000e+03 1.658180000000000106e-05
1.387000000000000000e+03 1.628980000000000114e-05
1.390000000000000000e+03 1.596439999999999914e-05
1.393000000000000000e+03 1.565640000000000141e-05
1.396000000000000000e+03 1.538400000000000043e-05
1.399000000000000000e+03 1.523059999999999949e-05
1.402000000000000000e+03 1.524010000000000000e-05
1.405000000000000000e+03 1.542959999999999877e-05
1.408000000000000000e+03 1.576339999999999886e-05
1.411000000000000000e+03 1.626040000000000105e-05
1.414000000000000000e+03 1.681889999999999918e-05
1.417000000000000000e+03 1.741120000000000027e-05
1.420000000000000000e+03 1.794770000000000097e-05
1.423000000000000000e+03 1.833870000000000113e-05
1.426000000000000000e+03 1.853279999999999983e-05
1.429000000000000000e+03 1.850110000000000147e-05
1.432000000000000000e+03 1.820609999999999836e-05
1.435000000000000000e+03 1.762559999999999943e-05
1.438000000000000000e+03 1.680009999999999861e-05
1.441000000000000000e+03 1.571579999999999952e-05
1.444000000000000000e+03 1.452940000000000018e-05
1.447000000000000000e+03 1.324690000000000017e-05
1.450000000000000000e+03 1.197380000000000045e-05
1.453000000000000000e+03 1.076070000000000016e-05
1.456000000000000000e+03 9.688269999999999654e-06
1.459000000000000000e+03 8.809959999999999249e-06
1.462000000000000000e+03 8.183760000000000061e-06
1.465000000000000000e+03 7.805439999999999251e-06
1.468000000000000000e+03 7.742969999999999831e-06
1.471000000000000000e+03 7.992600000000000353e-06
1.474000000000000000e+03 8.429619999999999431e-06
1.477000000000000000e+03 9.086960000000000154e-06
1.480000000000000000e+03 9.876109999999999197e-06
1.483000000000000000e+03 1.077279999999999959e-05
1.486000000000000000e+03 1.170849999999999979e-05
1.489000000000000000e+03 1.262329999999999991e-05
1.492000000000000000e+03 1.350559999999999992e-05
1.495000000000000000e+03 1.432729999999999918e-05
1.498000000000000000e+03 1.505270000000000074e-05
1.501000000000000000e+03 1.560629999999999998e-05
1.504000000000000000e+03 1.597999999999999947e-05
1.507000000000000000e+03 1.611650000000000062e-05
1.510000000000000000e+03 1.609060000000000142e-05
1.513000000000000000e+03 1.591750000000000134e-05
1.516000000000000000e+03 1.571000000000000036e-05
1.519000000000000000e+03 1.553580000000000125e-05
1.522000000000000000e+03 1.543459999999999957e-05
1.525000000000000000e+03 1.547980000000000043e-05
1.528000000000000000e+03 1.563069999999999927e-05
1.531000000000000000e+03 1.577480000000000014e-05
1.534000000000000000e+03 1.596559999999999839e-05
1.537000000000000000e+03 1.619139999999999883e-05
1.540000000000000000e+03 1.645609999999999987e-05
1.543000000000000000e+03 1.666230000000000139e-05
1.546000000000000000e+03 1.681350000000000089e-05
1.549000000000000000e+03 1.697850000000000016e-05
1.552000000000000000e+03 1.717520000000000117e-05
1.555000000000000000e+03 1.739430000000000048e-05
1.558000000000000000e+03 1.763540000000000059e-05
1.561000000000000000e+03 1.788770000000000155e-05
1.564000000000000000e+03 1.815229999999999898e-05
1.567000000000000000e+03 1.842119999999999907e-05
1.570000000000000000e+03 1.868219999999999877e-05
1.573000000000000000e+03 1.895060000000000115e-05
1.576000000000000000e+03 1.923279999999999990e-05
1.579000000000000000e+03 1.954710000000000128e-05
1.582000000000000000e+03 1.987069999999999933e-05
1.585000000000000000e+03 2.018699999999999832e-05
1.588000000000000000e+03 2.049769999999999858e-05
1.591000000000000000e+03 2.081420000000000140e-05
1.594000000000000000e+03 2.114270000000000003e-05
1.597000000000000000e+03 2.147700000000000122e-05
1.600000000000000000e+03 2.181070000000000109e-05
1.603000000000000000e+03 2.217159999999999961e-05
1.606000000000000000e+03 2.259309999999999888e-05
1.609000000000000000e+03 2.307880000000000001e-05
1.612000000000000000e+03 2.361169999999999960e-05
1.615000000000000000e+03 2.419170000000000082e-05
1.618000000000000000e+03 2.481740000000000061e-05
1.621000000000000000e+03 2.547319999999999863e-05
1.624000000000000000e+03 2.616289999999999984e-05
1.627000000000000000e+03 2.685779999999999889e-05
1.630000000000000000e+03 2.760200000000000102e-05
1.633000000000000000e+03 2.849990000000000135e-05
1.636000000000000000e+03 2.950740000000000144e-05
1.639000000000000000e+03 3.063369999999999776e-05
1.642000000000000000e+03 3.148200000000000114e-05
1.645000000000000000e+03 3.249699999999999735e-05
1.648000000000000000e+03 3.328179999999999702e-05
1.651000000000000000e+03 3.382180000000000201e-05
1.654000000000000000e+03 3.353919999999999899e-05
1.657000000000000000e+03 3.276009999999999827e-05
1.660000000000000000e+03 3.180020000000000091e-05
1.663000000000000000e+03 3.075699999999999707e-05
1.666000000000000000e+03 2.959500000000000040e-05
1.669000000000000000e+03 2.819380000000000101e-05
1.672000000000000000e+03 2.656510000000000083e-05
1.675000000000000000e+03 2.466819999999999872e-05
1.678000000000000000e+03 2.303290000000000101e-05
1.681000000000000000e+03 2.121390000000000030e-05
1.684000000000000000e+03 1.951069999999999939e-05
1.687000000000000000e+03 1.787780000000000017e-05
1.690000000000000000e+03 1.696599999999999985e-05
1.693000000000000000e+03 1.659649999999999941e-05
1.696000000000000000e+03 1.649609999999999949e-05
1.699000000000000000e+03 1.639379999999999879e-05
1.702000000000000000e+03 1.628769999999999993e-05
1.705000000000000000e+03 1.614949999999999844e-05
1.708000000000000000e+03 1.599330000000000153e-05
1.711000000000000000e+03 1.583319999999999945e-05
1.714000000000000000e+03 1.570179999999999932e-05
1.717000000000000000e+03 1.559260000000000043e-05
1.720000000000000000e+03 1.547660000000000019e-05
1.723000000000000000e+03 1.536209999999999984e-05
1.726000000000000000e+03 1.529120000000000023e-05
1.729000000000000000e+03 1.527689999999999937e-05
1.732000000000000000e+03 1.531379999999999897e-05
1.735000000000000000e+03 1.535379999999999859e-05
1.738000000000000000e+03 1.540620000000000167e-05
1.741000000000000000e+03 1.545279999999999882e-05
1.744000000000000000e+03 1.549970000000000002e-05
1.747000000000000000e+03 1.553159999999999881e-05
1.750000000000000000e+03 1.559849999999999982e-05
1.753000000000000000e+03 1.572799999999999917e-05
1.756000000000000000e+03 1.592040000000000092e-05
1.759000000000000000e+03 1.615449999999999924e-05
1.762000000000000000e+03 1.642649999999999934e-05
1.765000000000000000e+03 1.676779999999999894e-05
1.768000000000000000e+03 1.718160000000000165e-05
1.771000000000000000e+03 1.765720000000000096e-05
1.774000000000000000e+03 1.814319999999999936e-05
1.777000000000000000e+03 1.866199999999999852e-05
1.780000000000000000e+03 1.920959999999999985e-05
1.783000000000000000e+03 1.983100000000000037e-05
1.786000000000000000e+03 2.053319999999999850e-05
1.789000000000000000e+03 2.132390000000000094e-05
1.792000000000000000e+03 2.217759999999999922e-05
1.795000000000000000e+03 2.312439999999999835e-05
1.798000000000000000e+03 2.422080000000000026e-05
1.801000000000000000e+03 2.544219999999999842e-05
1.804000000000000000e+03 2.684519999999999837e-05
1.807000000000000000e+03 2.848039999999999925e-05
1.810000000000000000e+03 3.034039999999999838e-05
1.813000000000000000e+03 3.250089999999999913e-05
1.816000000000000000e+03 3.506199999999999736e-05
1.819000000000000000e+03 3.792989999999999746e-05
1.822000000000000000e+03 4.123689999999999816e-05
1.825000000000000000e+03 4.518589999999999711e-05
1.828000000000000000e+03 4.965930000000000073e-05
1.831000000000000000e+03 5.486320000000000015e-05
1.834000000000000000e+03 6.122550000000000529e-05
1.837000000000000000e+03 7.019930000000000397e-05
1.840000000000000000e+03 9.829829999999999362e-05
1.843000000000000000e+03 1.374769999999999985e-04
1.846000000000000000e+03 1.645510000000000039e-04
1.849000000000000000e+03 1.976489999999999909e-04
1.852000000000000000e+03 2.646209999999999860e-04
1.855000000000000000e+03 3.461520000000000157e-04
1.858000000000000000e+03 4.218170000000000036e-04
1.861000000000000000e+03 5.177139999999999563e-04
1.864000000000000000e+03 6.319249999999999780e-04
1.867000000000000000e+03 7.620059999999999681e-04
1.870000000000000000e+03 9.272520000000000458e-04
1.873000000000000000e+03 1.113999999999999973e-03
1.876000000000000000e+03 1.328109999999999968e-03
1.879000000000000000e+03 1.587010000000000027e-03
1.882000000000000000e+03 1.892699999999999981e-03
1.885000000000000000e+03 2.248009999999999939e-03
1.888000000000000000e+03 2.669340000000000081e-03
1.891000000000000000e+03 3.152079999999999813e-03
1.894000000000000000e+03 3.698910000000000132e-03
1.897000000000000000e+03 4.326739999999999926e-03
1.900000000000000000e+03 5.023650000000000164e-03
1.903000000000000000e+03 5.788060000000000253e-03
1.906000000000000000e+03 6.627489999999999770e-03
1.909000000000000000e+03 7.520009999999999716e-03
1.912000000000000000e+03 8.463840000000000252e-03
1.915000000000000000e+03 9.460770000000000290e-03
1.918000000000000000e+03 1.048209999999999940e-02
1.921000000000000000e+03 1.151519999999999974e-02
1.924000000000000000e+03 1.255419999999999973e-02
1.927000000000000000e+03 1.358269999999999963e-02
1.930000000000000000e+03 1.461800000000000078e-02
1.933000000000000000e+03 1.561949999999999970e-02
1.936000000000000000e+03 1.658870000000000136e-02
1.939000000000000000e+03 1.756320000000000103e-02
1.942000000000000000e+03 1.852229999999999849e-02
1.945000000000000000e+03 1.944809999999999942e-02
1.948000000000000000e+03 2.040749999999999856e-02
1.951000000000000000e+03 2.135760000000000089e-02
1.954000000000000000e+03 2.231510000000000091e-02
1.957000000000000000e+03 2.328770000000000145e-02
1.960000000000000000e+03 2.428730000000000125e-02
1.963000000000000000e+03 2.532179999999999848e-02
1.966000000000000000e+03 2.640280000000000057e-02
1.969000000000000000e+03 2.750390000000000126e-02
1.972000000000000000e+03 2.866319999999999979e-02
1.975000000000000000e+03 2.986559999999999909e-02
1.978000000000000000e+03 3.110620000000000052e-02
1.981000000000000000e+03 3.236699999999999994e-02
1.984000000000000000e+03 3.365970000000000073e-02
1.987000000000000000e+03 3.499039999999999789e-02
1.990000000000000000e+03 3.636360000000000287e-02
1.993000000000000000e+03 3.777939999999999771e-02
1.996000000000000000e+03 3.925710000000000310e-02
1.999000000000000000e+03 4.073100000000000331e-02
2.002000000000000000e+03 4.223760000000000014e-02
2.005000000000000000e+03 4.378030000000000116e-02
2.008000000000000000e+03 4.538980000000000098e-02
2.011000000000000000e+03 4.703949999999999798e-02
2.014000000000000000e+03 4.876760000000000123e-02
2.017000000000000000e+03 5.054550000000000015e-02
2.020000000000000000e+03 5.236670000000000214e-02
2.023000000000000000e+03 5.421800000000000230e-02
2.026000000000000000e+03 5.613970000000000071e-02
2.029000000000000000e+03 5.809799999999999687e-02
2.032000000000000000e+03 6.011079999999999895e-02
2.035000000000000000e+03 6.215040000000000148e-02
2.038000000000000000e+03 6.422150000000000081e-02
2.041000000000000000e+03 6.632430000000000270e-02
2.044000000000000000e+03 6.845529999999999671e-02
2.047000000000000000e+03 7.062580000000000247e-02
2.050000000000000000e+03 7.277920000000000222e-02
2.053000000000000000e+03 7.493610000000000548e-02
2.056000000000000000e+03 7.707490000000000174e-02
2.059000000000000000e+03 7.919439999999999813e-02
2.062000000000000000e+03 8.128299999999999415e-02
2.065000000000000000e+03 8.333210000000000617e-02
2.068000000000000000e+03 8.532860000000000444e-02
2.071000000000000000e+03 8.726960000000000273e-02
2.074000000000000000e+03 8.914719999999999589e-02
2.077000000000000000e+03 9.094309999999999894e-02
2.080000000000000000e+03 9.265819999999999612e-02
2.083000000000000000e+03 9.425740000000000507e-02
2.086000000000000000e+03 9.580779999999999852e-02
2.089000000000000000e+03 9.726680000000000048e-02
2.092000000000000000e+03 9.862830000000000208e-02
2.095000000000000000e+03 9.990240000000000231e-02
2.098000000000000000e+03 1.010739999999999972e-01
2.101000000000000000e+03 1.021630000000000038e-01
2.104000000000000000e+03 1.031419999999999976e-01
2.107000000000000000e+03 1.040490000000000026e-01
2.110000000000000000e+03 1.049080000000000013e-01
2.113000000000000000e+03 1.057349999999999957e-01
2.116000000000000000e+03 1.065220000000000056e-01
2.119000000000000000e+03 1.072520000000000001e-01
2.122000000000000000e+03 1.079370000000000052e-01
2.125000000000000000e+03 1.085809999999999970e-01
2.128000000000000000e+03 1.091769999999999963e-01
2.131000000000000000e+03 1.097339999999999982e-01
2.134000000000000000e+03 1.102660000000000029e-01
2.137000000000000000e+03 1.107380000000000031e-01
2.140000000000000000e+03 1.111599999999999949e-01
2.143000000000000000e+03 1.115629999999999955e-01
2.146000000000000000e+03 1.119499999999999940e-01
2.149000000000000000e+03 1.123399999999999954e-01
2.152000000000000000e+03 1.127029999999999976e-01
2.155000000000000000e+03 1.130830000000000030e-01
2.158000000000000000e+03 1.135020000000000057e-01
2.161000000000000000e+03 1.139270000000000005e-01
2.164000000000000000e+03 1.143750000000000044e-01
2.167000000000000000e+03 1.148860000000000020e-01
2.170000000000000000e+03 1.154789999999999983e-01
2.173000000000000000e+03 1.163010000000000016e-01
2.176000000000000000e+03 1.174509999999999998e-01
2.179000000000000000e+03 1.192180000000000045e-01
2.182000000000000000e+03 1.217079999999999967e-01
2.185000000000000000e+03 1.254899999999999904e-01
2.188000000000000000e+03 1.314069999999999960e-01
2.191000000000000000e+03 1.400659999999999961e-01
2.194000000000000000e+03 1.535229999999999928e-01
2.197000000000000000e+03 1.718210000000000015e-01
2.200000000000000000e+03 1.974599999999999966e-01
2.203000000000000000e+03 2.305460000000000009e-01
2.206000000000000000e+03 2.717510000000000203e-01
2.209000000000000000e+03 3.205600000000000116e-01
2.212000000000000000e+03 3.763650000000000051e-01
2.215000000000000000e+03 4.366789999999999838e-01
2.218000000000000000e+03 5.000599999999999490e-01
2.221000000000000000e+03 5.651899999999999702e-01
2.224000000000000000e+03 6.284699999999999731e-01
2.227000000000000000e+03 6.891610000000000236e-01
2.230000000000000000e+03 7.458919999999999995e-01
2.233000000000000000e+03 7.966509999999999980e-01
2.236000000000000000e+03 8.414719999999999978e-01
2.239000000000000000e+03 8.783239999999999936e-01
2.242000000000000000e+03 9.078159999999999563e-01
2.245000000000000000e+03 9.293940000000000534e-01
2.248000000000000000e+03 9.455130000000000479e-01
2.251000000000000000e+03 9.562410000000000077e-01
2.254000000000000000e+03 9.645679999999999810e-01
2.257000000000000000e+03 9.707869999999999555e-01
2.260000000000000000e+03 9.758459999999999912e-01
2.263000000000000000e+03 9.805059999999999887e-01
2.266000000000000000e+03 9.845610000000000195e-01
2.269000000000000000e+03 9.879780000000000229e-01
2.272000000000000000e+03 9.908099999999999685e-01
2.275000000000000000e+03 9.934239999999999737e-01
2.278000000000000000e+03 9.955060000000000020e-01
2.281000000000000000e+03 9.971219999999999528e-01
2.284000000000000000e+03 9.985730000000000439e-01
2.287000000000000000e+03 9.997089999999999588e-01
2.290000000000000000e+03 1.000000000000000000e+00
2.293000000000000000e+03 9.992560000000000331e-01
2.296000000000000000e+03 9.958090000000000552e-01
2.299000000000000000e+03 9.888559999999999572e-01
2.302000000000000000e+03 9.776650000000000063e-01
2.305000000000000000e+03 9.605019999999999669e-01
2.308000000000000000e+03 9.358640000000000292e-01
2.311000000000000000e+03 9.039700000000000513e-01
2.314000000000000000e+03 8.633300000000000418e-01
2.317000000000000000e+03 8.153899999999999482e-01
2.320000000000000000e+03 7.614459999999999562e-01
2.323000000000000000e+03 7.024259999999999948e-01
2.326000000000000000e+03 6.401559999999999473e-01
2.329000000000000000e+03 5.779950000000000365e-01
2.332000000000000000e+03 5.152609999999999690e-01
2.335000000000000000e+03 4.562459999999999849e-01
2.338000000000000000e+03 4.008880000000000221e-01
2.341000000000000000e+03 3.505130000000000190e-01
2.344000000000000000e+03 3.065579999999999972e-01
2.347000000000000000e+03 2.692669999999999786e-01
2.350000000000000000e+03 2.383540000000000103e-01
2.353000000000000000e+03 2.141589999999999883e-01
2.356000000000000000e+03 1.955109999999999904e-01
2.359000000000000000e+03 1.815299999999999969e-01
2.362000000000000000e+03 1.714940000000000075e-01
2.365000000000000000e+03 1.644549999999999901e-01
2.368000000000000000e+03 1.591490000000000127e-01
2.371000000000000000e+03 1.554000000000000103e-01
2.374000000000000000e+03 1.523529999999999884e-01
2.377000000000000000e+03 1.499159999999999937e-01
2.380000000000000000e+03 1.480019999999999947e-01
2.383000000000000000e+03 1.465980000000000061e-01
2.386000000000000000e+03 1.453399999999999970e-01
2.389000000000000000e+03 1.440029999999999921e-01
2.392000000000000000e+03 1.426699999999999913e-01
2.395000000000000000e+03 1.413999999999999979e-01
2.398000000000000000e+03 1.401119999999999866e-01
2.401000000000000000e+03 1.387249999999999872e-01
2.404000000000000000e+03 1.372500000000000109e-01
2.407000000000000000e+03 1.356330000000000036e-01
2.410000000000000000e+03 1.337440000000000018e-01
2.413000000000000000e+03 1.316879999999999995e-01
2.416000000000000000e+03 1.295080000000000120e-01
2.419000000000000000e+03 1.271100000000000008e-01
2.422000000000000000e+03 1.244190000000000018e-01
2.425000000000000000e+03 1.215299999999999991e-01
2.428000000000000000e+03 1.184950000000000031e-01
2.431000000000000000e+03 1.152920000000000056e-01
2.434000000000000000e+03 1.119519999999999960e-01
2.437000000000000000e+03 1.085450000000000026e-01
2.440000000000000000e+03 1.050890000000000019e-01
2.443000000000000000e+03 1.015540000000000054e-01
2.446000000000000000e+03 9.811989999999999601e-02
2.449000000000000000e+03 9.470560000000000089e-02
2.452000000000000000e+03 9.131620000000000015e-02
2.455000000000000000e+03 8.801680000000000614e-02
2.458000000000000000e+03 8.490250000000000574e-02
2.461000000000000000e+03 8.185729999999999396e-02
2.464000000000000000e+03 7.885300000000000642e-02
2.467000000000000000e+03 7.594860000000000499e-02
2.470000000000000000e+03 7.320880000000000443e-02
2.473000000000000000e+03 7.049800000000000511e-02
2.476000000000000000e+03 6.775259999999999616e-02
2.479000000000000000e+03 6.511409999999999421e-02
2.482000000000000000e+03 6.248900000000000288e-02
2.485000000000000000e+03 5.982280000000000236e-02
2.488000000000000000e+03 5.707899999999999779e-02
2.491000000000000000e+03 5.430770000000000042e-02
2.494000000000000000e+03 5.155679999999999985e-02
2.497000000000000000e+03 4.873260000000000092e-02
2.500000000000000000e+03 4.586960000000000343e-02
2.503000000000000000e+03 4.307729999999999893e-02
2.506000000000000000e+03 4.031400000000000261e-02
2.509000000000000000e+03 3.759579999999999866e-02
2.512000000000000000e+03 3.499769999999999964e-02
2.515000000000000000e+03 3.250000000000000111e-02
2.518000000000000000e+03 3.015030000000000140e-02
2.521000000000000000e+03 2.794299999999999909e-02
2.524000000000000000e+03 2.587949999999999973e-02
2.527000000000000000e+03 2.402709999999999915e-02
2.530000000000000000e+03 2.233730000000000090e-02
2.533000000000000000e+03 2.083540000000000045e-02
2.536000000000000000e+03 1.952009999999999856e-02
2.539000000000000000e+03 1.835420000000000107e-02
2.542000000000000000e+03 1.735739999999999852e-02
2.545000000000000000e+03 1.648799999999999918e-02
2.548000000000000000e+03 1.572780000000000011e-02
2.551000000000000000e+03 1.507739999999999948e-02
2.554000000000000000e+03 1.450479999999999998e-02
2.557000000000000000e+03 1.400209999999999996e-02
2.560000000000000000e+03 1.355160000000000045e-02
2.563000000000000000e+03 1.313210000000000072e-02
2.566000000000000000e+03 1.274959999999999982e-02
2.569000000000000000e+03 1.238500000000000018e-02
2.572000000000000000e+03 1.200880000000000003e-02
2.575000000000000000e+03 1.164450000000000034e-02
2.578000000000000000e+03 1.128280000000000081e-02
2.581000000000000000e+03 1.088219999999999986e-02
2.584000000000000000e+03 1.048020000000000028e-02
2.587000000000000000e+03 1.007079999999999954e-02
2.590000000000000000e+03 9.620290000000000091e-03
2.593000000000000000e+03 9.162699999999999317e-03
2.596000000000000000e+03 8.692919999999999814e-03
2.599000000000000000e+03 8.199349999999999347e-03
2.602000000000000000e+03 7.700410000000000414e-03
2.605000000000000000e+03 7.191539999999999738e-03
2.608000000000000000e+03 6.684019999999999719e-03
2.611000000000000000e+03 6.178600000000000238e-03
2.614000000000000000e+03 5.670030000000000382e-03
2.617000000000000000e+03 5.186340000000000221e-03
2.620000000000000000e+03 4.717110000000000053e-03
2.623000000000000000e+03 4.250209999999999926e-03
2.626000000000000000e+03 3.820440000000000034e-03
2.629000000000000000e+03 3.417439999999999888e-03
2.632000000000000000e+03 3.017160000000000068e-03
2.635000000000000000e+03 2.654600000000000015e-03
2.638000000000000000e+03 2.337290000000000114e-03
2.641000000000000000e+03 2.038139999999999917e-03
2.644000000000000000e+03 1.777699999999999897e-03
2.647000000000000000e+03 1.552999999999999910e-03
2.650000000000000000e+03 1.330500000000000085e-03
2.653000000000000000e+03 1.139809999999999999e-03
2.656000000000000000e+03 9.868459999999999906e-04
2.659000000000000000e+03 8.446960000000000319e-04
2.662000000000000000e+03 7.213490000000000353e-04
2.665000000000000000e+03 6.218060000000000297e-04
2.668000000000000000e+03 5.307899999999999511e-04
2.671000000000000000e+03 4.532189999999999852e-04
2.674000000000000000e+03 3.894820000000000226e-04
2.677000000000000000e+03 3.306660000000000220e-04
2.680000000000000000e+03 2.832210000000000044e-04
2.683000000000000000e+03 2.471540000000000260e-04
2.686000000000000000e+03 2.134109999999999935e-04
2.689000000000000000e+03 1.846510000000000046e-04
2.692000000000000000e+03 1.630839999999999991e-04
2.695000000000000000e+03 1.433189999999999876e-04
2.698000000000000000e+03 1.263419999999999908e-04
2.701000000000000000e+03 1.135910000000000039e-04
2.704000000000000000e+03 1.022170000000000007e-04
2.707000000000000000e+03 9.240480000000000677e-05
2.710000000000000000e+03 8.500449999999999564e-05
2.713000000000000000e+03 7.836100000000000411e-05
2.716000000000000000e+03 7.257919999999999790e-05
2.719000000000000000e+03 6.832969999999999734e-05
2.722000000000000000e+03 6.470860000000000587e-05
2.725000000000000000e+03 6.157500000000000592e-05
2.728000000000000000e+03 5.952209999999999717e-05
2.731000000000000000e+03 5.795569999999999807e-05
2.734000000000000000e+03 5.661519999999999964e-05
2.737000000000000000e+03 5.563459999999999754e-05
2.740000000000000000e+03 5.488580000000000227e-05
2.743000000000000000e+03 5.428950000000000258e-05
2.746000000000000000e+03 5.381290000000000108e-05
2.749000000000000000e+03 5.342229999999999841e-05
2.752000000000000000e+03 5.310550000000000172e-05
2.755000000000000000e+03 5.276610000000000290e-05
2.758000000000000000e+03 5.222579999999999725e-05
2.761000000000000000e+03 5.159130000000000188e-05
2.764000000000000000e+03 5.086830000000000220e-05
2.767000000000000000e+03 5.013510000000000048e-05
2.770000000000000000e+03 4.937059999999999789e-05
2.773000000000000000e+03 4.876330000000000118e-05
2.776000000000000000e+03 4.827439999999999981e-05
2.779000000000000000e+03 4.789429999999999984e-05
2.782000000000000000e+03 4.757300000000000005e-05
2.785000000000000000e+03 4.733359999999999689e-05
2.788000000000000000e+03 4.723579999999999928e-05
2.791000000000000000e+03 4.729029999999999681e-05
2.794000000000000000e+03 4.736720000000000280e-05
2.797000000000000000e+03 4.739800000000000258e-05
2.800000000000000000e+03 4.745209999999999923e-05
2.803000000000000000e+03 4.756239999999999714e-05
2.806000000000000000e+03 4.761110000000000228e-05
2.809000000000000000e+03 4.775519999999999977e-05
2.812000000000000000e+03 4.810510000000000128e-05
2.815000000000000000e+03 4.852459999999999955e-05
2.818000000000000000e+03 4.900130000000000127e-05
2.821000000000000000e+03 4.960140000000000252e-05
2.824000000000000000e+03 5.025709999999999694e-05
2.827000000000000000e+03 5.095160000000000189e-05
2.830000000000000000e+03 5.173690000000000266e-05
2.833000000000000000e+03 5.273460000000000159e-05
2.836000000000000000e+03 5.385280000000000047e-05
2.839000000000000000e+03 5.508000000000000119e-05
2.842000000000000000e+03 5.639219999999999856e-05
2.845000000000000000e+03 5.800899999999999975e-05
2.848000000000000000e+03 5.976289999999999662e-05
2.851000000000000000e+03 6.163529999999999584e-05
2.854000000000000000e+03 6.360570000000000666e-05
2.857000000000000000e+03 6.605980000000000066e-05
2.860000000000000000e+03 6.878020000000000260e-05
2.863000000000000000e+03 7.174689999999999573e-05
2.866000000000000000e+03 7.495509999999999662e-05
2.869000000000000000e+03 7.920729999999999633e-05
2.872000000000000000e+03 8.393150000000000101e-05
2.875000000000000000e+03 8.911879999999999791e-05
2.878000000000000000e+03 9.484679999999999457e-05
2.881000000000000000e+03 1.021820000000000052e-04
2.884000000000000000e+03 1.102939999999999981e-04
2.887000000000000000e+03 1.190290000000000017e-04
2.890000000000000000e+03 1.285939999999999956e-04
2.893000000000000000e+03 1.406409999999999974e-04
2.896000000000000000e+03 1.539500000000000016e-04
2.899000000000000000e+03 1.683140000000000016e-04
2.902000000000000000e+03 1.841880000000000058e-04
2.905000000000000000e+03 2.036030000000000088e-04
2.908000000000000000e+03 2.248859999999999878e-04
2.911000000000000000e+03 2.473169999999999904e-04
2.914000000000000000e+03 2.716659999999999973e-04
2.917000000000000000e+03 3.000720000000000232e-04
2.920000000000000000e+03 3.308860000000000165e-04
2.923000000000000000e+03 3.630190000000000153e-04
2.926000000000000000e+03 3.974180000000000225e-04
2.929000000000000000e+03 4.358720000000000172e-04
2.932000000000000000e+03 4.769279999999999982e-04
2.935000000000000000e+03 5.189940000000000525e-04
2.938000000000000000e+03 5.623579999999999985e-04
2.941000000000000000e+03 6.081399999999999610e-04
2.944000000000000000e+03 6.560410000000000026e-04
2.947000000000000000e+03 7.044310000000000458e-04
2.950000000000000000e+03 7.521370000000000529e-04
2.953000000000000000e+03 8.003080000000000090e-04
2.956000000000000000e+03 8.490060000000000228e-04
2.959000000000000000e+03 8.974099999999999612e-04
2.962000000000000000e+03 9.420159999999999471e-04
2.965000000000000000e+03 9.844859999999999115e-04
2.968000000000000000e+03 1.025199999999999983e-03
2.971000000000000000e+03 1.064679999999999923e-03
2.974000000000000000e+03 1.096940000000000024e-03
2.977000000000000000e+03 1.123550000000000069e-03
2.980000000000000000e+03 1.145460000000000055e-03
2.983000000000000000e+03 1.164909999999999904e-03
2.986000000000000000e+03 1.175739999999999988e-03
2.989000000000000000e+03 1.180049999999999979e-03
2.992000000000000000e+03 1.179490000000000052e-03
2.995000000000000000e+03 1.177939999999999933e-03
2.998000000000000000e+03 1.168800000000000004e-03
3.001000000000000000e+03 1.153710000000000065e-03
3.004000000000000000e+03 1.132769999999999957e-03
3.007000000000000000e+03 1.110309999999999986e-03
3.010000000000000000e+03 1.082559999999999989e-03
3.013000000000000000e+03 1.049790000000000098e-03
3.016000000000000000e+03 1.012679999999999960e-03
3.019000000000000000e+03 9.748989999999999913e-04
3.022000000000000000e+03 9.353789999999999631e-04
3.025000000000000000e+03 8.925779999999999912e-04
3.028000000000000000e+03 8.476239999999999469e-04
3.031000000000000000e+03 8.029979999999999713e-04
3.034000000000000000e+03 7.594960000000000209e-04
3.037000000000000000e+03 7.146830000000000283e-04
3.040000000000000000e+03 6.696669999999999836e-04
3.043000000000000000e+03 6.257040000000000388e-04
3.046000000000000000e+03 5.843000000000000537e-04
3.049000000000000000e+03 5.432580000000000221e-04
3.052000000000000000e+03 5.032870000000000486e-04
3.055000000000000000e+03 4.648100000000000170e-04
3.058000000000000000e+03 4.295200000000000211e-04
3.061000000000000000e+03 3.957799999999999816e-04
3.064000000000000000e+03 3.636649999999999952e-04
3.067000000000000000e+03 3.332920000000000067e-04
3.070000000000000000e+03 3.061359999999999841e-04
3.073000000000000000e+03 2.811560000000000166e-04
3.076000000000000000e+03 2.578319999999999939e-04
3.079000000000000000e+03 2.361979999999999906e-04
3.082000000000000000e+03 2.172090000000000002e-04
3.085000000000000000e+03 2.005580000000000134e-04
3.088000000000000000e+03 1.853000000000000046e-04
3.091000000000000000e+03 1.716040000000000057e-04
3.094000000000000000e+03 1.599319999999999995e-04
3.097000000000000000e+03 1.504950000000000016e-04
3.100000000000000000e+03 1.421290000000000075e-04
3.103000000000000000e+03 1.349450000000000031e-04
3.106000000000000000e+03 1.292130000000000112e-04
3.109000000000000000e+03 1.252640000000000123e-04
3.112000000000000000e+03 1.220150000000000032e-04
3.115000000000000000e+03 1.195519999999999965e-04
3.118000000000000000e+03 1.179490000000000052e-04
3.121000000000000000e+03 1.176500000000000001e-04
3.124000000000000000e+03 1.178089999999999964e-04
3.127000000000000000e+03 1.183740000000000020e-04
3.130000000000000000e+03 1.195209999999999963e-04
3.133000000000000000e+03 1.215159999999999933e-04
3.136000000000000000e+03 1.236900000000000033e-04
3.139000000000000000e+03 1.257619999999999929e-04
3.142000000000000000e+03 1.279320000000000077e-04
3.145000000000000000e+03 1.304470000000000065e-04
3.148000000000000000e+03 1.329699999999999958e-04
3.151000000000000000e+03 1.350850000000000119e-04
3.154000000000000000e+03 1.371189999999999996e-04
3.157000000000000000e+03 1.391580000000000117e-04
3.160000000000000000e+03 1.410510000000000019e-04
3.163000000000000000e+03 1.423700000000000074e-04
3.166000000000000000e+03 1.434320000000000050e-04
3.169000000000000000e+03 1.441799999999999918e-04
3.172000000000000000e+03 1.447250000000000077e-04
3.175000000000000000e+03 1.447370000000000069e-04
3.178000000000000000e+03 1.444679999999999998e-04
3.181000000000000000e+03 1.438079999999999892e-04
3.184000000000000000e+03 1.430629999999999955e-04
3.187000000000000000e+03 1.422060000000000002e-04
3.190000000000000000e+03 1.411709999999999940e-04
3.193000000000000000e+03 1.399120000000000116e-04
3.196000000000000000e+03 1.387229999999999930e-04
3.199000000000000000e+03 1.378180000000000008e-04
3.202000000000000000e+03 1.369309999999999939e-04
3.205000000000000000e+03 1.359610000000000083e-04
3.208000000000000000e+03 1.352290000000000024e-04
3.211000000000000000e+03 1.349169999999999959e-04
3.214000000000000000e+03 1.346979999999999900e-04
3.217000000000000000e+03 1.346839999999999865e-04
3.220000000000000000e+03 1.353070000000000108e-04
3.223000000000000000e+03 1.368209999999999967e-04
3.226000000000000000e+03 1.387849999999999934e-04
3.229000000000000000e+03 1.412279999999999970e-04
3.232000000000000000e+03 1.443279999999999910e-04
3.235000000000000000e+03 1.484059999999999882e-04
3.238000000000000000e+03 1.529919999999999880e-04
3.241000000000000000e+03 1.581759999999999980e-04
3.244000000000000000e+03 1.639180000000000118e-04
3.247000000000000000e+03 1.702779999999999984e-04
3.250000000000000000e+03 1.771850000000000053e-04
3.253000000000000000e+03 1.843059999999999935e-04
3.256000000000000000e+03 1.814639999999999960e-04
3.259000000000000000e+03 1.748320000000000093e-04
3.262000000000000000e+03 1.637169999999999912e-04
3.265000000000000000e+03 1.507640000000000087e-04
3.268000000000000000e+03 1.383500000000000018e-04
3.271000000000000000e+03 1.172649999999999962e-04
3.274000000000000000e+03 9.553549999999999358e-05
3.277000000000000000e+03 7.349839999999999412e-05
3.280000000000000000e+03 5.927940000000000032e-05
3.283000000000000000e+03 5.451490000000000215e-05
3.286000000000000000e+03 5.249839999999999867e-05
3.289000000000000000e+03 4.769420000000000154e-05
3.292000000000000000e+03 4.270819999999999879e-05
3.295000000000000000e+03 3.746969999999999804e-05
3.298000000000000000e+03 2.913729999999999969e-05
3.301000000000000000e+03 2.304800000000000024e-05
3.304000000000000000e+03 1.696780000000000041e-05
3.307000000000000000e+03 1.115780000000000013e-05
3.310000000000000000e+03 9.696449999999999294e-06
3.313000000000000000e+03 9.715269999999999565e-06
3.316000000000000000e+03 9.741510000000000520e-06
3.319000000000000000e+03 9.784169999999999871e-06
3.322000000000000000e+03 9.834199999999999797e-06
3.325000000000000000e+03 9.882930000000000260e-06
3.328000000000000000e+03 9.937189999999999636e-06
3.331000000000000000e+03 1.001000000000000072e-05
3.334000000000000000e+03 1.008819999999999940e-05
3.337000000000000000e+03 1.015670000000000052e-05
3.340000000000000000e+03 1.024439999999999970e-05
3.343000000000000000e+03 1.034600000000000055e-05
3.346000000000000000e+03 1.045529999999999966e-05
3.349000000000000000e+03 1.056099999999999934e-05
3.352000000000000000e+03 1.066619999999999962e-05
3.355000000000000000e+03 1.077000000000000022e-05
3.358000000000000000e+03 1.087099999999999976e-05
3.361000000000000000e+03 1.095139999999999987e-05
3.364000000000000000e+03 1.102839999999999931e-05
3.367000000000000000e+03 1.109709999999999917e-05
3.370000000000000000e+03 1.118650000000000038e-05
3.373000000000000000e+03 1.129320000000000057e-05
3.376000000000000000e+03 1.141130000000000033e-05
3.379000000000000000e+03 1.152020000000000026e-05
3.382000000000000000e+03 1.161419999999999969e-05
3.385000000000000000e+03 1.171350000000000059e-05
3.388000000000000000e+03 1.181359999999999985e-05
3.391000000000000000e+03 1.191139999999999915e-05
3.394000000000000000e+03 1.199899999999999981e-05
3.397000000000000000e+03 1.211150000000000085e-05
3.400000000000000000e+03 1.224229999999999966e-05
3.403000000000000000e+03 1.238149999999999995e-05
3.406000000000000000e+03 1.250050000000000000e-05
3.409000000000000000e+03 1.260549999999999984e-05
3.412000000000000000e+03 1.271289999999999987e-05
3.415000000000000000e+03 1.280990000000000080e-05
3.418000000000000000e+03 1.290030000000000082e-05
3.421000000000000000e+03 1.298220000000000083e-05
3.424000000000000000e+03 1.308369999999999977e-05
3.427000000000000000e+03 1.320700000000000078e-05
3.430000000000000000e+03 1.333529999999999919e-05
3.433000000000000000e+03 1.346250000000000028e-05
3.436000000000000000e+03 1.357850000000000052e-05
3.439000000000000000e+03 1.369830000000000063e-05
3.442000000000000000e+03 1.380889999999999920e-05
3.445000000000000000e+03 1.391750000000000016e-05
3.448000000000000000e+03 1.403100000000000000e-05
3.451000000000000000e+03 1.414919999999999999e-05
3.454000000000000000e+03 1.428750000000000000e-05
3.457000000000000000e+03 1.444029999999999962e-05
3.460000000000000000e+03 1.460929999999999919e-05
3.463000000000000000e+03 1.477120000000000013e-05
3.466000000000000000e+03 1.493459999999999928e-05
3.469000000000000000e+03 1.510849999999999943e-05
3.472000000000000000e+03 1.529969999999999854e-05
3.475000000000000000e+03 1.548590000000000025e-05
3.478000000000000000e+03 1.568720000000000119e-05
3.481000000000000000e+03 1.590170000000000057e-05
3.484000000000000000e+03 1.610199999999999932e-05
3.487000000000000000e+03 1.629880000000000055e-05
3.490000000000000000e+03 1.643460000000000016e-05
3.493000000000000000e+03 1.627850000000000008e-05
3.496000000000000000e+03 1.607350000000000120e-05
3.499000000000000000e+03 1.590990000000000161e-05
3.502000000000000000e+03 1.606629999999999896e-05
3.505000000000000000e+03 1.597130000000000072e-05
3.508000000000000000e+03 1.579390000000000137e-05
3.511000000000000000e+03 1.556320000000000034e-05
3.514000000000000000e+03 1.561029999999999859e-05
3.517000000000000000e+03 1.522950000000000047e-05
3.520000000000000000e+03 1.483010000000000053e-05
3.523000000000000000e+03 1.435480000000000019e-05
3.526000000000000000e+03 1.417110000000000057e-05
3.529000000000000000e+03 1.425009999999999931e-05
3.532000000000000000e+03 1.456290000000000079e-05
3.535000000000000000e+03 1.515709999999999927e-05
3.538000000000000000e+03 1.556060000000000142e-05
3.541000000000000000e+03 1.587540000000000050e-05
3.544000000000000000e+03 1.633959999999999853e-05
3.547000000000000000e+03 1.700640000000000035e-05
3.550000000000000000e+03 1.756529999999999935e-05
3.553000000000000000e+03 1.818939999999999902e-05
3.556000000000000000e+03 1.803760000000000159e-05
3.559000000000000000e+03 1.734389999999999839e-05
3.562000000000000000e+03 1.645480000000000041e-05
3.565000000000000000e+03 1.602820000000000012e-05
3.568000000000000000e+03 1.562609999999999935e-05
3.571000000000000000e+03 1.436839999999999952e-05
3.574000000000000000e+03 1.302510000000000003e-05
3.577000000000000000e+03 1.216899999999999987e-05
3.580000000000000000e+03 1.146560000000000081e-05
3.583000000000000000e+03 9.036740000000000489e-06
3.586000000000000000e+03 6.410389999999999792e-06
3.589000000000000000e+03 3.659729999999999856e-06
3.592000000000000000e+03 2.080699999999999831e-06
3.595000000000000000e+03 7.815969999999999809e-07
