1.633500000000000000e+03 0.000000000000000000e+00
1.637500000000000000e+03 6.650879999999999797e-07
1.641500000000000000e+03 3.830729999999999998e-06
1.645500000000000000e+03 8.712430000000000201e-06
1.649500000000000000e+03 1.284530000000000049e-05
1.653500000000000000e+03 1.612890000000000070e-05
1.657500000000000000e+03 1.813150000000000081e-05
1.661500000000000000e+03 1.886380000000000055e-05
1.665500000000000000e+03 1.953539999999999934e-05
1.669500000000000000e+03 2.028690000000000053e-05
1.673500000000000000e+03 2.105670000000000119e-05
1.677500000000000000e+03 2.180770000000000129e-05
1.681500000000000000e+03 2.251370000000000096e-05
1.685500000000000000e+03 2.304439999999999912e-05
1.689500000000000000e+03 2.340139999999999926e-05
1.693500000000000000e+03 2.353820000000000107e-05
1.697500000000000000e+03 2.343270000000000013e-05
1.701500000000000000e+03 2.318600000000000129e-05
1.705500000000000000e+03 2.279520000000000157e-05
1.709500000000000000e+03 2.235069999999999931e-05
1.713500000000000000e+03 2.190419999999999943e-05
1.717500000000000000e+03 2.150280000000000019e-05
1.721500000000000000e+03 2.129989999999999913e-05
1.725500000000000000e+03 2.129170000000000148e-05
1.729500000000000000e+03 2.154040000000000132e-05
1.733500000000000000e+03 2.206690000000000043e-05
1.737500000000000000e+03 2.274700000000000092e-05
1.741500000000000000e+03 2.357510000000000066e-05
1.745500000000000000e+03 2.438210000000000157e-05
1.749500000000000000e+03 2.502890000000000019e-05
1.753500000000000000e+03 2.547329999999999885e-05
1.757500000000000000e+03 2.554030000000000007e-05
1.761500000000000000e+03 2.523440000000000017e-05
1.765500000000000000e+03 2.450520000000000045e-05
1.769500000000000000e+03 2.332800000000000094e-05
1.773500000000000000e+03 2.186310000000000079e-05
1.777500000000000000e+03 2.010999999999999889e-05
1.781500000000000000e+03 1.826059999999999928e-05
1.785500000000000000e+03 1.641999999999999864e-05
1.789500000000000000e+03 1.465729999999999941e-05
1.793500000000000000e+03 1.314120000000000049e-05
1.797500000000000000e+03 1.187720000000000040e-05
1.801500000000000000e+03 1.103309999999999945e-05
1.805500000000000000e+03 1.064139999999999945e-05
1.809500000000000000e+03 1.059289999999999983e-05
1.813500000000000000e+03 1.093109999999999941e-05
1.817500000000000000e+03 1.159079999999999921e-05
1.821500000000000000e+03 1.252010000000000063e-05
1.825500000000000000e+03 1.358729999999999949e-05
1.829500000000000000e+03 1.469899999999999937e-05
1.833500000000000000e+03 1.586640000000000110e-05
1.837500000000000000e+03 1.695349999999999955e-05
1.841500000000000000e+03 1.792349999999999873e-05
1.845500000000000000e+03 1.863909999999999913e-05
1.849500000000000000e+03 1.908569999999999923e-05
1.853500000000000000e+03 1.921960000000000145e-05
1.857500000000000000e+03 1.901360000000000037e-05
1.861500000000000000e+03 1.855139999999999995e-05
1.865500000000000000e+03 1.796239999999999933e-05
1.869500000000000000e+03 1.733080000000000015e-05
1.873500000000000000e+03 1.686379999999999937e-05
1.877500000000000000e+03 1.644069999999999999e-05
1.881500000000000000e+03 1.612110000000000054e-05
1.885500000000000000e+03 1.593430000000000090e-05
1.889500000000000000e+03 1.592449999999999974e-05
1.893500000000000000e+03 1.588899999999999983e-05
1.897500000000000000e+03 1.585090000000000099e-05
1.901500000000000000e+03 1.590129999999999970e-05
1.905500000000000000e+03 1.605820000000000153e-05
1.909500000000000000e+03 1.620470000000000089e-05
1.913500000000000000e+03 1.631549999999999990e-05
1.917500000000000000e+03 1.645439999999999953e-05
1.921500000000000000e+03 1.662589999999999950e-05
1.925500000000000000e+03 1.680580000000000095e-05
1.929500000000000000e+03 1.697740000000000113e-05
1.933500000000000000e+03 1.715099999999999893e-05
1.937500000000000000e+03 1.735090000000000018e-05
1.941500000000000000e+03 1.758310000000000111e-05
1.945500000000000000e+03 1.780840000000000046e-05
1.949500000000000000e+03 1.802680000000000162e-05
1.953500000000000000e+03 1.824460000000000147e-05
1.957500000000000000e+03 1.847829999999999891e-05
1.961500000000000000e+03 1.871039999999999962e-05
1.965500000000000000e+03 1.893620000000000006e-05
1.969500000000000000e+03 1.917270000000000026e-05
1.973500000000000000e+03 1.946129999999999949e-05
1.977500000000000000e+03 1.979080000000000032e-05
1.981500000000000000e+03 2.016990000000000148e-05
1.985500000000000000e+03 2.064029999999999955e-05
1.989500000000000000e+03 2.116150000000000060e-05
1.993500000000000000e+03 2.203969999999999839e-05
1.997500000000000000e+03 2.344889999999999838e-05
2.001500000000000000e+03 2.526619999999999875e-05
2.005500000000000000e+03 2.668919999999999851e-05
2.009500000000000000e+03 2.759209999999999964e-05
2.013500000000000000e+03 2.862279999999999978e-05
2.017500000000000000e+03 2.989589999999999950e-05
2.021500000000000000e+03 3.113640000000000228e-05
2.025500000000000000e+03 3.231239999999999915e-05
2.029500000000000000e+03 3.280029999999999833e-05
2.033500000000000000e+03 3.244429999999999699e-05
2.037500000000000000e+03 3.221490000000000220e-05
2.041500000000000000e+03 3.202660000000000267e-05
2.045500000000000000e+03 3.175730000000000171e-05
2.049500000000000000e+03 3.103229999999999764e-05
2.053500000000000000e+03 3.005690000000000016e-05
2.057500000000000000e+03 2.899590000000000134e-05
2.061500000000000000e+03 2.772199999999999987e-05
2.065500000000000000e+03 2.590970000000000030e-05
2.069500000000000000e+03 2.390989999999999956e-05
2.073500000000000000e+03 2.229400000000000034e-05
2.077500000000000000e+03 2.168739999999999839e-05
2.081500000000000000e+03 2.120160000000000043e-05
2.085500000000000000e+03 2.046069999999999877e-05
2.089500000000000000e+03 1.965040000000000078e-05
2.093500000000000000e+03 1.904440000000000015e-05
2.097500000000000000e+03 1.874449999999999985e-05
2.101500000000000000e+03 1.847259999999999996e-05
2.105500000000000000e+03 1.820700000000000034e-05
2.109500000000000000e+03 1.796369999999999879e-05
2.113500000000000000e+03 1.773529999999999942e-05
2.117500000000000000e+03 1.753510000000000089e-05
2.121500000000000000e+03 1.742880000000000159e-05
2.125500000000000000e+03 1.738840000000000109e-05
2.129500000000000000e+03 1.736320000000000005e-05
2.133500000000000000e+03 1.737959999999999874e-05
2.137500000000000000e+03 1.742520000000000047e-05
2.141500000000000000e+03 1.745379999999999881e-05
2.145500000000000000e+03 1.743509999999999846e-05
2.149500000000000000e+03 1.742119999999999848e-05
2.153500000000000000e+03 1.747899999999999985e-05
2.157500000000000000e+03 1.760359999999999863e-05
2.161500000000000000e+03 1.774500000000000036e-05
2.165500000000000000e+03 1.794620000000000107e-05
2.169500000000000000e+03 1.823950000000000045e-05
2.173500000000000000e+03 1.856949999999999898e-05
2.177500000000000000e+03 1.893690000000000160e-05
2.181500000000000000e+03 1.932120000000000061e-05
2.185500000000000000e+03 1.972559999999999966e-05
2.189500000000000000e+03 2.021910000000000094e-05
2.193500000000000000e+03 2.076910000000000076e-05
2.197500000000000000e+03 2.133049999999999847e-05
2.201500000000000000e+03 2.194089999999999859e-05
2.205500000000000000e+03 2.258800000000000125e-05
2.209500000000000000e+03 2.332709999999999897e-05
2.213500000000000000e+03 2.421990000000000167e-05
2.217500000000000000e+03 2.517450000000000097e-05
2.221500000000000000e+03 2.629030000000000136e-05
2.225500000000000000e+03 2.770809999999999988e-05
2.229500000000000000e+03 2.922959999999999878e-05
2.233500000000000000e+03 3.102720000000000001e-05
2.237500000000000000e+03 3.323160000000000214e-05
2.241500000000000000e+03 3.563349999999999688e-05
2.245500000000000000e+03 3.865250000000000304e-05
2.249500000000000000e+03 4.235279999999999877e-05
2.253500000000000000e+03 4.635250000000000047e-05
2.257500000000000000e+03 5.133959999999999885e-05
2.261500000000000000e+03 5.722929999999999771e-05
2.265500000000000000e+03 6.373849999999999969e-05
2.269500000000000000e+03 7.226459999999999926e-05
2.273500000000000000e+03 8.219929999999999750e-05
2.277500000000000000e+03 9.396239999999999334e-05
2.281500000000000000e+03 1.108390000000000005e-04
2.285500000000000000e+03 1.303540000000000059e-04
2.289500000000000000e+03 1.548130000000000101e-04
2.293500000000000000e+03 1.899500000000000092e-04
2.297500000000000000e+03 2.294890000000000113e-04
2.301500000000000000e+03 2.813529999999999742e-04
2.305500000000000000e+03 3.541479999999999845e-04
2.309500000000000000e+03 4.347390000000000130e-04
2.313500000000000000e+03 5.437079999999999518e-04
2.317500000000000000e+03 6.920610000000000000e-04
2.321500000000000000e+03 8.540899999999999491e-04
2.325500000000000000e+03 1.066679999999999972e-03
2.329500000000000000e+03 1.333430000000000032e-03
2.333500000000000000e+03 1.621260000000000019e-03
2.337500000000000000e+03 1.982550000000000024e-03
2.341500000000000000e+03 2.400390000000000076e-03
2.345500000000000000e+03 2.845920000000000047e-03
2.349500000000000000e+03 3.371509999999999872e-03
2.353500000000000000e+03 3.937669999999999886e-03
2.357500000000000000e+03 4.526190000000000248e-03
2.361500000000000000e+03 5.158430000000000307e-03
2.365500000000000000e+03 5.798990000000000394e-03
2.369500000000000000e+03 6.443329999999999717e-03
2.373500000000000000e+03 7.074539999999999822e-03
2.377500000000000000e+03 7.692749999999999935e-03
2.381500000000000000e+03 8.278600000000000542e-03
2.385500000000000000e+03 8.798189999999999136e-03
2.389500000000000000e+03 9.296409999999999743e-03
2.393500000000000000e+03 9.728330000000000310e-03
2.397500000000000000e+03 1.007659999999999979e-02
2.401500000000000000e+03 1.040690000000000018e-02
2.405500000000000000e+03 1.066689999999999999e-02
2.409500000000000000e+03 1.087499999999999925e-02
2.413500000000000000e+03 1.107190000000000084e-02
2.417500000000000000e+03 1.126070000000000022e-02
2.421500000000000000e+03 1.152539999999999988e-02
2.425500000000000000e+03 1.183140000000000060e-02
2.429500000000000000e+03 1.217900000000000059e-02
2.433500000000000000e+03 1.256960000000000022e-02
2.437500000000000000e+03 1.309289999999999933e-02
2.441500000000000000e+03 1.368989999999999964e-02
2.445500000000000000e+03 1.443119999999999993e-02
2.449500000000000000e+03 1.529669999999999988e-02
2.453500000000000000e+03 1.625619999999999843e-02
2.457500000000000000e+03 1.734640000000000140e-02
2.461500000000000000e+03 1.851919999999999955e-02
2.465500000000000000e+03 1.979799999999999963e-02
2.469500000000000000e+03 2.114469999999999891e-02
2.473500000000000000e+03 2.254340000000000163e-02
2.477500000000000000e+03 2.405329999999999968e-02
2.481500000000000000e+03 2.579079999999999914e-02
2.485500000000000000e+03 2.775880000000000014e-02
2.489500000000000000e+03 2.989800000000000096e-02
2.493500000000000000e+03 3.223480000000000095e-02
2.497500000000000000e+03 3.484299999999999897e-02
2.501500000000000000e+03 3.778399999999999814e-02
2.505500000000000000e+03 4.102700000000000097e-02
2.509500000000000000e+03 4.463109999999999994e-02
2.513500000000000000e+03 4.852440000000000225e-02
2.517500000000000000e+03 5.271619999999999778e-02
2.521500000000000000e+03 5.715640000000000304e-02
2.525500000000000000e+03 6.184370000000000145e-02
2.529500000000000000e+03 6.674489999999999590e-02
2.533500000000000000e+03 7.180609999999999771e-02
2.537500000000000000e+03 7.697930000000000050e-02
2.541500000000000000e+03 8.221050000000000579e-02
2.545500000000000000e+03 8.741830000000000434e-02
2.549500000000000000e+03 9.258890000000000176e-02
2.553500000000000000e+03 9.765949999999999631e-02
2.557500000000000000e+03 1.026109999999999939e-01
2.561500000000000000e+03 1.073329999999999979e-01
2.565500000000000000e+03 1.118360000000000049e-01
2.569500000000000000e+03 1.160250000000000031e-01
2.573500000000000000e+03 1.198970000000000036e-01
2.577500000000000000e+03 1.234159999999999979e-01
2.581500000000000000e+03 1.266049999999999953e-01
2.585500000000000000e+03 1.294180000000000053e-01
2.589500000000000000e+03 1.319099999999999995e-01
2.593500000000000000e+03 1.340079999999999882e-01
2.597500000000000000e+03 1.357589999999999908e-01
2.601500000000000000e+03 1.370810000000000084e-01
2.605500000000000000e+03 1.380530000000000090e-01
2.609500000000000000e+03 1.387480000000000102e-01
2.613500000000000000e+03 1.393639999999999879e-01
2.617500000000000000e+03 1.399539999999999951e-01
2.621500000000000000e+03 1.406219999999999970e-01
2.625500000000000000e+03 1.412160000000000082e-01
2.629500000000000000e+03 1.416840000000000044e-01
2.633500000000000000e+03 1.422009999999999941e-01
2.637500000000000000e+03 1.428139999999999965e-01
2.641500000000000000e+03 1.434400000000000119e-01
2.645500000000000000e+03 1.440990000000000049e-01
2.649500000000000000e+03 1.447640000000000038e-01
2.653500000000000000e+03 1.453399999999999970e-01
2.657500000000000000e+03 1.458810000000000107e-01
2.661500000000000000e+03 1.464080000000000104e-01
2.665500000000000000e+03 1.469679999999999875e-01
2.669500000000000000e+03 1.475450000000000095e-01
2.673500000000000000e+03 1.481099999999999917e-01
2.677500000000000000e+03 1.487980000000000136e-01
2.681500000000000000e+03 1.495839999999999947e-01
2.685500000000000000e+03 1.505209999999999881e-01
2.689500000000000000e+03 1.516290000000000138e-01
2.693500000000000000e+03 1.532000000000000028e-01
2.697500000000000000e+03 1.550960000000000116e-01
2.701500000000000000e+03 1.579979999999999996e-01
2.705500000000000000e+03 1.618590000000000029e-01
2.709500000000000000e+03 1.684920000000000029e-01
2.713500000000000000e+03 1.778409999999999991e-01
2.717500000000000000e+03 1.930900000000000116e-01
2.721500000000000000e+03 2.153509999999999869e-01
2.725500000000000000e+03 2.465060000000000029e-01
2.729500000000000000e+03 2.892810000000000104e-01
2.733500000000000000e+03 3.419570000000000110e-01
2.737500000000000000e+03 4.049320000000000142e-01
2.741500000000000000e+03 4.746609999999999996e-01
2.745500000000000000e+03 5.483949999999999658e-01
2.749500000000000000e+03 6.219400000000000484e-01
2.753500000000000000e+03 6.931319999999999704e-01
2.757500000000000000e+03 7.562109999999999665e-01
2.761500000000000000e+03 8.102460000000000218e-01
2.765500000000000000e+03 8.534850000000000492e-01
2.769500000000000000e+03 8.881040000000000045e-01
2.773500000000000000e+03 9.151000000000000245e-01
2.777500000000000000e+03 9.356160000000000032e-01
2.781500000000000000e+03 9.491589999999999749e-01
2.785500000000000000e+03 9.580539999999999612e-01
2.789500000000000000e+03 9.647729999999999917e-01
2.793500000000000000e+03 9.706630000000000535e-01
2.797500000000000000e+03 9.761640000000000317e-01
2.801500000000000000e+03 9.809529999999999639e-01
2.805500000000000000e+03 9.847270000000000190e-01
2.809500000000000000e+03 9.881140000000000478e-01
2.813500000000000000e+03 9.914899999999999824e-01
2.817500000000000000e+03 9.942290000000000294e-01
2.821500000000000000e+03 9.964389999999999636e-01
2.825500000000000000e+03 9.984429999999999694e-01
2.829500000000000000e+03 9.995100000000000096e-01
2.833500000000000000e+03 1.000000000000000000e+00
2.837500000000000000e+03 9.989339999999999886e-01
2.841500000000000000e+03 9.959360000000000435e-01
2.845500000000000000e+03 9.892189999999999594e-01
2.849500000000000000e+03 9.750060000000000393e-01
2.853500000000000000e+03 9.539330000000000309e-01
2.857500000000000000e+03 9.222900000000000542e-01
2.861500000000000000e+03 8.806709999999999816e-01
2.865500000000000000e+03 8.286839999999999762e-01
2.869500000000000000e+03 7.669709999999999583e-01
2.873500000000000000e+03 6.980079999999999618e-01
2.877500000000000000e+03 6.263600000000000279e-01
2.881500000000000000e+03 5.525999999999999801e-01
2.885500000000000000e+03 4.831810000000000271e-01
2.889500000000000000e+03 4.167409999999999726e-01
2.893500000000000000e+03 3.583759999999999724e-01
2.897500000000000000e+03 3.068330000000000224e-01
2.901500000000000000e+03 2.654469999999999885e-01
2.905500000000000000e+03 2.315540000000000098e-01
2.909500000000000000e+03 2.066089999999999871e-01
2.913500000000000000e+03 1.891819999999999891e-01
2.917500000000000000e+03 1.770029999999999937e-01
2.921500000000000000e+03 1.688179999999999958e-01
2.925500000000000000e+03 1.632520000000000082e-01
2.929500000000000000e+03 1.598179999999999878e-01
2.933500000000000000e+03 1.574440000000000006e-01
2.937500000000000000e+03 1.558420000000000083e-01
2.941500000000000000e+03 1.546740000000000059e-01
2.945500000000000000e+03 1.535509999999999931e-01
2.949500000000000000e+03 1.524129999999999929e-01
2.953500000000000000e+03 1.513510000000000133e-01
2.957500000000000000e+03 1.503150000000000042e-01
2.961500000000000000e+03 1.492700000000000138e-01
2.965500000000000000e+03 1.483599999999999919e-01
2.969500000000000000e+03 1.474800000000000000e-01
2.973500000000000000e+03 1.465899999999999981e-01
2.977500000000000000e+03 1.456739999999999979e-01
2.981500000000000000e+03 1.447420000000000095e-01
2.985500000000000000e+03 1.438029999999999864e-01
2.989500000000000000e+03 1.428480000000000028e-01
2.993500000000000000e+03 1.419130000000000114e-01
2.997500000000000000e+03 1.409610000000000030e-01
3.001500000000000000e+03 1.398850000000000093e-01
3.005500000000000000e+03 1.386860000000000037e-01
3.009500000000000000e+03 1.372780000000000111e-01
3.013500000000000000e+03 1.357019999999999893e-01
3.017500000000000000e+03 1.338390000000000135e-01
3.021500000000000000e+03 1.318439999999999890e-01
3.025500000000000000e+03 1.295389999999999875e-01
3.029500000000000000e+03 1.271230000000000138e-01
3.033500000000000000e+03 1.244719999999999993e-01
3.037500000000000000e+03 1.216580000000000022e-01
3.041500000000000000e+03 1.186310000000000003e-01
3.045500000000000000e+03 1.154199999999999948e-01
3.049500000000000000e+03 1.120749999999999941e-01
3.053500000000000000e+03 1.085870000000000030e-01
3.057500000000000000e+03 1.049250000000000044e-01
3.061500000000000000e+03 1.011670000000000069e-01
3.065500000000000000e+03 9.718430000000000124e-02
3.069500000000000000e+03 9.307250000000000245e-02
3.073500000000000000e+03 8.878850000000000631e-02
3.077500000000000000e+03 8.433659999999999768e-02
3.081500000000000000e+03 7.975190000000000057e-02
3.085500000000000000e+03 7.504979999999999984e-02
3.089500000000000000e+03 7.022780000000000689e-02
3.093500000000000000e+03 6.534950000000000481e-02
3.097500000000000000e+03 6.041969999999999980e-02
3.101500000000000000e+03 5.558679999999999871e-02
3.105500000000000000e+03 5.081170000000000131e-02
3.109500000000000000e+03 4.625350000000000295e-02
3.113500000000000000e+03 4.190950000000000231e-02
3.117500000000000000e+03 3.783979999999999982e-02
3.121500000000000000e+03 3.409580000000000249e-02
3.125500000000000000e+03 3.069799999999999959e-02
3.129500000000000000e+03 2.763989999999999850e-02
3.133500000000000000e+03 2.494040000000000146e-02
3.137500000000000000e+03 2.257429999999999853e-02
3.141500000000000000e+03 2.054570000000000007e-02
3.145500000000000000e+03 1.877679999999999974e-02
3.149500000000000000e+03 1.728100000000000122e-02
3.153500000000000000e+03 1.599070000000000005e-02
3.157500000000000000e+03 1.487619999999999915e-02
3.161500000000000000e+03 1.392009999999999949e-02
3.165500000000000000e+03 1.307220000000000083e-02
3.169500000000000000e+03 1.233420000000000002e-02
3.173500000000000000e+03 1.164319999999999938e-02
3.177500000000000000e+03 1.102189999999999941e-02
3.181500000000000000e+03 1.042369999999999929e-02
3.185500000000000000e+03 9.856109999999999524e-03
3.189500000000000000e+03 9.312739999999999907e-03
3.193500000000000000e+03 8.776700000000000126e-03
3.197500000000000000e+03 8.244970000000000770e-03
3.201500000000000000e+03 7.702559999999999789e-03
3.205500000000000000e+03 7.119880000000000306e-03
3.209500000000000000e+03 6.527930000000000364e-03
3.213500000000000000e+03 5.991480000000000417e-03
3.217500000000000000e+03 5.477540000000000360e-03
3.221500000000000000e+03 4.971879999999999702e-03
3.225500000000000000e+03 4.501739999999999735e-03
3.229500000000000000e+03 4.075930000000000178e-03
3.233500000000000000e+03 3.660140000000000095e-03
3.237500000000000000e+03 3.267869999999999976e-03
3.241500000000000000e+03 2.912230000000000027e-03
3.245500000000000000e+03 2.578260000000000187e-03
3.249500000000000000e+03 2.267069999999999936e-03
3.253500000000000000e+03 1.984930000000000201e-03
3.257500000000000000e+03 1.726850000000000043e-03
3.261500000000000000e+03 1.498849999999999922e-03
3.265500000000000000e+03 1.300380000000000069e-03
3.269500000000000000e+03 1.122219999999999945e-03
3.273500000000000000e+03 9.604589999999999872e-04
3.277500000000000000e+03 8.130779999999999562e-04
3.281500000000000000e+03 6.771690000000000348e-04
3.285500000000000000e+03 5.620900000000000072e-04
3.289500000000000000e+03 4.664150000000000262e-04
3.293500000000000000e+03 3.878630000000000098e-04
3.297500000000000000e+03 3.268599999999999978e-04
3.301500000000000000e+03 2.773960000000000119e-04
3.305500000000000000e+03 2.295870000000000094e-04
3.309500000000000000e+03 1.817380000000000005e-04
3.313500000000000000e+03 1.458890000000000122e-04
3.317500000000000000e+03 1.211089999999999953e-04
3.321500000000000000e+03 1.014530000000000060e-04
3.325500000000000000e+03 8.685320000000000388e-05
3.329500000000000000e+03 7.409990000000000522e-05
3.333500000000000000e+03 6.326040000000000168e-05
3.337500000000000000e+03 5.543159999999999966e-05
3.341500000000000000e+03 4.868660000000000240e-05
3.345500000000000000e+03 4.312670000000000164e-05
3.349500000000000000e+03 3.913839999999999783e-05
3.353500000000000000e+03 3.576359999999999755e-05
3.357500000000000000e+03 3.307080000000000192e-05
3.361500000000000000e+03 3.110550000000000229e-05
3.365500000000000000e+03 2.936699999999999852e-05
3.369500000000000000e+03 2.808250000000000091e-05
3.373500000000000000e+03 2.719370000000000020e-05
3.377500000000000000e+03 2.644650000000000166e-05
3.381500000000000000e+03 2.592009999999999939e-05
3.385500000000000000e+03 2.546079999999999855e-05
3.389500000000000000e+03 2.485879999999999991e-05
3.393500000000000000e+03 2.420969999999999963e-05
3.397500000000000000e+03 2.345010000000000101e-05
3.401500000000000000e+03 2.277500000000000133e-05
3.405500000000000000e+03 2.211800000000000067e-05
3.409500000000000000e+03 2.141940000000000028e-05
3.413500000000000000e+03 2.072770000000000146e-05
3.417500000000000000e+03 2.004440000000000074e-05
3.421500000000000000e+03 1.942109999999999944e-05
3.425500000000000000e+03 1.905230000000000053e-05
3.429500000000000000e+03 1.874460000000000007e-05
3.433500000000000000e+03 1.849940000000000113e-05
3.437500000000000000e+03 1.814400000000000111e-05
3.441500000000000000e+03 1.770579999999999911e-05
3.445500000000000000e+03 1.733619999999999844e-05
3.449500000000000000e+03 1.691980000000000019e-05
3.453500000000000000e+03 1.648900000000000086e-05
3.457500000000000000e+03 1.615759999999999926e-05
3.461500000000000000e+03 1.575919999999999982e-05
3.465500000000000000e+03 1.535660000000000134e-05
3.469500000000000000e+03 1.501720000000000083e-05
3.473500000000000000e+03 1.474769999999999942e-05
3.477500000000000000e+03 1.456180000000000007e-05
3.481500000000000000e+03 1.448100000000000078e-05
3.485500000000000000e+03 1.447990000000000006e-05
3.489500000000000000e+03 1.451170000000000033e-05
3.493500000000000000e+03 1.455239999999999979e-05
3.497500000000000000e+03 1.462419999999999968e-05
3.501500000000000000e+03 1.469059999999999958e-05
3.505500000000000000e+03 1.475249999999999979e-05
3.509500000000000000e+03 1.487599999999999953e-05
3.513500000000000000e+03 1.500039999999999956e-05
3.517500000000000000e+03 1.510629999999999968e-05
3.521500000000000000e+03 1.522550000000000017e-05
3.525500000000000000e+03 1.532769999999999895e-05
3.529500000000000000e+03 1.544280000000000061e-05
3.533500000000000000e+03 1.559580000000000067e-05
3.537500000000000000e+03 1.581629999999999966e-05
3.541500000000000000e+03 1.602670000000000022e-05
3.545500000000000000e+03 1.620729999999999982e-05
3.549500000000000000e+03 1.637170000000000116e-05
3.553500000000000000e+03 1.653720000000000152e-05
3.557500000000000000e+03 1.671030000000000161e-05
3.561500000000000000e+03 1.692989999999999862e-05
3.565500000000000000e+03 1.717490000000000051e-05
3.569500000000000000e+03 1.740479999999999978e-05
3.573500000000000000e+03 1.761139999999999879e-05
3.577500000000000000e+03 1.783520000000000163e-05
3.581500000000000000e+03 1.803219999999999991e-05
3.585500000000000000e+03 1.822880000000000070e-05
3.589500000000000000e+03 1.844269999999999878e-05
3.593500000000000000e+03 1.862000000000000130e-05
3.597500000000000000e+03 1.873750000000000144e-05
3.601500000000000000e+03 1.877779999999999833e-05
3.605500000000000000e+03 1.872739999999999962e-05
3.609500000000000000e+03 1.868219999999999877e-05
3.613500000000000000e+03 1.862699999999999970e-05
3.617500000000000000e+03 1.861050000000000079e-05
3.621500000000000000e+03 1.859680000000000125e-05
3.625500000000000000e+03 1.851940000000000094e-05
3.629500000000000000e+03 1.843389999999999981e-05
3.633500000000000000e+03 1.835169999999999914e-05
3.637500000000000000e+03 1.826120000000000060e-05
3.641500000000000000e+03 1.821589999999999952e-05
3.645500000000000000e+03 1.821960000000000086e-05
3.649500000000000000e+03 1.824160000000000167e-05
3.653500000000000000e+03 1.821830000000000140e-05
3.657500000000000000e+03 1.786550000000000030e-05
3.661500000000000000e+03 1.634459999999999933e-05
3.665500000000000000e+03 1.393230000000000042e-05
3.669500000000000000e+03 1.208609999999999936e-05
3.673500000000000000e+03 1.033040000000000023e-05
3.677500000000000000e+03 8.715999999999999220e-06
3.681500000000000000e+03 7.515910000000000178e-06
3.685500000000000000e+03 6.645649999999999637e-06
3.689500000000000000e+03 5.042160000000000358e-06
3.693500000000000000e+03 3.889700000000000214e-06
3.697500000000000000e+03 3.836100000000000423e-06
3.701500000000000000e+03 3.831980000000000198e-06
3.705500000000000000e+03 3.827670000000000234e-06
3.709500000000000000e+03 3.827950000000000340e-06
3.713500000000000000e+03 3.847140000000000236e-06
3.717500000000000000e+03 3.896310000000000139e-06
3.721500000000000000e+03 3.969810000000000367e-06
3.725500000000000000e+03 4.052180000000000224e-06
3.729500000000000000e+03 4.151440000000000016e-06
3.733500000000000000e+03 4.257529999999999876e-06
3.737500000000000000e+03 4.363329999999999778e-06
3.741500000000000000e+03 4.468680000000000387e-06
3.745500000000000000e+03 4.574310000000000255e-06
3.749500000000000000e+03 4.695999999999999593e-06
3.753500000000000000e+03 4.824430000000000326e-06
3.757500000000000000e+03 4.944820000000000202e-06
3.761500000000000000e+03 5.064410000000000018e-06
3.765500000000000000e+03 5.166970000000000269e-06
3.769500000000000000e+03 5.249910000000000190e-06
3.773500000000000000e+03 5.310730000000000227e-06
3.777500000000000000e+03 5.337289999999999851e-06
3.781500000000000000e+03 5.344819999999999760e-06
3.785500000000000000e+03 5.325819999999999604e-06
3.789500000000000000e+03 5.288850000000000193e-06
3.793500000000000000e+03 5.266570000000000129e-06
3.797500000000000000e+03 5.266639999999999943e-06
3.801500000000000000e+03 5.284030000000000127e-06
3.805500000000000000e+03 5.292940000000000013e-06
3.809500000000000000e+03 5.286459999999999865e-06
3.813500000000000000e+03 5.279809999999999683e-06
3.817500000000000000e+03 5.261929999999999949e-06
3.821500000000000000e+03 5.231509999999999654e-06
3.825500000000000000e+03 5.201049999999999949e-06
3.829500000000000000e+03 5.184850000000000003e-06
3.833500000000000000e+03 5.178120000000000154e-06
3.837500000000000000e+03 5.171390000000000305e-06
3.841500000000000000e+03 5.164659999999999608e-06
3.845500000000000000e+03 5.157950000000000311e-06
3.849500000000000000e+03 5.151230000000000315e-06
3.853500000000000000e+03 5.144510000000000318e-06
3.857500000000000000e+03 5.137790000000000321e-06
3.861500000000000000e+03 5.131059999999999625e-06
3.865500000000000000e+03 5.124300000000000218e-06
3.869500000000000000e+03 5.125249999999999760e-06
3.873500000000000000e+03 5.142759999999999869e-06
3.877500000000000000e+03 5.191660000000000366e-06
3.881500000000000000e+03 5.245279999999999863e-06
3.885500000000000000e+03 5.284349999999999643e-06
3.889500000000000000e+03 5.292180000000000210e-06
3.893500000000000000e+03 5.297489999999999826e-06
3.897500000000000000e+03 5.309590000000000099e-06
3.901500000000000000e+03 5.336820000000000006e-06
3.905500000000000000e+03 5.350689999999999587e-06
3.909500000000000000e+03 5.359909999999999984e-06
3.913500000000000000e+03 5.351170000000000132e-06
3.917500000000000000e+03 5.360480000000000048e-06
3.921500000000000000e+03 5.379459999999999652e-06
3.925500000000000000e+03 5.428130000000000154e-06
3.929500000000000000e+03 5.486780000000000007e-06
3.933500000000000000e+03 5.563960000000000173e-06
3.937500000000000000e+03 5.653229999999999913e-06
3.941500000000000000e+03 5.733440000000000285e-06
3.945500000000000000e+03 5.783920000000000351e-06
3.949500000000000000e+03 5.826049999999999895e-06
3.953500000000000000e+03 5.879229999999999951e-06
3.957500000000000000e+03 5.968860000000000311e-06
3.961500000000000000e+03 6.055619999999999799e-06
3.965500000000000000e+03 6.130380000000000079e-06
3.969500000000000000e+03 6.180510000000000225e-06
3.973500000000000000e+03 6.226589999999999960e-06
3.977500000000000000e+03 6.272700000000000099e-06
3.981500000000000000e+03 6.317749999999999778e-06
3.985500000000000000e+03 6.354619999999999816e-06
3.989500000000000000e+03 6.387450000000000144e-06
3.993500000000000000e+03 6.415629999999999593e-06
3.997500000000000000e+03 6.468490000000000134e-06
4.001500000000000000e+03 6.540060000000000026e-06
4.005500000000000000e+03 6.639190000000000041e-06
4.009500000000000000e+03 6.730919999999999923e-06
4.013500000000000000e+03 6.813080000000000336e-06
4.017500000000000000e+03 6.881880000000000423e-06
4.021500000000000000e+03 6.942480000000000317e-06
4.025500000000000000e+03 6.980589999999999856e-06
4.029500000000000000e+03 7.024150000000000333e-06
4.033500000000000000e+03 7.090830000000000345e-06
4.037500000000000000e+03 7.230460000000000226e-06
4.041500000000000000e+03 7.384689999999999934e-06
4.045500000000000000e+03 7.530660000000000334e-06
4.049500000000000000e+03 7.649059999999999911e-06
4.053500000000000000e+03 7.737550000000000143e-06
4.057500000000000000e+03 7.801299999999999321e-06
4.061500000000000000e+03 7.806489999999999859e-06
4.065500000000000000e+03 7.811809999999999327e-06
4.069500000000000000e+03 7.832940000000000258e-06
4.073500000000000000e+03 7.887410000000000772e-06
4.077500000000000000e+03 7.941360000000000484e-06
4.081500000000000000e+03 7.988499999999999833e-06
4.085500000000000000e+03 8.030409999999999233e-06
4.089500000000000000e+03 8.083059999999999483e-06
4.093500000000000000e+03 8.135620000000000213e-06
4.097500000000000000e+03 8.189360000000000481e-06
4.101500000000000000e+03 8.249769999999999789e-06
4.105500000000000000e+03 8.329570000000000279e-06
4.109500000000000000e+03 8.418889999999999281e-06
4.113500000000000000e+03 8.508329999999999902e-06
4.117500000000000000e+03 8.595989999999999670e-06
4.121500000000000000e+03 8.668709999999999543e-06
4.125500000000000000e+03 8.730470000000000117e-06
4.129500000000000000e+03 8.773619999999999865e-06
4.133500000000000000e+03 8.830270000000000415e-06
4.137500000000000000e+03 8.901730000000000235e-06
4.141500000000000000e+03 9.008740000000000080e-06
4.145500000000000000e+03 9.111259999999999227e-06
4.149500000000000000e+03 9.205399999999999989e-06
4.153500000000000000e+03 9.286870000000000414e-06
4.157500000000000000e+03 9.369339999999999643e-06
4.161500000000000000e+03 9.447509999999999608e-06
4.165500000000000000e+03 9.521430000000000418e-06
4.169500000000000000e+03 9.608870000000000041e-06
4.173500000000000000e+03 9.730050000000000125e-06
4.177500000000000000e+03 9.867059999999999682e-06
4.181500000000000000e+03 9.990289999999999178e-06
4.185500000000000000e+03 1.007410000000000067e-05
4.189500000000000000e+03 1.013999999999999948e-05
4.193500000000000000e+03 1.020540000000000058e-05
4.197500000000000000e+03 1.027190000000000071e-05
4.201500000000000000e+03 1.035370000000000050e-05
4.205500000000000000e+03 1.044819999999999934e-05
4.209500000000000000e+03 1.058620000000000039e-05
4.213500000000000000e+03 1.072510000000000003e-05
4.217500000000000000e+03 1.085479999999999982e-05
4.221500000000000000e+03 1.094959999999999932e-05
4.225500000000000000e+03 1.103149999999999933e-05
4.229500000000000000e+03 1.110429999999999971e-05
4.233500000000000000e+03 1.117020000000000022e-05
4.237500000000000000e+03 1.124939999999999939e-05
4.241500000000000000e+03 1.135480000000000011e-05
4.245500000000000000e+03 1.148909999999999983e-05
4.249500000000000000e+03 1.161820000000000000e-05
4.253500000000000000e+03 1.173060000000000082e-05
4.257500000000000000e+03 1.184109999999999917e-05
4.261500000000000000e+03 1.196189999999999977e-05
4.265500000000000000e+03 1.210699999999999945e-05
4.269500000000000000e+03 1.226159999999999963e-05
4.273500000000000000e+03 1.242100000000000017e-05
4.277500000000000000e+03 1.260539999999999962e-05
4.281500000000000000e+03 1.280069999999999926e-05
4.285500000000000000e+03 1.299549999999999950e-05
4.289500000000000000e+03 1.318099999999999967e-05
4.293500000000000000e+03 1.335479999999999960e-05
4.297500000000000000e+03 1.352190000000000008e-05
4.301500000000000000e+03 1.368350000000000036e-05
4.305500000000000000e+03 1.383519999999999927e-05
4.309500000000000000e+03 1.396850000000000018e-05
4.313500000000000000e+03 1.392130000000000002e-05
4.317500000000000000e+03 1.360170000000000057e-05
4.321500000000000000e+03 1.279050000000000061e-05
4.325500000000000000e+03 1.190929999999999963e-05
4.329500000000000000e+03 1.130490000000000081e-05
4.333500000000000000e+03 1.142310000000000080e-05
4.337500000000000000e+03 1.175089999999999959e-05
4.341500000000000000e+03 1.201460000000000013e-05
4.345500000000000000e+03 1.209980000000000060e-05
4.349500000000000000e+03 1.232889999999999981e-05
4.353500000000000000e+03 1.270010000000000060e-05
4.357500000000000000e+03 1.329550000000000001e-05
4.361500000000000000e+03 1.367469999999999970e-05
4.365500000000000000e+03 1.402459999999999952e-05
4.369500000000000000e+03 1.455100000000000010e-05
4.373500000000000000e+03 1.513920000000000067e-05
4.377500000000000000e+03 1.554990000000000167e-05
4.381500000000000000e+03 1.559519999999999936e-05
4.385500000000000000e+03 1.557689999999999989e-05
4.389500000000000000e+03 1.554999999999999850e-05
4.393500000000000000e+03 1.500480000000000074e-05
4.397500000000000000e+03 1.370290000000000055e-05
4.401500000000000000e+03 1.060410000000000068e-05
4.405500000000000000e+03 7.329059999999999587e-06
4.409500000000000000e+03 4.743290000000000117e-06
4.413500000000000000e+03 4.198149999999999777e-06
4.417500000000000000e+03 4.220769999999999909e-06
4.421500000000000000e+03 4.223220000000000199e-06
4.425500000000000000e+03 4.220709999999999947e-06
4.429500000000000000e+03 4.203269999999999653e-06
4.433500000000000000e+03 4.184889999999999670e-06
4.437500000000000000e+03 3.688159999999999854e-06
4.441500000000000000e+03 2.255749999999999960e-06
4.445500000000000000e+03 8.035610000000000048e-07
