8.865000000000000000e+03 0.000000000000000000e+00
8.882000000000000000e+03 2.224420000000000009e-07
8.899000000000000000e+03 2.881349999999999950e-06
8.916000000000000000e+03 6.643890000000000182e-06
8.933000000000000000e+03 1.044270000000000083e-05
8.950000000000000000e+03 1.320879999999999964e-05
8.967000000000000000e+03 1.813620000000000095e-05
8.984000000000000000e+03 2.909920000000000085e-05
9.001000000000000000e+03 3.887289999999999843e-05
9.018000000000000000e+03 4.443859999999999835e-05
9.035000000000000000e+03 4.601459999999999817e-05
9.052000000000000000e+03 4.485090000000000116e-05
9.069000000000000000e+03 4.484840000000000246e-05
9.086000000000000000e+03 4.678590000000000212e-05
9.103000000000000000e+03 4.862249999999999737e-05
9.120000000000000000e+03 5.011950000000000015e-05
9.137000000000000000e+03 5.474139999999999735e-05
9.154000000000000000e+03 7.925620000000000191e-05
9.171000000000000000e+03 1.188959999999999946e-04
9.188000000000000000e+03 1.749370000000000092e-04
9.205000000000000000e+03 2.570210000000000181e-04
9.222000000000000000e+03 3.781300000000000134e-04
9.239000000000000000e+03 5.405790000000000161e-04
9.256000000000000000e+03 8.112450000000000433e-04
9.273000000000000000e+03 1.230699999999999936e-03
9.290000000000000000e+03 1.914640000000000005e-03
9.307000000000000000e+03 3.035949999999999933e-03
9.324000000000000000e+03 4.820869999999999669e-03
9.341000000000000000e+03 7.228939999999999672e-03
9.358000000000000000e+03 1.003290000000000085e-02
9.375000000000000000e+03 1.349370000000000083e-02
9.392000000000000000e+03 1.815550000000000150e-02
9.409000000000000000e+03 2.417089999999999864e-02
9.426000000000000000e+03 2.981369999999999854e-02
9.443000000000000000e+03 3.479680000000000273e-02
9.460000000000000000e+03 4.276110000000000327e-02
9.477000000000000000e+03 5.307560000000000056e-02
9.494000000000000000e+03 6.235999999999999877e-02
9.511000000000000000e+03 7.180599999999999483e-02
9.528000000000000000e+03 8.447630000000000416e-02
9.545000000000000000e+03 9.315009999999999957e-02
9.562000000000000000e+03 9.626560000000000672e-02
9.579000000000000000e+03 1.005069999999999991e-01
9.596000000000000000e+03 1.071519999999999972e-01
9.613000000000000000e+03 1.141589999999999966e-01
9.630000000000000000e+03 1.216880000000000045e-01
9.647000000000000000e+03 1.345719999999999972e-01
9.664000000000000000e+03 1.507819999999999994e-01
9.681000000000000000e+03 1.688479999999999981e-01
9.698000000000000000e+03 1.888799999999999923e-01
9.715000000000000000e+03 2.091860000000000108e-01
9.732000000000000000e+03 2.322240000000000137e-01
9.749000000000000000e+03 2.558340000000000058e-01
9.766000000000000000e+03 2.817569999999999797e-01
9.783000000000000000e+03 3.070120000000000071e-01
9.800000000000000000e+03 3.328550000000000120e-01
9.817000000000000000e+03 3.570800000000000085e-01
9.834000000000000000e+03 3.727159999999999918e-01
9.851000000000000000e+03 3.856999999999999873e-01
9.868000000000000000e+03 3.999480000000000257e-01
9.885000000000000000e+03 4.168379999999999863e-01
9.902000000000000000e+03 4.341679999999999984e-01
9.919000000000000000e+03 4.523690000000000211e-01
9.936000000000000000e+03 4.759769999999999834e-01
9.953000000000000000e+03 5.011510000000000131e-01
9.970000000000000000e+03 5.239270000000000316e-01
9.987000000000000000e+03 5.447149999999999492e-01
1.000400000000000000e+04 5.639880000000000448e-01
1.002100000000000000e+04 5.799290000000000278e-01
1.003800000000000000e+04 5.932570000000000343e-01
1.005500000000000000e+04 6.055890000000000439e-01
1.007200000000000000e+04 6.163680000000000270e-01
1.008900000000000000e+04 6.230809999999999960e-01
1.010600000000000000e+04 6.298909999999999787e-01
1.012300000000000000e+04 6.387389999999999457e-01
1.014000000000000000e+04 6.450310000000000210e-01
1.015700000000000000e+04 6.544809999999999794e-01
1.017400000000000000e+04 6.693940000000000445e-01
1.019100000000000000e+04 6.894529999999999825e-01
1.020800000000000000e+04 7.118299999999999628e-01
1.022500000000000000e+04 7.397970000000000379e-01
1.024200000000000000e+04 7.705170000000000075e-01
1.025900000000000000e+04 7.954149999999999832e-01
1.027600000000000000e+04 8.164200000000000346e-01
1.029300000000000000e+04 8.372220000000000217e-01
1.031000000000000000e+04 8.533260000000000289e-01
1.032700000000000000e+04 8.626120000000000454e-01
1.034400000000000000e+04 8.730050000000000310e-01
1.036100000000000000e+04 8.846889999999999477e-01
1.037800000000000000e+04 8.990679999999999783e-01
1.039500000000000000e+04 9.152590000000000447e-01
1.041200000000000000e+04 9.318880000000000496e-01
1.042900000000000000e+04 9.485559999999999548e-01
1.044600000000000000e+04 9.589910000000000379e-01
1.046300000000000000e+04 9.720539999999999736e-01
1.048000000000000000e+04 9.828179999999999694e-01
1.049700000000000000e+04 9.880740000000000078e-01
1.051400000000000000e+04 9.883910000000000196e-01
1.053100000000000000e+04 9.860579999999999901e-01
1.054800000000000000e+04 9.816519999999999690e-01
1.056500000000000000e+04 9.765589999999999549e-01
1.058200000000000000e+04 9.744059999999999944e-01
1.059900000000000000e+04 9.743640000000000079e-01
1.061600000000000000e+04 9.751720000000000388e-01
1.063300000000000000e+04 9.768520000000000536e-01
1.065000000000000000e+04 9.807409999999999739e-01
1.066700000000000000e+04 9.879750000000000476e-01
1.068400000000000000e+04 9.954129999999999923e-01
1.070100000000000000e+04 9.989930000000000199e-01
1.071800000000000000e+04 1.000000000000000000e+00
1.073500000000000000e+04 9.971349999999999936e-01
1.075200000000000000e+04 9.917169999999999597e-01
1.076900000000000000e+04 9.849010000000000264e-01
1.078600000000000000e+04 9.750959999999999628e-01
1.080300000000000000e+04 9.606280000000000374e-01
1.082000000000000000e+04 9.431899999999999729e-01
1.083700000000000000e+04 9.228800000000000336e-01
1.085400000000000000e+04 9.021059999999999635e-01
1.087100000000000000e+04 8.829489999999999839e-01
1.088800000000000000e+04 8.650809999999999889e-01
1.090500000000000000e+04 8.498099999999999543e-01
1.092200000000000000e+04 8.345759999999999845e-01
1.093900000000000000e+04 8.215559999999999530e-01
1.095600000000000000e+04 8.098769999999999580e-01
1.097300000000000000e+04 7.987790000000000168e-01
1.099000000000000000e+04 7.865600000000000369e-01
1.100700000000000000e+04 7.752759999999999652e-01
1.102400000000000000e+04 7.646709999999999896e-01
1.104100000000000000e+04 7.529130000000000544e-01
1.105800000000000000e+04 7.386460000000000248e-01
1.107500000000000000e+04 7.227789999999999493e-01
1.109200000000000000e+04 7.080140000000000322e-01
1.110900000000000000e+04 6.935499999999999998e-01
1.112600000000000000e+04 6.802580000000000293e-01
1.114300000000000000e+04 6.671209999999999640e-01
1.116000000000000000e+04 6.555360000000000076e-01
1.117700000000000000e+04 6.443550000000000111e-01
1.119400000000000000e+04 6.348920000000000119e-01
1.121100000000000000e+04 6.281520000000000437e-01
1.122800000000000000e+04 6.237239999999999451e-01
1.124500000000000000e+04 6.199179999999999691e-01
1.126200000000000000e+04 6.159189999999999943e-01
1.127900000000000000e+04 6.122400000000000064e-01
1.129600000000000000e+04 6.091280000000000028e-01
1.131300000000000000e+04 6.057850000000000179e-01
1.133000000000000000e+04 6.004110000000000280e-01
1.134700000000000000e+04 5.958139999999999548e-01
1.136400000000000000e+04 5.911750000000000060e-01
1.138100000000000000e+04 5.830210000000000115e-01
1.139800000000000000e+04 5.706210000000000448e-01
1.141500000000000000e+04 5.566119999999999957e-01
1.143200000000000000e+04 5.415240000000000054e-01
1.144900000000000000e+04 5.255349999999999744e-01
1.146600000000000000e+04 5.086680000000000090e-01
1.148300000000000000e+04 4.921499999999999764e-01
1.150000000000000000e+04 4.777819999999999845e-01
1.151700000000000000e+04 4.644719999999999960e-01
1.153400000000000000e+04 4.518949999999999911e-01
1.155100000000000000e+04 4.395560000000000023e-01
1.156800000000000000e+04 4.283509999999999818e-01
1.158500000000000000e+04 4.179269999999999929e-01
1.160200000000000000e+04 4.076679999999999748e-01
1.161900000000000000e+04 3.988030000000000186e-01
1.163600000000000000e+04 3.917109999999999759e-01
1.165300000000000000e+04 3.849230000000000151e-01
1.167000000000000000e+04 3.769179999999999753e-01
1.168700000000000000e+04 3.688589999999999924e-01
1.170400000000000000e+04 3.614979999999999860e-01
1.172100000000000000e+04 3.540730000000000266e-01
1.173800000000000000e+04 3.439189999999999747e-01
1.175500000000000000e+04 3.325259999999999883e-01
1.177200000000000000e+04 3.206430000000000113e-01
1.178900000000000000e+04 3.083779999999999855e-01
1.180600000000000000e+04 2.946409999999999862e-01
1.182300000000000000e+04 2.811259999999999870e-01
1.184000000000000000e+04 2.674849999999999728e-01
1.185700000000000000e+04 2.533739999999999881e-01
1.187400000000000000e+04 2.374419999999999864e-01
1.189100000000000000e+04 2.186790000000000123e-01
1.190800000000000000e+04 1.994579999999999964e-01
1.192500000000000000e+04 1.776330000000000131e-01
1.194200000000000000e+04 1.542240000000000000e-01
1.195900000000000000e+04 1.308140000000000136e-01
1.197600000000000000e+04 1.083410000000000067e-01
1.199300000000000000e+04 8.771589999999999943e-02
1.201000000000000000e+04 6.825009999999999410e-02
1.202700000000000000e+04 5.251569999999999849e-02
1.204400000000000000e+04 3.870409999999999823e-02
1.206100000000000000e+04 2.831830000000000111e-02
1.207800000000000000e+04 1.998050000000000173e-02
1.209500000000000000e+04 1.404560000000000010e-02
1.211200000000000000e+04 9.787439999999999682e-03
1.212900000000000000e+04 6.608550000000000361e-03
1.214600000000000000e+04 4.524160000000000161e-03
1.216300000000000000e+04 3.161230000000000116e-03
1.218000000000000000e+04 2.219229999999999987e-03
1.219700000000000000e+04 1.495309999999999912e-03
1.221400000000000000e+04 1.066019999999999988e-03
1.223100000000000000e+04 7.487439999999999721e-04
1.224800000000000000e+04 4.801459999999999799e-04
1.226500000000000000e+04 2.818979999999999902e-04
1.228200000000000000e+04 1.675950000000000107e-04
1.229900000000000000e+04 5.807989999999999935e-05
1.231600000000000000e+04 8.033829999999999617e-06
