1.661500000000000000e+03 0.000000000000000000e+00
1.665500000000000000e+03 2.129459999999999852e-06
1.669500000000000000e+03 6.278979999999999809e-06
1.673500000000000000e+03 9.347089999999999983e-06
1.677500000000000000e+03 9.686420000000000680e-06
1.681500000000000000e+03 9.914800000000000346e-06
1.685500000000000000e+03 1.029020000000000017e-05
1.689500000000000000e+03 1.069350000000000019e-05
1.693500000000000000e+03 1.110639999999999924e-05
1.697500000000000000e+03 1.152389999999999990e-05
1.701500000000000000e+03 1.192469999999999952e-05
1.705500000000000000e+03 1.230259999999999974e-05
1.709500000000000000e+03 1.261900000000000065e-05
1.713500000000000000e+03 1.271599999999999989e-05
1.717500000000000000e+03 1.277979999999999917e-05
1.721500000000000000e+03 1.265089999999999944e-05
1.725500000000000000e+03 1.247510000000000021e-05
1.729500000000000000e+03 1.224439999999999918e-05
1.733500000000000000e+03 1.197739999999999988e-05
1.737500000000000000e+03 1.172590000000000068e-05
1.741500000000000000e+03 1.150620000000000005e-05
1.745500000000000000e+03 1.133800000000000054e-05
1.749500000000000000e+03 1.141849999999999918e-05
1.753500000000000000e+03 1.154340000000000030e-05
1.757500000000000000e+03 1.188870000000000020e-05
1.761500000000000000e+03 1.231259999999999965e-05
1.765500000000000000e+03 1.277120000000000065e-05
1.769500000000000000e+03 1.326250000000000050e-05
1.773500000000000000e+03 1.366529999999999942e-05
1.777500000000000000e+03 1.384709999999999995e-05
1.781500000000000000e+03 1.396260000000000079e-05
1.785500000000000000e+03 1.369910000000000069e-05
1.789500000000000000e+03 1.335539999999999922e-05
1.793500000000000000e+03 1.265949999999999966e-05
1.797500000000000000e+03 1.179339999999999961e-05
1.801500000000000000e+03 1.084640000000000003e-05
1.805500000000000000e+03 9.790699999999999281e-06
1.809500000000000000e+03 8.761389999999999814e-06
1.813500000000000000e+03 7.825089999999999986e-06
1.817500000000000000e+03 6.920159999999999995e-06
1.821500000000000000e+03 6.338879999999999862e-06
1.825500000000000000e+03 6.004600000000000074e-06
1.829500000000000000e+03 6.303109999999999694e-06
1.833500000000000000e+03 7.026649999999999885e-06
1.837500000000000000e+03 8.127549999999999797e-06
1.841500000000000000e+03 9.666479999999999986e-06
1.845500000000000000e+03 1.129349999999999953e-05
1.849500000000000000e+03 1.308899999999999953e-05
1.853500000000000000e+03 1.481160000000000063e-05
1.857500000000000000e+03 1.649109999999999869e-05
1.861500000000000000e+03 1.816159999999999904e-05
1.865500000000000000e+03 1.980180000000000072e-05
1.869500000000000000e+03 2.139539999999999847e-05
1.873500000000000000e+03 2.293360000000000011e-05
1.877500000000000000e+03 2.422919999999999835e-05
1.881500000000000000e+03 2.550409999999999862e-05
1.885500000000000000e+03 2.653019999999999885e-05
1.889500000000000000e+03 2.758610000000000004e-05
1.893500000000000000e+03 2.882270000000000104e-05
1.897500000000000000e+03 3.046159999999999986e-05
1.901500000000000000e+03 3.259170000000000171e-05
1.905500000000000000e+03 3.499630000000000237e-05
1.909500000000000000e+03 3.765809999999999779e-05
1.913500000000000000e+03 4.040060000000000076e-05
1.917500000000000000e+03 4.286780000000000316e-05
1.921500000000000000e+03 4.488339999999999789e-05
1.925500000000000000e+03 4.643129999999999708e-05
1.929500000000000000e+03 4.772319999999999736e-05
1.933500000000000000e+03 4.887959999999999869e-05
1.937500000000000000e+03 5.007499999999999744e-05
1.941500000000000000e+03 5.131020000000000215e-05
1.945500000000000000e+03 5.254930000000000186e-05
1.949500000000000000e+03 5.380400000000000189e-05
1.953500000000000000e+03 5.504539999999999986e-05
1.957500000000000000e+03 5.624890000000000282e-05
1.961500000000000000e+03 5.747140000000000001e-05
1.965500000000000000e+03 5.876609999999999966e-05
1.969500000000000000e+03 6.019170000000000173e-05
1.973500000000000000e+03 6.164979999999999375e-05
1.977500000000000000e+03 6.312950000000000603e-05
1.981500000000000000e+03 6.459660000000000423e-05
1.985500000000000000e+03 6.607240000000000118e-05
1.989500000000000000e+03 6.753990000000000026e-05
1.993500000000000000e+03 6.899890000000000103e-05
1.997500000000000000e+03 7.050540000000000431e-05
2.001500000000000000e+03 7.213450000000000536e-05
2.005500000000000000e+03 7.392980000000000493e-05
2.009500000000000000e+03 7.586699999999999716e-05
2.013500000000000000e+03 7.804990000000000636e-05
2.017500000000000000e+03 8.039269999999999348e-05
2.021500000000000000e+03 8.279390000000000024e-05
2.025500000000000000e+03 8.523190000000000638e-05
2.029500000000000000e+03 8.770080000000000573e-05
2.033500000000000000e+03 9.073110000000000278e-05
2.037500000000000000e+03 9.475499999999999656e-05
2.041500000000000000e+03 9.907089999999999365e-05
2.045500000000000000e+03 1.032440000000000029e-04
2.049500000000000000e+03 1.086239999999999954e-04
2.053500000000000000e+03 1.137440000000000006e-04
2.057500000000000000e+03 1.175720000000000053e-04
2.061500000000000000e+03 1.182560000000000008e-04
2.065500000000000000e+03 1.173199999999999948e-04
2.069500000000000000e+03 1.146590000000000012e-04
2.073500000000000000e+03 1.110909999999999974e-04
2.077500000000000000e+03 1.072300000000000016e-04
2.081500000000000000e+03 1.029220000000000015e-04
2.085500000000000000e+03 9.788520000000000261e-05
2.089500000000000000e+03 9.204310000000000649e-05
2.093500000000000000e+03 8.483860000000000457e-05
2.097500000000000000e+03 7.628469999999999826e-05
2.101500000000000000e+03 6.848249999999999357e-05
2.105500000000000000e+03 6.240990000000000025e-05
2.109500000000000000e+03 5.923459999999999696e-05
2.113500000000000000e+03 5.718079999999999978e-05
2.117500000000000000e+03 5.655390000000000075e-05
2.121500000000000000e+03 5.609720000000000223e-05
2.125500000000000000e+03 5.565470000000000096e-05
2.129500000000000000e+03 5.517290000000000161e-05
2.133500000000000000e+03 5.471389999999999804e-05
2.137500000000000000e+03 5.430039999999999937e-05
2.141500000000000000e+03 5.387790000000000130e-05
2.145500000000000000e+03 5.345559999999999689e-05
2.149500000000000000e+03 5.306919999999999666e-05
2.153500000000000000e+03 5.275870000000000023e-05
2.157500000000000000e+03 5.260420000000000026e-05
2.161500000000000000e+03 5.259079999999999799e-05
2.165500000000000000e+03 5.273909999999999791e-05
2.169500000000000000e+03 5.291229999999999821e-05
2.173500000000000000e+03 5.308839999999999810e-05
2.177500000000000000e+03 5.319200000000000165e-05
2.181500000000000000e+03 5.332709999999999973e-05
2.185500000000000000e+03 5.357999999999999861e-05
2.189500000000000000e+03 5.401259999999999850e-05
2.193500000000000000e+03 5.456780000000000295e-05
2.197500000000000000e+03 5.532889999999999808e-05
2.201500000000000000e+03 5.634170000000000302e-05
2.205500000000000000e+03 5.747800000000000093e-05
2.209500000000000000e+03 5.874119999999999927e-05
2.213500000000000000e+03 6.011760000000000188e-05
2.217500000000000000e+03 6.167400000000000616e-05
2.221500000000000000e+03 6.352840000000000657e-05
2.225500000000000000e+03 6.576070000000000212e-05
2.229500000000000000e+03 6.821060000000000046e-05
2.233500000000000000e+03 7.102269999999999341e-05
2.237500000000000000e+03 7.414759999999999461e-05
2.241500000000000000e+03 7.754549999999999811e-05
2.245500000000000000e+03 8.144710000000000155e-05
2.249500000000000000e+03 8.592359999999999842e-05
2.253500000000000000e+03 9.100310000000000289e-05
2.257500000000000000e+03 9.719249999999999483e-05
2.261500000000000000e+03 1.043349999999999963e-04
2.265500000000000000e+03 1.124730000000000055e-04
2.269500000000000000e+03 1.222790000000000129e-04
2.273500000000000000e+03 1.334329999999999945e-04
2.277500000000000000e+03 1.462369999999999892e-04
2.281500000000000000e+03 1.618040000000000114e-04
2.285500000000000000e+03 1.796240000000000000e-04
2.289500000000000000e+03 2.004549999999999908e-04
2.293500000000000000e+03 2.260209999999999964e-04
2.297500000000000000e+03 2.552620000000000236e-04
2.301500000000000000e+03 2.903830000000000148e-04
2.305500000000000000e+03 3.350000000000000113e-04
2.309500000000000000e+03 3.881429999999999733e-04
2.313500000000000000e+03 4.559599999999999916e-04
2.317500000000000000e+03 5.464460000000000194e-04
2.321500000000000000e+03 6.551330000000000174e-04
2.325500000000000000e+03 7.970349999999999744e-04
2.329500000000000000e+03 9.854359999999999075e-04
2.333500000000000000e+03 1.211199999999999950e-03
2.337500000000000000e+03 1.506519999999999908e-03
2.341500000000000000e+03 1.892189999999999974e-03
2.345500000000000000e+03 2.353479999999999808e-03
2.349500000000000000e+03 2.961389999999999943e-03
2.353500000000000000e+03 3.721749999999999798e-03
2.357500000000000000e+03 4.611620000000000302e-03
2.361500000000000000e+03 5.745329999999999881e-03
2.365500000000000000e+03 7.074569999999999644e-03
2.369500000000000000e+03 8.582760000000000042e-03
2.373500000000000000e+03 1.040179999999999924e-02
2.377500000000000000e+03 1.241470000000000073e-02
2.381500000000000000e+03 1.462120000000000086e-02
2.385500000000000000e+03 1.711959999999999871e-02
2.389500000000000000e+03 1.972869999999999832e-02
2.393500000000000000e+03 2.245370000000000005e-02
2.397500000000000000e+03 2.528909999999999839e-02
2.401500000000000000e+03 2.810709999999999945e-02
2.405500000000000000e+03 3.088290000000000132e-02
2.409500000000000000e+03 3.353119999999999712e-02
2.413500000000000000e+03 3.605789999999999690e-02
2.417500000000000000e+03 3.837650000000000089e-02
2.421500000000000000e+03 4.038930000000000298e-02
2.425500000000000000e+03 4.223240000000000327e-02
2.429500000000000000e+03 4.376300000000000329e-02
2.433500000000000000e+03 4.496019999999999878e-02
2.437500000000000000e+03 4.601849999999999691e-02
2.441500000000000000e+03 4.680310000000000026e-02
2.445500000000000000e+03 4.738180000000000169e-02
2.449500000000000000e+03 4.788789999999999714e-02
2.453500000000000000e+03 4.824930000000000191e-02
2.457500000000000000e+03 4.854420000000000263e-02
2.461500000000000000e+03 4.882580000000000253e-02
2.465500000000000000e+03 4.908830000000000138e-02
2.469500000000000000e+03 4.935819999999999791e-02
2.473500000000000000e+03 4.964140000000000219e-02
2.477500000000000000e+03 4.994649999999999784e-02
2.481500000000000000e+03 5.025589999999999918e-02
2.485500000000000000e+03 5.057160000000000127e-02
2.489500000000000000e+03 5.087429999999999730e-02
2.493500000000000000e+03 5.117479999999999946e-02
2.497500000000000000e+03 5.145940000000000236e-02
2.501500000000000000e+03 5.172569999999999946e-02
2.505500000000000000e+03 5.209489999999999954e-02
2.509500000000000000e+03 5.253759999999999680e-02
2.513500000000000000e+03 5.303480000000000000e-02
2.517500000000000000e+03 5.356310000000000238e-02
2.521500000000000000e+03 5.421129999999999699e-02
2.525500000000000000e+03 5.504560000000000008e-02
2.529500000000000000e+03 5.607229999999999853e-02
2.533500000000000000e+03 5.728450000000000208e-02
2.537500000000000000e+03 5.872020000000000017e-02
2.541500000000000000e+03 6.031020000000000131e-02
2.545500000000000000e+03 6.211280000000000273e-02
2.549500000000000000e+03 6.406580000000000608e-02
2.553500000000000000e+03 6.618559999999999721e-02
2.557500000000000000e+03 6.845110000000000083e-02
2.561500000000000000e+03 7.081410000000000482e-02
2.565500000000000000e+03 7.329679999999999529e-02
2.569500000000000000e+03 7.580290000000000639e-02
2.573500000000000000e+03 7.836390000000000022e-02
2.577500000000000000e+03 8.091429999999999456e-02
2.581500000000000000e+03 8.341890000000000416e-02
2.585500000000000000e+03 8.591089999999999838e-02
2.589500000000000000e+03 8.828890000000000349e-02
2.593500000000000000e+03 9.060079999999999523e-02
2.597500000000000000e+03 9.279460000000000486e-02
2.601500000000000000e+03 9.489409999999999512e-02
2.605500000000000000e+03 9.687310000000000365e-02
2.609500000000000000e+03 9.874410000000000132e-02
2.613500000000000000e+03 1.004690000000000027e-01
2.617500000000000000e+03 1.021159999999999984e-01
2.621500000000000000e+03 1.035869999999999985e-01
2.625500000000000000e+03 1.050119999999999942e-01
2.629500000000000000e+03 1.062690000000000023e-01
2.633500000000000000e+03 1.074770000000000031e-01
2.637500000000000000e+03 1.085529999999999967e-01
2.641500000000000000e+03 1.095300000000000024e-01
2.645500000000000000e+03 1.103439999999999976e-01
2.649500000000000000e+03 1.109300000000000008e-01
2.653500000000000000e+03 1.114040000000000030e-01
2.657500000000000000e+03 1.116120000000000029e-01
2.661500000000000000e+03 1.117829999999999935e-01
2.665500000000000000e+03 1.121309999999999946e-01
2.669500000000000000e+03 1.125180000000000069e-01
2.673500000000000000e+03 1.129310000000000036e-01
2.677500000000000000e+03 1.133429999999999993e-01
2.681500000000000000e+03 1.136849999999999944e-01
2.685500000000000000e+03 1.138720000000000010e-01
2.689500000000000000e+03 1.140120000000000022e-01
2.693500000000000000e+03 1.141059999999999991e-01
2.697500000000000000e+03 1.141699999999999937e-01
2.701500000000000000e+03 1.142529999999999935e-01
2.705500000000000000e+03 1.145209999999999978e-01
2.709500000000000000e+03 1.149369999999999975e-01
2.713500000000000000e+03 1.154710000000000042e-01
2.717500000000000000e+03 1.160879999999999967e-01
2.721500000000000000e+03 1.170210000000000000e-01
2.725500000000000000e+03 1.182900000000000063e-01
2.729500000000000000e+03 1.202280000000000015e-01
2.733500000000000000e+03 1.227929999999999994e-01
2.737500000000000000e+03 1.266299999999999926e-01
2.741500000000000000e+03 1.316960000000000075e-01
2.745500000000000000e+03 1.399440000000000128e-01
2.749500000000000000e+03 1.512789999999999968e-01
2.753500000000000000e+03 1.695089999999999930e-01
2.757500000000000000e+03 1.943330000000000057e-01
2.761500000000000000e+03 2.308540000000000036e-01
2.765500000000000000e+03 2.778970000000000051e-01
2.769500000000000000e+03 3.370839999999999947e-01
2.773500000000000000e+03 4.076480000000000103e-01
2.777500000000000000e+03 4.824309999999999987e-01
2.781500000000000000e+03 5.607269999999999754e-01
2.785500000000000000e+03 6.349089999999999456e-01
2.789500000000000000e+03 7.032950000000000035e-01
2.793500000000000000e+03 7.645509999999999806e-01
2.797500000000000000e+03 8.180600000000000094e-01
2.801500000000000000e+03 8.634749999999999925e-01
2.805500000000000000e+03 9.010590000000000543e-01
2.809500000000000000e+03 9.305200000000000138e-01
2.813500000000000000e+03 9.506069999999999798e-01
2.817500000000000000e+03 9.631459999999999466e-01
2.821500000000000000e+03 9.697770000000000001e-01
2.825500000000000000e+03 9.729520000000000390e-01
2.829500000000000000e+03 9.737710000000000532e-01
2.833500000000000000e+03 9.748569999999999736e-01
2.837500000000000000e+03 9.754660000000000553e-01
2.841500000000000000e+03 9.778499999999999970e-01
2.845500000000000000e+03 9.825279999999999569e-01
2.849500000000000000e+03 9.870400000000000285e-01
2.853500000000000000e+03 9.910999999999999810e-01
2.857500000000000000e+03 9.948460000000000081e-01
2.861500000000000000e+03 9.978059999999999707e-01
2.865500000000000000e+03 9.994070000000000453e-01
2.869500000000000000e+03 1.000000000000000000e+00
2.873500000000000000e+03 9.983610000000000539e-01
2.877500000000000000e+03 9.941119999999999957e-01
2.881500000000000000e+03 9.859909999999999508e-01
2.885500000000000000e+03 9.710090000000000110e-01
2.889500000000000000e+03 9.495829999999999549e-01
2.893500000000000000e+03 9.188770000000000548e-01
2.897500000000000000e+03 8.783109999999999529e-01
2.901500000000000000e+03 8.285150000000000015e-01
2.905500000000000000e+03 7.692879999999999718e-01
2.909500000000000000e+03 7.032570000000000210e-01
2.913500000000000000e+03 6.328030000000000044e-01
2.917500000000000000e+03 5.616240000000000121e-01
2.921500000000000000e+03 4.906490000000000018e-01
2.925500000000000000e+03 4.238830000000000098e-01
2.929500000000000000e+03 3.596480000000000232e-01
2.933500000000000000e+03 3.031090000000000173e-01
2.937500000000000000e+03 2.553949999999999831e-01
2.941500000000000000e+03 2.160890000000000033e-01
2.945500000000000000e+03 1.875509999999999955e-01
2.949500000000000000e+03 1.657049999999999912e-01
2.953500000000000000e+03 1.501200000000000034e-01
2.957500000000000000e+03 1.385850000000000137e-01
2.961500000000000000e+03 1.306420000000000081e-01
2.965500000000000000e+03 1.257240000000000024e-01
2.969500000000000000e+03 1.219569999999999960e-01
2.973500000000000000e+03 1.192379999999999968e-01
2.977500000000000000e+03 1.174089999999999995e-01
2.981500000000000000e+03 1.159379999999999994e-01
2.985500000000000000e+03 1.146620000000000000e-01
2.989500000000000000e+03 1.136920000000000014e-01
2.993500000000000000e+03 1.128519999999999940e-01
2.997500000000000000e+03 1.120280000000000026e-01
3.001500000000000000e+03 1.114259999999999973e-01
3.005500000000000000e+03 1.110399999999999998e-01
3.009500000000000000e+03 1.106449999999999934e-01
3.013500000000000000e+03 1.102979999999999933e-01
3.017500000000000000e+03 1.100060000000000066e-01
3.021500000000000000e+03 1.097729999999999956e-01
3.025500000000000000e+03 1.095809999999999979e-01
3.029500000000000000e+03 1.094480000000000036e-01
3.033500000000000000e+03 1.092250000000000026e-01
3.037500000000000000e+03 1.089230000000000059e-01
3.041500000000000000e+03 1.084289999999999976e-01
3.045500000000000000e+03 1.077560000000000046e-01
3.049500000000000000e+03 1.068599999999999967e-01
3.053500000000000000e+03 1.058090000000000003e-01
3.057500000000000000e+03 1.044800000000000034e-01
3.061500000000000000e+03 1.030559999999999948e-01
3.065500000000000000e+03 1.014580000000000065e-01
3.069500000000000000e+03 9.978579999999999395e-02
3.073500000000000000e+03 9.805540000000000089e-02
3.077500000000000000e+03 9.635820000000000496e-02
3.081500000000000000e+03 9.474710000000000076e-02
3.085500000000000000e+03 9.323960000000000581e-02
3.089500000000000000e+03 9.188150000000000484e-02
3.093500000000000000e+03 9.057700000000000473e-02
3.097500000000000000e+03 8.938290000000000124e-02
3.101500000000000000e+03 8.809830000000000438e-02
3.105500000000000000e+03 8.684880000000000377e-02
3.109500000000000000e+03 8.550439999999999430e-02
3.113500000000000000e+03 8.404960000000000209e-02
3.117500000000000000e+03 8.254200000000000426e-02
3.121500000000000000e+03 8.085710000000000119e-02
3.125500000000000000e+03 7.904769999999999852e-02
3.129500000000000000e+03 7.710300000000000487e-02
3.133500000000000000e+03 7.507640000000000147e-02
3.137500000000000000e+03 7.288690000000000446e-02
3.141500000000000000e+03 7.059390000000000109e-02
3.145500000000000000e+03 6.829019999999999535e-02
3.149500000000000000e+03 6.591180000000000649e-02
3.153500000000000000e+03 6.352430000000000576e-02
3.157500000000000000e+03 6.127269999999999939e-02
3.161500000000000000e+03 5.899349999999999733e-02
3.165500000000000000e+03 5.688760000000000344e-02
3.169500000000000000e+03 5.488259999999999666e-02
3.173500000000000000e+03 5.301320000000000338e-02
3.177500000000000000e+03 5.131659999999999694e-02
3.181500000000000000e+03 4.972089999999999843e-02
3.185500000000000000e+03 4.833099999999999896e-02
3.189500000000000000e+03 4.700290000000000024e-02
3.193500000000000000e+03 4.579699999999999743e-02
3.197500000000000000e+03 4.469750000000000112e-02
3.201500000000000000e+03 4.362529999999999880e-02
3.205500000000000000e+03 4.259450000000000042e-02
3.209500000000000000e+03 4.153980000000000172e-02
3.213500000000000000e+03 4.049119999999999803e-02
3.217500000000000000e+03 3.933110000000000078e-02
3.221500000000000000e+03 3.810270000000000323e-02
3.225500000000000000e+03 3.682450000000000306e-02
3.229500000000000000e+03 3.538729999999999654e-02
3.233500000000000000e+03 3.384770000000000140e-02
3.237500000000000000e+03 3.224470000000000114e-02
3.241500000000000000e+03 3.051459999999999936e-02
3.245500000000000000e+03 2.870850000000000138e-02
3.249500000000000000e+03 2.687540000000000068e-02
3.253500000000000000e+03 2.497989999999999933e-02
3.257500000000000000e+03 2.305729999999999932e-02
3.261500000000000000e+03 2.115279999999999938e-02
3.265500000000000000e+03 1.927270000000000025e-02
3.269500000000000000e+03 1.741530000000000161e-02
3.273500000000000000e+03 1.562900000000000053e-02
3.277500000000000000e+03 1.395189999999999972e-02
3.281500000000000000e+03 1.233569999999999979e-02
3.285500000000000000e+03 1.083570000000000019e-02
3.289500000000000000e+03 9.481629999999999572e-03
3.293500000000000000e+03 8.200449999999999753e-03
3.297500000000000000e+03 7.067620000000000152e-03
3.301500000000000000e+03 6.089800000000000248e-03
3.305500000000000000e+03 5.173429999999999696e-03
3.309500000000000000e+03 4.387620000000000062e-03
3.313500000000000000e+03 3.727250000000000094e-03
3.317500000000000000e+03 3.118709999999999798e-03
3.321500000000000000e+03 2.619409999999999968e-03
3.325500000000000000e+03 2.209329999999999801e-03
3.329500000000000000e+03 1.834960000000000063e-03
3.333500000000000000e+03 1.532909999999999958e-03
3.337500000000000000e+03 1.284540000000000031e-03
3.341500000000000000e+03 1.053389999999999969e-03
3.345500000000000000e+03 8.682040000000000243e-04
3.349500000000000000e+03 7.195129999999999668e-04
3.353500000000000000e+03 5.917640000000000487e-04
3.357500000000000000e+03 4.942530000000000534e-04
3.361500000000000000e+03 4.143309999999999875e-04
3.365500000000000000e+03 3.437399999999999852e-04
3.369500000000000000e+03 2.906259999999999920e-04
3.373500000000000000e+03 2.463879999999999998e-04
3.377500000000000000e+03 2.080609999999999990e-04
3.381500000000000000e+03 1.792560000000000063e-04
3.385500000000000000e+03 1.550319999999999888e-04
3.389500000000000000e+03 1.348450000000000007e-04
3.393500000000000000e+03 1.202249999999999950e-04
3.397500000000000000e+03 1.079019999999999979e-04
3.401500000000000000e+03 9.818320000000000552e-05
3.405500000000000000e+03 9.166889999999999913e-05
3.409500000000000000e+03 8.624600000000000061e-05
3.413500000000000000e+03 8.221499999999999804e-05
3.417500000000000000e+03 7.966400000000000163e-05
3.421500000000000000e+03 7.763399999999999565e-05
3.425500000000000000e+03 7.617510000000000188e-05
3.429500000000000000e+03 7.523659999999999723e-05
3.433500000000000000e+03 7.426730000000000636e-05
3.437500000000000000e+03 7.316110000000000668e-05
3.441500000000000000e+03 7.200100000000000402e-05
3.445500000000000000e+03 7.066569999999999666e-05
3.449500000000000000e+03 6.870069999999999768e-05
3.453500000000000000e+03 6.643109999999999488e-05
3.457500000000000000e+03 6.424579999999999397e-05
3.461500000000000000e+03 6.168000000000000576e-05
3.465500000000000000e+03 5.889889999999999948e-05
3.469500000000000000e+03 5.601759999999999709e-05
3.473500000000000000e+03 5.297399999999999798e-05
3.477500000000000000e+03 4.994110000000000199e-05
3.481500000000000000e+03 4.691000000000000318e-05
3.485500000000000000e+03 4.383919999999999863e-05
3.489500000000000000e+03 4.081790000000000098e-05
3.493500000000000000e+03 3.779600000000000201e-05
3.497500000000000000e+03 3.491649999999999680e-05
3.501500000000000000e+03 3.217430000000000127e-05
3.505500000000000000e+03 2.974599999999999946e-05
3.509500000000000000e+03 2.772599999999999848e-05
3.513500000000000000e+03 2.591699999999999936e-05
3.517500000000000000e+03 2.443290000000000116e-05
3.521500000000000000e+03 2.327670000000000027e-05
3.525500000000000000e+03 2.231539999999999983e-05
3.529500000000000000e+03 2.166799999999999990e-05
3.533500000000000000e+03 2.129369999999999909e-05
3.537500000000000000e+03 2.101409999999999926e-05
3.541500000000000000e+03 2.091029999999999866e-05
3.545500000000000000e+03 2.093110000000000023e-05
3.549500000000000000e+03 2.094250000000000151e-05
3.553500000000000000e+03 2.097089999999999940e-05
3.557500000000000000e+03 2.100149999999999874e-05
3.561500000000000000e+03 2.103010000000000046e-05
3.565500000000000000e+03 2.108499999999999887e-05
3.569500000000000000e+03 2.115980000000000026e-05
3.573500000000000000e+03 2.127290000000000092e-05
3.577500000000000000e+03 2.141500000000000079e-05
3.581500000000000000e+03 2.162869999999999843e-05
3.585500000000000000e+03 2.193150000000000169e-05
3.589500000000000000e+03 2.240769999999999893e-05
3.593500000000000000e+03 2.294490000000000117e-05
3.597500000000000000e+03 2.355970000000000077e-05
3.601500000000000000e+03 2.424039999999999919e-05
3.605500000000000000e+03 2.498529999999999946e-05
3.609500000000000000e+03 2.577410000000000112e-05
3.613500000000000000e+03 2.663590000000000022e-05
3.617500000000000000e+03 2.744999999999999976e-05
3.621500000000000000e+03 2.822039999999999835e-05
3.625500000000000000e+03 2.892320000000000118e-05
3.629500000000000000e+03 2.958620000000000144e-05
3.633500000000000000e+03 3.007779999999999856e-05
3.637500000000000000e+03 3.040760000000000004e-05
3.641500000000000000e+03 3.062550000000000011e-05
3.645500000000000000e+03 3.061819999999999765e-05
3.649500000000000000e+03 3.038480000000000087e-05
3.653500000000000000e+03 3.002419999999999961e-05
3.657500000000000000e+03 2.939819999999999917e-05
3.661500000000000000e+03 2.863860000000000055e-05
3.665500000000000000e+03 2.794239999999999864e-05
3.669500000000000000e+03 2.730070000000000104e-05
3.673500000000000000e+03 2.664949999999999955e-05
3.677500000000000000e+03 2.607190000000000020e-05
3.681500000000000000e+03 2.560880000000000120e-05
3.685500000000000000e+03 2.515989999999999945e-05
3.689500000000000000e+03 2.478149999999999982e-05
3.693500000000000000e+03 2.458529999999999990e-05
3.697500000000000000e+03 2.445620000000000142e-05
3.701500000000000000e+03 2.439049999999999966e-05
3.705500000000000000e+03 2.441999999999999997e-05
3.709500000000000000e+03 2.447059999999999912e-05
3.713500000000000000e+03 2.446769999999999954e-05
3.717500000000000000e+03 2.414260000000000158e-05
3.721500000000000000e+03 2.123669999999999947e-05
3.725500000000000000e+03 1.782169999999999913e-05
3.729500000000000000e+03 1.661550000000000041e-05
3.733500000000000000e+03 1.659870000000000085e-05
3.737500000000000000e+03 1.658180000000000106e-05
3.741500000000000000e+03 1.656490000000000127e-05
3.745500000000000000e+03 1.654780000000000104e-05
3.749500000000000000e+03 1.653050000000000038e-05
3.753500000000000000e+03 1.651289999999999906e-05
3.757500000000000000e+03 1.652079999999999944e-05
3.761500000000000000e+03 1.655830000000000035e-05
3.765500000000000000e+03 1.663850000000000002e-05
3.769500000000000000e+03 1.679320000000000042e-05
3.773500000000000000e+03 1.706769999999999923e-05
3.777500000000000000e+03 1.741450000000000073e-05
3.781500000000000000e+03 1.779729999999999984e-05
3.785500000000000000e+03 1.827490000000000014e-05
3.789500000000000000e+03 1.881600000000000077e-05
3.793500000000000000e+03 1.937230000000000085e-05
3.797500000000000000e+03 1.994850000000000052e-05
3.801500000000000000e+03 2.054239999999999834e-05
3.805500000000000000e+03 2.111980000000000064e-05
3.809500000000000000e+03 2.168260000000000142e-05
3.813500000000000000e+03 2.220979999999999867e-05
3.817500000000000000e+03 2.265929999999999835e-05
3.821500000000000000e+03 2.302909999999999945e-05
3.825500000000000000e+03 2.332670000000000148e-05
3.829500000000000000e+03 2.349589999999999979e-05
3.833500000000000000e+03 2.351770000000000016e-05
3.837500000000000000e+03 2.347790000000000098e-05
3.841500000000000000e+03 2.335829999999999962e-05
3.845500000000000000e+03 2.314919999999999852e-05
3.849500000000000000e+03 2.295159999999999892e-05
3.853500000000000000e+03 2.281849999999999845e-05
3.857500000000000000e+03 2.271519999999999895e-05
3.861500000000000000e+03 2.258559999999999938e-05
3.865500000000000000e+03 2.248910000000000123e-05
3.869500000000000000e+03 2.243500000000000119e-05
3.873500000000000000e+03 2.240700000000000078e-05
3.877500000000000000e+03 2.237900000000000037e-05
3.881500000000000000e+03 2.235089999999999974e-05
3.885500000000000000e+03 2.232269999999999890e-05
3.889500000000000000e+03 2.229410000000000056e-05
3.893500000000000000e+03 2.226549999999999883e-05
3.897500000000000000e+03 2.223690000000000050e-05
3.901500000000000000e+03 2.220819999999999855e-05
3.905500000000000000e+03 2.217939999999999978e-05
3.909500000000000000e+03 2.215050000000000078e-05
3.913500000000000000e+03 2.212169999999999862e-05
3.917500000000000000e+03 2.210390000000000025e-05
3.921500000000000000e+03 2.212270000000000081e-05
3.925500000000000000e+03 2.216870000000000003e-05
3.929500000000000000e+03 2.224849999999999883e-05
3.933500000000000000e+03 2.237320000000000121e-05
3.937500000000000000e+03 2.255939999999999953e-05
3.941500000000000000e+03 2.272090000000000128e-05
3.945500000000000000e+03 2.283790000000000033e-05
3.949500000000000000e+03 2.293799999999999960e-05
3.953500000000000000e+03 2.306410000000000166e-05
3.957500000000000000e+03 2.318669999999999943e-05
3.961500000000000000e+03 2.326719999999999976e-05
3.965500000000000000e+03 2.330810000000000135e-05
3.969500000000000000e+03 2.329720000000000117e-05
3.973500000000000000e+03 2.329459999999999886e-05
3.977500000000000000e+03 2.338220000000000120e-05
3.981500000000000000e+03 2.356470000000000157e-05
3.985500000000000000e+03 2.379010000000000114e-05
3.989500000000000000e+03 2.400200000000000161e-05
3.993500000000000000e+03 2.429319999999999977e-05
3.997500000000000000e+03 2.463480000000000002e-05
4.001500000000000000e+03 2.499559999999999833e-05
4.005500000000000000e+03 2.533830000000000099e-05
4.009500000000000000e+03 2.569929999999999974e-05
4.013500000000000000e+03 2.606059999999999914e-05
4.017500000000000000e+03 2.643100000000000156e-05
4.021500000000000000e+03 2.675170000000000003e-05
4.025500000000000000e+03 2.701219999999999864e-05
4.029500000000000000e+03 2.720429999999999973e-05
4.033500000000000000e+03 2.740019999999999899e-05
4.037500000000000000e+03 2.758970000000000115e-05
4.041500000000000000e+03 2.774299999999999848e-05
4.045500000000000000e+03 2.787289999999999871e-05
4.049500000000000000e+03 2.799780000000000153e-05
4.053500000000000000e+03 2.814130000000000109e-05
4.057500000000000000e+03 2.834259999999999864e-05
4.061500000000000000e+03 2.865080000000000019e-05
4.065500000000000000e+03 2.902380000000000153e-05
4.069500000000000000e+03 2.934599999999999991e-05
4.073500000000000000e+03 2.964539999999999911e-05
4.077500000000000000e+03 2.995409999999999837e-05
4.081500000000000000e+03 3.033990000000000067e-05
4.085500000000000000e+03 3.069559999999999796e-05
4.089500000000000000e+03 3.106750000000000028e-05
4.093500000000000000e+03 3.147999999999999675e-05
4.097500000000000000e+03 3.200750000000000144e-05
4.101500000000000000e+03 3.254619999999999681e-05
4.105500000000000000e+03 3.298899999999999874e-05
4.109500000000000000e+03 3.340009999999999892e-05
4.113500000000000000e+03 3.378400000000000044e-05
4.117500000000000000e+03 3.412390000000000036e-05
4.121500000000000000e+03 3.430350000000000115e-05
4.125500000000000000e+03 3.443869999999999945e-05
4.129500000000000000e+03 3.457560000000000147e-05
4.133500000000000000e+03 3.468670000000000114e-05
4.137500000000000000e+03 3.475470000000000116e-05
4.141500000000000000e+03 3.481330000000000091e-05
4.145500000000000000e+03 3.489740000000000235e-05
4.149500000000000000e+03 3.503739999999999763e-05
4.153500000000000000e+03 3.524219999999999946e-05
4.157500000000000000e+03 3.551450000000000022e-05
4.161500000000000000e+03 3.580999999999999765e-05
4.165500000000000000e+03 3.615250000000000326e-05
4.169500000000000000e+03 3.655300000000000053e-05
4.173500000000000000e+03 3.695009999999999712e-05
4.177500000000000000e+03 3.734430000000000090e-05
4.181500000000000000e+03 3.772359999999999911e-05
4.185500000000000000e+03 3.810840000000000261e-05
4.189500000000000000e+03 3.842680000000000282e-05
4.193500000000000000e+03 3.873150000000000009e-05
4.197500000000000000e+03 3.906300000000000191e-05
4.201500000000000000e+03 3.944550000000000036e-05
4.205500000000000000e+03 3.981730000000000246e-05
4.209500000000000000e+03 4.013860000000000225e-05
4.213500000000000000e+03 4.044450000000000215e-05
4.217500000000000000e+03 4.078259999999999812e-05
4.221500000000000000e+03 4.118179999999999931e-05
4.225500000000000000e+03 4.159640000000000039e-05
4.229500000000000000e+03 4.201559999999999800e-05
4.233500000000000000e+03 4.244940000000000052e-05
4.237500000000000000e+03 4.294339999999999952e-05
4.241500000000000000e+03 4.341249999999999813e-05
4.245500000000000000e+03 4.381709999999999761e-05
4.249500000000000000e+03 4.415910000000000213e-05
4.253500000000000000e+03 4.454749999999999997e-05
4.257500000000000000e+03 4.495819999999999927e-05
4.261500000000000000e+03 4.535770000000000112e-05
4.265500000000000000e+03 4.574009999999999936e-05
4.269500000000000000e+03 4.617149999999999662e-05
4.273500000000000000e+03 4.664759999999999702e-05
4.277500000000000000e+03 4.709029999999999873e-05
4.281500000000000000e+03 4.749789999999999801e-05
4.285500000000000000e+03 4.789510000000000159e-05
4.289500000000000000e+03 4.833430000000000240e-05
4.293500000000000000e+03 4.874450000000000061e-05
4.297500000000000000e+03 4.914400000000000246e-05
4.301500000000000000e+03 4.955160000000000174e-05
4.305500000000000000e+03 5.001989999999999860e-05
4.309500000000000000e+03 5.050580000000000016e-05
4.313500000000000000e+03 5.098200000000000079e-05
4.317500000000000000e+03 5.145679999999999834e-05
4.321500000000000000e+03 5.198930000000000044e-05
4.325500000000000000e+03 5.261120000000000206e-05
4.329500000000000000e+03 5.331429999999999877e-05
4.333500000000000000e+03 5.404460000000000091e-05
4.337500000000000000e+03 5.478640000000000116e-05
4.341500000000000000e+03 5.559560000000000012e-05
4.345500000000000000e+03 5.642839999999999662e-05
4.349500000000000000e+03 5.727440000000000173e-05
4.353500000000000000e+03 5.811599999999999720e-05
4.357500000000000000e+03 5.892210000000000291e-05
4.361500000000000000e+03 5.968909999999999743e-05
4.365500000000000000e+03 6.033169999999999701e-05
4.369500000000000000e+03 6.025499999999999823e-05
4.373500000000000000e+03 5.981090000000000023e-05
4.377500000000000000e+03 5.867619999999999905e-05
4.381500000000000000e+03 5.754429999999999723e-05
4.385500000000000000e+03 5.519730000000000090e-05
4.389500000000000000e+03 5.248029999999999964e-05
4.393500000000000000e+03 5.047180000000000015e-05
4.397500000000000000e+03 5.012300000000000105e-05
4.401500000000000000e+03 5.034499999999999994e-05
4.405500000000000000e+03 5.008759999999999797e-05
4.409500000000000000e+03 4.980689999999999911e-05
4.413500000000000000e+03 5.058000000000000023e-05
4.417500000000000000e+03 5.273130000000000113e-05
4.421500000000000000e+03 5.596640000000000002e-05
4.425500000000000000e+03 5.920510000000000003e-05
4.429500000000000000e+03 6.186839999999999874e-05
4.433500000000000000e+03 6.438859999999999538e-05
4.437500000000000000e+03 6.682280000000000674e-05
4.441500000000000000e+03 6.908260000000000160e-05
4.445500000000000000e+03 7.030840000000000603e-05
4.449500000000000000e+03 6.915040000000000119e-05
4.453500000000000000e+03 6.670730000000000420e-05
4.457500000000000000e+03 6.180699999999999964e-05
4.461500000000000000e+03 5.616190000000000179e-05
4.465500000000000000e+03 4.691880000000000215e-05
4.469500000000000000e+03 3.467150000000000169e-05
4.473500000000000000e+03 2.427340000000000040e-05
4.477500000000000000e+03 1.833740000000000166e-05
4.481500000000000000e+03 1.504780000000000016e-05
4.485500000000000000e+03 1.005930000000000040e-05
4.489500000000000000e+03 4.336190000000000237e-06
4.493500000000000000e+03 1.002910000000000025e-06
