1.701500000000000000e+03 0.000000000000000000e+00
1.705500000000000000e+03 9.273070000000000270e-11
1.709500000000000000e+03 1.432059999999999912e-09
1.713500000000000000e+03 4.208340000000000380e-09
1.717500000000000000e+03 6.995870000000000162e-09
1.721500000000000000e+03 7.119489999999999782e-09
1.725500000000000000e+03 4.755919999999999847e-09
1.729500000000000000e+03 2.063440000000000063e-09
1.733500000000000000e+03 5.767160000000000173e-10
1.737500000000000000e+03 1.434549999999999973e-10
1.741500000000000000e+03 1.483659999999999961e-12
1.745500000000000000e+03 1.716869999999999933e-12
1.749500000000000000e+03 1.945190000000000116e-12
1.753500000000000000e+03 2.170039999999999910e-12
1.757500000000000000e+03 2.388350000000000017e-12
1.761500000000000000e+03 2.604260000000000053e-12
1.765500000000000000e+03 2.817400000000000092e-12
1.769500000000000000e+03 3.026169999999999817e-12
1.773500000000000000e+03 3.233559999999999805e-12
1.777500000000000000e+03 3.438520000000000175e-12
1.781500000000000000e+03 3.640310000000000268e-12
1.785500000000000000e+03 3.841179999999999996e-12
1.789500000000000000e+03 4.039820000000000047e-12
1.793500000000000000e+03 4.236169999999999710e-12
1.797500000000000000e+03 4.433900000000000322e-12
1.801500000000000000e+03 4.649640000000000370e-12
1.805500000000000000e+03 4.883130000000000015e-12
1.809500000000000000e+03 9.569530000000000061e-08
1.813500000000000000e+03 8.051660000000000512e-07
1.817500000000000000e+03 1.980479999999999798e-06
1.821500000000000000e+03 3.316660000000000107e-06
1.825500000000000000e+03 4.974390000000000327e-06
1.829500000000000000e+03 6.771330000000000270e-06
1.833500000000000000e+03 8.549449999999999942e-06
1.837500000000000000e+03 1.015440000000000056e-05
1.841500000000000000e+03 1.167129999999999954e-05
1.845500000000000000e+03 1.321220000000000032e-05
1.849500000000000000e+03 1.488279999999999920e-05
1.853500000000000000e+03 1.660549999999999881e-05
1.857500000000000000e+03 1.839400000000000041e-05
1.861500000000000000e+03 2.027109999999999977e-05
1.865500000000000000e+03 2.217670000000000063e-05
1.869500000000000000e+03 2.416899999999999848e-05
1.873500000000000000e+03 2.626929999999999936e-05
1.877500000000000000e+03 2.846540000000000024e-05
1.881500000000000000e+03 3.140379999999999908e-05
1.885500000000000000e+03 3.513349999999999828e-05
1.889500000000000000e+03 3.904460000000000222e-05
1.893500000000000000e+03 4.320060000000000105e-05
1.897500000000000000e+03 4.744460000000000311e-05
1.901500000000000000e+03 5.144779999999999894e-05
1.905500000000000000e+03 5.422750000000000215e-05
1.909500000000000000e+03 5.617780000000000278e-05
1.913500000000000000e+03 5.796100000000000292e-05
1.917500000000000000e+03 5.965320000000000003e-05
1.921500000000000000e+03 6.138679999999999983e-05
1.925500000000000000e+03 6.312449999999999507e-05
1.929500000000000000e+03 6.484880000000000158e-05
1.933500000000000000e+03 6.656350000000000060e-05
1.937500000000000000e+03 6.825839999999999685e-05
1.941500000000000000e+03 6.991700000000000161e-05
1.945500000000000000e+03 7.157340000000000154e-05
1.949500000000000000e+03 7.335549999999999926e-05
1.953500000000000000e+03 7.534369999999999490e-05
1.957500000000000000e+03 7.738369999999999570e-05
1.961500000000000000e+03 7.942619999999999520e-05
1.965500000000000000e+03 8.143519999999999578e-05
1.969500000000000000e+03 8.343500000000000330e-05
1.973500000000000000e+03 8.542859999999999723e-05
1.977500000000000000e+03 8.742280000000000602e-05
1.981500000000000000e+03 8.946319999999999414e-05
1.985500000000000000e+03 9.173830000000000222e-05
1.989500000000000000e+03 9.419000000000000452e-05
1.993500000000000000e+03 9.676689999999999673e-05
1.997500000000000000e+03 9.972709999999999594e-05
2.001500000000000000e+03 1.028910000000000013e-04
2.005500000000000000e+03 1.060760000000000056e-04
2.009500000000000000e+03 1.092390000000000022e-04
2.013500000000000000e+03 1.123819999999999957e-04
2.017500000000000000e+03 1.158020000000000002e-04
2.021500000000000000e+03 1.198679999999999982e-04
2.025500000000000000e+03 1.242589999999999906e-04
2.029500000000000000e+03 1.300180000000000010e-04
2.033500000000000000e+03 1.380519999999999989e-04
2.037500000000000000e+03 1.463310000000000056e-04
2.041500000000000000e+03 1.506819999999999915e-04
2.045500000000000000e+03 1.494250000000000135e-04
2.049500000000000000e+03 1.467089999999999941e-04
2.053500000000000000e+03 1.425549999999999929e-04
2.057500000000000000e+03 1.377709999999999926e-04
2.061500000000000000e+03 1.327420000000000108e-04
2.065500000000000000e+03 1.267039999999999985e-04
2.069500000000000000e+03 1.198780000000000066e-04
2.073500000000000000e+03 1.121800000000000000e-04
2.077500000000000000e+03 1.013939999999999986e-04
2.081500000000000000e+03 8.871179999999999994e-05
2.085500000000000000e+03 7.762179999999999601e-05
2.089500000000000000e+03 7.217429999999999777e-05
2.093500000000000000e+03 6.998700000000000602e-05
2.097500000000000000e+03 6.852720000000000350e-05
2.101500000000000000e+03 6.795109999999999388e-05
2.105500000000000000e+03 6.737470000000000394e-05
2.109500000000000000e+03 6.688980000000000457e-05
2.113500000000000000e+03 6.658419999999999855e-05
2.117500000000000000e+03 6.632800000000000599e-05
2.121500000000000000e+03 6.597480000000000401e-05
2.125500000000000000e+03 6.545540000000000353e-05
2.129500000000000000e+03 6.490380000000000021e-05
2.133500000000000000e+03 6.447340000000000514e-05
2.137500000000000000e+03 6.420140000000000504e-05
2.141500000000000000e+03 6.400949999999999761e-05
2.145500000000000000e+03 6.409060000000000603e-05
2.149500000000000000e+03 6.439590000000000461e-05
2.153500000000000000e+03 6.470729999999999624e-05
2.157500000000000000e+03 6.490919999999999850e-05
2.161500000000000000e+03 6.500549999999999959e-05
2.165500000000000000e+03 6.517350000000000205e-05
2.169500000000000000e+03 6.561990000000000509e-05
2.173500000000000000e+03 6.625450000000000068e-05
2.177500000000000000e+03 6.705819999999999435e-05
2.181500000000000000e+03 6.826660000000000128e-05
2.185500000000000000e+03 6.964970000000000503e-05
2.189500000000000000e+03 7.112380000000000503e-05
2.193500000000000000e+03 7.275989999999999433e-05
2.197500000000000000e+03 7.447800000000000080e-05
2.201500000000000000e+03 7.664329999999999852e-05
2.205500000000000000e+03 7.951979999999999715e-05
2.209500000000000000e+03 8.264889999999999401e-05
2.213500000000000000e+03 8.617909999999999622e-05
2.217500000000000000e+03 9.015460000000000585e-05
2.221500000000000000e+03 9.433430000000000244e-05
2.225500000000000000e+03 9.924310000000000531e-05
2.229500000000000000e+03 1.048340000000000063e-04
2.233500000000000000e+03 1.109169999999999953e-04
2.237500000000000000e+03 1.186840000000000041e-04
2.241500000000000000e+03 1.277689999999999891e-04
2.245500000000000000e+03 1.377120000000000124e-04
2.249500000000000000e+03 1.501560000000000037e-04
2.253500000000000000e+03 1.641760000000000083e-04
2.257500000000000000e+03 1.798170000000000031e-04
2.261500000000000000e+03 1.996210000000000053e-04
2.265500000000000000e+03 2.217300000000000065e-04
2.269500000000000000e+03 2.470519999999999921e-04
2.273500000000000000e+03 2.794159999999999960e-04
2.277500000000000000e+03 3.151920000000000004e-04
2.281500000000000000e+03 3.583400000000000148e-04
2.285500000000000000e+03 4.142160000000000199e-04
2.289500000000000000e+03 4.767390000000000039e-04
2.293500000000000000e+03 5.704619999999999873e-04
2.297500000000000000e+03 7.424699999999999573e-04
2.301500000000000000e+03 9.393239999999999533e-04
2.305500000000000000e+03 1.156839999999999908e-03
2.309500000000000000e+03 1.431720000000000041e-03
2.313500000000000000e+03 1.750880000000000014e-03
2.317500000000000000e+03 2.188929999999999956e-03
2.321500000000000000e+03 2.730380000000000133e-03
2.325500000000000000e+03 3.357029999999999997e-03
2.329500000000000000e+03 4.229949999999999682e-03
2.333500000000000000e+03 5.284790000000000147e-03
2.337500000000000000e+03 6.495479999999999657e-03
2.341500000000000000e+03 8.102180000000000493e-03
2.345500000000000000e+03 9.953619999999999829e-03
2.349500000000000000e+03 1.203259999999999920e-02
2.353500000000000000e+03 1.461179999999999944e-02
2.357500000000000000e+03 1.744170000000000095e-02
2.361500000000000000e+03 2.051680000000000170e-02
2.365500000000000000e+03 2.404330000000000009e-02
2.369500000000000000e+03 2.774269999999999861e-02
2.373500000000000000e+03 3.155240000000000128e-02
2.377500000000000000e+03 3.552929999999999977e-02
2.381500000000000000e+03 3.952069999999999889e-02
2.385500000000000000e+03 4.337839999999999752e-02
2.389500000000000000e+03 4.708480000000000304e-02
2.393500000000000000e+03 5.066899999999999876e-02
2.397500000000000000e+03 5.386210000000000303e-02
2.401500000000000000e+03 5.668419999999999709e-02
2.405500000000000000e+03 5.930810000000000248e-02
2.409500000000000000e+03 6.144949999999999718e-02
2.413500000000000000e+03 6.329260000000000441e-02
2.417500000000000000e+03 6.498260000000000147e-02
2.421500000000000000e+03 6.630429999999999657e-02
2.425500000000000000e+03 6.740749999999999520e-02
2.429500000000000000e+03 6.854680000000000495e-02
2.433500000000000000e+03 6.955870000000000108e-02
2.437500000000000000e+03 7.054630000000000623e-02
2.441500000000000000e+03 7.160379999999999523e-02
2.445500000000000000e+03 7.268130000000000424e-02
2.449500000000000000e+03 7.380340000000000511e-02
2.453500000000000000e+03 7.493210000000000148e-02
2.457500000000000000e+03 7.607730000000000048e-02
2.461500000000000000e+03 7.723470000000000335e-02
2.465500000000000000e+03 7.849079999999999946e-02
2.469500000000000000e+03 7.975839999999999319e-02
2.473500000000000000e+03 8.103570000000000217e-02
2.477500000000000000e+03 8.233169999999999378e-02
2.481500000000000000e+03 8.379309999999999536e-02
2.485500000000000000e+03 8.528700000000000170e-02
2.489500000000000000e+03 8.694530000000000314e-02
2.493500000000000000e+03 8.872309999999999919e-02
2.497500000000000000e+03 9.079710000000000558e-02
2.501500000000000000e+03 9.294439999999999646e-02
2.505500000000000000e+03 9.532269999999999632e-02
2.509500000000000000e+03 9.786019999999999441e-02
2.513500000000000000e+03 1.006279999999999952e-01
2.517500000000000000e+03 1.035200000000000009e-01
2.521500000000000000e+03 1.065139999999999976e-01
2.525500000000000000e+03 1.096209999999999962e-01
2.529500000000000000e+03 1.127940000000000054e-01
2.533500000000000000e+03 1.159799999999999998e-01
2.537500000000000000e+03 1.191789999999999933e-01
2.541500000000000000e+03 1.223250000000000032e-01
2.545500000000000000e+03 1.253940000000000055e-01
2.549500000000000000e+03 1.283090000000000064e-01
2.553500000000000000e+03 1.310880000000000101e-01
2.557500000000000000e+03 1.337029999999999885e-01
2.561500000000000000e+03 1.361439999999999872e-01
2.565500000000000000e+03 1.383780000000000010e-01
2.569500000000000000e+03 1.404700000000000115e-01
2.573500000000000000e+03 1.423590000000000133e-01
2.577500000000000000e+03 1.441350000000000131e-01
2.581500000000000000e+03 1.457769999999999899e-01
2.585500000000000000e+03 1.473399999999999987e-01
2.589500000000000000e+03 1.488309999999999911e-01
2.593500000000000000e+03 1.502560000000000007e-01
2.597500000000000000e+03 1.516389999999999960e-01
2.601500000000000000e+03 1.529459999999999986e-01
2.605500000000000000e+03 1.542290000000000050e-01
2.609500000000000000e+03 1.555809999999999971e-01
2.613500000000000000e+03 1.569409999999999972e-01
2.617500000000000000e+03 1.582969999999999933e-01
2.621500000000000000e+03 1.596239999999999881e-01
2.625500000000000000e+03 1.608690000000000120e-01
2.629500000000000000e+03 1.620749999999999968e-01
2.633500000000000000e+03 1.632079999999999920e-01
2.637500000000000000e+03 1.642679999999999974e-01
2.641500000000000000e+03 1.652510000000000090e-01
2.645500000000000000e+03 1.661380000000000079e-01
2.649500000000000000e+03 1.668729999999999936e-01
2.653500000000000000e+03 1.674609999999999987e-01
2.657500000000000000e+03 1.679720000000000102e-01
2.661500000000000000e+03 1.683709999999999929e-01
2.665500000000000000e+03 1.687410000000000021e-01
2.669500000000000000e+03 1.691269999999999996e-01
2.673500000000000000e+03 1.696439999999999892e-01
2.677500000000000000e+03 1.702319999999999944e-01
2.681500000000000000e+03 1.708639999999999881e-01
2.685500000000000000e+03 1.717130000000000045e-01
2.689500000000000000e+03 1.728190000000000004e-01
2.693500000000000000e+03 1.743780000000000052e-01
2.697500000000000000e+03 1.763889999999999902e-01
2.701500000000000000e+03 1.793679999999999997e-01
2.705500000000000000e+03 1.833339999999999970e-01
2.709500000000000000e+03 1.898559999999999970e-01
2.713500000000000000e+03 1.989229999999999887e-01
2.717500000000000000e+03 2.128760000000000097e-01
2.721500000000000000e+03 2.334289999999999976e-01
2.725500000000000000e+03 2.607780000000000098e-01
2.729500000000000000e+03 2.997989999999999822e-01
2.733500000000000000e+03 3.454880000000000173e-01
2.737500000000000000e+03 4.018599999999999950e-01
2.741500000000000000e+03 4.636159999999999726e-01
2.745500000000000000e+03 5.293539999999999912e-01
2.749500000000000000e+03 5.976040000000000241e-01
2.753500000000000000e+03 6.625699999999999923e-01
2.757500000000000000e+03 7.270600000000000396e-01
2.761500000000000000e+03 7.840840000000000032e-01
2.765500000000000000e+03 8.348410000000000553e-01
2.769500000000000000e+03 8.782929999999999904e-01
2.773500000000000000e+03 9.118939999999999824e-01
2.777500000000000000e+03 9.367689999999999628e-01
2.781500000000000000e+03 9.538780000000000037e-01
2.785500000000000000e+03 9.635620000000000296e-01
2.789500000000000000e+03 9.694089999999999652e-01
2.793500000000000000e+03 9.723899999999999766e-01
2.797500000000000000e+03 9.747860000000000413e-01
2.801500000000000000e+03 9.768930000000000113e-01
2.805500000000000000e+03 9.795490000000000030e-01
2.809500000000000000e+03 9.824270000000000502e-01
2.813500000000000000e+03 9.861499999999999710e-01
2.817500000000000000e+03 9.897230000000000194e-01
2.821500000000000000e+03 9.930299999999999683e-01
2.825500000000000000e+03 9.965169999999999861e-01
2.829500000000000000e+03 9.988470000000000404e-01
2.833500000000000000e+03 1.000000000000000000e+00
2.837500000000000000e+03 9.992910000000000403e-01
2.841500000000000000e+03 9.958639999999999715e-01
2.845500000000000000e+03 9.894319999999999782e-01
2.849500000000000000e+03 9.758980000000000432e-01
2.853500000000000000e+03 9.582889999999999464e-01
2.857500000000000000e+03 9.300030000000000241e-01
2.861500000000000000e+03 8.970789999999999598e-01
2.865500000000000000e+03 8.550400000000000222e-01
2.869500000000000000e+03 8.055350000000000010e-01
2.873500000000000000e+03 7.515859999999999763e-01
2.877500000000000000e+03 6.907130000000000214e-01
2.881500000000000000e+03 6.289759999999999796e-01
2.885500000000000000e+03 5.665869999999999518e-01
2.889500000000000000e+03 5.033090000000000064e-01
2.893500000000000000e+03 4.447389999999999954e-01
2.897500000000000000e+03 3.882010000000000183e-01
2.901500000000000000e+03 3.383240000000000136e-01
2.905500000000000000e+03 2.965900000000000203e-01
2.909500000000000000e+03 2.613510000000000000e-01
2.913500000000000000e+03 2.369529999999999970e-01
2.917500000000000000e+03 2.177099999999999869e-01
2.921500000000000000e+03 2.056179999999999952e-01
2.925500000000000000e+03 1.977059999999999929e-01
2.929500000000000000e+03 1.928259999999999974e-01
2.933500000000000000e+03 1.897919999999999885e-01
2.937500000000000000e+03 1.874170000000000003e-01
2.941500000000000000e+03 1.856379999999999975e-01
2.945500000000000000e+03 1.842630000000000101e-01
2.949500000000000000e+03 1.832129999999999870e-01
2.953500000000000000e+03 1.823390000000000011e-01
2.957500000000000000e+03 1.817090000000000094e-01
2.961500000000000000e+03 1.811790000000000067e-01
2.965500000000000000e+03 1.808250000000000135e-01
2.969500000000000000e+03 1.806159999999999988e-01
2.973500000000000000e+03 1.804749999999999965e-01
2.977500000000000000e+03 1.803450000000000053e-01
2.981500000000000000e+03 1.802449999999999886e-01
2.985500000000000000e+03 1.801010000000000111e-01
2.989500000000000000e+03 1.798990000000000034e-01
2.993500000000000000e+03 1.795339999999999991e-01
2.997500000000000000e+03 1.790609999999999979e-01
3.001500000000000000e+03 1.782590000000000008e-01
3.005500000000000000e+03 1.770410000000000039e-01
3.009500000000000000e+03 1.754459999999999908e-01
3.013500000000000000e+03 1.734130000000000116e-01
3.017500000000000000e+03 1.709410000000000096e-01
3.021500000000000000e+03 1.680240000000000067e-01
3.025500000000000000e+03 1.648139999999999883e-01
3.029500000000000000e+03 1.612230000000000052e-01
3.033500000000000000e+03 1.573910000000000031e-01
3.037500000000000000e+03 1.533499999999999863e-01
3.041500000000000000e+03 1.492509999999999948e-01
3.045500000000000000e+03 1.450770000000000115e-01
3.049500000000000000e+03 1.409600000000000020e-01
3.053500000000000000e+03 1.369130000000000069e-01
3.057500000000000000e+03 1.329359999999999986e-01
3.061500000000000000e+03 1.291289999999999938e-01
3.065500000000000000e+03 1.254699999999999982e-01
3.069500000000000000e+03 1.218749999999999972e-01
3.073500000000000000e+03 1.184000000000000052e-01
3.077500000000000000e+03 1.149980000000000030e-01
3.081500000000000000e+03 1.116570000000000062e-01
3.085500000000000000e+03 1.083500000000000019e-01
3.089500000000000000e+03 1.051190000000000041e-01
3.093500000000000000e+03 1.019530000000000020e-01
3.097500000000000000e+03 9.882059999999999456e-02
3.101500000000000000e+03 9.573189999999999478e-02
3.105500000000000000e+03 9.273059999999999636e-02
3.109500000000000000e+03 8.970899999999999708e-02
3.113500000000000000e+03 8.677930000000000366e-02
3.117500000000000000e+03 8.391709999999999448e-02
3.121500000000000000e+03 8.112339999999999829e-02
3.125500000000000000e+03 7.839680000000000260e-02
3.129500000000000000e+03 7.579089999999999439e-02
3.133500000000000000e+03 7.332349999999999979e-02
3.137500000000000000e+03 7.094720000000000193e-02
3.141500000000000000e+03 6.875380000000000380e-02
3.145500000000000000e+03 6.672140000000000015e-02
3.149500000000000000e+03 6.482980000000000687e-02
3.153500000000000000e+03 6.311869999999999981e-02
3.157500000000000000e+03 6.157619999999999760e-02
3.161500000000000000e+03 6.016289999999999832e-02
3.165500000000000000e+03 5.884960000000000191e-02
3.169500000000000000e+03 5.763889999999999986e-02
3.173500000000000000e+03 5.646659999999999874e-02
3.177500000000000000e+03 5.527540000000000231e-02
3.181500000000000000e+03 5.406199999999999894e-02
3.185500000000000000e+03 5.279949999999999921e-02
3.189500000000000000e+03 5.140419999999999712e-02
3.193500000000000000e+03 4.985699999999999854e-02
3.197500000000000000e+03 4.816600000000000048e-02
3.201500000000000000e+03 4.632630000000000081e-02
3.205500000000000000e+03 4.437930000000000347e-02
3.209500000000000000e+03 4.231150000000000189e-02
3.213500000000000000e+03 4.009410000000000057e-02
3.217500000000000000e+03 3.774330000000000046e-02
3.221500000000000000e+03 3.532720000000000304e-02
3.225500000000000000e+03 3.283769999999999745e-02
3.229500000000000000e+03 3.029219999999999829e-02
3.233500000000000000e+03 2.776589999999999961e-02
3.237500000000000000e+03 2.526449999999999876e-02
3.241500000000000000e+03 2.279870000000000160e-02
3.245500000000000000e+03 2.044469999999999968e-02
3.249500000000000000e+03 1.820039999999999852e-02
3.253500000000000000e+03 1.605260000000000020e-02
3.257500000000000000e+03 1.406780000000000010e-02
3.261500000000000000e+03 1.225650000000000003e-02
3.265500000000000000e+03 1.058710000000000033e-02
3.269500000000000000e+03 9.097179999999999850e-03
3.273500000000000000e+03 7.782009999999999796e-03
3.277500000000000000e+03 6.602489999999999921e-03
3.281500000000000000e+03 5.582919999999999897e-03
3.285500000000000000e+03 4.709930000000000193e-03
3.289500000000000000e+03 3.931050000000000169e-03
3.293500000000000000e+03 3.269039999999999967e-03
3.297500000000000000e+03 2.733469999999999997e-03
3.301500000000000000e+03 2.271309999999999909e-03
3.305500000000000000e+03 1.881429999999999908e-03
3.309500000000000000e+03 1.562969999999999898e-03
3.313500000000000000e+03 1.290289999999999927e-03
3.317500000000000000e+03 1.064229999999999994e-03
3.321500000000000000e+03 8.828700000000000089e-04
3.325500000000000000e+03 7.294709999999999823e-04
3.329500000000000000e+03 6.041570000000000230e-04
3.333500000000000000e+03 5.043790000000000035e-04
3.337500000000000000e+03 4.206009999999999935e-04
3.341500000000000000e+03 3.523590000000000055e-04
3.345500000000000000e+03 2.978480000000000255e-04
3.349500000000000000e+03 2.519299999999999816e-04
3.353500000000000000e+03 2.149239999999999907e-04
3.357500000000000000e+03 1.851350000000000088e-04
3.361500000000000000e+03 1.610290000000000061e-04
3.365500000000000000e+03 1.425409999999999893e-04
3.369500000000000000e+03 1.280879999999999974e-04
3.373500000000000000e+03 1.169170000000000056e-04
3.377500000000000000e+03 1.091139999999999992e-04
3.381500000000000000e+03 1.031679999999999989e-04
3.385500000000000000e+03 9.854209999999999966e-05
3.389500000000000000e+03 9.553850000000000016e-05
3.393500000000000000e+03 9.342470000000000017e-05
3.397500000000000000e+03 9.204930000000000653e-05
3.401500000000000000e+03 9.123600000000000535e-05
3.405500000000000000e+03 9.019089999999999735e-05
3.409500000000000000e+03 8.881860000000000373e-05
3.413500000000000000e+03 8.736350000000000474e-05
3.417500000000000000e+03 8.570469999999999955e-05
3.421500000000000000e+03 8.380390000000000582e-05
3.425500000000000000e+03 8.146179999999999990e-05
3.429500000000000000e+03 7.839749999999999605e-05
3.433500000000000000e+03 7.476440000000000538e-05
3.437500000000000000e+03 7.080049999999999408e-05
3.441500000000000000e+03 6.672570000000000389e-05
3.445500000000000000e+03 6.246460000000000499e-05
3.449500000000000000e+03 5.800829999999999821e-05
3.453500000000000000e+03 5.344920000000000319e-05
3.457500000000000000e+03 4.886049999999999747e-05
3.461500000000000000e+03 4.442569999999999717e-05
3.465500000000000000e+03 4.030210000000000162e-05
3.469500000000000000e+03 3.645319999999999854e-05
3.473500000000000000e+03 3.300560000000000126e-05
3.477500000000000000e+03 3.006150000000000009e-05
3.481500000000000000e+03 2.754849999999999891e-05
3.485500000000000000e+03 2.536640000000000162e-05
3.489500000000000000e+03 2.349020000000000085e-05
3.493500000000000000e+03 2.200879999999999840e-05
3.497500000000000000e+03 2.094230000000000107e-05
3.501500000000000000e+03 2.023590000000000051e-05
3.505500000000000000e+03 1.981649999999999907e-05
3.509500000000000000e+03 1.952660000000000037e-05
3.513500000000000000e+03 1.934699999999999959e-05
3.517500000000000000e+03 1.929709999999999859e-05
3.521500000000000000e+03 1.925610000000000017e-05
3.525500000000000000e+03 1.922599999999999854e-05
3.529500000000000000e+03 1.921650000000000143e-05
3.533500000000000000e+03 1.920670000000000027e-05
3.537500000000000000e+03 1.919610000000000074e-05
3.541500000000000000e+03 1.918380000000000088e-05
3.545500000000000000e+03 1.916919999999999936e-05
3.549500000000000000e+03 1.921630000000000099e-05
3.553500000000000000e+03 1.945890000000000101e-05
3.557500000000000000e+03 1.999149999999999994e-05
3.561500000000000000e+03 2.069220000000000155e-05
3.565500000000000000e+03 2.143840000000000128e-05
3.569500000000000000e+03 2.219260000000000162e-05
3.573500000000000000e+03 2.307099999999999985e-05
3.577500000000000000e+03 2.414009999999999949e-05
3.581500000000000000e+03 2.536499999999999855e-05
3.585500000000000000e+03 2.661559999999999976e-05
3.589500000000000000e+03 2.769059999999999878e-05
3.593500000000000000e+03 2.860229999999999888e-05
3.597500000000000000e+03 2.939969999999999907e-05
3.601500000000000000e+03 2.999560000000000128e-05
3.605500000000000000e+03 3.041080000000000028e-05
3.609500000000000000e+03 3.061760000000000311e-05
3.613500000000000000e+03 3.061559999999999873e-05
3.617500000000000000e+03 3.040069999999999847e-05
3.621500000000000000e+03 2.987450000000000001e-05
3.625500000000000000e+03 2.895410000000000117e-05
3.629500000000000000e+03 2.780440000000000098e-05
3.633500000000000000e+03 2.664370000000000039e-05
3.637500000000000000e+03 2.567769999999999981e-05
3.641500000000000000e+03 2.478449999999999962e-05
3.645500000000000000e+03 2.394369999999999913e-05
3.649500000000000000e+03 2.320009999999999832e-05
3.653500000000000000e+03 2.260510000000000148e-05
3.657500000000000000e+03 2.220549999999999941e-05
3.661500000000000000e+03 2.197430000000000067e-05
3.665500000000000000e+03 2.186249999999999947e-05
3.669500000000000000e+03 2.177830000000000119e-05
3.673500000000000000e+03 2.169879999999999967e-05
3.677500000000000000e+03 2.166589999999999868e-05
3.681500000000000000e+03 2.164390000000000126e-05
3.685500000000000000e+03 2.162180000000000024e-05
3.689500000000000000e+03 2.159969999999999921e-05
3.693500000000000000e+03 2.157769999999999841e-05
3.697500000000000000e+03 2.155560000000000077e-05
3.701500000000000000e+03 2.153359999999999996e-05
3.705500000000000000e+03 2.151149999999999894e-05
3.709500000000000000e+03 2.148940000000000130e-05
3.713500000000000000e+03 2.146730000000000028e-05
3.717500000000000000e+03 2.144509999999999903e-05
3.721500000000000000e+03 2.142270000000000074e-05
3.725500000000000000e+03 2.139930000000000025e-05
3.729500000000000000e+03 2.137839999999999847e-05
3.733500000000000000e+03 2.140799999999999900e-05
3.737500000000000000e+03 2.158289999999999964e-05
3.741500000000000000e+03 2.192729999999999926e-05
3.745500000000000000e+03 2.239770000000000072e-05
3.749500000000000000e+03 2.297290000000000158e-05
3.753500000000000000e+03 2.362419999999999990e-05
3.757500000000000000e+03 2.436050000000000165e-05
3.761500000000000000e+03 2.512040000000000093e-05
3.765500000000000000e+03 2.588050000000000065e-05
3.769500000000000000e+03 2.666110000000000127e-05
3.773500000000000000e+03 2.744539999999999984e-05
3.777500000000000000e+03 2.821479999999999962e-05
3.781500000000000000e+03 2.893860000000000106e-05
3.785500000000000000e+03 2.956789999999999858e-05
3.789500000000000000e+03 3.010080000000000156e-05
3.793500000000000000e+03 3.050139999999999904e-05
3.797500000000000000e+03 3.071600000000000204e-05
3.801500000000000000e+03 3.076770000000000020e-05
3.805500000000000000e+03 3.063270000000000234e-05
3.809500000000000000e+03 3.032440000000000057e-05
3.813500000000000000e+03 2.993769999999999968e-05
3.817500000000000000e+03 2.960760000000000093e-05
3.821500000000000000e+03 2.944309999999999937e-05
3.825500000000000000e+03 2.934800000000000090e-05
3.829500000000000000e+03 2.925200000000000047e-05
3.833500000000000000e+03 2.915610000000000025e-05
3.837500000000000000e+03 2.909539999999999929e-05
3.841500000000000000e+03 2.905900000000000079e-05
3.845500000000000000e+03 2.902249999999999868e-05
3.849500000000000000e+03 2.898589999999999975e-05
3.853500000000000000e+03 2.894879999999999971e-05
3.857500000000000000e+03 2.891129999999999880e-05
3.861500000000000000e+03 2.887370000000000106e-05
3.865500000000000000e+03 2.883609999999999993e-05
3.869500000000000000e+03 2.879859999999999902e-05
3.873500000000000000e+03 2.876090000000000105e-05
3.877500000000000000e+03 2.872309999999999948e-05
3.881500000000000000e+03 2.868540000000000152e-05
3.885500000000000000e+03 2.864759999999999995e-05
3.889500000000000000e+03 2.861289999999999840e-05
3.893500000000000000e+03 2.862350000000000132e-05
3.897500000000000000e+03 2.875640000000000135e-05
3.901500000000000000e+03 2.904439999999999927e-05
3.905500000000000000e+03 2.938269999999999906e-05
3.909500000000000000e+03 2.962750000000000051e-05
3.913500000000000000e+03 2.973870000000000040e-05
3.917500000000000000e+03 2.981650000000000159e-05
3.921500000000000000e+03 2.997380000000000091e-05
3.925500000000000000e+03 3.017689999999999902e-05
3.929500000000000000e+03 3.032809999999999852e-05
3.933500000000000000e+03 3.030280000000000064e-05
3.937500000000000000e+03 3.018210000000000025e-05
3.941500000000000000e+03 3.009110000000000062e-05
3.945500000000000000e+03 3.020270000000000138e-05
3.949500000000000000e+03 3.046579999999999891e-05
3.953500000000000000e+03 3.080969999999999743e-05
3.957500000000000000e+03 3.123369999999999879e-05
3.961500000000000000e+03 3.169989999999999782e-05
3.965500000000000000e+03 3.219999999999999664e-05
3.969500000000000000e+03 3.263599999999999721e-05
3.973500000000000000e+03 3.304930000000000221e-05
3.977500000000000000e+03 3.351630000000000299e-05
3.981500000000000000e+03 3.405890000000000013e-05
3.985500000000000000e+03 3.459760000000000228e-05
3.989500000000000000e+03 3.501080000000000029e-05
3.993500000000000000e+03 3.527770000000000276e-05
3.997500000000000000e+03 3.547629999999999778e-05
4.001500000000000000e+03 3.569229999999999706e-05
4.005500000000000000e+03 3.592930000000000174e-05
4.009500000000000000e+03 3.613239999999999985e-05
4.013500000000000000e+03 3.622540000000000048e-05
4.017500000000000000e+03 3.628589999999999762e-05
4.021500000000000000e+03 3.641239999999999717e-05
4.025500000000000000e+03 3.678250000000000231e-05
4.029500000000000000e+03 3.731199999999999784e-05
4.033500000000000000e+03 3.788999999999999806e-05
4.037500000000000000e+03 3.838930000000000191e-05
4.041500000000000000e+03 3.881850000000000112e-05
4.045500000000000000e+03 3.923000000000000217e-05
4.049500000000000000e+03 3.958099999999999932e-05
4.053500000000000000e+03 3.993980000000000002e-05
4.057500000000000000e+03 4.040299999999999924e-05
4.061500000000000000e+03 4.109149999999999782e-05
4.065500000000000000e+03 4.189740000000000310e-05
4.069500000000000000e+03 4.268730000000000040e-05
4.073500000000000000e+03 4.338630000000000167e-05
4.077500000000000000e+03 4.397610000000000066e-05
4.081500000000000000e+03 4.439579999999999937e-05
4.085500000000000000e+03 4.461169999999999844e-05
4.089500000000000000e+03 4.470620000000000236e-05
4.093500000000000000e+03 4.479220000000000120e-05
4.097500000000000000e+03 4.492029999999999748e-05
4.101500000000000000e+03 4.503940000000000114e-05
4.105500000000000000e+03 4.509419999999999932e-05
4.109500000000000000e+03 4.515450000000000279e-05
4.113500000000000000e+03 4.526439999999999983e-05
4.117500000000000000e+03 4.549690000000000141e-05
4.121500000000000000e+03 4.581989999999999815e-05
4.125500000000000000e+03 4.622270000000000046e-05
4.129500000000000000e+03 4.670580000000000266e-05
4.133500000000000000e+03 4.723909999999999974e-05
4.137500000000000000e+03 4.782670000000000069e-05
4.141500000000000000e+03 4.842700000000000238e-05
4.145500000000000000e+03 4.898840000000000009e-05
4.149500000000000000e+03 4.946530000000000225e-05
4.153500000000000000e+03 4.981549999999999764e-05
4.157500000000000000e+03 5.012330000000000171e-05
4.161500000000000000e+03 5.051059999999999713e-05
4.165500000000000000e+03 5.101849999999999951e-05
4.169500000000000000e+03 5.157169999999999956e-05
4.173500000000000000e+03 5.204999999999999802e-05
4.177500000000000000e+03 5.246669999999999692e-05
4.181500000000000000e+03 5.286229999999999700e-05
4.185500000000000000e+03 5.329479999999999667e-05
4.189500000000000000e+03 5.376330000000000074e-05
4.193500000000000000e+03 5.429049999999999799e-05
4.197500000000000000e+03 5.495499999999999815e-05
4.201500000000000000e+03 5.568600000000000183e-05
4.205500000000000000e+03 5.640340000000000279e-05
4.209500000000000000e+03 5.696200000000000113e-05
4.213500000000000000e+03 5.740770000000000264e-05
4.217500000000000000e+03 5.781369999999999841e-05
4.221500000000000000e+03 5.822930000000000169e-05
4.225500000000000000e+03 5.868050000000000170e-05
4.229500000000000000e+03 5.918499999999999662e-05
4.233500000000000000e+03 5.980399999999999865e-05
4.237500000000000000e+03 6.048570000000000265e-05
4.241500000000000000e+03 6.115090000000000434e-05
4.245500000000000000e+03 6.174450000000000489e-05
4.249500000000000000e+03 6.227659999999999934e-05
4.253500000000000000e+03 6.276239999999999391e-05
4.257500000000000000e+03 6.320999999999999959e-05
4.261500000000000000e+03 6.366269999999999612e-05
4.265500000000000000e+03 6.421759999999999990e-05
4.269500000000000000e+03 6.486269999999999818e-05
4.273500000000000000e+03 6.554539999999999759e-05
4.277500000000000000e+03 6.615699999999999695e-05
4.281500000000000000e+03 6.674499999999999877e-05
4.285500000000000000e+03 6.737649999999999434e-05
4.289500000000000000e+03 6.817710000000000155e-05
4.293500000000000000e+03 6.908599999999999550e-05
4.297500000000000000e+03 7.007749999999999440e-05
4.301500000000000000e+03 7.113090000000000027e-05
4.305500000000000000e+03 7.222469999999999986e-05
4.309500000000000000e+03 7.336689999999999716e-05
4.313500000000000000e+03 7.452659999999999894e-05
4.317500000000000000e+03 7.566230000000000232e-05
4.321500000000000000e+03 7.675739999999999798e-05
4.325500000000000000e+03 7.778350000000000498e-05
4.329500000000000000e+03 7.872210000000000308e-05
4.333500000000000000e+03 7.952070000000000590e-05
4.337500000000000000e+03 7.988140000000000399e-05
4.341500000000000000e+03 7.917279999999999522e-05
4.345500000000000000e+03 7.561560000000000156e-05
4.349500000000000000e+03 7.033260000000000488e-05
4.353500000000000000e+03 6.486610000000000563e-05
4.357500000000000000e+03 6.247569999999999545e-05
4.361500000000000000e+03 6.248960000000000560e-05
4.365500000000000000e+03 6.373189999999999877e-05
4.369500000000000000e+03 6.379539999999999571e-05
4.373500000000000000e+03 6.365729999999999783e-05
4.377500000000000000e+03 6.445300000000000107e-05
4.381500000000000000e+03 6.797870000000000019e-05
4.385500000000000000e+03 7.268009999999999553e-05
4.389500000000000000e+03 7.784729999999999580e-05
4.393500000000000000e+03 8.256519999999999344e-05
4.397500000000000000e+03 8.663760000000000547e-05
4.401500000000000000e+03 8.988570000000000576e-05
4.405500000000000000e+03 9.201650000000000237e-05
4.409500000000000000e+03 9.320089999999999733e-05
4.413500000000000000e+03 9.370860000000000604e-05
4.417500000000000000e+03 9.299740000000000513e-05
4.421500000000000000e+03 8.893219999999999533e-05
4.425500000000000000e+03 7.540160000000000666e-05
4.429500000000000000e+03 5.521099999999999706e-05
4.433500000000000000e+03 3.334560000000000139e-05
4.437500000000000000e+03 1.916820000000000055e-05
4.441500000000000000e+03 1.219620000000000022e-05
4.445500000000000000e+03 9.963489999999999706e-06
4.449500000000000000e+03 6.805709999999999761e-06
4.453500000000000000e+03 3.193400000000000206e-06
4.457500000000000000e+03 2.420849999999999870e-07
