3.563500000000000000e+03 0.000000000000000000e+00
3.571500000000000000e+03 3.652699999999999879e-07
3.579500000000000000e+03 3.242280000000000152e-06
3.587500000000000000e+03 6.315619999999999851e-06
3.595500000000000000e+03 7.044809999999999725e-06
3.603500000000000000e+03 9.680870000000000368e-06
3.611500000000000000e+03 1.453320000000000004e-05
3.619500000000000000e+03 1.789449999999999952e-05
3.627500000000000000e+03 1.872079999999999870e-05
3.635500000000000000e+03 1.810319999999999974e-05
3.643500000000000000e+03 1.746560000000000096e-05
3.651500000000000000e+03 1.703949999999999839e-05
3.659500000000000000e+03 1.694879999999999941e-05
3.667500000000000000e+03 1.706289999999999887e-05
3.675500000000000000e+03 1.733379999999999996e-05
3.683500000000000000e+03 2.125730000000000059e-05
3.691500000000000000e+03 2.919530000000000150e-05
3.699500000000000000e+03 3.343679999999999808e-05
3.707500000000000000e+03 3.767139999999999985e-05
3.715500000000000000e+03 4.069810000000000257e-05
3.723500000000000000e+03 4.330260000000000109e-05
3.731500000000000000e+03 4.719139999999999679e-05
3.739500000000000000e+03 4.823830000000000197e-05
3.747500000000000000e+03 4.827570000000000266e-05
3.755500000000000000e+03 4.831840000000000142e-05
3.763500000000000000e+03 4.837899999999999877e-05
3.771500000000000000e+03 4.856689999999999743e-05
3.779500000000000000e+03 4.875740000000000179e-05
3.787500000000000000e+03 4.870909999999999753e-05
3.795500000000000000e+03 4.896120000000000143e-05
3.803500000000000000e+03 4.942470000000000131e-05
3.811500000000000000e+03 4.991469999999999832e-05
3.819500000000000000e+03 5.039329999999999743e-05
3.827500000000000000e+03 5.054960000000000134e-05
3.835500000000000000e+03 5.057160000000000214e-05
3.843500000000000000e+03 5.069810000000000169e-05
3.851500000000000000e+03 5.071479999999999765e-05
3.859500000000000000e+03 5.061929999999999831e-05
3.867500000000000000e+03 5.054889999999999980e-05
3.875500000000000000e+03 5.054350000000000151e-05
3.883500000000000000e+03 5.089989999999999695e-05
3.891500000000000000e+03 5.156000000000000101e-05
3.899500000000000000e+03 5.246469999999999931e-05
3.907500000000000000e+03 5.356260000000000112e-05
3.915500000000000000e+03 5.445379999999999692e-05
3.923500000000000000e+03 5.546789999999999794e-05
3.931500000000000000e+03 5.640059999999999665e-05
3.939500000000000000e+03 5.743140000000000040e-05
3.947500000000000000e+03 5.848139999999999881e-05
3.955500000000000000e+03 5.906579999999999952e-05
3.963500000000000000e+03 5.953429999999999681e-05
3.971500000000000000e+03 5.981999999999999986e-05
3.979500000000000000e+03 6.007410000000000137e-05
3.987500000000000000e+03 6.056999999999999776e-05
3.995500000000000000e+03 6.125450000000000111e-05
4.003500000000000000e+03 6.228569999999999897e-05
4.011500000000000000e+03 6.343619999999999413e-05
4.019500000000000000e+03 6.509970000000000285e-05
4.027500000000000000e+03 6.709829999999999419e-05
4.035500000000000000e+03 6.910450000000000219e-05
4.043500000000000000e+03 7.115010000000000171e-05
4.051500000000000000e+03 7.304060000000000673e-05
4.059500000000000000e+03 7.458030000000000150e-05
4.067500000000000000e+03 7.615610000000000088e-05
4.075500000000000000e+03 7.752669999999999755e-05
4.083500000000000000e+03 7.913650000000000372e-05
4.091500000000000000e+03 8.084170000000000223e-05
4.099500000000000000e+03 8.271100000000000143e-05
4.107500000000000000e+03 8.494929999999999658e-05
4.115500000000000000e+03 8.730010000000000125e-05
4.123500000000000000e+03 8.996359999999999362e-05
4.131500000000000000e+03 9.280079999999999417e-05
4.139500000000000000e+03 9.595359999999999556e-05
4.147500000000000000e+03 9.952110000000000502e-05
4.155500000000000000e+03 1.032260000000000041e-04
4.163500000000000000e+03 1.070979999999999968e-04
4.171500000000000000e+03 1.109559999999999995e-04
4.179500000000000000e+03 1.156319999999999934e-04
4.187500000000000000e+03 1.211870000000000037e-04
4.195500000000000000e+03 1.268169999999999888e-04
4.203500000000000000e+03 1.329480000000000017e-04
4.211500000000000000e+03 1.396629999999999942e-04
4.219500000000000000e+03 1.466580000000000043e-04
4.227500000000000000e+03 1.545499999999999890e-04
4.235500000000000000e+03 1.629980000000000003e-04
4.243500000000000000e+03 1.720020000000000110e-04
4.251500000000000000e+03 1.821760000000000122e-04
4.259500000000000000e+03 1.934849999999999949e-04
4.267500000000000000e+03 2.059639999999999952e-04
4.275500000000000000e+03 2.202120000000000119e-04
4.283500000000000000e+03 2.361030000000000127e-04
4.291500000000000000e+03 2.513060000000000229e-04
4.299500000000000000e+03 2.640270000000000117e-04
4.307500000000000000e+03 2.820449999999999737e-04
4.315500000000000000e+03 3.040650000000000102e-04
4.323500000000000000e+03 3.307189999999999891e-04
4.331500000000000000e+03 3.660809999999999802e-04
4.339500000000000000e+03 4.094880000000000069e-04
4.347500000000000000e+03 4.590439999999999777e-04
4.355500000000000000e+03 5.151700000000000159e-04
4.363500000000000000e+03 5.825449999999999596e-04
4.371500000000000000e+03 6.575380000000000461e-04
4.379500000000000000e+03 7.453499999999999839e-04
4.387500000000000000e+03 8.465330000000000077e-04
4.395500000000000000e+03 9.667389999999999881e-04
4.403500000000000000e+03 1.186709999999999892e-03
4.411500000000000000e+03 1.559229999999999991e-03
4.419500000000000000e+03 1.973770000000000125e-03
4.427500000000000000e+03 2.463359999999999942e-03
4.435500000000000000e+03 3.228669999999999891e-03
4.443500000000000000e+03 4.391919999999999678e-03
4.451500000000000000e+03 5.908809999999999583e-03
4.459500000000000000e+03 7.798079999999999769e-03
4.467500000000000000e+03 1.003079999999999944e-02
4.475500000000000000e+03 1.278690000000000035e-02
4.483500000000000000e+03 1.612150000000000041e-02
4.491500000000000000e+03 2.013490000000000071e-02
4.499500000000000000e+03 2.471370000000000164e-02
4.507500000000000000e+03 2.998270000000000102e-02
4.515500000000000000e+03 3.578279999999999655e-02
4.523500000000000000e+03 4.226730000000000070e-02
4.531500000000000000e+03 4.929209999999999842e-02
4.539500000000000000e+03 5.702920000000000211e-02
4.547500000000000000e+03 6.520860000000000545e-02
4.555500000000000000e+03 7.389010000000000022e-02
4.563500000000000000e+03 8.288710000000000522e-02
4.571500000000000000e+03 9.227920000000000567e-02
4.579500000000000000e+03 1.019089999999999996e-01
4.587500000000000000e+03 1.118200000000000027e-01
4.595500000000000000e+03 1.218759999999999982e-01
4.603500000000000000e+03 1.321859999999999979e-01
4.611500000000000000e+03 1.427759999999999863e-01
4.619500000000000000e+03 1.538879999999999970e-01
4.627500000000000000e+03 1.656299999999999994e-01
4.635500000000000000e+03 1.781459999999999988e-01
4.643500000000000000e+03 1.915570000000000050e-01
4.651500000000000000e+03 2.054060000000000052e-01
4.659500000000000000e+03 2.194699999999999984e-01
4.667500000000000000e+03 2.331449999999999911e-01
4.675500000000000000e+03 2.449290000000000078e-01
4.683500000000000000e+03 2.568340000000000067e-01
4.691500000000000000e+03 2.679770000000000207e-01
4.699500000000000000e+03 2.794209999999999749e-01
4.707500000000000000e+03 2.909300000000000219e-01
4.715500000000000000e+03 3.028520000000000101e-01
4.723500000000000000e+03 3.140640000000000098e-01
4.731500000000000000e+03 3.244009999999999949e-01
4.739500000000000000e+03 3.331749999999999989e-01
4.747500000000000000e+03 3.393840000000000190e-01
4.755500000000000000e+03 3.449099999999999944e-01
4.763500000000000000e+03 3.515190000000000259e-01
4.771500000000000000e+03 3.588040000000000118e-01
4.779500000000000000e+03 3.666619999999999879e-01
4.787500000000000000e+03 3.725490000000000190e-01
4.795500000000000000e+03 3.756390000000000007e-01
4.803500000000000000e+03 3.775109999999999855e-01
4.811500000000000000e+03 3.807599999999999874e-01
4.819500000000000000e+03 3.848329999999999806e-01
4.827500000000000000e+03 3.887419999999999765e-01
4.835500000000000000e+03 3.915669999999999984e-01
4.843500000000000000e+03 3.916180000000000216e-01
4.851500000000000000e+03 3.900879999999999903e-01
4.859500000000000000e+03 3.904349999999999765e-01
4.867500000000000000e+03 3.914770000000000194e-01
4.875500000000000000e+03 3.954790000000000250e-01
4.883500000000000000e+03 4.011469999999999758e-01
4.891500000000000000e+03 4.141569999999999974e-01
4.899500000000000000e+03 4.322840000000000016e-01
4.907500000000000000e+03 4.639579999999999815e-01
4.915500000000000000e+03 5.037580000000000391e-01
4.923500000000000000e+03 5.540819999999999634e-01
4.931500000000000000e+03 6.110320000000000196e-01
4.939500000000000000e+03 6.676250000000000240e-01
4.947500000000000000e+03 7.235869999999999802e-01
4.955500000000000000e+03 7.741029999999999855e-01
4.963500000000000000e+03 8.273049999999999571e-01
4.971500000000000000e+03 8.758070000000000022e-01
4.979500000000000000e+03 9.120449999999999946e-01
4.987500000000000000e+03 9.351230000000000375e-01
4.995500000000000000e+03 9.465400000000000480e-01
5.003500000000000000e+03 9.534439999999999582e-01
5.011500000000000000e+03 9.578309999999999880e-01
5.019500000000000000e+03 9.632669999999999844e-01
5.027500000000000000e+03 9.711899999999999977e-01
5.035500000000000000e+03 9.798120000000000163e-01
5.043500000000000000e+03 9.884049999999999780e-01
5.051500000000000000e+03 9.959280000000000355e-01
5.059500000000000000e+03 9.994509999999999783e-01
5.067500000000000000e+03 1.000000000000000000e+00
5.075500000000000000e+03 9.980830000000000535e-01
5.083500000000000000e+03 9.954140000000000210e-01
5.091500000000000000e+03 9.913629999999999942e-01
5.099500000000000000e+03 9.862480000000000135e-01
5.107500000000000000e+03 9.767080000000000206e-01
5.115500000000000000e+03 9.636569999999999858e-01
5.123500000000000000e+03 9.424559999999999604e-01
5.131500000000000000e+03 9.151470000000000438e-01
5.139500000000000000e+03 8.761170000000000346e-01
5.147500000000000000e+03 8.284080000000000332e-01
5.155500000000000000e+03 7.681230000000000002e-01
5.163500000000000000e+03 6.987860000000000182e-01
5.171500000000000000e+03 6.233060000000000267e-01
5.179500000000000000e+03 5.476720000000000477e-01
5.187500000000000000e+03 4.814379999999999771e-01
5.195500000000000000e+03 4.288509999999999822e-01
5.203500000000000000e+03 3.931859999999999800e-01
5.211500000000000000e+03 3.687050000000000050e-01
5.219500000000000000e+03 3.510969999999999924e-01
5.227500000000000000e+03 3.406609999999999916e-01
5.235500000000000000e+03 3.351379999999999915e-01
5.243500000000000000e+03 3.326839999999999797e-01
5.251500000000000000e+03 3.309460000000000179e-01
5.259500000000000000e+03 3.281540000000000012e-01
5.267500000000000000e+03 3.232010000000000161e-01
5.275500000000000000e+03 3.160649999999999848e-01
5.283500000000000000e+03 3.090689999999999826e-01
5.291500000000000000e+03 3.013100000000000223e-01
5.299500000000000000e+03 2.934880000000000266e-01
5.307500000000000000e+03 2.863559999999999994e-01
5.315500000000000000e+03 2.794150000000000245e-01
5.323500000000000000e+03 2.727580000000000005e-01
5.331500000000000000e+03 2.638309999999999822e-01
5.339500000000000000e+03 2.540049999999999808e-01
5.347500000000000000e+03 2.430579999999999963e-01
5.355500000000000000e+03 2.326259999999999994e-01
5.363500000000000000e+03 2.234540000000000137e-01
5.371500000000000000e+03 2.145930000000000060e-01
5.379500000000000000e+03 2.077289999999999970e-01
5.387500000000000000e+03 2.013260000000000050e-01
5.395500000000000000e+03 1.959480000000000111e-01
5.403500000000000000e+03 1.902909999999999879e-01
5.411500000000000000e+03 1.859260000000000079e-01
5.419500000000000000e+03 1.823059999999999958e-01
5.427500000000000000e+03 1.788039999999999907e-01
5.435500000000000000e+03 1.755200000000000093e-01
5.443500000000000000e+03 1.729289999999999994e-01
5.451500000000000000e+03 1.701979999999999882e-01
5.459500000000000000e+03 1.670419999999999960e-01
5.467500000000000000e+03 1.638799999999999979e-01
5.475500000000000000e+03 1.608910000000000062e-01
5.483500000000000000e+03 1.574270000000000114e-01
5.491500000000000000e+03 1.534860000000000113e-01
5.499500000000000000e+03 1.489560000000000051e-01
5.507500000000000000e+03 1.436910000000000132e-01
5.515500000000000000e+03 1.376970000000000138e-01
5.523500000000000000e+03 1.310199999999999976e-01
5.531500000000000000e+03 1.241550000000000015e-01
5.539500000000000000e+03 1.167880000000000029e-01
5.547500000000000000e+03 1.094819999999999960e-01
5.555500000000000000e+03 1.018710000000000032e-01
5.563500000000000000e+03 9.436039999999999706e-02
5.571500000000000000e+03 8.665069999999999717e-02
5.579500000000000000e+03 7.911379999999999801e-02
5.587500000000000000e+03 7.202770000000000006e-02
5.595500000000000000e+03 6.513209999999999833e-02
5.603500000000000000e+03 5.874929999999999736e-02
5.611500000000000000e+03 5.260200000000000292e-02
5.619500000000000000e+03 4.718130000000000240e-02
5.627500000000000000e+03 4.203029999999999961e-02
5.635500000000000000e+03 3.755889999999999923e-02
5.643500000000000000e+03 3.345010000000000344e-02
5.651500000000000000e+03 2.989349999999999993e-02
5.659500000000000000e+03 2.669900000000000051e-02
5.667500000000000000e+03 2.394210000000000088e-02
5.675500000000000000e+03 2.156349999999999933e-02
5.683500000000000000e+03 1.945030000000000023e-02
5.691500000000000000e+03 1.764040000000000052e-02
5.699500000000000000e+03 1.602210000000000092e-02
5.707500000000000000e+03 1.461669999999999983e-02
5.715500000000000000e+03 1.331399999999999945e-02
5.723500000000000000e+03 1.213380000000000014e-02
5.731500000000000000e+03 1.101049999999999945e-02
5.739500000000000000e+03 9.946019999999999861e-03
5.747500000000000000e+03 8.902339999999999906e-03
5.755500000000000000e+03 7.941900000000000001e-03
5.763500000000000000e+03 7.051700000000000156e-03
5.771500000000000000e+03 6.259500000000000307e-03
5.779500000000000000e+03 5.246139999999999831e-03
5.787500000000000000e+03 3.976939999999999989e-03
5.795500000000000000e+03 3.187960000000000099e-03
5.803500000000000000e+03 2.778839999999999869e-03
5.811500000000000000e+03 2.185610000000000157e-03
5.819500000000000000e+03 1.566249999999999934e-03
5.827500000000000000e+03 1.289889999999999917e-03
5.835500000000000000e+03 1.090519999999999988e-03
5.843500000000000000e+03 7.086879999999999612e-04
5.851500000000000000e+03 3.172769999999999779e-04
5.859500000000000000e+03 2.509799999999999857e-04
5.867500000000000000e+03 2.401129999999999964e-04
5.875500000000000000e+03 2.086439999999999898e-04
5.883500000000000000e+03 1.700069999999999869e-04
5.891500000000000000e+03 1.509910000000000050e-04
5.899500000000000000e+03 1.423519999999999950e-04
5.907500000000000000e+03 1.313929999999999937e-04
5.915500000000000000e+03 1.014200000000000014e-04
5.923500000000000000e+03 6.708100000000000369e-05
5.931500000000000000e+03 3.697130000000000295e-05
5.939500000000000000e+03 9.035519999999999847e-06
