1.098950000000000000e+04 0.000000000000000000e+00
1.100950000000000000e+04 4.300300000000000146e-06
1.102950000000000000e+04 9.001240000000000575e-05
1.104950000000000000e+04 2.419730000000000090e-04
1.106950000000000000e+04 4.169309999999999965e-04
1.108950000000000000e+04 6.481259999999999539e-04
1.110950000000000000e+04 1.067760000000000063e-03
1.112950000000000000e+04 1.668320000000000046e-03
1.114950000000000000e+04 2.989509999999999910e-03
1.116950000000000000e+04 5.058860000000000093e-03
1.118950000000000000e+04 8.746290000000000314e-03
1.120950000000000000e+04 1.402429999999999996e-02
1.122950000000000000e+04 2.234919999999999962e-02
1.124950000000000000e+04 3.365339999999999998e-02
1.126950000000000000e+04 4.885040000000000215e-02
1.128950000000000000e+04 6.719419999999999560e-02
1.130950000000000000e+04 7.867280000000000106e-02
1.132950000000000000e+04 9.011890000000000178e-02
1.134950000000000000e+04 1.107439999999999952e-01
1.136950000000000000e+04 1.341340000000000032e-01
1.138950000000000000e+04 1.658729999999999927e-01
1.140950000000000000e+04 2.101240000000000052e-01
1.142950000000000000e+04 2.649560000000000248e-01
1.144950000000000000e+04 3.179040000000000199e-01
1.146950000000000000e+04 3.677039999999999753e-01
1.148950000000000000e+04 4.213399999999999923e-01
1.150950000000000000e+04 4.673240000000000172e-01
1.152950000000000000e+04 5.035690000000000444e-01
1.154950000000000000e+04 5.305480000000000196e-01
1.156950000000000000e+04 5.575670000000000348e-01
1.158950000000000000e+04 5.950849999999999751e-01
1.160950000000000000e+04 6.395640000000000214e-01
1.162950000000000000e+04 6.868199999999999861e-01
1.164950000000000000e+04 7.331860000000000044e-01
1.166950000000000000e+04 7.856929999999999747e-01
1.168950000000000000e+04 8.343329999999999913e-01
1.170950000000000000e+04 8.669480000000000519e-01
1.172950000000000000e+04 8.860379999999999923e-01
1.174950000000000000e+04 8.892039999999999944e-01
1.176950000000000000e+04 8.791940000000000310e-01
1.178950000000000000e+04 8.624220000000000219e-01
1.180950000000000000e+04 8.477869999999999573e-01
1.182950000000000000e+04 8.346679999999999655e-01
1.184950000000000000e+04 8.219589999999999952e-01
1.186950000000000000e+04 8.172120000000000495e-01
1.188950000000000000e+04 8.241849999999999454e-01
1.190950000000000000e+04 8.427559999999999496e-01
1.192950000000000000e+04 8.662530000000000507e-01
1.194950000000000000e+04 8.877720000000000056e-01
1.196950000000000000e+04 9.082799999999999763e-01
1.198950000000000000e+04 9.285799999999999610e-01
1.200950000000000000e+04 9.469049999999999967e-01
1.202950000000000000e+04 9.601399999999999935e-01
1.204950000000000000e+04 9.690269999999999717e-01
1.206950000000000000e+04 9.764209999999999834e-01
1.208950000000000000e+04 9.823159999999999670e-01
1.210950000000000000e+04 9.868299999999999850e-01
1.212950000000000000e+04 9.905100000000000016e-01
1.214950000000000000e+04 9.932210000000000205e-01
1.216950000000000000e+04 9.950520000000000476e-01
1.218950000000000000e+04 9.963079999999999714e-01
1.220950000000000000e+04 9.971250000000000391e-01
1.222950000000000000e+04 9.978390000000000315e-01
1.224950000000000000e+04 9.985979999999999857e-01
1.226950000000000000e+04 9.996140000000000025e-01
1.228950000000000000e+04 1.000000000000000000e+00
1.230950000000000000e+04 9.993459999999999566e-01
1.232950000000000000e+04 9.983739999999999837e-01
1.234950000000000000e+04 9.963359999999999994e-01
1.236950000000000000e+04 9.931999999999999718e-01
1.238950000000000000e+04 9.902290000000000258e-01
1.240950000000000000e+04 9.867730000000000112e-01
1.242950000000000000e+04 9.825559999999999850e-01
1.244950000000000000e+04 9.786650000000000071e-01
1.246950000000000000e+04 9.748019999999999463e-01
1.248950000000000000e+04 9.712309999999999555e-01
1.250950000000000000e+04 9.695869999999999767e-01
1.252950000000000000e+04 9.681980000000000031e-01
1.254950000000000000e+04 9.651619999999999644e-01
1.256950000000000000e+04 9.612290000000000001e-01
1.258950000000000000e+04 9.561610000000000387e-01
1.260950000000000000e+04 9.502859999999999641e-01
1.262950000000000000e+04 9.457619999999999916e-01
1.264950000000000000e+04 9.431429999999999536e-01
1.266950000000000000e+04 9.409110000000000529e-01
1.268950000000000000e+04 9.373770000000000158e-01
1.270950000000000000e+04 9.334630000000000427e-01
1.272950000000000000e+04 9.312430000000000430e-01
1.274950000000000000e+04 9.307940000000000103e-01
1.276950000000000000e+04 9.309920000000000417e-01
1.278950000000000000e+04 9.300490000000000146e-01
1.280950000000000000e+04 9.279650000000000398e-01
1.282950000000000000e+04 9.259410000000000140e-01
1.284950000000000000e+04 9.240639999999999965e-01
1.286950000000000000e+04 9.226069999999999549e-01
1.288950000000000000e+04 9.223149999999999959e-01
1.290950000000000000e+04 9.224700000000000122e-01
1.292950000000000000e+04 9.213540000000000063e-01
1.294950000000000000e+04 9.191989999999999883e-01
1.296950000000000000e+04 9.175159999999999982e-01
1.298950000000000000e+04 9.160000000000000364e-01
1.300950000000000000e+04 9.131029999999999980e-01
1.302950000000000000e+04 9.093689999999999829e-01
1.304950000000000000e+04 9.060489999999999933e-01
1.306950000000000000e+04 9.027659999999999574e-01
1.308950000000000000e+04 8.949740000000000473e-01
1.310950000000000000e+04 8.830160000000000231e-01
1.312950000000000000e+04 8.702330000000000343e-01
1.314950000000000000e+04 8.551410000000000400e-01
1.316950000000000000e+04 8.361690000000000511e-01
1.318950000000000000e+04 8.157699999999999951e-01
1.320950000000000000e+04 7.942599999999999660e-01
1.322950000000000000e+04 7.698629999999999640e-01
1.324950000000000000e+04 7.404910000000000103e-01
1.326950000000000000e+04 7.042079999999999451e-01
1.328950000000000000e+04 6.615879999999999539e-01
1.330950000000000000e+04 6.134300000000000308e-01
1.332950000000000000e+04 5.603439999999999532e-01
1.334950000000000000e+04 5.021539999999999893e-01
1.336950000000000000e+04 4.370890000000000053e-01
1.338950000000000000e+04 3.690860000000000252e-01
1.340950000000000000e+04 3.039879999999999804e-01
1.342950000000000000e+04 2.440060000000000007e-01
1.344950000000000000e+04 1.903650000000000064e-01
1.346950000000000000e+04 1.444229999999999958e-01
1.348950000000000000e+04 1.068120000000000042e-01
1.350950000000000000e+04 7.719040000000000623e-02
1.352950000000000000e+04 5.503059999999999896e-02
1.354950000000000000e+04 3.845629999999999882e-02
1.356950000000000000e+04 2.643869999999999901e-02
1.358950000000000000e+04 1.779189999999999938e-02
1.360950000000000000e+04 1.209159999999999922e-02
1.362950000000000000e+04 8.626240000000000296e-03
1.364950000000000000e+04 6.181169999999999720e-03
1.366950000000000000e+04 4.324539999999999981e-03
1.368950000000000000e+04 2.957580000000000018e-03
1.370950000000000000e+04 2.018610000000000109e-03
1.372950000000000000e+04 1.365469999999999922e-03
1.374950000000000000e+04 8.873800000000000047e-04
1.376950000000000000e+04 4.661569999999999755e-04
1.378950000000000000e+04 1.377589999999999934e-04
1.380950000000000000e+04 2.029779999999999902e-06
