3.013000000000000000e+03 0.000000000000000000e+00
3.020000000000000000e+03 1.805940000000000090e-07
3.027000000000000000e+03 1.096800000000000027e-06
3.034000000000000000e+03 1.875569999999999900e-06
3.041000000000000000e+03 1.860180000000000078e-06
3.048000000000000000e+03 1.771890000000000072e-06
3.055000000000000000e+03 1.674229999999999978e-06
3.062000000000000000e+03 1.598900000000000057e-06
3.069000000000000000e+03 1.591529999999999905e-06
3.076000000000000000e+03 1.588669999999999945e-06
3.083000000000000000e+03 1.586069999999999961e-06
3.090000000000000000e+03 1.595080000000000066e-06
3.097000000000000000e+03 1.632029999999999983e-06
3.104000000000000000e+03 1.685819999999999938e-06
3.111000000000000000e+03 1.773960000000000037e-06
3.118000000000000000e+03 1.847830000000000103e-06
3.125000000000000000e+03 1.891800000000000039e-06
3.132000000000000000e+03 1.925599999999999826e-06
3.139000000000000000e+03 1.942879999999999938e-06
3.146000000000000000e+03 1.944250000000000062e-06
3.153000000000000000e+03 1.921020000000000032e-06
3.160000000000000000e+03 1.860240000000000040e-06
3.167000000000000000e+03 1.746429999999999896e-06
3.174000000000000000e+03 1.652189999999999973e-06
3.181000000000000000e+03 1.583320000000000072e-06
3.188000000000000000e+03 1.545579999999999947e-06
3.195000000000000000e+03 1.543009999999999945e-06
3.202000000000000000e+03 1.540820000000000055e-06
3.209000000000000000e+03 1.539000000000000003e-06
3.216000000000000000e+03 1.537249999999999978e-06
3.223000000000000000e+03 1.535550000000000062e-06
3.230000000000000000e+03 1.533849999999999934e-06
3.237000000000000000e+03 1.532150000000000018e-06
3.244000000000000000e+03 1.530450000000000102e-06
3.251000000000000000e+03 1.528739999999999910e-06
3.258000000000000000e+03 1.527039999999999994e-06
3.265000000000000000e+03 1.525330000000000014e-06
3.272000000000000000e+03 1.523650000000000015e-06
3.279000000000000000e+03 1.521980000000000080e-06
3.286000000000000000e+03 1.520369999999999895e-06
3.293000000000000000e+03 1.518789999999999904e-06
3.300000000000000000e+03 1.517300000000000067e-06
3.307000000000000000e+03 1.515880000000000045e-06
3.314000000000000000e+03 1.514839999999999925e-06
3.321000000000000000e+03 1.513970000000000050e-06
3.328000000000000000e+03 1.513150000000000073e-06
3.335000000000000000e+03 1.512360000000000077e-06
3.342000000000000000e+03 1.511570000000000081e-06
3.349000000000000000e+03 1.510780000000000086e-06
3.356000000000000000e+03 1.509929999999999916e-06
3.363000000000000000e+03 1.509049999999999977e-06
3.370000000000000000e+03 1.507919999999999913e-06
3.377000000000000000e+03 1.506779999999999997e-06
3.384000000000000000e+03 1.506190000000000016e-06
3.391000000000000000e+03 1.513910000000000088e-06
3.398000000000000000e+03 1.588550000000000020e-06
3.405000000000000000e+03 1.677600000000000040e-06
3.412000000000000000e+03 1.764050000000000076e-06
3.419000000000000000e+03 1.845109999999999983e-06
3.426000000000000000e+03 1.894809999999999905e-06
3.433000000000000000e+03 1.948380000000000139e-06
3.440000000000000000e+03 2.054460000000000147e-06
3.447000000000000000e+03 2.168900000000000105e-06
3.454000000000000000e+03 2.285109999999999794e-06
3.461000000000000000e+03 2.398980000000000111e-06
3.468000000000000000e+03 2.501369999999999905e-06
3.475000000000000000e+03 2.612969999999999819e-06
3.482000000000000000e+03 2.766769999999999939e-06
3.489000000000000000e+03 2.925480000000000068e-06
3.496000000000000000e+03 3.086369999999999810e-06
3.503000000000000000e+03 3.266750000000000105e-06
3.510000000000000000e+03 3.509509999999999878e-06
3.517000000000000000e+03 3.764739999999999974e-06
3.524000000000000000e+03 4.042729999999999832e-06
3.531000000000000000e+03 4.347139999999999684e-06
3.538000000000000000e+03 4.716669999999999684e-06
3.545000000000000000e+03 5.136530000000000269e-06
3.552000000000000000e+03 5.667419999999999857e-06
3.559000000000000000e+03 6.246469999999999844e-06
3.566000000000000000e+03 6.919280000000000268e-06
3.573000000000000000e+03 7.642220000000000838e-06
3.580000000000000000e+03 8.455869999999999392e-06
3.587000000000000000e+03 9.377189999999999915e-06
3.594000000000000000e+03 1.047970000000000065e-05
3.601000000000000000e+03 1.168560000000000040e-05
3.608000000000000000e+03 1.304669999999999996e-05
3.615000000000000000e+03 1.461779999999999919e-05
3.622000000000000000e+03 1.647990000000000124e-05
3.629000000000000000e+03 1.863050000000000060e-05
3.636000000000000000e+03 2.114000000000000089e-05
3.643000000000000000e+03 2.402999999999999863e-05
3.650000000000000000e+03 2.734009999999999934e-05
3.657000000000000000e+03 3.124130000000000190e-05
3.664000000000000000e+03 3.572009999999999704e-05
3.671000000000000000e+03 4.113129999999999700e-05
3.678000000000000000e+03 4.734890000000000333e-05
3.685000000000000000e+03 5.500999999999999678e-05
3.692000000000000000e+03 6.378729999999999828e-05
3.699000000000000000e+03 7.461460000000000217e-05
3.706000000000000000e+03 8.689399999999999848e-05
3.713000000000000000e+03 1.107590000000000012e-04
3.720000000000000000e+03 1.740239999999999994e-04
3.727000000000000000e+03 2.915029999999999770e-04
3.734000000000000000e+03 3.994520000000000102e-04
3.741000000000000000e+03 5.173759999999999470e-04
3.748000000000000000e+03 6.615879999999999548e-04
3.755000000000000000e+03 8.906800000000000307e-04
3.762000000000000000e+03 1.155100000000000050e-03
3.769000000000000000e+03 1.508220000000000003e-03
3.776000000000000000e+03 1.898429999999999996e-03
3.783000000000000000e+03 2.375920000000000115e-03
3.790000000000000000e+03 2.894219999999999866e-03
3.797000000000000000e+03 3.521250000000000074e-03
3.804000000000000000e+03 4.196189999999999816e-03
3.811000000000000000e+03 4.976610000000000235e-03
3.818000000000000000e+03 5.793539999999999801e-03
3.825000000000000000e+03 6.691339999999999615e-03
3.832000000000000000e+03 7.626289999999999979e-03
3.839000000000000000e+03 8.662559999999999705e-03
3.846000000000000000e+03 9.732509999999999772e-03
3.853000000000000000e+03 1.083469999999999919e-02
3.860000000000000000e+03 1.197770000000000085e-02
3.867000000000000000e+03 1.317199999999999968e-02
3.874000000000000000e+03 1.450240000000000036e-02
3.881000000000000000e+03 1.594080000000000150e-02
3.888000000000000000e+03 1.772709999999999911e-02
3.895000000000000000e+03 1.969740000000000033e-02
3.902000000000000000e+03 2.205350000000000019e-02
3.909000000000000000e+03 2.451240000000000016e-02
3.916000000000000000e+03 2.717129999999999893e-02
3.923000000000000000e+03 2.964949999999999877e-02
3.930000000000000000e+03 3.210049999999999709e-02
3.937000000000000000e+03 3.411240000000000105e-02
3.944000000000000000e+03 3.609360000000000346e-02
3.951000000000000000e+03 3.790690000000000032e-02
3.958000000000000000e+03 3.991490000000000316e-02
3.965000000000000000e+03 4.212409999999999766e-02
3.972000000000000000e+03 4.437390000000000084e-02
3.979000000000000000e+03 4.662030000000000340e-02
3.986000000000000000e+03 4.862629999999999730e-02
3.993000000000000000e+03 5.039409999999999723e-02
4.000000000000000000e+03 5.180909999999999682e-02
4.007000000000000000e+03 5.303440000000000237e-02
4.014000000000000000e+03 5.407510000000000094e-02
4.021000000000000000e+03 5.501720000000000221e-02
4.028000000000000000e+03 5.575009999999999688e-02
4.035000000000000000e+03 5.646930000000000005e-02
4.042000000000000000e+03 5.714090000000000141e-02
4.049000000000000000e+03 5.784639999999999921e-02
4.056000000000000000e+03 5.846740000000000270e-02
4.063000000000000000e+03 5.917850000000000193e-02
4.070000000000000000e+03 6.017589999999999745e-02
4.077000000000000000e+03 6.225590000000000290e-02
4.084000000000000000e+03 6.629730000000000345e-02
4.091000000000000000e+03 7.379189999999999361e-02
4.098000000000000000e+03 8.742469999999999408e-02
4.105000000000000000e+03 1.101319999999999938e-01
4.112000000000000000e+03 1.485660000000000036e-01
4.119000000000000000e+03 2.048879999999999868e-01
4.126000000000000000e+03 2.851509999999999878e-01
4.133000000000000000e+03 3.843630000000000102e-01
4.140000000000000000e+03 4.997690000000000188e-01
4.147000000000000000e+03 6.180600000000000538e-01
4.154000000000000000e+03 7.282330000000000192e-01
4.161000000000000000e+03 8.211509999999999643e-01
4.168000000000000000e+03 8.901510000000000256e-01
4.175000000000000000e+03 9.374400000000000510e-01
4.182000000000000000e+03 9.635920000000000041e-01
4.189000000000000000e+03 9.777940000000000520e-01
4.196000000000000000e+03 9.846110000000000140e-01
4.203000000000000000e+03 9.870609999999999662e-01
4.210000000000000000e+03 9.876300000000000079e-01
4.217000000000000000e+03 9.883750000000000036e-01
4.224000000000000000e+03 9.911159999999999970e-01
4.231000000000000000e+03 9.952619999999999800e-01
4.238000000000000000e+03 9.982940000000000147e-01
4.245000000000000000e+03 1.000000000000000000e+00
4.252000000000000000e+03 9.994210000000000038e-01
4.259000000000000000e+03 9.960219999999999629e-01
4.266000000000000000e+03 9.883669999999999956e-01
4.273000000000000000e+03 9.768320000000000336e-01
4.280000000000000000e+03 9.585860000000000491e-01
4.287000000000000000e+03 9.308530000000000415e-01
4.294000000000000000e+03 8.894069999999999476e-01
4.301000000000000000e+03 8.316360000000000419e-01
4.308000000000000000e+03 7.560339999999999838e-01
4.315000000000000000e+03 6.652810000000000112e-01
4.322000000000000000e+03 5.647520000000000318e-01
4.329000000000000000e+03 4.636350000000000193e-01
4.336000000000000000e+03 3.693770000000000109e-01
4.343000000000000000e+03 2.877140000000000253e-01
4.350000000000000000e+03 2.186790000000000123e-01
4.357000000000000000e+03 1.619970000000000021e-01
4.364000000000000000e+03 1.190760000000000013e-01
4.371000000000000000e+03 9.111950000000000605e-02
4.378000000000000000e+03 7.336080000000000378e-02
4.385000000000000000e+03 6.132250000000000201e-02
4.392000000000000000e+03 5.380839999999999929e-02
4.399000000000000000e+03 4.904649999999999982e-02
4.406000000000000000e+03 4.587490000000000318e-02
4.413000000000000000e+03 4.366380000000000261e-02
4.420000000000000000e+03 4.238909999999999900e-02
4.427000000000000000e+03 4.170539999999999664e-02
4.434000000000000000e+03 4.111059999999999715e-02
4.441000000000000000e+03 4.051749999999999796e-02
4.448000000000000000e+03 3.989270000000000316e-02
4.455000000000000000e+03 3.937689999999999940e-02
4.462000000000000000e+03 3.901149999999999757e-02
4.469000000000000000e+03 3.864780000000000298e-02
4.476000000000000000e+03 3.826290000000000247e-02
4.483000000000000000e+03 3.792430000000000107e-02
4.490000000000000000e+03 3.757830000000000198e-02
4.497000000000000000e+03 3.724170000000000258e-02
4.504000000000000000e+03 3.686489999999999906e-02
4.511000000000000000e+03 3.634749999999999787e-02
4.518000000000000000e+03 3.518890000000000212e-02
4.525000000000000000e+03 3.369500000000000273e-02
4.532000000000000000e+03 3.189369999999999705e-02
4.539000000000000000e+03 3.003369999999999998e-02
4.546000000000000000e+03 2.826350000000000043e-02
4.553000000000000000e+03 2.672590000000000035e-02
4.560000000000000000e+03 2.537999999999999978e-02
4.567000000000000000e+03 2.424660000000000010e-02
4.574000000000000000e+03 2.312799999999999925e-02
4.581000000000000000e+03 2.214419999999999930e-02
4.588000000000000000e+03 2.112139999999999851e-02
4.595000000000000000e+03 2.005260000000000029e-02
4.602000000000000000e+03 1.895389999999999922e-02
4.609000000000000000e+03 1.776789999999999967e-02
4.616000000000000000e+03 1.656759999999999830e-02
4.623000000000000000e+03 1.532309999999999922e-02
4.630000000000000000e+03 1.414310000000000046e-02
4.637000000000000000e+03 1.296830000000000031e-02
4.644000000000000000e+03 1.187410000000000028e-02
4.651000000000000000e+03 1.079210000000000065e-02
4.658000000000000000e+03 9.781839999999999979e-03
4.665000000000000000e+03 8.794659999999999284e-03
4.672000000000000000e+03 7.869259999999999450e-03
4.679000000000000000e+03 6.984930000000000305e-03
4.686000000000000000e+03 6.145620000000000076e-03
4.693000000000000000e+03 5.361659999999999864e-03
4.700000000000000000e+03 4.618109999999999923e-03
4.707000000000000000e+03 3.950770000000000150e-03
4.714000000000000000e+03 3.322059999999999944e-03
4.721000000000000000e+03 2.787780000000000119e-03
4.728000000000000000e+03 2.292660000000000184e-03
4.735000000000000000e+03 1.883190000000000081e-03
4.742000000000000000e+03 1.507539999999999922e-03
4.749000000000000000e+03 1.216140000000000103e-03
4.756000000000000000e+03 9.574349999999999701e-04
4.763000000000000000e+03 7.738759999999999476e-04
4.770000000000000000e+03 6.150930000000000416e-04
4.777000000000000000e+03 5.020450000000000086e-04
4.784000000000000000e+03 4.042890000000000047e-04
4.791000000000000000e+03 3.349490000000000215e-04
4.798000000000000000e+03 2.653740000000000244e-04
4.805000000000000000e+03 2.040839999999999928e-04
4.812000000000000000e+03 1.569770000000000117e-04
4.819000000000000000e+03 1.295989999999999902e-04
4.826000000000000000e+03 1.069729999999999938e-04
4.833000000000000000e+03 9.575900000000000254e-05
4.840000000000000000e+03 8.687700000000000186e-05
4.847000000000000000e+03 8.093860000000000464e-05
4.854000000000000000e+03 7.478610000000000552e-05
4.861000000000000000e+03 6.691260000000000035e-05
4.868000000000000000e+03 5.945930000000000177e-05
4.875000000000000000e+03 5.467900000000000283e-05
4.882000000000000000e+03 4.865409999999999890e-05
4.889000000000000000e+03 3.805580000000000247e-05
4.896000000000000000e+03 3.034170000000000123e-05
4.903000000000000000e+03 2.974530000000000132e-05
4.910000000000000000e+03 2.926760000000000079e-05
4.917000000000000000e+03 2.859909999999999864e-05
4.924000000000000000e+03 2.789550000000000083e-05
4.931000000000000000e+03 2.750689999999999917e-05
4.938000000000000000e+03 2.688119999999999938e-05
4.945000000000000000e+03 2.576529999999999877e-05
4.952000000000000000e+03 2.357439999999999913e-05
4.959000000000000000e+03 1.912040000000000077e-05
4.966000000000000000e+03 1.075669999999999986e-05
4.973000000000000000e+03 2.074549999999999899e-06
