1.902000000000000000e+03 0.000000000000000000e+00
1.907000000000000000e+03 3.054710000000000015e-06
1.912000000000000000e+03 2.077289999999999893e-05
1.917000000000000000e+03 4.237220000000000065e-05
1.922000000000000000e+03 5.051560000000000132e-05
1.927000000000000000e+03 5.196550000000000247e-05
1.932000000000000000e+03 5.388080000000000088e-05
1.937000000000000000e+03 5.618700000000000262e-05
1.942000000000000000e+03 5.855469999999999691e-05
1.947000000000000000e+03 6.094739999999999858e-05
1.952000000000000000e+03 6.322710000000000320e-05
1.957000000000000000e+03 6.538700000000000263e-05
1.962000000000000000e+03 6.673179999999999694e-05
1.967000000000000000e+03 6.727439999999999408e-05
1.972000000000000000e+03 6.711010000000000651e-05
1.977000000000000000e+03 6.619490000000000552e-05
1.982000000000000000e+03 6.498480000000000163e-05
1.987000000000000000e+03 6.348969999999999625e-05
1.992000000000000000e+03 6.203579999999999988e-05
1.997000000000000000e+03 6.074820000000000225e-05
2.002000000000000000e+03 5.997629999999999699e-05
2.007000000000000000e+03 6.034159999999999838e-05
2.012000000000000000e+03 6.135729999999999613e-05
2.017000000000000000e+03 6.346259999999999781e-05
2.022000000000000000e+03 6.596510000000000307e-05
2.027000000000000000e+03 6.870120000000000556e-05
2.032000000000000000e+03 7.129270000000000268e-05
2.037000000000000000e+03 7.277900000000000233e-05
2.042000000000000000e+03 7.349100000000000500e-05
2.047000000000000000e+03 7.250430000000000308e-05
2.052000000000000000e+03 7.040330000000000405e-05
2.057000000000000000e+03 6.654980000000000444e-05
2.062000000000000000e+03 6.158129999999999941e-05
2.067000000000000000e+03 5.596529999999999761e-05
2.072000000000000000e+03 4.995000000000000118e-05
2.077000000000000000e+03 4.426030000000000041e-05
2.082000000000000000e+03 3.891019999999999890e-05
2.087000000000000000e+03 3.458109999999999998e-05
2.092000000000000000e+03 3.125590000000000003e-05
2.097000000000000000e+03 2.911460000000000073e-05
2.102000000000000000e+03 2.827449999999999839e-05
2.107000000000000000e+03 2.843000000000000055e-05
2.112000000000000000e+03 2.976569999999999862e-05
2.117000000000000000e+03 3.171390000000000141e-05
2.122000000000000000e+03 3.436880000000000203e-05
2.127000000000000000e+03 3.716409999999999880e-05
2.132000000000000000e+03 3.989939999999999953e-05
2.137000000000000000e+03 4.239009999999999924e-05
2.142000000000000000e+03 4.422400000000000213e-05
2.147000000000000000e+03 4.542530000000000027e-05
2.152000000000000000e+03 4.518709999999999974e-05
2.157000000000000000e+03 4.404939999999999876e-05
2.162000000000000000e+03 4.150289999999999866e-05
2.167000000000000000e+03 3.826089999999999819e-05
2.172000000000000000e+03 3.480969999999999979e-05
2.177000000000000000e+03 3.128450000000000176e-05
2.182000000000000000e+03 2.800109999999999860e-05
2.187000000000000000e+03 2.491450000000000007e-05
2.192000000000000000e+03 2.227669999999999968e-05
2.197000000000000000e+03 2.000430000000000090e-05
2.202000000000000000e+03 1.840670000000000115e-05
2.207000000000000000e+03 1.736970000000000075e-05
2.212000000000000000e+03 1.650999999999999948e-05
2.217000000000000000e+03 1.575640000000000046e-05
2.222000000000000000e+03 1.511370000000000066e-05
2.227000000000000000e+03 1.458750000000000052e-05
2.232000000000000000e+03 1.415529999999999981e-05
2.237000000000000000e+03 1.383069999999999956e-05
2.242000000000000000e+03 1.348529999999999945e-05
2.247000000000000000e+03 1.305790000000000080e-05
2.252000000000000000e+03 1.264249999999999966e-05
2.257000000000000000e+03 1.230440000000000030e-05
2.262000000000000000e+03 1.196050000000000009e-05
2.267000000000000000e+03 1.152960000000000054e-05
2.272000000000000000e+03 1.108830000000000021e-05
2.277000000000000000e+03 1.072670000000000015e-05
2.282000000000000000e+03 1.038099999999999937e-05
2.287000000000000000e+03 9.948399999999999482e-06
2.292000000000000000e+03 9.492719999999999468e-06
2.297000000000000000e+03 9.157120000000000513e-06
2.302000000000000000e+03 8.910330000000000458e-06
2.307000000000000000e+03 8.809710000000000395e-06
2.312000000000000000e+03 8.804140000000000379e-06
2.317000000000000000e+03 8.827030000000000764e-06
2.322000000000000000e+03 8.941889999999999187e-06
2.327000000000000000e+03 1.055119999999999988e-05
2.332000000000000000e+03 1.263459999999999928e-05
2.337000000000000000e+03 1.423099999999999978e-05
2.342000000000000000e+03 1.578750000000000089e-05
2.347000000000000000e+03 1.646760000000000137e-05
2.352000000000000000e+03 1.598459999999999939e-05
2.357000000000000000e+03 1.564550000000000123e-05
2.362000000000000000e+03 1.544389999999999964e-05
2.367000000000000000e+03 1.529330000000000145e-05
2.372000000000000000e+03 1.528879999999999836e-05
2.377000000000000000e+03 1.530459999999999912e-05
2.382000000000000000e+03 1.536250000000000072e-05
2.387000000000000000e+03 1.539980000000000119e-05
2.392000000000000000e+03 1.547230000000000092e-05
2.397000000000000000e+03 1.555209999999999972e-05
2.402000000000000000e+03 1.574359999999999949e-05
2.407000000000000000e+03 1.600279999999999864e-05
2.412000000000000000e+03 1.618389999999999933e-05
2.417000000000000000e+03 1.632479999999999996e-05
2.422000000000000000e+03 1.638080000000000078e-05
2.427000000000000000e+03 1.637440000000000030e-05
2.432000000000000000e+03 1.618059999999999887e-05
2.437000000000000000e+03 1.580069999999999934e-05
2.442000000000000000e+03 1.520209999999999968e-05
2.447000000000000000e+03 1.437529999999999940e-05
2.452000000000000000e+03 1.375600000000000009e-05
2.457000000000000000e+03 1.345209999999999950e-05
2.462000000000000000e+03 1.316539999999999934e-05
2.467000000000000000e+03 1.295389999999999976e-05
2.472000000000000000e+03 1.291340000000000074e-05
2.477000000000000000e+03 1.306930000000000038e-05
2.482000000000000000e+03 1.320549999999999918e-05
2.487000000000000000e+03 1.323850000000000039e-05
2.492000000000000000e+03 1.317900000000000037e-05
2.497000000000000000e+03 1.301290000000000038e-05
2.502000000000000000e+03 1.291199999999999936e-05
2.507000000000000000e+03 1.303140000000000029e-05
2.512000000000000000e+03 1.322329999999999925e-05
2.517000000000000000e+03 1.337119999999999998e-05
2.522000000000000000e+03 1.356789999999999930e-05
2.527000000000000000e+03 1.399260000000000050e-05
2.532000000000000000e+03 1.450720000000000063e-05
2.537000000000000000e+03 1.491440000000000073e-05
2.542000000000000000e+03 1.523170000000000021e-05
2.547000000000000000e+03 1.538789999999999882e-05
2.552000000000000000e+03 1.544519999999999910e-05
2.557000000000000000e+03 1.546940000000000134e-05
2.562000000000000000e+03 1.547919999999999911e-05
2.567000000000000000e+03 1.548679999999999884e-05
2.572000000000000000e+03 1.549449999999999878e-05
2.577000000000000000e+03 1.550229999999999894e-05
2.582000000000000000e+03 1.550999999999999889e-05
2.587000000000000000e+03 1.551759999999999861e-05
2.592000000000000000e+03 1.552480000000000084e-05
2.597000000000000000e+03 1.553139999999999838e-05
2.602000000000000000e+03 1.553900000000000149e-05
2.607000000000000000e+03 1.557509999999999933e-05
2.612000000000000000e+03 1.575010000000000019e-05
2.617000000000000000e+03 1.617720000000000158e-05
2.622000000000000000e+03 1.685889999999999879e-05
2.627000000000000000e+03 1.774579999999999872e-05
2.632000000000000000e+03 1.856369999999999982e-05
2.637000000000000000e+03 1.932079999999999974e-05
2.642000000000000000e+03 2.019379999999999968e-05
2.647000000000000000e+03 2.113299999999999909e-05
2.652000000000000000e+03 2.196739999999999910e-05
2.657000000000000000e+03 2.288640000000000165e-05
2.662000000000000000e+03 2.402210000000000163e-05
2.667000000000000000e+03 2.528639999999999900e-05
2.672000000000000000e+03 2.688050000000000124e-05
2.677000000000000000e+03 2.877600000000000028e-05
2.682000000000000000e+03 3.089039999999999820e-05
2.687000000000000000e+03 3.316739999999999690e-05
2.692000000000000000e+03 3.560160000000000147e-05
2.697000000000000000e+03 3.818810000000000119e-05
2.702000000000000000e+03 4.105779999999999846e-05
2.707000000000000000e+03 4.415030000000000316e-05
2.712000000000000000e+03 4.785669999999999871e-05
2.717000000000000000e+03 5.206130000000000246e-05
2.722000000000000000e+03 5.690610000000000053e-05
2.727000000000000000e+03 6.225730000000000445e-05
2.732000000000000000e+03 6.871289999999999733e-05
2.737000000000000000e+03 7.610389999999999484e-05
2.742000000000000000e+03 8.495409999999999355e-05
2.747000000000000000e+03 9.519609999999999476e-05
2.752000000000000000e+03 1.070810000000000002e-04
2.757000000000000000e+03 1.207980000000000045e-04
2.762000000000000000e+03 1.365919999999999960e-04
2.767000000000000000e+03 1.548049999999999925e-04
2.772000000000000000e+03 1.754509999999999978e-04
2.777000000000000000e+03 1.997009999999999909e-04
2.782000000000000000e+03 2.272010000000000089e-04
2.787000000000000000e+03 2.597100000000000190e-04
2.792000000000000000e+03 2.964409999999999897e-04
2.797000000000000000e+03 3.411059999999999830e-04
2.802000000000000000e+03 3.916950000000000097e-04
2.807000000000000000e+03 4.736969999999999744e-04
2.812000000000000000e+03 7.133400000000000244e-04
2.817000000000000000e+03 1.001869999999999974e-03
2.822000000000000000e+03 1.335519999999999980e-03
2.827000000000000000e+03 1.976540000000000154e-03
2.832000000000000000e+03 2.926509999999999789e-03
2.837000000000000000e+03 4.004220000000000175e-03
2.842000000000000000e+03 5.260899999999999778e-03
2.847000000000000000e+03 6.907700000000000125e-03
2.852000000000000000e+03 8.873690000000000050e-03
2.857000000000000000e+03 1.113459999999999971e-02
2.862000000000000000e+03 1.366619999999999988e-02
2.867000000000000000e+03 1.648760000000000156e-02
2.872000000000000000e+03 1.954269999999999965e-02
2.877000000000000000e+03 2.287329999999999919e-02
2.882000000000000000e+03 2.643970000000000001e-02
2.887000000000000000e+03 3.022209999999999827e-02
2.892000000000000000e+03 3.426289999999999891e-02
2.897000000000000000e+03 3.861189999999999761e-02
2.902000000000000000e+03 4.342990000000000045e-02
2.907000000000000000e+03 4.852270000000000194e-02
2.912000000000000000e+03 5.407710000000000294e-02
2.917000000000000000e+03 5.986620000000000136e-02
2.922000000000000000e+03 6.615959999999999896e-02
2.927000000000000000e+03 7.269019999999999648e-02
2.932000000000000000e+03 7.962030000000000496e-02
2.937000000000000000e+03 8.682330000000000603e-02
2.942000000000000000e+03 9.428490000000000482e-02
2.947000000000000000e+03 1.020090000000000025e-01
2.952000000000000000e+03 1.098660000000000053e-01
2.957000000000000000e+03 1.178889999999999938e-01
2.962000000000000000e+03 1.257550000000000057e-01
2.967000000000000000e+03 1.336960000000000093e-01
2.972000000000000000e+03 1.413520000000000054e-01
2.977000000000000000e+03 1.487930000000000086e-01
2.982000000000000000e+03 1.559039999999999870e-01
2.987000000000000000e+03 1.626380000000000048e-01
2.992000000000000000e+03 1.688969999999999916e-01
2.997000000000000000e+03 1.745599999999999929e-01
3.002000000000000000e+03 1.796949999999999936e-01
3.007000000000000000e+03 1.840620000000000034e-01
3.012000000000000000e+03 1.879429999999999990e-01
3.017000000000000000e+03 1.911380000000000023e-01
3.022000000000000000e+03 1.937790000000000068e-01
3.027000000000000000e+03 1.956739999999999868e-01
3.032000000000000000e+03 1.969629999999999992e-01
3.037000000000000000e+03 1.974539999999999906e-01
3.042000000000000000e+03 1.973229999999999984e-01
3.047000000000000000e+03 1.974799999999999889e-01
3.052000000000000000e+03 1.973630000000000106e-01
3.057000000000000000e+03 1.974190000000000111e-01
3.062000000000000000e+03 1.979960000000000053e-01
3.067000000000000000e+03 1.987369999999999970e-01
3.072000000000000000e+03 1.995689999999999964e-01
3.077000000000000000e+03 2.004620000000000013e-01
3.082000000000000000e+03 2.011680000000000135e-01
3.087000000000000000e+03 2.017380000000000007e-01
3.092000000000000000e+03 2.022549999999999903e-01
3.097000000000000000e+03 2.028040000000000120e-01
3.102000000000000000e+03 2.035220000000000085e-01
3.107000000000000000e+03 2.042829999999999924e-01
3.112000000000000000e+03 2.050599999999999923e-01
3.117000000000000000e+03 2.060500000000000109e-01
3.122000000000000000e+03 2.069310000000000038e-01
3.127000000000000000e+03 2.078049999999999897e-01
3.132000000000000000e+03 2.088150000000000006e-01
3.137000000000000000e+03 2.099789999999999990e-01
3.142000000000000000e+03 2.119860000000000078e-01
3.147000000000000000e+03 2.149020000000000097e-01
3.152000000000000000e+03 2.205590000000000050e-01
3.157000000000000000e+03 2.285379999999999912e-01
3.162000000000000000e+03 2.433670000000000000e-01
3.167000000000000000e+03 2.635480000000000045e-01
3.172000000000000000e+03 2.953009999999999802e-01
3.177000000000000000e+03 3.368550000000000155e-01
3.182000000000000000e+03 3.908150000000000235e-01
3.187000000000000000e+03 4.545279999999999876e-01
3.192000000000000000e+03 5.266589999999999883e-01
3.197000000000000000e+03 6.016610000000000014e-01
3.202000000000000000e+03 6.769739999999999647e-01
3.207000000000000000e+03 7.454370000000000163e-01
3.212000000000000000e+03 8.049800000000000288e-01
3.217000000000000000e+03 8.515700000000000491e-01
3.222000000000000000e+03 8.868740000000000512e-01
3.227000000000000000e+03 9.140169999999999684e-01
3.232000000000000000e+03 9.331970000000000542e-01
3.237000000000000000e+03 9.435590000000000366e-01
3.242000000000000000e+03 9.524939999999999518e-01
3.247000000000000000e+03 9.592230000000000478e-01
3.252000000000000000e+03 9.666540000000000132e-01
3.257000000000000000e+03 9.739640000000000519e-01
3.262000000000000000e+03 9.801079999999999792e-01
3.267000000000000000e+03 9.869809999999999972e-01
3.272000000000000000e+03 9.927960000000000118e-01
3.277000000000000000e+03 9.964929999999999621e-01
3.282000000000000000e+03 9.992849999999999788e-01
3.287000000000000000e+03 1.000000000000000000e+00
3.292000000000000000e+03 9.995319999999999760e-01
3.297000000000000000e+03 9.974039999999999573e-01
3.302000000000000000e+03 9.931069999999999620e-01
3.307000000000000000e+03 9.875369999999999981e-01
3.312000000000000000e+03 9.789390000000000036e-01
3.317000000000000000e+03 9.657419999999999893e-01
3.322000000000000000e+03 9.450479999999999992e-01
3.327000000000000000e+03 9.143540000000000001e-01
3.332000000000000000e+03 8.734690000000000509e-01
3.337000000000000000e+03 8.187419999999999698e-01
3.342000000000000000e+03 7.565960000000000463e-01
3.347000000000000000e+03 6.816389999999999949e-01
3.352000000000000000e+03 6.036099999999999799e-01
3.357000000000000000e+03 5.251289999999999569e-01
3.362000000000000000e+03 4.503480000000000261e-01
3.367000000000000000e+03 3.866680000000000117e-01
3.372000000000000000e+03 3.341120000000000201e-01
3.377000000000000000e+03 2.940269999999999828e-01
3.382000000000000000e+03 2.678940000000000210e-01
3.387000000000000000e+03 2.476150000000000018e-01
3.392000000000000000e+03 2.344860000000000000e-01
3.397000000000000000e+03 2.262309999999999877e-01
3.402000000000000000e+03 2.210689999999999877e-01
3.407000000000000000e+03 2.170120000000000104e-01
3.412000000000000000e+03 2.141720000000000013e-01
3.417000000000000000e+03 2.118589999999999918e-01
3.422000000000000000e+03 2.095130000000000048e-01
3.427000000000000000e+03 2.071739999999999970e-01
3.432000000000000000e+03 2.048770000000000036e-01
3.437000000000000000e+03 2.028119999999999923e-01
3.442000000000000000e+03 2.006880000000000053e-01
3.447000000000000000e+03 1.987780000000000102e-01
3.452000000000000000e+03 1.968399999999999872e-01
3.457000000000000000e+03 1.947599999999999887e-01
3.462000000000000000e+03 1.927949999999999942e-01
3.467000000000000000e+03 1.908789999999999931e-01
3.472000000000000000e+03 1.889619999999999911e-01
3.477000000000000000e+03 1.871780000000000110e-01
3.482000000000000000e+03 1.854169999999999985e-01
3.487000000000000000e+03 1.836240000000000094e-01
3.492000000000000000e+03 1.817229999999999956e-01
3.497000000000000000e+03 1.798019999999999896e-01
3.502000000000000000e+03 1.777819999999999956e-01
3.507000000000000000e+03 1.757489999999999886e-01
3.512000000000000000e+03 1.736820000000000030e-01
3.517000000000000000e+03 1.716129999999999878e-01
3.522000000000000000e+03 1.695959999999999968e-01
3.527000000000000000e+03 1.677039999999999920e-01
3.532000000000000000e+03 1.658169999999999922e-01
3.537000000000000000e+03 1.637780000000000069e-01
3.542000000000000000e+03 1.617290000000000116e-01
3.547000000000000000e+03 1.592520000000000047e-01
3.552000000000000000e+03 1.564820000000000100e-01
3.557000000000000000e+03 1.526520000000000099e-01
3.562000000000000000e+03 1.481729999999999992e-01
3.567000000000000000e+03 1.426109999999999878e-01
3.572000000000000000e+03 1.364769999999999872e-01
3.577000000000000000e+03 1.293340000000000045e-01
3.582000000000000000e+03 1.216689999999999994e-01
3.587000000000000000e+03 1.134840000000000015e-01
3.592000000000000000e+03 1.050449999999999995e-01
3.597000000000000000e+03 9.634379999999999333e-02
3.602000000000000000e+03 8.746980000000000033e-02
3.607000000000000000e+03 7.869710000000000594e-02
3.612000000000000000e+03 7.005509999999999515e-02
3.617000000000000000e+03 6.187270000000000270e-02
3.622000000000000000e+03 5.412499999999999950e-02
3.627000000000000000e+03 4.702200000000000130e-02
3.632000000000000000e+03 4.058230000000000171e-02
3.637000000000000000e+03 3.476579999999999948e-02
3.642000000000000000e+03 2.961640000000000106e-02
3.647000000000000000e+03 2.499849999999999989e-02
3.652000000000000000e+03 2.110880000000000048e-02
3.657000000000000000e+03 1.762729999999999853e-02
3.662000000000000000e+03 1.479339999999999995e-02
3.667000000000000000e+03 1.227480000000000064e-02
3.672000000000000000e+03 1.028989999999999939e-02
3.677000000000000000e+03 8.528400000000000217e-03
3.682000000000000000e+03 7.178150000000000329e-03
3.687000000000000000e+03 6.002819999999999857e-03
3.692000000000000000e+03 5.085509999999999683e-03
3.697000000000000000e+03 4.273329999999999664e-03
3.702000000000000000e+03 3.628010000000000089e-03
3.707000000000000000e+03 3.088899999999999892e-03
3.712000000000000000e+03 2.638409999999999887e-03
3.717000000000000000e+03 2.258829999999999866e-03
3.722000000000000000e+03 1.878310000000000006e-03
3.727000000000000000e+03 1.515269999999999985e-03
3.732000000000000000e+03 1.267260000000000088e-03
3.737000000000000000e+03 1.120399999999999912e-03
3.742000000000000000e+03 9.005620000000000422e-04
3.747000000000000000e+03 5.957799999999999641e-04
3.752000000000000000e+03 3.934119999999999935e-04
3.757000000000000000e+03 3.465659999999999748e-04
3.762000000000000000e+03 2.996359999999999887e-04
3.767000000000000000e+03 2.660189999999999885e-04
3.772000000000000000e+03 2.492360000000000105e-04
3.777000000000000000e+03 2.234229999999999918e-04
3.782000000000000000e+03 1.942419999999999878e-04
3.787000000000000000e+03 1.800000000000000113e-04
3.792000000000000000e+03 1.693660000000000044e-04
3.797000000000000000e+03 1.477740000000000119e-04
3.802000000000000000e+03 1.335130000000000073e-04
3.807000000000000000e+03 1.285670000000000042e-04
3.812000000000000000e+03 1.240090000000000116e-04
3.817000000000000000e+03 1.162840000000000000e-04
3.822000000000000000e+03 9.522929999999999980e-05
3.827000000000000000e+03 7.467439999999999777e-05
3.832000000000000000e+03 6.907020000000000152e-05
3.837000000000000000e+03 5.929240000000000172e-05
3.842000000000000000e+03 3.927690000000000337e-05
3.847000000000000000e+03 2.531790000000000031e-05
3.852000000000000000e+03 2.467190000000000005e-05
3.857000000000000000e+03 2.458459999999999837e-05
3.862000000000000000e+03 2.452769999999999896e-05
3.867000000000000000e+03 2.455089999999999901e-05
3.872000000000000000e+03 2.466359999999999879e-05
3.877000000000000000e+03 2.487099999999999955e-05
3.882000000000000000e+03 2.515639999999999855e-05
3.887000000000000000e+03 2.541319999999999921e-05
3.892000000000000000e+03 2.552860000000000152e-05
3.897000000000000000e+03 2.554530000000000087e-05
3.902000000000000000e+03 2.549870000000000034e-05
3.907000000000000000e+03 2.543649999999999948e-05
3.912000000000000000e+03 2.536679999999999911e-05
3.917000000000000000e+03 2.529709999999999874e-05
3.922000000000000000e+03 2.522739999999999838e-05
3.927000000000000000e+03 2.515740000000000074e-05
3.932000000000000000e+03 2.508549999999999894e-05
3.937000000000000000e+03 2.498999999999999960e-05
3.942000000000000000e+03 2.468030000000000153e-05
3.947000000000000000e+03 2.417950000000000118e-05
3.952000000000000000e+03 2.267410000000000031e-05
3.957000000000000000e+03 2.064649999999999960e-05
3.962000000000000000e+03 1.926639999999999904e-05
3.967000000000000000e+03 1.873890000000000112e-05
3.972000000000000000e+03 1.895030000000000049e-05
3.977000000000000000e+03 1.927840000000000163e-05
3.982000000000000000e+03 2.017710000000000033e-05
3.987000000000000000e+03 2.167960000000000161e-05
3.992000000000000000e+03 2.359510000000000047e-05
3.997000000000000000e+03 2.558100000000000123e-05
4.002000000000000000e+03 2.712829999999999910e-05
4.007000000000000000e+03 2.795319999999999861e-05
4.012000000000000000e+03 2.828500000000000109e-05
4.017000000000000000e+03 2.835039999999999880e-05
4.022000000000000000e+03 2.840530000000000060e-05
4.027000000000000000e+03 2.857690000000000078e-05
4.032000000000000000e+03 2.881409999999999912e-05
4.037000000000000000e+03 2.905229999999999965e-05
4.042000000000000000e+03 2.928709999999999950e-05
4.047000000000000000e+03 2.960059999999999913e-05
4.052000000000000000e+03 2.998120000000000019e-05
4.057000000000000000e+03 3.054419999999999802e-05
4.062000000000000000e+03 3.116549999999999833e-05
4.067000000000000000e+03 3.170629999999999830e-05
4.072000000000000000e+03 3.216230000000000206e-05
4.077000000000000000e+03 3.246800000000000153e-05
4.082000000000000000e+03 3.272859999999999696e-05
4.087000000000000000e+03 3.305580000000000291e-05
4.092000000000000000e+03 3.345970000000000086e-05
4.097000000000000000e+03 3.387899999999999869e-05
4.102000000000000000e+03 3.425859999999999756e-05
4.107000000000000000e+03 3.455269999999999869e-05
4.112000000000000000e+03 3.478739999999999833e-05
4.117000000000000000e+03 3.503540000000000002e-05
4.122000000000000000e+03 3.534190000000000123e-05
4.127000000000000000e+03 3.558350000000000244e-05
4.132000000000000000e+03 3.565589999999999857e-05
4.137000000000000000e+03 3.561710000000000158e-05
4.142000000000000000e+03 3.552939999999999901e-05
4.147000000000000000e+03 3.551669999999999827e-05
4.152000000000000000e+03 3.572019999999999726e-05
4.157000000000000000e+03 3.604400000000000252e-05
4.162000000000000000e+03 3.648550000000000160e-05
4.167000000000000000e+03 3.695870000000000242e-05
4.172000000000000000e+03 3.750470000000000024e-05
4.177000000000000000e+03 3.806220000000000295e-05
4.182000000000000000e+03 3.855300000000000171e-05
4.187000000000000000e+03 3.898379999999999765e-05
4.192000000000000000e+03 3.922600000000000018e-05
4.197000000000000000e+03 3.939499999999999805e-05
4.202000000000000000e+03 3.954909999999999714e-05
4.207000000000000000e+03 3.973990000000000215e-05
4.212000000000000000e+03 4.003219999999999934e-05
4.217000000000000000e+03 4.036710000000000184e-05
4.222000000000000000e+03 4.046290000000000184e-05
4.227000000000000000e+03 4.032020000000000065e-05
4.232000000000000000e+03 4.010299999999999873e-05
4.237000000000000000e+03 3.997100000000000067e-05
4.242000000000000000e+03 4.008349999999999663e-05
4.247000000000000000e+03 4.042489999999999983e-05
4.252000000000000000e+03 4.078370000000000053e-05
4.257000000000000000e+03 4.100759999999999681e-05
4.262000000000000000e+03 3.718700000000000158e-05
4.267000000000000000e+03 2.475260000000000082e-05
4.272000000000000000e+03 1.100640000000000019e-05
4.277000000000000000e+03 3.402690000000000196e-06
