3.307000000000000000e+03 0.000000000000000000e+00
3.314000000000000000e+03 7.018740000000000286e-07
3.321000000000000000e+03 3.250339999999999868e-06
3.328000000000000000e+03 5.432880000000000405e-06
3.335000000000000000e+03 5.473709999999999639e-06
3.342000000000000000e+03 5.243370000000000080e-06
3.349000000000000000e+03 4.987490000000000253e-06
3.356000000000000000e+03 4.733089999999999775e-06
3.363000000000000000e+03 4.653280000000000280e-06
3.370000000000000000e+03 4.645420000000000155e-06
3.377000000000000000e+03 4.638120000000000242e-06
3.384000000000000000e+03 4.631209999999999659e-06
3.391000000000000000e+03 4.670429999999999768e-06
3.398000000000000000e+03 4.771880000000000296e-06
3.405000000000000000e+03 4.912900000000000006e-06
3.412000000000000000e+03 5.146710000000000060e-06
3.419000000000000000e+03 7.032159999999999939e-06
3.426000000000000000e+03 1.332740000000000050e-05
3.433000000000000000e+03 2.181609999999999938e-05
3.440000000000000000e+03 2.758330000000000067e-05
3.447000000000000000e+03 2.924430000000000052e-05
3.454000000000000000e+03 3.711379999999999692e-05
3.461000000000000000e+03 4.828579999999999770e-05
3.468000000000000000e+03 5.222450000000000117e-05
3.475000000000000000e+03 6.190930000000000033e-05
3.482000000000000000e+03 7.243139999999999908e-05
3.489000000000000000e+03 7.431820000000000277e-05
3.496000000000000000e+03 7.477430000000000675e-05
3.503000000000000000e+03 7.566199999999999488e-05
3.510000000000000000e+03 7.705270000000000175e-05
3.517000000000000000e+03 7.825119999999999374e-05
3.524000000000000000e+03 7.932839999999999759e-05
3.531000000000000000e+03 8.098049999999999487e-05
3.538000000000000000e+03 8.306199999999999857e-05
3.545000000000000000e+03 8.457849999999999667e-05
3.552000000000000000e+03 8.551590000000000569e-05
3.559000000000000000e+03 8.688659999999999580e-05
3.566000000000000000e+03 8.787969999999999820e-05
3.573000000000000000e+03 8.807660000000000304e-05
3.580000000000000000e+03 8.840870000000000618e-05
3.587000000000000000e+03 8.884920000000000307e-05
3.594000000000000000e+03 8.894729999999999455e-05
3.601000000000000000e+03 8.897949999999999740e-05
3.608000000000000000e+03 8.933289999999999981e-05
3.615000000000000000e+03 8.991539999999999635e-05
3.622000000000000000e+03 9.094759999999999639e-05
3.629000000000000000e+03 9.214840000000000021e-05
3.636000000000000000e+03 9.339829999999999649e-05
3.643000000000000000e+03 9.504499999999999548e-05
3.650000000000000000e+03 9.681230000000000141e-05
3.657000000000000000e+03 9.904220000000000526e-05
3.664000000000000000e+03 1.017379999999999939e-04
3.671000000000000000e+03 1.041139999999999996e-04
3.678000000000000000e+03 1.064309999999999979e-04
3.685000000000000000e+03 1.080689999999999982e-04
3.692000000000000000e+03 1.093830000000000063e-04
3.699000000000000000e+03 1.108119999999999955e-04
3.706000000000000000e+03 1.118720000000000023e-04
3.713000000000000000e+03 1.133829999999999951e-04
3.720000000000000000e+03 1.152199999999999980e-04
3.727000000000000000e+03 1.171649999999999938e-04
3.734000000000000000e+03 1.192890000000000026e-04
3.741000000000000000e+03 1.216810000000000027e-04
3.748000000000000000e+03 1.247180000000000077e-04
3.755000000000000000e+03 1.279759999999999958e-04
3.762000000000000000e+03 1.309600000000000065e-04
3.769000000000000000e+03 1.343410000000000068e-04
3.776000000000000000e+03 1.377519999999999916e-04
3.783000000000000000e+03 1.407769999999999974e-04
3.790000000000000000e+03 1.436999999999999964e-04
3.797000000000000000e+03 1.466650000000000061e-04
3.804000000000000000e+03 1.494640000000000042e-04
3.811000000000000000e+03 1.517529999999999953e-04
3.818000000000000000e+03 1.537809999999999969e-04
3.825000000000000000e+03 1.558709999999999989e-04
3.832000000000000000e+03 1.583830000000000047e-04
3.839000000000000000e+03 1.610790000000000073e-04
3.846000000000000000e+03 1.648970000000000036e-04
3.853000000000000000e+03 1.694359999999999953e-04
3.860000000000000000e+03 1.742249999999999929e-04
3.867000000000000000e+03 1.790899999999999946e-04
3.874000000000000000e+03 1.838289999999999911e-04
3.881000000000000000e+03 1.892909999999999873e-04
3.888000000000000000e+03 1.952509999999999912e-04
3.895000000000000000e+03 2.016479999999999911e-04
3.902000000000000000e+03 2.083549999999999931e-04
3.909000000000000000e+03 2.149789999999999893e-04
3.916000000000000000e+03 2.219540000000000098e-04
3.923000000000000000e+03 2.298660000000000113e-04
3.930000000000000000e+03 2.372320000000000082e-04
3.937000000000000000e+03 2.445149999999999993e-04
3.944000000000000000e+03 2.531209999999999775e-04
3.951000000000000000e+03 2.621389999999999918e-04
3.958000000000000000e+03 2.709529999999999925e-04
3.965000000000000000e+03 2.806129999999999779e-04
3.972000000000000000e+03 2.911580000000000201e-04
3.979000000000000000e+03 3.019629999999999819e-04
3.986000000000000000e+03 3.116029999999999777e-04
3.993000000000000000e+03 3.179869999999999897e-04
4.000000000000000000e+03 3.248869999999999948e-04
4.007000000000000000e+03 3.335340000000000223e-04
4.014000000000000000e+03 3.501369999999999851e-04
4.021000000000000000e+03 3.676899999999999982e-04
4.028000000000000000e+03 3.864960000000000075e-04
4.035000000000000000e+03 4.110240000000000139e-04
4.042000000000000000e+03 4.455940000000000031e-04
4.049000000000000000e+03 4.764020000000000104e-04
4.056000000000000000e+03 5.092259999999999929e-04
4.063000000000000000e+03 5.592659999999999949e-04
4.070000000000000000e+03 6.189799999999999859e-04
4.077000000000000000e+03 6.892060000000000417e-04
4.084000000000000000e+03 7.634420000000000268e-04
4.091000000000000000e+03 8.598310000000000284e-04
4.098000000000000000e+03 9.592249999999999648e-04
4.105000000000000000e+03 1.076499999999999983e-03
4.112000000000000000e+03 1.200359999999999925e-03
4.119000000000000000e+03 1.356879999999999978e-03
4.126000000000000000e+03 1.571450000000000060e-03
4.133000000000000000e+03 1.833189999999999950e-03
4.140000000000000000e+03 2.096919999999999947e-03
4.147000000000000000e+03 2.443690000000000098e-03
4.154000000000000000e+03 2.931839999999999793e-03
4.161000000000000000e+03 3.492050000000000015e-03
4.168000000000000000e+03 4.113300000000000289e-03
4.175000000000000000e+03 4.765909999999999938e-03
4.182000000000000000e+03 5.604220000000000035e-03
4.189000000000000000e+03 6.553759999999999621e-03
4.196000000000000000e+03 7.769309999999999758e-03
4.203000000000000000e+03 9.055209999999999301e-03
4.210000000000000000e+03 1.058010000000000027e-02
4.217000000000000000e+03 1.224970000000000052e-02
4.224000000000000000e+03 1.414480000000000078e-02
4.231000000000000000e+03 1.620490000000000125e-02
4.238000000000000000e+03 1.847019999999999912e-02
4.245000000000000000e+03 2.093650000000000025e-02
4.252000000000000000e+03 2.362770000000000148e-02
4.259000000000000000e+03 2.650249999999999828e-02
4.266000000000000000e+03 2.966480000000000158e-02
4.273000000000000000e+03 3.296380000000000143e-02
4.280000000000000000e+03 3.668029999999999902e-02
4.287000000000000000e+03 4.062240000000000295e-02
4.294000000000000000e+03 4.527880000000000099e-02
4.301000000000000000e+03 5.049420000000000297e-02
4.308000000000000000e+03 5.663390000000000091e-02
4.315000000000000000e+03 6.376869999999999761e-02
4.322000000000000000e+03 7.217600000000000404e-02
4.329000000000000000e+03 8.242109999999999714e-02
4.336000000000000000e+03 9.464630000000000265e-02
4.343000000000000000e+03 1.103230000000000044e-01
4.350000000000000000e+03 1.299500000000000099e-01
4.357000000000000000e+03 1.543680000000000052e-01
4.364000000000000000e+03 1.834250000000000047e-01
4.371000000000000000e+03 2.178970000000000073e-01
4.378000000000000000e+03 2.540600000000000080e-01
4.385000000000000000e+03 2.929209999999999869e-01
4.392000000000000000e+03 3.287479999999999847e-01
4.399000000000000000e+03 3.611519999999999730e-01
4.406000000000000000e+03 3.903670000000000195e-01
4.413000000000000000e+03 4.159559999999999924e-01
4.420000000000000000e+03 4.412189999999999723e-01
4.427000000000000000e+03 4.657519999999999993e-01
4.434000000000000000e+03 4.891360000000000152e-01
4.441000000000000000e+03 5.110419999999999963e-01
4.448000000000000000e+03 5.290280000000000538e-01
4.455000000000000000e+03 5.441099999999999826e-01
4.462000000000000000e+03 5.556910000000000460e-01
4.469000000000000000e+03 5.634390000000000231e-01
4.476000000000000000e+03 5.724709999999999521e-01
4.483000000000000000e+03 5.829860000000000042e-01
4.490000000000000000e+03 5.890370000000000328e-01
4.497000000000000000e+03 5.933070000000000288e-01
4.504000000000000000e+03 5.945259999999999989e-01
4.511000000000000000e+03 5.926080000000000236e-01
4.518000000000000000e+03 5.953439999999999843e-01
4.525000000000000000e+03 6.013619999999999521e-01
4.532000000000000000e+03 6.100119999999999987e-01
4.539000000000000000e+03 6.206329999999999902e-01
4.546000000000000000e+03 6.342360000000000220e-01
4.553000000000000000e+03 6.509249999999999758e-01
4.560000000000000000e+03 6.749619999999999509e-01
4.567000000000000000e+03 7.039590000000000014e-01
4.574000000000000000e+03 7.389270000000000005e-01
4.581000000000000000e+03 7.758720000000000061e-01
4.588000000000000000e+03 8.099140000000000228e-01
4.595000000000000000e+03 8.414319999999999578e-01
4.602000000000000000e+03 8.696789999999999798e-01
4.609000000000000000e+03 8.967690000000000383e-01
4.616000000000000000e+03 9.191960000000000131e-01
4.623000000000000000e+03 9.421110000000000317e-01
4.630000000000000000e+03 9.602990000000000137e-01
4.637000000000000000e+03 9.789390000000000036e-01
4.644000000000000000e+03 9.920259999999999634e-01
4.651000000000000000e+03 9.975640000000000063e-01
4.658000000000000000e+03 1.000000000000000000e+00
4.665000000000000000e+03 9.978510000000000435e-01
4.672000000000000000e+03 9.957169999999999632e-01
4.679000000000000000e+03 9.934990000000000210e-01
4.686000000000000000e+03 9.910349999999999993e-01
4.693000000000000000e+03 9.877000000000000224e-01
4.700000000000000000e+03 9.851039999999999797e-01
4.707000000000000000e+03 9.820029999999999593e-01
4.714000000000000000e+03 9.767740000000000311e-01
4.721000000000000000e+03 9.712460000000000537e-01
4.728000000000000000e+03 9.645340000000000025e-01
4.735000000000000000e+03 9.563800000000000079e-01
4.742000000000000000e+03 9.437149999999999705e-01
4.749000000000000000e+03 9.275759999999999561e-01
4.756000000000000000e+03 9.037880000000000358e-01
4.763000000000000000e+03 8.736129999999999729e-01
4.770000000000000000e+03 8.345359999999999445e-01
4.777000000000000000e+03 7.901829999999999687e-01
4.784000000000000000e+03 7.445580000000000531e-01
4.791000000000000000e+03 6.994909999999999739e-01
4.798000000000000000e+03 6.617250000000000076e-01
4.805000000000000000e+03 6.260759999999999659e-01
4.812000000000000000e+03 5.966679999999999762e-01
4.819000000000000000e+03 5.673409999999999842e-01
4.826000000000000000e+03 5.414170000000000371e-01
4.833000000000000000e+03 5.187380000000000324e-01
4.840000000000000000e+03 4.993870000000000253e-01
4.847000000000000000e+03 4.840450000000000030e-01
4.854000000000000000e+03 4.720159999999999911e-01
4.861000000000000000e+03 4.619809999999999750e-01
4.868000000000000000e+03 4.538900000000000157e-01
4.875000000000000000e+03 4.476709999999999856e-01
4.882000000000000000e+03 4.440379999999999883e-01
4.889000000000000000e+03 4.406519999999999881e-01
4.896000000000000000e+03 4.367900000000000116e-01
4.903000000000000000e+03 4.324290000000000078e-01
4.910000000000000000e+03 4.273239999999999816e-01
4.917000000000000000e+03 4.216880000000000073e-01
4.924000000000000000e+03 4.162460000000000049e-01
4.931000000000000000e+03 4.095949999999999869e-01
4.938000000000000000e+03 4.037009999999999765e-01
4.945000000000000000e+03 3.937280000000000224e-01
4.952000000000000000e+03 3.819600000000000217e-01
4.959000000000000000e+03 3.649029999999999774e-01
4.966000000000000000e+03 3.440509999999999957e-01
4.973000000000000000e+03 3.223599999999999799e-01
4.980000000000000000e+03 3.018080000000000207e-01
4.987000000000000000e+03 2.857819999999999805e-01
4.994000000000000000e+03 2.720790000000000153e-01
5.001000000000000000e+03 2.619310000000000249e-01
5.008000000000000000e+03 2.540229999999999988e-01
5.015000000000000000e+03 2.487850000000000061e-01
5.022000000000000000e+03 2.451830000000000120e-01
5.029000000000000000e+03 2.420899999999999996e-01
5.036000000000000000e+03 2.379149999999999876e-01
5.043000000000000000e+03 2.333999999999999964e-01
5.050000000000000000e+03 2.299110000000000043e-01
5.057000000000000000e+03 2.251980000000000093e-01
5.064000000000000000e+03 2.187340000000000118e-01
5.071000000000000000e+03 2.117719999999999880e-01
5.078000000000000000e+03 2.030790000000000095e-01
5.085000000000000000e+03 1.937439999999999996e-01
5.092000000000000000e+03 1.836500000000000077e-01
5.099000000000000000e+03 1.746739999999999959e-01
5.106000000000000000e+03 1.661660000000000081e-01
5.113000000000000000e+03 1.576460000000000083e-01
5.120000000000000000e+03 1.489189999999999958e-01
5.127000000000000000e+03 1.408369999999999900e-01
5.134000000000000000e+03 1.337849999999999873e-01
5.141000000000000000e+03 1.268680000000000085e-01
5.148000000000000000e+03 1.201330000000000037e-01
5.155000000000000000e+03 1.132869999999999988e-01
5.162000000000000000e+03 1.066129999999999994e-01
5.169000000000000000e+03 1.001930000000000043e-01
5.176000000000000000e+03 9.432190000000000019e-02
5.183000000000000000e+03 8.875479999999999481e-02
5.190000000000000000e+03 8.323129999999999418e-02
5.197000000000000000e+03 7.792949999999999877e-02
5.204000000000000000e+03 7.289600000000000246e-02
5.211000000000000000e+03 6.869640000000000468e-02
5.218000000000000000e+03 6.487039999999999473e-02
5.225000000000000000e+03 6.139470000000000344e-02
5.232000000000000000e+03 5.828610000000000041e-02
5.239000000000000000e+03 5.557100000000000234e-02
5.246000000000000000e+03 5.300660000000000094e-02
5.253000000000000000e+03 5.053350000000000203e-02
5.260000000000000000e+03 4.816770000000000079e-02
5.267000000000000000e+03 4.595590000000000092e-02
5.274000000000000000e+03 4.377799999999999747e-02
5.281000000000000000e+03 4.167010000000000158e-02
5.288000000000000000e+03 3.961030000000000106e-02
5.295000000000000000e+03 3.758480000000000154e-02
5.302000000000000000e+03 3.560239999999999932e-02
5.309000000000000000e+03 3.363649999999999973e-02
5.316000000000000000e+03 3.171380000000000032e-02
5.323000000000000000e+03 2.979110000000000091e-02
5.330000000000000000e+03 2.788480000000000125e-02
5.337000000000000000e+03 2.600639999999999896e-02
5.344000000000000000e+03 2.414929999999999854e-02
5.351000000000000000e+03 2.227650000000000116e-02
5.358000000000000000e+03 2.042820000000000052e-02
5.365000000000000000e+03 1.851380000000000040e-02
5.372000000000000000e+03 1.637829999999999842e-02
5.379000000000000000e+03 1.443000000000000012e-02
5.386000000000000000e+03 1.261179999999999940e-02
5.393000000000000000e+03 1.079100000000000024e-02
5.400000000000000000e+03 9.490699999999999484e-03
5.407000000000000000e+03 8.373550000000000437e-03
5.414000000000000000e+03 7.132669999999999809e-03
5.421000000000000000e+03 5.370319999999999608e-03
5.428000000000000000e+03 3.784200000000000150e-03
5.435000000000000000e+03 3.091200000000000111e-03
5.442000000000000000e+03 2.625979999999999981e-03
5.449000000000000000e+03 1.671219999999999954e-03
5.456000000000000000e+03 4.275770000000000026e-04
5.463000000000000000e+03 2.309529999999999892e-05
5.470000000000000000e+03 2.302409999999999865e-05
5.477000000000000000e+03 2.259280000000000161e-05
5.484000000000000000e+03 2.245020000000000064e-05
5.491000000000000000e+03 2.276880000000000128e-05
5.498000000000000000e+03 2.329899999999999834e-05
5.505000000000000000e+03 2.377180000000000167e-05
5.512000000000000000e+03 2.425709999999999854e-05
5.519000000000000000e+03 2.552490000000000019e-05
5.526000000000000000e+03 2.719540000000000054e-05
5.533000000000000000e+03 2.797460000000000148e-05
5.540000000000000000e+03 2.881170000000000063e-05
5.547000000000000000e+03 2.503380000000000077e-05
5.554000000000000000e+03 1.776639999999999985e-05
5.561000000000000000e+03 1.524699999999999988e-05
5.568000000000000000e+03 9.886880000000000451e-06
5.575000000000000000e+03 2.223819999999999911e-06
