4.108000000000000000e+03 0.000000000000000000e+00
4.117000000000000000e+03 1.787639999999999985e-07
4.126000000000000000e+03 5.858070000000000310e-06
4.135000000000000000e+03 1.330059999999999934e-05
4.144000000000000000e+03 1.454430000000000066e-05
4.153000000000000000e+03 1.451490000000000057e-05
4.162000000000000000e+03 1.447899999999999978e-05
4.171000000000000000e+03 1.445659999999999979e-05
4.180000000000000000e+03 1.445789999999999925e-05
4.189000000000000000e+03 1.472999999999999958e-05
4.198000000000000000e+03 1.514969999999999998e-05
4.207000000000000000e+03 1.555809999999999932e-05
4.216000000000000000e+03 1.603389999999999907e-05
4.225000000000000000e+03 1.676349999999999967e-05
4.234000000000000000e+03 1.722600000000000075e-05
4.243000000000000000e+03 1.722989999999999914e-05
4.252000000000000000e+03 1.747399999999999905e-05
4.261000000000000000e+03 1.785670000000000134e-05
4.270000000000000000e+03 1.797479999999999941e-05
4.279000000000000000e+03 1.800089999999999904e-05
4.288000000000000000e+03 1.796039999999999833e-05
4.297000000000000000e+03 1.791240000000000150e-05
4.306000000000000000e+03 1.786450000000000150e-05
4.315000000000000000e+03 1.779839999999999886e-05
4.324000000000000000e+03 1.772459999999999967e-05
4.333000000000000000e+03 1.774650000000000026e-05
4.342000000000000000e+03 1.789399999999999842e-05
4.351000000000000000e+03 1.851579999999999982e-05
4.360000000000000000e+03 1.928110000000000078e-05
4.369000000000000000e+03 2.021620000000000136e-05
4.378000000000000000e+03 2.091479999999999837e-05
4.387000000000000000e+03 2.138280000000000134e-05
4.396000000000000000e+03 2.174369999999999987e-05
4.405000000000000000e+03 2.208669999999999980e-05
4.414000000000000000e+03 2.258470000000000079e-05
4.423000000000000000e+03 2.298000000000000021e-05
4.432000000000000000e+03 2.303930000000000149e-05
4.441000000000000000e+03 2.304060000000000095e-05
4.450000000000000000e+03 2.300269999999999916e-05
4.459000000000000000e+03 2.318390000000000007e-05
4.468000000000000000e+03 2.353660000000000095e-05
4.477000000000000000e+03 2.440220000000000160e-05
4.486000000000000000e+03 2.538490000000000153e-05
4.495000000000000000e+03 2.640489999999999854e-05
4.504000000000000000e+03 2.749870000000000152e-05
4.513000000000000000e+03 2.868159999999999997e-05
4.522000000000000000e+03 2.950080000000000053e-05
4.531000000000000000e+03 3.006480000000000055e-05
4.540000000000000000e+03 3.010709999999999843e-05
4.549000000000000000e+03 3.000020000000000120e-05
4.558000000000000000e+03 2.980970000000000023e-05
4.567000000000000000e+03 2.996450000000000085e-05
4.576000000000000000e+03 3.068130000000000049e-05
4.585000000000000000e+03 3.155290000000000075e-05
4.594000000000000000e+03 3.251120000000000138e-05
4.603000000000000000e+03 3.335190000000000165e-05
4.612000000000000000e+03 3.416029999999999886e-05
4.621000000000000000e+03 3.497529999999999698e-05
4.630000000000000000e+03 3.592119999999999753e-05
4.639000000000000000e+03 3.711260000000000107e-05
4.648000000000000000e+03 3.821690000000000335e-05
4.657000000000000000e+03 3.924140000000000007e-05
4.666000000000000000e+03 4.013359999999999806e-05
4.675000000000000000e+03 4.112319999999999957e-05
4.684000000000000000e+03 4.283650000000000229e-05
4.693000000000000000e+03 4.446039999999999872e-05
4.702000000000000000e+03 4.566479999999999688e-05
4.711000000000000000e+03 4.692969999999999894e-05
4.720000000000000000e+03 4.825479999999999749e-05
4.729000000000000000e+03 4.937160000000000008e-05
4.738000000000000000e+03 5.036450000000000204e-05
4.747000000000000000e+03 5.110260000000000095e-05
4.756000000000000000e+03 5.195699999999999738e-05
4.765000000000000000e+03 5.322600000000000166e-05
4.774000000000000000e+03 5.477959999999999980e-05
4.783000000000000000e+03 5.662629999999999687e-05
4.792000000000000000e+03 5.838040000000000097e-05
4.801000000000000000e+03 5.925989999999999822e-05
4.810000000000000000e+03 5.393990000000000172e-05
4.819000000000000000e+03 4.890920000000000261e-05
4.828000000000000000e+03 4.861560000000000257e-05
4.837000000000000000e+03 5.033789999999999792e-05
4.846000000000000000e+03 5.441489999999999972e-05
4.855000000000000000e+03 6.324419999999999326e-05
4.864000000000000000e+03 7.429949999999999565e-05
4.873000000000000000e+03 8.185260000000000300e-05
4.882000000000000000e+03 8.814299999999999956e-05
4.891000000000000000e+03 9.292869999999999679e-05
4.900000000000000000e+03 9.742789999999999599e-05
4.909000000000000000e+03 1.016980000000000011e-04
4.918000000000000000e+03 1.071510000000000046e-04
4.927000000000000000e+03 1.134850000000000019e-04
4.936000000000000000e+03 1.210700000000000047e-04
4.945000000000000000e+03 1.294090000000000073e-04
4.954000000000000000e+03 1.394380000000000023e-04
4.963000000000000000e+03 1.507489999999999893e-04
4.972000000000000000e+03 1.641249999999999914e-04
4.981000000000000000e+03 1.794020000000000011e-04
4.990000000000000000e+03 1.963470000000000092e-04
4.999000000000000000e+03 2.193039999999999996e-04
5.008000000000000000e+03 2.566140000000000066e-04
5.017000000000000000e+03 3.027489999999999977e-04
5.026000000000000000e+03 3.477770000000000145e-04
5.035000000000000000e+03 4.538519999999999772e-04
5.044000000000000000e+03 6.344150000000000440e-04
5.053000000000000000e+03 8.493220000000000110e-04
5.062000000000000000e+03 1.183870000000000061e-03
5.071000000000000000e+03 1.692190000000000100e-03
5.080000000000000000e+03 2.293449999999999829e-03
5.089000000000000000e+03 3.275970000000000010e-03
5.098000000000000000e+03 5.012599999999999868e-03
5.107000000000000000e+03 7.865260000000000654e-03
5.116000000000000000e+03 1.235999999999999946e-02
5.125000000000000000e+03 1.874349999999999974e-02
5.134000000000000000e+03 2.733319999999999847e-02
5.143000000000000000e+03 3.807750000000000024e-02
5.152000000000000000e+03 4.969119999999999787e-02
5.161000000000000000e+03 6.197470000000000062e-02
5.170000000000000000e+03 7.366509999999999725e-02
5.179000000000000000e+03 8.442710000000000492e-02
5.188000000000000000e+03 9.515690000000000259e-02
5.197000000000000000e+03 1.046610000000000040e-01
5.206000000000000000e+03 1.164179999999999937e-01
5.215000000000000000e+03 1.302979999999999972e-01
5.224000000000000000e+03 1.475279999999999925e-01
5.233000000000000000e+03 1.677829999999999877e-01
5.242000000000000000e+03 1.903980000000000117e-01
5.251000000000000000e+03 2.138029999999999931e-01
5.260000000000000000e+03 2.362670000000000048e-01
5.269000000000000000e+03 2.582559999999999856e-01
5.278000000000000000e+03 2.789389999999999925e-01
5.287000000000000000e+03 2.976869999999999794e-01
5.296000000000000000e+03 3.143199999999999883e-01
5.305000000000000000e+03 3.270640000000000214e-01
5.314000000000000000e+03 3.382820000000000271e-01
5.323000000000000000e+03 3.478450000000000153e-01
5.332000000000000000e+03 3.549660000000000037e-01
5.341000000000000000e+03 3.595430000000000015e-01
5.350000000000000000e+03 3.660180000000000100e-01
5.359000000000000000e+03 3.734810000000000074e-01
5.368000000000000000e+03 3.784910000000000219e-01
5.377000000000000000e+03 3.832740000000000036e-01
5.386000000000000000e+03 3.863739999999999952e-01
5.395000000000000000e+03 3.905989999999999740e-01
5.404000000000000000e+03 3.999469999999999970e-01
5.413000000000000000e+03 4.089240000000000097e-01
5.422000000000000000e+03 4.186469999999999914e-01
5.431000000000000000e+03 4.330959999999999810e-01
5.440000000000000000e+03 4.541250000000000009e-01
5.449000000000000000e+03 4.820619999999999905e-01
5.458000000000000000e+03 5.170599999999999641e-01
5.467000000000000000e+03 5.593369999999999731e-01
5.476000000000000000e+03 6.047240000000000393e-01
5.485000000000000000e+03 6.538819999999999633e-01
5.494000000000000000e+03 7.023080000000000434e-01
5.503000000000000000e+03 7.426239999999999508e-01
5.512000000000000000e+03 7.765800000000000480e-01
5.521000000000000000e+03 8.018049999999999899e-01
5.530000000000000000e+03 8.215900000000000425e-01
5.539000000000000000e+03 8.401300000000000434e-01
5.548000000000000000e+03 8.593070000000000430e-01
5.557000000000000000e+03 8.805159999999999654e-01
5.566000000000000000e+03 9.028150000000000341e-01
5.575000000000000000e+03 9.243670000000000497e-01
5.584000000000000000e+03 9.431509999999999616e-01
5.593000000000000000e+03 9.540180000000000327e-01
5.602000000000000000e+03 9.602960000000000385e-01
5.611000000000000000e+03 9.689210000000000322e-01
5.620000000000000000e+03 9.788649999999999851e-01
5.629000000000000000e+03 9.868369999999999642e-01
5.638000000000000000e+03 9.900120000000000031e-01
5.647000000000000000e+03 9.856239999999999446e-01
5.656000000000000000e+03 9.845949999999999980e-01
5.665000000000000000e+03 9.869050000000000322e-01
5.674000000000000000e+03 9.897890000000000299e-01
5.683000000000000000e+03 9.942800000000000527e-01
5.692000000000000000e+03 9.973649999999999460e-01
5.701000000000000000e+03 9.985220000000000207e-01
5.710000000000000000e+03 9.995209999999999928e-01
5.719000000000000000e+03 1.000000000000000000e+00
5.728000000000000000e+03 9.993370000000000308e-01
5.737000000000000000e+03 9.981830000000000425e-01
5.746000000000000000e+03 9.950919999999999765e-01
5.755000000000000000e+03 9.913809999999999567e-01
5.764000000000000000e+03 9.873079999999999634e-01
5.773000000000000000e+03 9.851069999999999549e-01
5.782000000000000000e+03 9.854920000000000346e-01
5.791000000000000000e+03 9.864009999999999723e-01
5.800000000000000000e+03 9.889200000000000212e-01
5.809000000000000000e+03 9.876249999999999751e-01
5.818000000000000000e+03 9.822870000000000212e-01
5.827000000000000000e+03 9.779910000000000547e-01
5.836000000000000000e+03 9.716460000000000097e-01
5.845000000000000000e+03 9.658550000000000191e-01
5.854000000000000000e+03 9.639339999999999575e-01
5.863000000000000000e+03 9.604310000000000347e-01
5.872000000000000000e+03 9.554629999999999512e-01
5.881000000000000000e+03 9.500049999999999883e-01
5.890000000000000000e+03 9.447710000000000274e-01
5.899000000000000000e+03 9.361610000000000209e-01
5.908000000000000000e+03 9.246119999999999894e-01
5.917000000000000000e+03 9.128810000000000535e-01
5.926000000000000000e+03 8.983520000000000394e-01
5.935000000000000000e+03 8.827209999999999779e-01
5.944000000000000000e+03 8.636089999999999600e-01
5.953000000000000000e+03 8.457980000000000498e-01
5.962000000000000000e+03 8.226609999999999756e-01
5.971000000000000000e+03 7.947959999999999470e-01
5.980000000000000000e+03 7.669559999999999711e-01
5.989000000000000000e+03 7.413469999999999782e-01
5.998000000000000000e+03 7.195650000000000102e-01
6.007000000000000000e+03 6.988860000000000072e-01
6.016000000000000000e+03 6.817010000000000014e-01
6.025000000000000000e+03 6.652540000000000120e-01
6.034000000000000000e+03 6.468760000000000066e-01
6.043000000000000000e+03 6.291959999999999775e-01
6.052000000000000000e+03 6.036690000000000111e-01
6.061000000000000000e+03 5.750920000000000476e-01
6.070000000000000000e+03 5.514419999999999877e-01
6.079000000000000000e+03 5.281620000000000203e-01
6.088000000000000000e+03 5.064450000000000340e-01
6.097000000000000000e+03 4.863879999999999870e-01
6.106000000000000000e+03 4.622749999999999915e-01
6.115000000000000000e+03 4.369529999999999803e-01
6.124000000000000000e+03 4.089470000000000049e-01
6.133000000000000000e+03 3.840919999999999890e-01
6.142000000000000000e+03 3.606699999999999906e-01
6.151000000000000000e+03 3.386000000000000121e-01
6.160000000000000000e+03 3.215850000000000097e-01
6.169000000000000000e+03 3.058699999999999752e-01
6.178000000000000000e+03 2.905840000000000090e-01
6.187000000000000000e+03 2.746199999999999752e-01
6.196000000000000000e+03 2.542200000000000015e-01
6.205000000000000000e+03 2.315000000000000113e-01
6.214000000000000000e+03 2.023820000000000063e-01
6.223000000000000000e+03 1.723520000000000052e-01
6.232000000000000000e+03 1.406439999999999912e-01
6.241000000000000000e+03 1.105190000000000061e-01
6.250000000000000000e+03 8.542660000000000531e-02
6.259000000000000000e+03 6.371179999999999899e-02
6.268000000000000000e+03 4.805790000000000062e-02
6.277000000000000000e+03 3.608080000000000315e-02
6.286000000000000000e+03 2.864119999999999860e-02
6.295000000000000000e+03 2.288290000000000116e-02
6.304000000000000000e+03 1.873970000000000150e-02
6.313000000000000000e+03 1.592829999999999940e-02
6.322000000000000000e+03 1.378330000000000007e-02
6.331000000000000000e+03 1.204449999999999965e-02
6.340000000000000000e+03 1.058380000000000085e-02
6.349000000000000000e+03 9.476129999999999276e-03
6.358000000000000000e+03 8.473430000000000545e-03
6.367000000000000000e+03 7.639769999999999721e-03
6.376000000000000000e+03 6.904910000000000214e-03
6.385000000000000000e+03 6.265760000000000426e-03
6.394000000000000000e+03 5.651200000000000320e-03
6.403000000000000000e+03 5.108289999999999706e-03
6.412000000000000000e+03 4.588530000000000386e-03
6.421000000000000000e+03 4.080489999999999985e-03
6.430000000000000000e+03 3.587340000000000060e-03
6.439000000000000000e+03 3.108039999999999848e-03
6.448000000000000000e+03 2.640870000000000023e-03
6.457000000000000000e+03 2.251470000000000207e-03
6.466000000000000000e+03 1.846650000000000028e-03
6.475000000000000000e+03 1.028489999999999960e-03
6.484000000000000000e+03 3.356370000000000122e-04
6.493000000000000000e+03 2.715279999999999929e-04
6.502000000000000000e+03 2.507489999999999806e-04
6.511000000000000000e+03 2.168100000000000062e-04
6.520000000000000000e+03 1.743229999999999910e-04
6.529000000000000000e+03 1.443810000000000124e-04
6.538000000000000000e+03 1.160719999999999959e-04
6.547000000000000000e+03 7.588579999999999772e-05
6.556000000000000000e+03 6.278350000000000629e-05
6.565000000000000000e+03 6.243169999999999384e-05
6.574000000000000000e+03 5.707499999999999818e-05
6.583000000000000000e+03 4.809620000000000209e-05
6.592000000000000000e+03 4.332029999999999925e-05
6.601000000000000000e+03 4.048879999999999764e-05
6.610000000000000000e+03 3.612050000000000086e-05
6.619000000000000000e+03 3.406749999999999866e-05
6.628000000000000000e+03 3.128609999999999849e-05
6.637000000000000000e+03 2.117639999999999939e-05
6.646000000000000000e+03 1.580659999999999872e-05
6.655000000000000000e+03 1.661639999999999900e-05
6.664000000000000000e+03 1.844249999999999834e-05
6.673000000000000000e+03 1.937410000000000141e-05
6.682000000000000000e+03 1.924779999999999891e-05
6.691000000000000000e+03 1.207479999999999999e-05
6.700000000000000000e+03 2.116180000000000041e-06
