1.417500000000000000e+03 0.000000000000000000e+00
1.421500000000000000e+03 1.039339999999999988e-06
1.425500000000000000e+03 1.041240000000000046e-05
1.429500000000000000e+03 2.646300000000000057e-05
1.433500000000000000e+03 3.493529999999999737e-05
1.437500000000000000e+03 3.635969999999999681e-05
1.441500000000000000e+03 3.775310000000000281e-05
1.445500000000000000e+03 3.948360000000000259e-05
1.449500000000000000e+03 4.126350000000000227e-05
1.453500000000000000e+03 4.304459999999999781e-05
1.457500000000000000e+03 4.473769999999999689e-05
1.461500000000000000e+03 4.618020000000000214e-05
1.465500000000000000e+03 4.694570000000000015e-05
1.469500000000000000e+03 4.710299999999999947e-05
1.473500000000000000e+03 4.666299999999999691e-05
1.477500000000000000e+03 4.582229999999999664e-05
1.481500000000000000e+03 4.476619999999999840e-05
1.485500000000000000e+03 4.365460000000000043e-05
1.489500000000000000e+03 4.266199999999999913e-05
1.493500000000000000e+03 4.208170000000000064e-05
1.497500000000000000e+03 4.227420000000000261e-05
1.501500000000000000e+03 4.314039999999999780e-05
1.505500000000000000e+03 4.472549999999999725e-05
1.509500000000000000e+03 4.664849999999999899e-05
1.513500000000000000e+03 4.871460000000000281e-05
1.517500000000000000e+03 5.035629999999999761e-05
1.521500000000000000e+03 5.126269999999999964e-05
1.525500000000000000e+03 5.118179999999999843e-05
1.529500000000000000e+03 4.995789999999999817e-05
1.533500000000000000e+03 4.758529999999999992e-05
1.537500000000000000e+03 4.405589999999999946e-05
1.541500000000000000e+03 3.995660000000000298e-05
1.545500000000000000e+03 3.548819999999999677e-05
1.549500000000000000e+03 3.118290000000000260e-05
1.553500000000000000e+03 2.721570000000000101e-05
1.557500000000000000e+03 2.399589999999999839e-05
1.561500000000000000e+03 2.189779999999999895e-05
1.565500000000000000e+03 2.106570000000000060e-05
1.569500000000000000e+03 2.123150000000000162e-05
1.573500000000000000e+03 2.241429999999999985e-05
1.577500000000000000e+03 2.450029999999999987e-05
1.581500000000000000e+03 2.735480000000000108e-05
1.585500000000000000e+03 3.060909999999999803e-05
1.589500000000000000e+03 3.396239999999999860e-05
1.593500000000000000e+03 3.734949999999999875e-05
1.597500000000000000e+03 4.031269999999999775e-05
1.601500000000000000e+03 4.262079999999999688e-05
1.605500000000000000e+03 4.400150000000000215e-05
1.609500000000000000e+03 4.451180000000000300e-05
1.613500000000000000e+03 4.422849999999999845e-05
1.617500000000000000e+03 4.337519999999999766e-05
1.621500000000000000e+03 4.295040000000000132e-05
1.625500000000000000e+03 4.282289999999999957e-05
1.629500000000000000e+03 4.293039999999999812e-05
1.633500000000000000e+03 4.340230000000000287e-05
1.637500000000000000e+03 4.430829999999999724e-05
1.641500000000000000e+03 4.537630000000000125e-05
1.645500000000000000e+03 4.676219999999999758e-05
1.649500000000000000e+03 4.846420000000000263e-05
1.653500000000000000e+03 5.033869999999999968e-05
1.657500000000000000e+03 5.209269999999999678e-05
1.661500000000000000e+03 5.324969999999999942e-05
1.665500000000000000e+03 5.428729999999999775e-05
1.669500000000000000e+03 5.541549999999999823e-05
1.673500000000000000e+03 5.653330000000000302e-05
1.677500000000000000e+03 5.761420000000000142e-05
1.681500000000000000e+03 5.884800000000000306e-05
1.685500000000000000e+03 6.015619999999999843e-05
1.689500000000000000e+03 6.139670000000000121e-05
1.693500000000000000e+03 6.255609999999999556e-05
1.697500000000000000e+03 6.378830000000000047e-05
1.701500000000000000e+03 6.516859999999999808e-05
1.705500000000000000e+03 6.653689999999999648e-05
1.709500000000000000e+03 6.795729999999999393e-05
1.713500000000000000e+03 6.954530000000000651e-05
1.717500000000000000e+03 7.126040000000000640e-05
1.721500000000000000e+03 7.330099999999999496e-05
1.725500000000000000e+03 7.547159999999999752e-05
1.729500000000000000e+03 7.773120000000000550e-05
1.733500000000000000e+03 8.006049999999999690e-05
1.737500000000000000e+03 8.252700000000000454e-05
1.741500000000000000e+03 8.551140000000000260e-05
1.745500000000000000e+03 8.847789999999999529e-05
1.749500000000000000e+03 9.252290000000000145e-05
1.753500000000000000e+03 9.747700000000000201e-05
1.757500000000000000e+03 1.015430000000000000e-04
1.761500000000000000e+03 1.019729999999999942e-04
1.765500000000000000e+03 1.022170000000000007e-04
1.769500000000000000e+03 1.031400000000000052e-04
1.773500000000000000e+03 1.047679999999999971e-04
1.777500000000000000e+03 1.049390000000000061e-04
1.781500000000000000e+03 1.012600000000000029e-04
1.785500000000000000e+03 9.642319999999999526e-05
1.789500000000000000e+03 8.961170000000000127e-05
1.793500000000000000e+03 8.191050000000000121e-05
1.797500000000000000e+03 7.559249999999999834e-05
1.801500000000000000e+03 7.247649999999999633e-05
1.805500000000000000e+03 6.920530000000000637e-05
1.809500000000000000e+03 6.465470000000000288e-05
1.813500000000000000e+03 5.893680000000000126e-05
1.817500000000000000e+03 5.448990000000000154e-05
1.821500000000000000e+03 5.306840000000000168e-05
1.825500000000000000e+03 5.245529999999999903e-05
1.829500000000000000e+03 5.178049999999999661e-05
1.833500000000000000e+03 5.117189999999999705e-05
1.837500000000000000e+03 5.067400000000000306e-05
1.841500000000000000e+03 5.037249999999999925e-05
1.845500000000000000e+03 5.024050000000000119e-05
1.849500000000000000e+03 5.031790000000000150e-05
1.853500000000000000e+03 5.031929999999999780e-05
1.857500000000000000e+03 5.020980000000000164e-05
1.861500000000000000e+03 5.003960000000000114e-05
1.865500000000000000e+03 4.993619999999999803e-05
1.869500000000000000e+03 5.028980000000000088e-05
1.873500000000000000e+03 5.089010000000000256e-05
1.877500000000000000e+03 5.160080000000000238e-05
1.881500000000000000e+03 5.241920000000000119e-05
1.885500000000000000e+03 5.338279999999999989e-05
1.889500000000000000e+03 5.462489999999999940e-05
1.893500000000000000e+03 5.593650000000000222e-05
1.897500000000000000e+03 5.760079999999999915e-05
1.901500000000000000e+03 5.961489999999999736e-05
1.905500000000000000e+03 6.168130000000000184e-05
1.909500000000000000e+03 6.405129999999999439e-05
1.913500000000000000e+03 6.649139999999999836e-05
1.917500000000000000e+03 6.956090000000000005e-05
1.921500000000000000e+03 7.324380000000000506e-05
1.925500000000000000e+03 7.743070000000000389e-05
1.929500000000000000e+03 8.290579999999999488e-05
1.933500000000000000e+03 8.866550000000000006e-05
1.937500000000000000e+03 9.601949999999999776e-05
1.941500000000000000e+03 1.044029999999999963e-04
1.945500000000000000e+03 1.140110000000000033e-04
1.949500000000000000e+03 1.267840000000000113e-04
1.953500000000000000e+03 1.406609999999999870e-04
1.957500000000000000e+03 1.593470000000000043e-04
1.961500000000000000e+03 1.806380000000000008e-04
1.965500000000000000e+03 2.061370000000000086e-04
1.969500000000000000e+03 2.403870000000000009e-04
1.973500000000000000e+03 2.779920000000000177e-04
1.977500000000000000e+03 3.367949999999999763e-04
1.981500000000000000e+03 4.045559999999999803e-04
1.985500000000000000e+03 4.957730000000000253e-04
1.989500000000000000e+03 6.347219999999999989e-04
1.993500000000000000e+03 8.484939999999999843e-04
1.997500000000000000e+03 1.129009999999999953e-03
2.001500000000000000e+03 1.427550000000000086e-03
2.005500000000000000e+03 1.843550000000000006e-03
2.009500000000000000e+03 2.411599999999999855e-03
2.013500000000000000e+03 3.044960000000000201e-03
2.017500000000000000e+03 3.960909999999999778e-03
2.021500000000000000e+03 4.987590000000000079e-03
2.025500000000000000e+03 6.257000000000000409e-03
2.029500000000000000e+03 7.833200000000000232e-03
2.033500000000000000e+03 9.558709999999999776e-03
2.037500000000000000e+03 1.166750000000000079e-02
2.041500000000000000e+03 1.399959999999999920e-02
2.045500000000000000e+03 1.649379999999999943e-02
2.049500000000000000e+03 1.923120000000000038e-02
2.053500000000000000e+03 2.209409999999999846e-02
2.057500000000000000e+03 2.495829999999999924e-02
2.061500000000000000e+03 2.798130000000000062e-02
2.065500000000000000e+03 3.083009999999999917e-02
2.069500000000000000e+03 3.358730000000000049e-02
2.073500000000000000e+03 3.628900000000000181e-02
2.077500000000000000e+03 3.860380000000000061e-02
2.081500000000000000e+03 4.080450000000000049e-02
2.085500000000000000e+03 4.278900000000000065e-02
2.089500000000000000e+03 4.450069999999999720e-02
2.093500000000000000e+03 4.616870000000000002e-02
2.097500000000000000e+03 4.783690000000000164e-02
2.101500000000000000e+03 4.932650000000000229e-02
2.105500000000000000e+03 5.080969999999999931e-02
2.109500000000000000e+03 5.259810000000000180e-02
2.113500000000000000e+03 5.462209999999999982e-02
2.117500000000000000e+03 5.686089999999999894e-02
2.121500000000000000e+03 5.930830000000000130e-02
2.125500000000000000e+03 6.207050000000000067e-02
2.129500000000000000e+03 6.517610000000000070e-02
2.133500000000000000e+03 6.855020000000000557e-02
2.137500000000000000e+03 7.217400000000000204e-02
2.141500000000000000e+03 7.593959999999999599e-02
2.145500000000000000e+03 7.982780000000000431e-02
2.149500000000000000e+03 8.373089999999999700e-02
2.153500000000000000e+03 8.769209999999999505e-02
2.157500000000000000e+03 9.157500000000000362e-02
2.161500000000000000e+03 9.541800000000000281e-02
2.165500000000000000e+03 9.927420000000000688e-02
2.169500000000000000e+03 1.031439999999999996e-01
2.173500000000000000e+03 1.069080000000000030e-01
2.177500000000000000e+03 1.107230000000000020e-01
2.181500000000000000e+03 1.145130000000000037e-01
2.185500000000000000e+03 1.183069999999999955e-01
2.189500000000000000e+03 1.220480000000000037e-01
2.193500000000000000e+03 1.257540000000000047e-01
2.197500000000000000e+03 1.294520000000000115e-01
2.201500000000000000e+03 1.331700000000000106e-01
2.205500000000000000e+03 1.368260000000000032e-01
2.209500000000000000e+03 1.404269999999999963e-01
2.213500000000000000e+03 1.439509999999999956e-01
2.217500000000000000e+03 1.472640000000000060e-01
2.221500000000000000e+03 1.504250000000000032e-01
2.225500000000000000e+03 1.533370000000000011e-01
2.229500000000000000e+03 1.560690000000000133e-01
2.233500000000000000e+03 1.585169999999999912e-01
2.237500000000000000e+03 1.606869999999999965e-01
2.241500000000000000e+03 1.624970000000000026e-01
2.245500000000000000e+03 1.640429999999999944e-01
2.249500000000000000e+03 1.652190000000000047e-01
2.253500000000000000e+03 1.662049999999999916e-01
2.257500000000000000e+03 1.670280000000000098e-01
2.261500000000000000e+03 1.677059999999999940e-01
2.265500000000000000e+03 1.682929999999999982e-01
2.269500000000000000e+03 1.688300000000000078e-01
2.273500000000000000e+03 1.693220000000000003e-01
2.277500000000000000e+03 1.698369999999999880e-01
2.281500000000000000e+03 1.704060000000000019e-01
2.285500000000000000e+03 1.710510000000000086e-01
2.289500000000000000e+03 1.717770000000000130e-01
2.293500000000000000e+03 1.725279999999999869e-01
2.297500000000000000e+03 1.732229999999999881e-01
2.301500000000000000e+03 1.738369999999999915e-01
2.305500000000000000e+03 1.743730000000000002e-01
2.309500000000000000e+03 1.748290000000000122e-01
2.313500000000000000e+03 1.752160000000000106e-01
2.317500000000000000e+03 1.756560000000000066e-01
2.321500000000000000e+03 1.761000000000000065e-01
2.325500000000000000e+03 1.765079999999999982e-01
2.329500000000000000e+03 1.771510000000000029e-01
2.333500000000000000e+03 1.779989999999999906e-01
2.337500000000000000e+03 1.791520000000000057e-01
2.341500000000000000e+03 1.808490000000000097e-01
2.345500000000000000e+03 1.833079999999999987e-01
2.349500000000000000e+03 1.869820000000000093e-01
2.353500000000000000e+03 1.922740000000000005e-01
2.357500000000000000e+03 2.010830000000000117e-01
2.361500000000000000e+03 2.137910000000000088e-01
2.365500000000000000e+03 2.352990000000000081e-01
2.369500000000000000e+03 2.646910000000000096e-01
2.373500000000000000e+03 3.103360000000000007e-01
2.377500000000000000e+03 3.669589999999999796e-01
2.381500000000000000e+03 4.402150000000000230e-01
2.385500000000000000e+03 5.226359999999999895e-01
2.389500000000000000e+03 6.090330000000000465e-01
2.393500000000000000e+03 6.978280000000000038e-01
2.397500000000000000e+03 7.760470000000000423e-01
2.401500000000000000e+03 8.462870000000000115e-01
2.405500000000000000e+03 8.995560000000000223e-01
2.409500000000000000e+03 9.375369999999999537e-01
2.413500000000000000e+03 9.611809999999999521e-01
2.417500000000000000e+03 9.736240000000000450e-01
2.421500000000000000e+03 9.790159999999999973e-01
2.425500000000000000e+03 9.813520000000000021e-01
2.429500000000000000e+03 9.835070000000000201e-01
2.433500000000000000e+03 9.856810000000000294e-01
2.437500000000000000e+03 9.899850000000000039e-01
2.441500000000000000e+03 9.946260000000000101e-01
2.445500000000000000e+03 9.974769999999999470e-01
2.449500000000000000e+03 1.000000000000000000e+00
2.453500000000000000e+03 9.987859999999999516e-01
2.457500000000000000e+03 9.954979999999999940e-01
2.461500000000000000e+03 9.891010000000000080e-01
2.465500000000000000e+03 9.810969999999999969e-01
2.469500000000000000e+03 9.726280000000000481e-01
2.473500000000000000e+03 9.625609999999999999e-01
2.477500000000000000e+03 9.489229999999999610e-01
2.481500000000000000e+03 9.314409999999999634e-01
2.485500000000000000e+03 9.051709999999999479e-01
2.489500000000000000e+03 8.717510000000000536e-01
2.493500000000000000e+03 8.243219999999999992e-01
2.497500000000000000e+03 7.669730000000000159e-01
2.501500000000000000e+03 6.954230000000000134e-01
2.505500000000000000e+03 6.183840000000000447e-01
2.509500000000000000e+03 5.382679999999999687e-01
2.513500000000000000e+03 4.603369999999999962e-01
2.517500000000000000e+03 3.935819999999999874e-01
2.521500000000000000e+03 3.370199999999999863e-01
2.525500000000000000e+03 2.953210000000000002e-01
2.529500000000000000e+03 2.637729999999999797e-01
2.533500000000000000e+03 2.420289999999999941e-01
2.537500000000000000e+03 2.265060000000000129e-01
2.541500000000000000e+03 2.163090000000000013e-01
2.545500000000000000e+03 2.093889999999999918e-01
2.549500000000000000e+03 2.048740000000000006e-01
2.553500000000000000e+03 2.012089999999999990e-01
2.557500000000000000e+03 1.979490000000000138e-01
2.561500000000000000e+03 1.953449999999999909e-01
2.565500000000000000e+03 1.932369999999999921e-01
2.569500000000000000e+03 1.914059999999999928e-01
2.573500000000000000e+03 1.899599999999999900e-01
2.577500000000000000e+03 1.885910000000000086e-01
2.581500000000000000e+03 1.872340000000000115e-01
2.585500000000000000e+03 1.859190000000000009e-01
2.589500000000000000e+03 1.845400000000000096e-01
2.593500000000000000e+03 1.830459999999999865e-01
2.597500000000000000e+03 1.816760000000000042e-01
2.601500000000000000e+03 1.803120000000000001e-01
2.605500000000000000e+03 1.788230000000000097e-01
2.609500000000000000e+03 1.772640000000000049e-01
2.613500000000000000e+03 1.758139999999999981e-01
2.617500000000000000e+03 1.743210000000000037e-01
2.621500000000000000e+03 1.728820000000000079e-01
2.625500000000000000e+03 1.714459999999999873e-01
2.629500000000000000e+03 1.701330000000000064e-01
2.633500000000000000e+03 1.687230000000000119e-01
2.637500000000000000e+03 1.671360000000000068e-01
2.641500000000000000e+03 1.655659999999999910e-01
2.645500000000000000e+03 1.636839999999999962e-01
2.649500000000000000e+03 1.614170000000000049e-01
2.653500000000000000e+03 1.584740000000000038e-01
2.657500000000000000e+03 1.549909999999999899e-01
2.661500000000000000e+03 1.505779999999999896e-01
2.665500000000000000e+03 1.455309999999999937e-01
2.669500000000000000e+03 1.398210000000000008e-01
2.673500000000000000e+03 1.336050000000000015e-01
2.677500000000000000e+03 1.269689999999999985e-01
2.681500000000000000e+03 1.202280000000000015e-01
2.685500000000000000e+03 1.133620000000000044e-01
2.689500000000000000e+03 1.063909999999999995e-01
2.693500000000000000e+03 9.957879999999999510e-02
2.697500000000000000e+03 9.301009999999999833e-02
2.701500000000000000e+03 8.666719999999999979e-02
2.705500000000000000e+03 8.089590000000000669e-02
2.709500000000000000e+03 7.547810000000000630e-02
2.713500000000000000e+03 7.061870000000000647e-02
2.717500000000000000e+03 6.610749999999999960e-02
2.721500000000000000e+03 6.213950000000000029e-02
2.725500000000000000e+03 5.844300000000000189e-02
2.729500000000000000e+03 5.526629999999999737e-02
2.733500000000000000e+03 5.230939999999999895e-02
2.737500000000000000e+03 4.973539999999999905e-02
2.741500000000000000e+03 4.734200000000000214e-02
2.745500000000000000e+03 4.523180000000000256e-02
2.749500000000000000e+03 4.318509999999999710e-02
2.753500000000000000e+03 4.137860000000000149e-02
2.757500000000000000e+03 3.953380000000000088e-02
2.761500000000000000e+03 3.781539999999999901e-02
2.765500000000000000e+03 3.607479999999999715e-02
2.769500000000000000e+03 3.431979999999999753e-02
2.773500000000000000e+03 3.248909999999999992e-02
2.777500000000000000e+03 3.055259999999999920e-02
2.781500000000000000e+03 2.866379999999999970e-02
2.785500000000000000e+03 2.680350000000000094e-02
2.789500000000000000e+03 2.487829999999999903e-02
2.793500000000000000e+03 2.283920000000000047e-02
2.797500000000000000e+03 2.082830000000000098e-02
2.801500000000000000e+03 1.882589999999999958e-02
2.805500000000000000e+03 1.697020000000000126e-02
2.809500000000000000e+03 1.524799999999999940e-02
2.813500000000000000e+03 1.354209999999999962e-02
2.817500000000000000e+03 1.199509999999999986e-02
2.821500000000000000e+03 1.048439999999999962e-02
2.825500000000000000e+03 9.120390000000000788e-03
2.829500000000000000e+03 7.872900000000000384e-03
2.833500000000000000e+03 6.714190000000000089e-03
2.837500000000000000e+03 5.717100000000000133e-03
2.841500000000000000e+03 4.804489999999999802e-03
2.845500000000000000e+03 4.027260000000000388e-03
2.849500000000000000e+03 3.336070000000000008e-03
2.853500000000000000e+03 2.730440000000000211e-03
2.857500000000000000e+03 2.249999999999999830e-03
2.861500000000000000e+03 1.841659999999999955e-03
2.865500000000000000e+03 1.511640000000000076e-03
2.869500000000000000e+03 1.232040000000000001e-03
2.873500000000000000e+03 1.004480000000000086e-03
2.877500000000000000e+03 8.199970000000000436e-04
2.881500000000000000e+03 6.672359999999999793e-04
2.885500000000000000e+03 5.467150000000000265e-04
2.889500000000000000e+03 4.462320000000000197e-04
2.893500000000000000e+03 3.682059999999999912e-04
2.897500000000000000e+03 3.066480000000000226e-04
2.901500000000000000e+03 2.575179999999999830e-04
2.905500000000000000e+03 2.201139999999999868e-04
2.909500000000000000e+03 1.897360000000000008e-04
2.913500000000000000e+03 1.665869999999999959e-04
2.917500000000000000e+03 1.480069999999999943e-04
2.921500000000000000e+03 1.332000000000000122e-04
2.925500000000000000e+03 1.220820000000000011e-04
2.929500000000000000e+03 1.132119999999999996e-04
2.933500000000000000e+03 1.068439999999999955e-04
2.937500000000000000e+03 1.017310000000000057e-04
2.941500000000000000e+03 9.787550000000000167e-05
2.945500000000000000e+03 9.445580000000000458e-05
2.949500000000000000e+03 9.094799999999999727e-05
2.953500000000000000e+03 8.757299999999999655e-05
2.957500000000000000e+03 8.441649999999999382e-05
2.961500000000000000e+03 8.220360000000000015e-05
2.965500000000000000e+03 8.031380000000000344e-05
2.969500000000000000e+03 7.860060000000000094e-05
2.973500000000000000e+03 7.696559999999999372e-05
2.977500000000000000e+03 7.559089999999999484e-05
2.981500000000000000e+03 7.441910000000000040e-05
2.985500000000000000e+03 7.289390000000000355e-05
2.989500000000000000e+03 7.087319999999999764e-05
2.993500000000000000e+03 6.843839999999999852e-05
2.997500000000000000e+03 6.609820000000000354e-05
3.001500000000000000e+03 6.384849999999999695e-05
3.005500000000000000e+03 6.182260000000000674e-05
3.009500000000000000e+03 5.986160000000000298e-05
3.013500000000000000e+03 5.824679999999999940e-05
3.017500000000000000e+03 5.694100000000000252e-05
3.021500000000000000e+03 5.594089999999999832e-05
3.025500000000000000e+03 5.547000000000000254e-05
3.029500000000000000e+03 5.522669999999999760e-05
3.033500000000000000e+03 5.522059999999999778e-05
3.037500000000000000e+03 5.531570000000000302e-05
3.041500000000000000e+03 5.541489999999999692e-05
3.045500000000000000e+03 5.570299999999999845e-05
3.049500000000000000e+03 5.617259999999999815e-05
3.053500000000000000e+03 5.682809999999999891e-05
3.057500000000000000e+03 5.763799999999999940e-05
3.061500000000000000e+03 5.897289999999999911e-05
3.065500000000000000e+03 6.048840000000000179e-05
3.069500000000000000e+03 6.204340000000000300e-05
3.073500000000000000e+03 6.396959999999999821e-05
3.077500000000000000e+03 6.594889999999999466e-05
3.081500000000000000e+03 6.799589999999999725e-05
3.085500000000000000e+03 7.074419999999999938e-05
3.089500000000000000e+03 7.365259999999999342e-05
3.093500000000000000e+03 7.651470000000000114e-05
3.097500000000000000e+03 8.074230000000000111e-05
3.101500000000000000e+03 8.602369999999999429e-05
3.105500000000000000e+03 9.132559999999999853e-05
3.109500000000000000e+03 9.763559999999999741e-05
3.113500000000000000e+03 1.054359999999999981e-04
3.117500000000000000e+03 1.132690000000000026e-04
3.121500000000000000e+03 1.221940000000000027e-04
3.125500000000000000e+03 1.342910000000000056e-04
3.129500000000000000e+03 1.465009999999999988e-04
3.133500000000000000e+03 1.595190000000000019e-04
3.137500000000000000e+03 1.765220000000000016e-04
3.141500000000000000e+03 1.941430000000000011e-04
3.145500000000000000e+03 2.121459999999999980e-04
3.149500000000000000e+03 2.351470000000000036e-04
3.153500000000000000e+03 2.594119999999999890e-04
3.157500000000000000e+03 2.834979999999999748e-04
3.161500000000000000e+03 3.104320000000000256e-04
3.165500000000000000e+03 3.391000000000000025e-04
3.169500000000000000e+03 3.678900000000000030e-04
3.173500000000000000e+03 3.971739999999999754e-04
3.177500000000000000e+03 4.255819999999999785e-04
3.181500000000000000e+03 4.483220000000000217e-04
3.185500000000000000e+03 4.690079999999999792e-04
3.189500000000000000e+03 4.869779999999999985e-04
3.193500000000000000e+03 5.066619999999999544e-04
3.197500000000000000e+03 5.292229999999999981e-04
3.201500000000000000e+03 5.445579999999999995e-04
3.205500000000000000e+03 5.593969999999999975e-04
3.209500000000000000e+03 5.723030000000000261e-04
3.213500000000000000e+03 5.742990000000000117e-04
3.217500000000000000e+03 5.746119999999999527e-04
3.221500000000000000e+03 5.743319999999999892e-04
3.225500000000000000e+03 5.639570000000000216e-04
3.229500000000000000e+03 5.507280000000000031e-04
3.233500000000000000e+03 5.374390000000000157e-04
3.237500000000000000e+03 5.177079999999999703e-04
3.241500000000000000e+03 4.946069999999999894e-04
3.245500000000000000e+03 4.715049999999999927e-04
3.249500000000000000e+03 4.461280000000000085e-04
3.253500000000000000e+03 4.185309999999999812e-04
3.257500000000000000e+03 3.909919999999999997e-04
3.261500000000000000e+03 3.637059999999999902e-04
3.265500000000000000e+03 3.369350000000000123e-04
3.269500000000000000e+03 3.100800000000000127e-04
3.273500000000000000e+03 2.839489999999999744e-04
3.277500000000000000e+03 2.604940000000000033e-04
3.281500000000000000e+03 2.370790000000000115e-04
3.285500000000000000e+03 2.142299999999999868e-04
3.289500000000000000e+03 1.951800000000000117e-04
3.293500000000000000e+03 1.768349999999999967e-04
3.297500000000000000e+03 1.587109999999999921e-04
3.301500000000000000e+03 1.444360000000000110e-04
3.305500000000000000e+03 1.313250000000000073e-04
3.309500000000000000e+03 1.181760000000000015e-04
3.313500000000000000e+03 1.080530000000000038e-04
3.317500000000000000e+03 9.963949999999999359e-05
3.321500000000000000e+03 9.115340000000000042e-05
3.325500000000000000e+03 8.452880000000000289e-05
3.329500000000000000e+03 7.996860000000000546e-05
3.333500000000000000e+03 7.547540000000000585e-05
3.337500000000000000e+03 7.198610000000000523e-05
3.341500000000000000e+03 7.057260000000000258e-05
3.345500000000000000e+03 6.921670000000000426e-05
3.349500000000000000e+03 6.817739999999999543e-05
3.353500000000000000e+03 6.837340000000000507e-05
3.357500000000000000e+03 6.875529999999999543e-05
3.361500000000000000e+03 6.940139999999999591e-05
3.365500000000000000e+03 7.102280000000000041e-05
3.369500000000000000e+03 7.269400000000000568e-05
3.373500000000000000e+03 7.433330000000000200e-05
3.377500000000000000e+03 7.613110000000000027e-05
3.381500000000000000e+03 7.802259999999999393e-05
3.385500000000000000e+03 7.988999999999999574e-05
3.389500000000000000e+03 8.129740000000000534e-05
3.393500000000000000e+03 8.253019999999999801e-05
3.397500000000000000e+03 8.395389999999999591e-05
3.401500000000000000e+03 8.520209999999999524e-05
3.405500000000000000e+03 8.595129999999999817e-05
3.409500000000000000e+03 8.672289999999999600e-05
3.413500000000000000e+03 8.717250000000000606e-05
3.417500000000000000e+03 8.692499999999999869e-05
3.421500000000000000e+03 8.663129999999999843e-05
3.425500000000000000e+03 8.617240000000000186e-05
3.429500000000000000e+03 8.523349999999999633e-05
3.433500000000000000e+03 8.425049999999999575e-05
3.437500000000000000e+03 8.326559999999999778e-05
3.441500000000000000e+03 8.267279999999999898e-05
3.445500000000000000e+03 8.222960000000000295e-05
3.449500000000000000e+03 8.185510000000000171e-05
3.453500000000000000e+03 8.171609999999999508e-05
3.457500000000000000e+03 8.157190000000000415e-05
3.461500000000000000e+03 8.136110000000000271e-05
3.465500000000000000e+03 8.204289999999999337e-05
3.469500000000000000e+03 8.350579999999999592e-05
3.473500000000000000e+03 8.495870000000000364e-05
3.477500000000000000e+03 8.717210000000000518e-05
3.481500000000000000e+03 9.052670000000000183e-05
3.485500000000000000e+03 9.384570000000000173e-05
3.489500000000000000e+03 9.747069999999999497e-05
3.493500000000000000e+03 1.019970000000000062e-04
3.497500000000000000e+03 1.067500000000000062e-04
3.501500000000000000e+03 1.117440000000000062e-04
3.505500000000000000e+03 1.176539999999999953e-04
3.509500000000000000e+03 1.236809999999999971e-04
3.513500000000000000e+03 1.268929999999999928e-04
3.517500000000000000e+03 1.018559999999999952e-04
3.521500000000000000e+03 7.022089999999999712e-05
3.525500000000000000e+03 3.941419999999999950e-05
3.529500000000000000e+03 3.017689999999999902e-05
3.533500000000000000e+03 3.038510000000000153e-05
3.537500000000000000e+03 3.065849999999999793e-05
3.541500000000000000e+03 3.103450000000000246e-05
3.545500000000000000e+03 3.146519999999999818e-05
3.549500000000000000e+03 3.194030000000000317e-05
3.553500000000000000e+03 3.231209999999999849e-05
3.557500000000000000e+03 3.266999999999999722e-05
3.561500000000000000e+03 3.292800000000000051e-05
3.565500000000000000e+03 3.318989999999999880e-05
3.569500000000000000e+03 3.347260000000000204e-05
3.573500000000000000e+03 3.373450000000000033e-05
3.577500000000000000e+03 3.385180000000000003e-05
3.581500000000000000e+03 3.395639999999999900e-05
3.585500000000000000e+03 3.422010000000000123e-05
3.589500000000000000e+03 3.459750000000000206e-05
3.593500000000000000e+03 3.502070000000000167e-05
3.597500000000000000e+03 3.539979999999999944e-05
3.601500000000000000e+03 3.580759999999999916e-05
3.605500000000000000e+03 3.623550000000000230e-05
3.609500000000000000e+03 3.667050000000000068e-05
3.613500000000000000e+03 3.710199999999999815e-05
3.617500000000000000e+03 3.761769999999999730e-05
3.621500000000000000e+03 3.807960000000000045e-05
3.625500000000000000e+03 3.845120000000000211e-05
3.629500000000000000e+03 3.880229999999999948e-05
3.633500000000000000e+03 3.917470000000000289e-05
3.637500000000000000e+03 3.951899999999999890e-05
3.641500000000000000e+03 3.984090000000000000e-05
3.645500000000000000e+03 4.029079999999999717e-05
3.649500000000000000e+03 4.079340000000000147e-05
3.653500000000000000e+03 4.132329999999999787e-05
3.657500000000000000e+03 4.183830000000000226e-05
3.661500000000000000e+03 4.239269999999999817e-05
3.665500000000000000e+03 4.281130000000000124e-05
3.669500000000000000e+03 4.315450000000000161e-05
3.673500000000000000e+03 4.351340000000000253e-05
3.677500000000000000e+03 4.397360000000000195e-05
3.681500000000000000e+03 4.444250000000000013e-05
3.685500000000000000e+03 4.491119999999999786e-05
3.689500000000000000e+03 4.541000000000000060e-05
3.693500000000000000e+03 4.601640000000000212e-05
3.697500000000000000e+03 4.669439999999999800e-05
3.701500000000000000e+03 4.734079999999999912e-05
3.705500000000000000e+03 4.800660000000000214e-05
3.709500000000000000e+03 4.866130000000000114e-05
3.713500000000000000e+03 4.934460000000000186e-05
3.717500000000000000e+03 5.006569999999999738e-05
3.721500000000000000e+03 5.082740000000000061e-05
3.725500000000000000e+03 5.149870000000000212e-05
3.729500000000000000e+03 5.213279999999999661e-05
3.733500000000000000e+03 5.269480000000000241e-05
3.737500000000000000e+03 5.321720000000000270e-05
3.741500000000000000e+03 5.296229999999999943e-05
3.745500000000000000e+03 4.999249999999999950e-05
3.749500000000000000e+03 4.685390000000000214e-05
3.753500000000000000e+03 4.669189999999999929e-05
3.757500000000000000e+03 4.831850000000000164e-05
3.761500000000000000e+03 4.962260000000000157e-05
3.765500000000000000e+03 5.008529999999999970e-05
3.769500000000000000e+03 5.056140000000000010e-05
3.773500000000000000e+03 5.258930000000000147e-05
3.777500000000000000e+03 5.538870000000000046e-05
3.781500000000000000e+03 5.751260000000000226e-05
3.785500000000000000e+03 5.796300000000000052e-05
3.789500000000000000e+03 5.735039999999999897e-05
3.793500000000000000e+03 5.590639999999999721e-05
3.797500000000000000e+03 5.491260000000000005e-05
3.801500000000000000e+03 5.549060000000000028e-05
3.805500000000000000e+03 5.588459999999999684e-05
3.809500000000000000e+03 5.491869999999999987e-05
3.813500000000000000e+03 4.514540000000000317e-05
3.817500000000000000e+03 3.288449999999999999e-05
3.821500000000000000e+03 2.713080000000000119e-05
3.825500000000000000e+03 2.906599999999999920e-05
3.829500000000000000e+03 3.118620000000000306e-05
3.833500000000000000e+03 3.250909999999999678e-05
3.837500000000000000e+03 3.342670000000000304e-05
3.841500000000000000e+03 3.356609999999999699e-05
3.845500000000000000e+03 3.349629999999999979e-05
3.849500000000000000e+03 3.318460000000000073e-05
3.853500000000000000e+03 2.832429999999999917e-05
3.857500000000000000e+03 2.086610000000000000e-05
3.861500000000000000e+03 1.036349999999999996e-05
3.865500000000000000e+03 3.518880000000000180e-06
