3.251000000000000000e+03 0.000000000000000000e+00
3.258000000000000000e+03 3.915189999999999737e-07
3.265000000000000000e+03 3.286919999999999948e-06
3.272000000000000000e+03 6.378219999999999895e-06
3.279000000000000000e+03 6.814899999999999753e-06
3.286000000000000000e+03 6.528009999999999862e-06
3.293000000000000000e+03 6.211549999999999846e-06
3.300000000000000000e+03 5.884519999999999862e-06
3.307000000000000000e+03 5.749369999999999978e-06
3.314000000000000000e+03 5.739499999999999851e-06
3.321000000000000000e+03 5.730209999999999640e-06
3.328000000000000000e+03 5.721539999999999603e-06
3.335000000000000000e+03 5.966270000000000392e-06
3.342000000000000000e+03 1.627499999999999918e-05
3.349000000000000000e+03 3.130660000000000279e-05
3.356000000000000000e+03 3.510760000000000248e-05
3.363000000000000000e+03 3.577569999999999698e-05
3.370000000000000000e+03 4.195959999999999718e-05
3.377000000000000000e+03 4.881749999999999805e-05
3.384000000000000000e+03 5.291179999999999712e-05
3.391000000000000000e+03 6.906349999999999360e-05
3.398000000000000000e+03 8.764179999999999833e-05
3.405000000000000000e+03 9.385130000000000046e-05
3.412000000000000000e+03 9.437299999999999921e-05
3.419000000000000000e+03 9.526210000000000396e-05
3.426000000000000000e+03 9.665379999999999946e-05
3.433000000000000000e+03 9.713100000000000228e-05
3.440000000000000000e+03 9.799680000000000337e-05
3.447000000000000000e+03 1.003090000000000047e-04
3.454000000000000000e+03 1.027140000000000063e-04
3.461000000000000000e+03 1.041530000000000038e-04
3.468000000000000000e+03 1.059280000000000063e-04
3.475000000000000000e+03 1.079480000000000039e-04
3.482000000000000000e+03 1.088109999999999989e-04
3.489000000000000000e+03 1.090180000000000055e-04
3.496000000000000000e+03 1.097160000000000046e-04
3.503000000000000000e+03 1.103689999999999999e-04
3.510000000000000000e+03 1.106819999999999950e-04
3.517000000000000000e+03 1.108970000000000057e-04
3.524000000000000000e+03 1.118699999999999979e-04
3.531000000000000000e+03 1.130660000000000047e-04
3.538000000000000000e+03 1.146980000000000054e-04
3.545000000000000000e+03 1.161269999999999946e-04
3.552000000000000000e+03 1.174030000000000006e-04
3.559000000000000000e+03 1.188430000000000004e-04
3.566000000000000000e+03 1.206459999999999965e-04
3.573000000000000000e+03 1.235529999999999875e-04
3.580000000000000000e+03 1.269390000000000123e-04
3.587000000000000000e+03 1.300370000000000020e-04
3.594000000000000000e+03 1.326599999999999936e-04
3.601000000000000000e+03 1.345949999999999946e-04
3.608000000000000000e+03 1.362780000000000122e-04
3.615000000000000000e+03 1.379130000000000059e-04
3.622000000000000000e+03 1.400089999999999939e-04
3.629000000000000000e+03 1.431279999999999890e-04
3.636000000000000000e+03 1.457870000000000053e-04
3.643000000000000000e+03 1.481750000000000103e-04
3.650000000000000000e+03 1.506860000000000003e-04
3.657000000000000000e+03 1.537599999999999915e-04
3.664000000000000000e+03 1.567770000000000068e-04
3.671000000000000000e+03 1.601480000000000123e-04
3.678000000000000000e+03 1.636379999999999942e-04
3.685000000000000000e+03 1.675210000000000110e-04
3.692000000000000000e+03 1.709849999999999901e-04
3.699000000000000000e+03 1.748230000000000031e-04
3.706000000000000000e+03 1.796520000000000072e-04
3.713000000000000000e+03 1.841699999999999934e-04
3.720000000000000000e+03 1.880999999999999914e-04
3.727000000000000000e+03 1.908550000000000014e-04
3.734000000000000000e+03 1.933059999999999954e-04
3.741000000000000000e+03 1.955159999999999895e-04
3.748000000000000000e+03 1.981130000000000055e-04
3.755000000000000000e+03 2.026650000000000120e-04
3.762000000000000000e+03 2.081600000000000128e-04
3.769000000000000000e+03 2.139069999999999969e-04
3.776000000000000000e+03 2.196289999999999939e-04
3.783000000000000000e+03 2.252929999999999993e-04
3.790000000000000000e+03 2.318789999999999935e-04
3.797000000000000000e+03 2.394519999999999971e-04
3.804000000000000000e+03 2.467419999999999900e-04
3.811000000000000000e+03 2.540080000000000116e-04
3.818000000000000000e+03 2.617610000000000032e-04
3.825000000000000000e+03 2.701380000000000079e-04
3.832000000000000000e+03 2.780680000000000218e-04
3.839000000000000000e+03 2.855600000000000239e-04
3.846000000000000000e+03 2.943140000000000014e-04
3.853000000000000000e+03 3.041340000000000124e-04
3.860000000000000000e+03 3.141479999999999880e-04
3.867000000000000000e+03 3.242210000000000252e-04
3.874000000000000000e+03 3.355540000000000063e-04
3.881000000000000000e+03 3.467499999999999988e-04
3.888000000000000000e+03 3.579300000000000103e-04
3.895000000000000000e+03 3.581839999999999980e-04
3.902000000000000000e+03 3.561130000000000241e-04
3.909000000000000000e+03 3.646440000000000141e-04
3.916000000000000000e+03 3.782680000000000179e-04
3.923000000000000000e+03 3.970719999999999957e-04
3.930000000000000000e+03 4.168630000000000100e-04
3.937000000000000000e+03 4.506910000000000256e-04
3.944000000000000000e+03 4.823370000000000001e-04
3.951000000000000000e+03 5.016649999999999885e-04
3.958000000000000000e+03 5.185429999999999987e-04
3.965000000000000000e+03 5.513669999999999813e-04
3.972000000000000000e+03 5.945940000000000470e-04
3.979000000000000000e+03 6.467670000000000233e-04
3.986000000000000000e+03 7.123849999999999497e-04
3.993000000000000000e+03 7.952639999999999536e-04
4.000000000000000000e+03 8.813960000000000024e-04
4.007000000000000000e+03 9.742789999999999871e-04
4.014000000000000000e+03 1.099380000000000062e-03
4.021000000000000000e+03 1.395650000000000016e-03
4.028000000000000000e+03 1.731700000000000080e-03
4.035000000000000000e+03 2.120229999999999858e-03
4.042000000000000000e+03 2.554630000000000008e-03
4.049000000000000000e+03 3.247780000000000025e-03
4.056000000000000000e+03 4.071889999999999885e-03
4.063000000000000000e+03 5.171239999999999691e-03
4.070000000000000000e+03 6.542309999999999966e-03
4.077000000000000000e+03 8.185629999999999296e-03
4.084000000000000000e+03 1.009810000000000048e-02
4.091000000000000000e+03 1.227879999999999944e-02
4.098000000000000000e+03 1.489590000000000011e-02
4.105000000000000000e+03 1.766449999999999965e-02
4.112000000000000000e+03 2.080370000000000136e-02
4.119000000000000000e+03 2.429620000000000044e-02
4.126000000000000000e+03 2.816959999999999950e-02
4.133000000000000000e+03 3.246919999999999668e-02
4.140000000000000000e+03 3.718830000000000052e-02
4.147000000000000000e+03 4.239949999999999969e-02
4.154000000000000000e+03 4.784950000000000314e-02
4.161000000000000000e+03 5.378700000000000148e-02
4.168000000000000000e+03 6.012300000000000283e-02
4.175000000000000000e+03 6.707059999999999411e-02
4.182000000000000000e+03 7.483510000000000162e-02
4.189000000000000000e+03 8.359189999999999676e-02
4.196000000000000000e+03 9.391370000000000273e-02
4.203000000000000000e+03 1.057509999999999978e-01
4.210000000000000000e+03 1.196649999999999936e-01
4.217000000000000000e+03 1.353709999999999913e-01
4.224000000000000000e+03 1.531019999999999881e-01
4.231000000000000000e+03 1.725810000000000122e-01
4.238000000000000000e+03 1.943070000000000075e-01
4.245000000000000000e+03 2.176990000000000036e-01
4.252000000000000000e+03 2.432410000000000128e-01
4.259000000000000000e+03 2.705000000000000182e-01
4.266000000000000000e+03 2.975119999999999987e-01
4.273000000000000000e+03 3.262669999999999737e-01
4.280000000000000000e+03 3.557839999999999892e-01
4.287000000000000000e+03 3.871419999999999861e-01
4.294000000000000000e+03 4.215269999999999850e-01
4.301000000000000000e+03 4.569869999999999766e-01
4.308000000000000000e+03 4.933409999999999740e-01
4.315000000000000000e+03 5.299589999999999579e-01
4.322000000000000000e+03 5.654759999999999787e-01
4.329000000000000000e+03 5.990180000000000504e-01
4.336000000000000000e+03 6.278759999999999897e-01
4.343000000000000000e+03 6.539890000000000425e-01
4.350000000000000000e+03 6.788359999999999950e-01
4.357000000000000000e+03 7.006719999999999615e-01
4.364000000000000000e+03 7.211130000000000040e-01
4.371000000000000000e+03 7.361769999999999703e-01
4.378000000000000000e+03 7.447529999999999983e-01
4.385000000000000000e+03 7.568719999999999892e-01
4.392000000000000000e+03 7.711029999999999829e-01
4.399000000000000000e+03 7.831460000000000088e-01
4.406000000000000000e+03 7.922249999999999570e-01
4.413000000000000000e+03 7.948840000000000350e-01
4.420000000000000000e+03 7.987910000000000288e-01
4.427000000000000000e+03 8.091859999999999609e-01
4.434000000000000000e+03 8.227910000000000501e-01
4.441000000000000000e+03 8.344519999999999715e-01
4.448000000000000000e+03 8.471269999999999634e-01
4.455000000000000000e+03 8.581299999999999484e-01
4.462000000000000000e+03 8.704709999999999948e-01
4.469000000000000000e+03 8.860059999999999603e-01
4.476000000000000000e+03 8.991419999999999968e-01
4.483000000000000000e+03 9.106710000000000083e-01
4.490000000000000000e+03 9.198790000000000022e-01
4.497000000000000000e+03 9.242219999999999880e-01
4.504000000000000000e+03 9.280589999999999673e-01
4.511000000000000000e+03 9.275740000000000096e-01
4.518000000000000000e+03 9.263259999999999827e-01
4.525000000000000000e+03 9.313200000000000367e-01
4.532000000000000000e+03 9.401310000000000500e-01
4.539000000000000000e+03 9.526489999999999680e-01
4.546000000000000000e+03 9.659360000000000168e-01
4.553000000000000000e+03 9.764100000000000001e-01
4.560000000000000000e+03 9.888609999999999900e-01
4.567000000000000000e+03 9.968040000000000234e-01
4.574000000000000000e+03 1.000000000000000000e+00
4.581000000000000000e+03 9.987800000000000011e-01
4.588000000000000000e+03 9.901929999999999898e-01
4.595000000000000000e+03 9.807240000000000402e-01
4.602000000000000000e+03 9.727090000000000458e-01
4.609000000000000000e+03 9.663310000000000510e-01
4.616000000000000000e+03 9.630779999999999896e-01
4.623000000000000000e+03 9.607210000000000472e-01
4.630000000000000000e+03 9.607679999999999554e-01
4.637000000000000000e+03 9.615449999999999831e-01
4.644000000000000000e+03 9.602349999999999497e-01
4.651000000000000000e+03 9.556090000000000417e-01
4.658000000000000000e+03 9.429680000000000284e-01
4.665000000000000000e+03 9.271819999999999506e-01
4.672000000000000000e+03 9.048819999999999641e-01
4.679000000000000000e+03 8.822410000000000529e-01
4.686000000000000000e+03 8.613480000000000025e-01
4.693000000000000000e+03 8.419470000000000010e-01
4.700000000000000000e+03 8.292370000000000019e-01
4.707000000000000000e+03 8.194669999999999455e-01
4.714000000000000000e+03 8.121019999999999905e-01
4.721000000000000000e+03 8.043919999999999959e-01
4.728000000000000000e+03 7.945769999999999778e-01
4.735000000000000000e+03 7.786610000000000475e-01
4.742000000000000000e+03 7.616319999999999757e-01
4.749000000000000000e+03 7.391849999999999810e-01
4.756000000000000000e+03 7.135880000000000001e-01
4.763000000000000000e+03 6.883719999999999839e-01
4.770000000000000000e+03 6.628220000000000223e-01
4.777000000000000000e+03 6.416119999999999601e-01
4.784000000000000000e+03 6.246319999999999650e-01
4.791000000000000000e+03 6.103709999999999969e-01
4.798000000000000000e+03 6.005669999999999620e-01
4.805000000000000000e+03 5.913890000000000535e-01
4.812000000000000000e+03 5.815230000000000121e-01
4.819000000000000000e+03 5.715280000000000360e-01
4.826000000000000000e+03 5.614510000000000334e-01
4.833000000000000000e+03 5.479559999999999986e-01
4.840000000000000000e+03 5.340329999999999799e-01
4.847000000000000000e+03 5.162379999999999747e-01
4.854000000000000000e+03 4.984460000000000002e-01
4.861000000000000000e+03 4.815479999999999761e-01
4.868000000000000000e+03 4.661649999999999960e-01
4.875000000000000000e+03 4.485359999999999903e-01
4.882000000000000000e+03 4.314830000000000054e-01
4.889000000000000000e+03 4.139749999999999819e-01
4.896000000000000000e+03 3.965259999999999896e-01
4.903000000000000000e+03 3.765370000000000106e-01
4.910000000000000000e+03 3.555490000000000039e-01
4.917000000000000000e+03 3.349639999999999840e-01
4.924000000000000000e+03 3.156329999999999969e-01
4.931000000000000000e+03 3.015599999999999947e-01
4.938000000000000000e+03 2.908649999999999847e-01
4.945000000000000000e+03 2.842749999999999999e-01
4.952000000000000000e+03 2.780750000000000166e-01
4.959000000000000000e+03 2.733729999999999771e-01
4.966000000000000000e+03 2.678329999999999878e-01
4.973000000000000000e+03 2.630049999999999888e-01
4.980000000000000000e+03 2.589199999999999835e-01
4.987000000000000000e+03 2.535129999999999884e-01
4.994000000000000000e+03 2.473190000000000111e-01
5.001000000000000000e+03 2.407420000000000115e-01
5.008000000000000000e+03 2.344160000000000132e-01
5.015000000000000000e+03 2.279990000000000072e-01
5.022000000000000000e+03 2.207899999999999863e-01
5.029000000000000000e+03 2.123589999999999922e-01
5.036000000000000000e+03 2.030619999999999925e-01
5.043000000000000000e+03 1.935840000000000061e-01
5.050000000000000000e+03 1.835209999999999897e-01
5.057000000000000000e+03 1.728919999999999901e-01
5.064000000000000000e+03 1.617689999999999961e-01
5.071000000000000000e+03 1.501230000000000064e-01
5.078000000000000000e+03 1.389080000000000037e-01
5.085000000000000000e+03 1.281110000000000027e-01
5.092000000000000000e+03 1.182779999999999943e-01
5.099000000000000000e+03 1.090880000000000044e-01
5.106000000000000000e+03 1.007630000000000053e-01
5.113000000000000000e+03 9.326270000000000393e-02
5.120000000000000000e+03 8.623319999999999597e-02
5.127000000000000000e+03 7.988689999999999680e-02
5.134000000000000000e+03 7.398540000000000671e-02
5.141000000000000000e+03 6.875620000000000342e-02
5.148000000000000000e+03 6.399559999999999971e-02
5.155000000000000000e+03 5.959690000000000126e-02
5.162000000000000000e+03 5.561019999999999852e-02
5.169000000000000000e+03 5.184029999999999888e-02
5.176000000000000000e+03 4.842040000000000233e-02
5.183000000000000000e+03 4.511310000000000320e-02
5.190000000000000000e+03 4.204689999999999817e-02
5.197000000000000000e+03 3.913989999999999830e-02
5.204000000000000000e+03 3.636910000000000143e-02
5.211000000000000000e+03 3.370999999999999691e-02
5.218000000000000000e+03 3.112509999999999930e-02
5.225000000000000000e+03 2.862320000000000142e-02
5.232000000000000000e+03 2.631440000000000168e-02
5.239000000000000000e+03 2.391000000000000070e-02
5.246000000000000000e+03 2.067070000000000018e-02
5.253000000000000000e+03 1.773939999999999892e-02
5.260000000000000000e+03 1.598549999999999971e-02
5.267000000000000000e+03 1.435359999999999935e-02
5.274000000000000000e+03 1.282389999999999919e-02
5.281000000000000000e+03 1.119249999999999932e-02
5.288000000000000000e+03 9.182169999999999915e-03
5.295000000000000000e+03 7.397189999999999668e-03
5.302000000000000000e+03 6.327479999999999910e-03
5.309000000000000000e+03 5.313799999999999600e-03
5.316000000000000000e+03 3.652240000000000174e-03
5.323000000000000000e+03 1.740760000000000050e-03
5.330000000000000000e+03 6.515769999999999722e-04
5.337000000000000000e+03 1.992340000000000105e-04
5.344000000000000000e+03 1.886690000000000058e-04
5.351000000000000000e+03 1.705970000000000067e-04
5.358000000000000000e+03 1.389920000000000001e-04
5.365000000000000000e+03 1.057980000000000059e-04
5.372000000000000000e+03 9.239419999999999708e-05
5.379000000000000000e+03 9.116450000000000443e-05
5.386000000000000000e+03 8.911159999999999567e-05
5.393000000000000000e+03 8.656920000000000457e-05
5.400000000000000000e+03 8.398980000000000009e-05
5.407000000000000000e+03 8.137029999999999578e-05
5.414000000000000000e+03 7.834450000000000181e-05
5.421000000000000000e+03 7.453000000000000640e-05
5.428000000000000000e+03 7.079770000000000149e-05
5.435000000000000000e+03 6.740749999999999455e-05
5.442000000000000000e+03 6.085360000000000297e-05
5.449000000000000000e+03 3.446979999999999988e-05
5.456000000000000000e+03 6.476489999999999888e-06
