1.525500000000000000e+03 0.000000000000000000e+00
1.529500000000000000e+03 8.803770000000000402e-11
1.533500000000000000e+03 8.585139999999999989e-10
1.537500000000000000e+03 1.799559999999999936e-09
1.541500000000000000e+03 2.200979999999999983e-09
1.545500000000000000e+03 1.643360000000000000e-09
1.549500000000000000e+03 1.910749999999999838e-09
1.553500000000000000e+03 3.030370000000000155e-09
1.557500000000000000e+03 3.624749999999999916e-09
1.561500000000000000e+03 2.436840000000000035e-09
1.565500000000000000e+03 8.783049999999999981e-10
1.569500000000000000e+03 8.237989999999999797e-11
1.573500000000000000e+03 1.277580000000000096e-12
1.577500000000000000e+03 1.470559999999999946e-12
1.581500000000000000e+03 1.657519999999999989e-12
1.585500000000000000e+03 1.839990000000000120e-12
1.589500000000000000e+03 2.020150000000000030e-12
1.593500000000000000e+03 2.196099999999999902e-12
1.597500000000000000e+03 2.370209999999999853e-12
1.601500000000000000e+03 2.541890000000000188e-12
1.605500000000000000e+03 2.710919999999999923e-12
1.609500000000000000e+03 2.878839999999999878e-12
1.613500000000000000e+03 3.049849999999999975e-12
1.617500000000000000e+03 3.227640000000000169e-12
1.621500000000000000e+03 2.209310000000000015e-08
1.625500000000000000e+03 3.127269999999999918e-07
1.629500000000000000e+03 6.972759999999999500e-07
1.633500000000000000e+03 1.163329999999999922e-06
1.637500000000000000e+03 1.785699999999999903e-06
1.641500000000000000e+03 2.662879999999999821e-06
1.645500000000000000e+03 3.836160000000000385e-06
1.649500000000000000e+03 5.059980000000000130e-06
1.653500000000000000e+03 6.425219999999999615e-06
1.657500000000000000e+03 7.906150000000000528e-06
1.661500000000000000e+03 9.348219999999999411e-06
1.665500000000000000e+03 1.072009999999999923e-05
1.669500000000000000e+03 1.209680000000000080e-05
1.673500000000000000e+03 1.355080000000000077e-05
1.677500000000000000e+03 1.511650000000000003e-05
1.681500000000000000e+03 1.671470000000000109e-05
1.685500000000000000e+03 1.859510000000000091e-05
1.689500000000000000e+03 2.080750000000000026e-05
1.693500000000000000e+03 2.308810000000000007e-05
1.697500000000000000e+03 2.556700000000000102e-05
1.701500000000000000e+03 2.818499999999999866e-05
1.705500000000000000e+03 3.108740000000000326e-05
1.709500000000000000e+03 3.379919999999999989e-05
1.713500000000000000e+03 3.652820000000000036e-05
1.717500000000000000e+03 3.921400000000000097e-05
1.721500000000000000e+03 4.181610000000000101e-05
1.725500000000000000e+03 4.376859999999999968e-05
1.729500000000000000e+03 4.520300000000000072e-05
1.733500000000000000e+03 4.658939999999999815e-05
1.737500000000000000e+03 4.800769999999999777e-05
1.741500000000000000e+03 4.943400000000000138e-05
1.745500000000000000e+03 5.086949999999999805e-05
1.749500000000000000e+03 5.238290000000000291e-05
1.753500000000000000e+03 5.390650000000000303e-05
1.757500000000000000e+03 5.541279999999999909e-05
1.761500000000000000e+03 5.691260000000000123e-05
1.765500000000000000e+03 5.847680000000000228e-05
1.769500000000000000e+03 6.015430000000000104e-05
1.773500000000000000e+03 6.185960000000000655e-05
1.777500000000000000e+03 6.359179999999999651e-05
1.781500000000000000e+03 6.540080000000000578e-05
1.785500000000000000e+03 6.722189999999999416e-05
1.789500000000000000e+03 6.920459999999999806e-05
1.793500000000000000e+03 7.126750000000000164e-05
1.797500000000000000e+03 7.343870000000000552e-05
1.801500000000000000e+03 7.573889999999999410e-05
1.805500000000000000e+03 7.811389999999999762e-05
1.809500000000000000e+03 8.089730000000000217e-05
1.813500000000000000e+03 8.393440000000000059e-05
1.817500000000000000e+03 8.717960000000000130e-05
1.821500000000000000e+03 9.142359999999999658e-05
1.825500000000000000e+03 9.584489999999999438e-05
1.829500000000000000e+03 9.897380000000000435e-05
1.833500000000000000e+03 1.006279999999999995e-04
1.837500000000000000e+03 1.027389999999999933e-04
1.841500000000000000e+03 1.052720000000000045e-04
1.845500000000000000e+03 1.078339999999999979e-04
1.849500000000000000e+03 1.073800000000000053e-04
1.853500000000000000e+03 1.036229999999999937e-04
1.857500000000000000e+03 9.915169999999999464e-05
1.861500000000000000e+03 9.311850000000000639e-05
1.865500000000000000e+03 8.638590000000000244e-05
1.869500000000000000e+03 8.019999999999999785e-05
1.873500000000000000e+03 7.562989999999999904e-05
1.877500000000000000e+03 7.083820000000000221e-05
1.881500000000000000e+03 6.484010000000000283e-05
1.885500000000000000e+03 5.823339999999999712e-05
1.889500000000000000e+03 5.301669999999999674e-05
1.893500000000000000e+03 5.129629999999999878e-05
1.897500000000000000e+03 5.091490000000000273e-05
1.901500000000000000e+03 5.049909999999999902e-05
1.905500000000000000e+03 5.002959999999999954e-05
1.909500000000000000e+03 4.959969999999999879e-05
1.913500000000000000e+03 4.933959999999999767e-05
1.917500000000000000e+03 4.914090000000000244e-05
1.921500000000000000e+03 4.894779999999999915e-05
1.925500000000000000e+03 4.877530000000000038e-05
1.929500000000000000e+03 4.859189999999999804e-05
1.933500000000000000e+03 4.846779999999999697e-05
1.937500000000000000e+03 4.840909999999999701e-05
1.941500000000000000e+03 4.848540000000000168e-05
1.945500000000000000e+03 4.882170000000000048e-05
1.949500000000000000e+03 4.922150000000000299e-05
1.953500000000000000e+03 4.969020000000000072e-05
1.957500000000000000e+03 5.018880000000000303e-05
1.961500000000000000e+03 5.074410000000000091e-05
1.965500000000000000e+03 5.156139999999999731e-05
1.969500000000000000e+03 5.249799999999999779e-05
1.973500000000000000e+03 5.380680000000000125e-05
1.977500000000000000e+03 5.550620000000000060e-05
1.981500000000000000e+03 5.730170000000000061e-05
1.985500000000000000e+03 5.940730000000000294e-05
1.989500000000000000e+03 6.163640000000000503e-05
1.993500000000000000e+03 6.428760000000000431e-05
1.997500000000000000e+03 6.765589999999999712e-05
2.001500000000000000e+03 7.128559999999999389e-05
2.005500000000000000e+03 7.591880000000000232e-05
2.009500000000000000e+03 8.103789999999999876e-05
2.013500000000000000e+03 8.681179999999999442e-05
2.017500000000000000e+03 9.413639999999999541e-05
2.021500000000000000e+03 1.019179999999999956e-04
2.025500000000000000e+03 1.119929999999999965e-04
2.029500000000000000e+03 1.239179999999999882e-04
2.033500000000000000e+03 1.372380000000000030e-04
2.037500000000000000e+03 1.549260000000000003e-04
2.041500000000000000e+03 1.740369999999999873e-04
2.045500000000000000e+03 1.986330000000000073e-04
2.049500000000000000e+03 2.292209999999999929e-04
2.053500000000000000e+03 2.637170000000000096e-04
2.057500000000000000e+03 3.252549999999999886e-04
2.061500000000000000e+03 4.113079999999999861e-04
2.065500000000000000e+03 5.246110000000000226e-04
2.069500000000000000e+03 6.640870000000000540e-04
2.073500000000000000e+03 8.102199999999999507e-04
2.077500000000000000e+03 1.049070000000000037e-03
2.081500000000000000e+03 1.378890000000000020e-03
2.085500000000000000e+03 1.754410000000000084e-03
2.089500000000000000e+03 2.259520000000000105e-03
2.093500000000000000e+03 2.824029999999999943e-03
2.097500000000000000e+03 3.594299999999999926e-03
2.101500000000000000e+03 4.535609999999999815e-03
2.105500000000000000e+03 5.602450000000000138e-03
2.109500000000000000e+03 7.024589999999999827e-03
2.113500000000000000e+03 8.607709999999999320e-03
2.117500000000000000e+03 1.045620000000000056e-02
2.121500000000000000e+03 1.266710000000000058e-02
2.125500000000000000e+03 1.502679999999999988e-02
2.129500000000000000e+03 1.767780000000000046e-02
2.133500000000000000e+03 2.058159999999999851e-02
2.137500000000000000e+03 2.355789999999999967e-02
2.141500000000000000e+03 2.669940000000000160e-02
2.145500000000000000e+03 2.994969999999999924e-02
2.149500000000000000e+03 3.305929999999999980e-02
2.153500000000000000e+03 3.615009999999999751e-02
2.157500000000000000e+03 3.912829999999999780e-02
2.161500000000000000e+03 4.178040000000000226e-02
2.165500000000000000e+03 4.432099999999999929e-02
2.169500000000000000e+03 4.659640000000000309e-02
2.173500000000000000e+03 4.858849999999999975e-02
2.177500000000000000e+03 5.047379999999999922e-02
2.181500000000000000e+03 5.207370000000000054e-02
2.185500000000000000e+03 5.348250000000000226e-02
2.189500000000000000e+03 5.487149999999999667e-02
2.193500000000000000e+03 5.614100000000000340e-02
2.197500000000000000e+03 5.740730000000000138e-02
2.201500000000000000e+03 5.869719999999999799e-02
2.205500000000000000e+03 5.995040000000000091e-02
2.209500000000000000e+03 6.121569999999999789e-02
2.213500000000000000e+03 6.253010000000000512e-02
2.217500000000000000e+03 6.385490000000000610e-02
2.221500000000000000e+03 6.514870000000000383e-02
2.225500000000000000e+03 6.649220000000000130e-02
2.229500000000000000e+03 6.783440000000000303e-02
2.233500000000000000e+03 6.912690000000000501e-02
2.237500000000000000e+03 7.040810000000000124e-02
2.241500000000000000e+03 7.172090000000000409e-02
2.245500000000000000e+03 7.301539999999999420e-02
2.249500000000000000e+03 7.434390000000000442e-02
2.253500000000000000e+03 7.569009999999999627e-02
2.257500000000000000e+03 7.700360000000000538e-02
2.261500000000000000e+03 7.833339999999999748e-02
2.265500000000000000e+03 7.970230000000000370e-02
2.269500000000000000e+03 8.108990000000000642e-02
2.273500000000000000e+03 8.254000000000000226e-02
2.277500000000000000e+03 8.402489999999999959e-02
2.281500000000000000e+03 8.549879999999999980e-02
2.285500000000000000e+03 8.695289999999999964e-02
2.289500000000000000e+03 8.839099999999999735e-02
2.293500000000000000e+03 8.984019999999999506e-02
2.297500000000000000e+03 9.129919999999999702e-02
2.301500000000000000e+03 9.273720000000000574e-02
2.305500000000000000e+03 9.413520000000000221e-02
2.309500000000000000e+03 9.546079999999999843e-02
2.313500000000000000e+03 9.673239999999999617e-02
2.317500000000000000e+03 9.795199999999999740e-02
2.321500000000000000e+03 9.912799999999999390e-02
2.325500000000000000e+03 1.002750000000000030e-01
2.329500000000000000e+03 1.013690000000000008e-01
2.333500000000000000e+03 1.024270000000000042e-01
2.337500000000000000e+03 1.034840000000000065e-01
2.341500000000000000e+03 1.045230000000000048e-01
2.345500000000000000e+03 1.055360000000000048e-01
2.349500000000000000e+03 1.065090000000000064e-01
2.353500000000000000e+03 1.074459999999999998e-01
2.357500000000000000e+03 1.083820000000000061e-01
2.361500000000000000e+03 1.093429999999999958e-01
2.365500000000000000e+03 1.102790000000000020e-01
2.369500000000000000e+03 1.111759999999999970e-01
2.373500000000000000e+03 1.120130000000000015e-01
2.377500000000000000e+03 1.127539999999999931e-01
2.381500000000000000e+03 1.134410000000000002e-01
2.385500000000000000e+03 1.140769999999999978e-01
2.389500000000000000e+03 1.146439999999999959e-01
2.393500000000000000e+03 1.151459999999999984e-01
2.397500000000000000e+03 1.155719999999999942e-01
2.401500000000000000e+03 1.159199999999999953e-01
2.405500000000000000e+03 1.162460000000000021e-01
2.409500000000000000e+03 1.165449999999999958e-01
2.413500000000000000e+03 1.168410000000000004e-01
2.417500000000000000e+03 1.171510000000000051e-01
2.421500000000000000e+03 1.175319999999999976e-01
2.425500000000000000e+03 1.181539999999999951e-01
2.429500000000000000e+03 1.191040000000000015e-01
2.433500000000000000e+03 1.204780000000000018e-01
2.437500000000000000e+03 1.225539999999999963e-01
2.441500000000000000e+03 1.260080000000000089e-01
2.445500000000000000e+03 1.319670000000000010e-01
2.449500000000000000e+03 1.419489999999999919e-01
2.453500000000000000e+03 1.583239999999999925e-01
2.457500000000000000e+03 1.834330000000000127e-01
2.461500000000000000e+03 2.195370000000000099e-01
2.465500000000000000e+03 2.682479999999999865e-01
2.469500000000000000e+03 3.291850000000000054e-01
2.473500000000000000e+03 4.014949999999999908e-01
2.477500000000000000e+03 4.818379999999999885e-01
2.481500000000000000e+03 5.666440000000000365e-01
2.485500000000000000e+03 6.487650000000000361e-01
2.489500000000000000e+03 7.254310000000000480e-01
2.493500000000000000e+03 7.900700000000000500e-01
2.497500000000000000e+03 8.417120000000000157e-01
2.501500000000000000e+03 8.804210000000000091e-01
2.505500000000000000e+03 9.067790000000000017e-01
2.509500000000000000e+03 9.251150000000000206e-01
2.513500000000000000e+03 9.374829999999999552e-01
2.517500000000000000e+03 9.475630000000000441e-01
2.521500000000000000e+03 9.550520000000000120e-01
2.525500000000000000e+03 9.615719999999999823e-01
2.529500000000000000e+03 9.675759999999999916e-01
2.533500000000000000e+03 9.732469999999999732e-01
2.537500000000000000e+03 9.782710000000000017e-01
2.541500000000000000e+03 9.830050000000000177e-01
2.545500000000000000e+03 9.876110000000000166e-01
2.549500000000000000e+03 9.915979999999999794e-01
2.553500000000000000e+03 9.952480000000000215e-01
2.557500000000000000e+03 9.985049999999999759e-01
2.561500000000000000e+03 1.000000000000000000e+00
2.565500000000000000e+03 9.989780000000000326e-01
2.569500000000000000e+03 9.930299999999999683e-01
2.573500000000000000e+03 9.801490000000000480e-01
2.577500000000000000e+03 9.579699999999999882e-01
2.581500000000000000e+03 9.257840000000000513e-01
2.585500000000000000e+03 8.795530000000000292e-01
2.589500000000000000e+03 8.203829999999999734e-01
2.593500000000000000e+03 7.479810000000000070e-01
2.597500000000000000e+03 6.672519999999999563e-01
2.601500000000000000e+03 5.814439999999999609e-01
2.605500000000000000e+03 4.957309999999999772e-01
2.609500000000000000e+03 4.146179999999999866e-01
2.613500000000000000e+03 3.422789999999999999e-01
2.617500000000000000e+03 2.814650000000000207e-01
2.621500000000000000e+03 2.335909999999999931e-01
2.625500000000000000e+03 1.979009999999999936e-01
2.629500000000000000e+03 1.733860000000000123e-01
2.633500000000000000e+03 1.573920000000000041e-01
2.637500000000000000e+03 1.473450000000000037e-01
2.641500000000000000e+03 1.415230000000000099e-01
2.645500000000000000e+03 1.377180000000000071e-01
2.649500000000000000e+03 1.351310000000000011e-01
2.653500000000000000e+03 1.334750000000000103e-01
2.657500000000000000e+03 1.326960000000000084e-01
2.661500000000000000e+03 1.322210000000000052e-01
2.665500000000000000e+03 1.317419999999999980e-01
2.669500000000000000e+03 1.314939999999999998e-01
2.673500000000000000e+03 1.314500000000000113e-01
2.677500000000000000e+03 1.313680000000000125e-01
2.681500000000000000e+03 1.313509999999999955e-01
2.685500000000000000e+03 1.313769999999999938e-01
2.689500000000000000e+03 1.312899999999999900e-01
2.693500000000000000e+03 1.311559999999999948e-01
2.697500000000000000e+03 1.310020000000000073e-01
2.701500000000000000e+03 1.306740000000000124e-01
2.705500000000000000e+03 1.301700000000000079e-01
2.709500000000000000e+03 1.296070000000000000e-01
2.713500000000000000e+03 1.289500000000000091e-01
2.717500000000000000e+03 1.280110000000000137e-01
2.721500000000000000e+03 1.268710000000000115e-01
2.725500000000000000e+03 1.255199999999999927e-01
2.729500000000000000e+03 1.239389999999999936e-01
2.733500000000000000e+03 1.221200000000000063e-01
2.737500000000000000e+03 1.201099999999999945e-01
2.741500000000000000e+03 1.178960000000000008e-01
2.745500000000000000e+03 1.155650000000000011e-01
2.749500000000000000e+03 1.130550000000000027e-01
2.753500000000000000e+03 1.104320000000000024e-01
2.757500000000000000e+03 1.077729999999999938e-01
2.761500000000000000e+03 1.049820000000000059e-01
2.765500000000000000e+03 1.020640000000000019e-01
2.769500000000000000e+03 9.911910000000000165e-02
2.773500000000000000e+03 9.608400000000000274e-02
2.777500000000000000e+03 9.288009999999999322e-02
2.781500000000000000e+03 8.971850000000000658e-02
2.785500000000000000e+03 8.647380000000000344e-02
2.789500000000000000e+03 8.318609999999999893e-02
2.793500000000000000e+03 7.990450000000000330e-02
2.797500000000000000e+03 7.668759999999999466e-02
2.801500000000000000e+03 7.353210000000000302e-02
2.805500000000000000e+03 7.042879999999999974e-02
2.809500000000000000e+03 6.751830000000000331e-02
2.813500000000000000e+03 6.470249999999999613e-02
2.817500000000000000e+03 6.204010000000000080e-02
2.821500000000000000e+03 5.954570000000000002e-02
2.825500000000000000e+03 5.721079999999999915e-02
2.829500000000000000e+03 5.503059999999999896e-02
2.833500000000000000e+03 5.300559999999999994e-02
2.837500000000000000e+03 5.114160000000000234e-02
2.841500000000000000e+03 4.941340000000000315e-02
2.845500000000000000e+03 4.781300000000000133e-02
2.849500000000000000e+03 4.632300000000000306e-02
2.853500000000000000e+03 4.493819999999999759e-02
2.857500000000000000e+03 4.361280000000000018e-02
2.861500000000000000e+03 4.234910000000000063e-02
2.865500000000000000e+03 4.111780000000000296e-02
2.869500000000000000e+03 3.985709999999999947e-02
2.873500000000000000e+03 3.860600000000000143e-02
2.877500000000000000e+03 3.726109999999999839e-02
2.881500000000000000e+03 3.583689999999999792e-02
2.885500000000000000e+03 3.435060000000000197e-02
2.889500000000000000e+03 3.278840000000000227e-02
2.893500000000000000e+03 3.115570000000000145e-02
2.897500000000000000e+03 2.941989999999999883e-02
2.901500000000000000e+03 2.762039999999999981e-02
2.905500000000000000e+03 2.574900000000000105e-02
2.909500000000000000e+03 2.385059999999999958e-02
2.913500000000000000e+03 2.192229999999999873e-02
2.917500000000000000e+03 2.000259999999999885e-02
2.921500000000000000e+03 1.812259999999999913e-02
2.925500000000000000e+03 1.625990000000000074e-02
2.929500000000000000e+03 1.450910000000000047e-02
2.933500000000000000e+03 1.281659999999999917e-02
2.937500000000000000e+03 1.122669999999999918e-02
2.941500000000000000e+03 9.781410000000000798e-03
2.945500000000000000e+03 8.419509999999999841e-03
2.949500000000000000e+03 7.220739999999999797e-03
2.953500000000000000e+03 6.130560000000000176e-03
2.957500000000000000e+03 5.159979999999999775e-03
2.961500000000000000e+03 4.344240000000000081e-03
2.965500000000000000e+03 3.611549999999999830e-03
2.969500000000000000e+03 2.999330000000000138e-03
2.973500000000000000e+03 2.471660000000000090e-03
2.977500000000000000e+03 2.013109999999999813e-03
2.981500000000000000e+03 1.652830000000000098e-03
2.985500000000000000e+03 1.348999999999999939e-03
2.989500000000000000e+03 1.102539999999999944e-03
2.993500000000000000e+03 9.025879999999999580e-04
2.997500000000000000e+03 7.333199999999999788e-04
3.001500000000000000e+03 6.007570000000000488e-04
3.005500000000000000e+03 4.897169999999999735e-04
3.009500000000000000e+03 4.013679999999999830e-04
3.013500000000000000e+03 3.329009999999999760e-04
3.017500000000000000e+03 2.755610000000000134e-04
3.021500000000000000e+03 2.316999999999999941e-04
3.025500000000000000e+03 1.961959999999999898e-04
3.029500000000000000e+03 1.676910000000000043e-04
3.033500000000000000e+03 1.457779999999999992e-04
3.037500000000000000e+03 1.274849999999999898e-04
3.041500000000000000e+03 1.135879999999999973e-04
3.045500000000000000e+03 1.031220000000000064e-04
3.049500000000000000e+03 9.499869999999999560e-05
3.053500000000000000e+03 8.896100000000000427e-05
3.057500000000000000e+03 8.424650000000000053e-05
3.061500000000000000e+03 8.087080000000000505e-05
3.065500000000000000e+03 7.823479999999999844e-05
3.069500000000000000e+03 7.595219999999999424e-05
3.073500000000000000e+03 7.393040000000000625e-05
3.077500000000000000e+03 7.218419999999999915e-05
3.081500000000000000e+03 7.051979999999999523e-05
3.085500000000000000e+03 6.860979999999999488e-05
3.089500000000000000e+03 6.651229999999999675e-05
3.093500000000000000e+03 6.411320000000000137e-05
3.097500000000000000e+03 6.157300000000000154e-05
3.101500000000000000e+03 5.893169999999999686e-05
3.105500000000000000e+03 5.602290000000000194e-05
3.109500000000000000e+03 5.286370000000000007e-05
3.113500000000000000e+03 4.973309999999999992e-05
3.117500000000000000e+03 4.671480000000000207e-05
3.121500000000000000e+03 4.374869999999999670e-05
3.125500000000000000e+03 4.095589999999999864e-05
3.129500000000000000e+03 3.823259999999999712e-05
3.133500000000000000e+03 3.577190000000000220e-05
3.137500000000000000e+03 3.367499999999999861e-05
3.141500000000000000e+03 3.179619999999999891e-05
3.145500000000000000e+03 3.027609999999999969e-05
3.149500000000000000e+03 2.906309999999999962e-05
3.153500000000000000e+03 2.815549999999999835e-05
3.157500000000000000e+03 2.749260000000000169e-05
3.161500000000000000e+03 2.696540000000000105e-05
3.165500000000000000e+03 2.667780000000000062e-05
3.169500000000000000e+03 2.666779999999999902e-05
3.173500000000000000e+03 2.679570000000000164e-05
3.177500000000000000e+03 2.703529999999999847e-05
3.181500000000000000e+03 2.733419999999999996e-05
3.185500000000000000e+03 2.779850000000000159e-05
3.189500000000000000e+03 2.838309999999999935e-05
3.193500000000000000e+03 2.909039999999999849e-05
3.197500000000000000e+03 2.981519999999999873e-05
3.201500000000000000e+03 3.055429999999999984e-05
3.205500000000000000e+03 3.159330000000000124e-05
3.209500000000000000e+03 3.285720000000000112e-05
3.213500000000000000e+03 3.410749999999999828e-05
3.217500000000000000e+03 3.550240000000000080e-05
3.221500000000000000e+03 3.735809999999999728e-05
3.225500000000000000e+03 3.928200000000000100e-05
3.229500000000000000e+03 4.130380000000000255e-05
3.233500000000000000e+03 4.405589999999999946e-05
3.237500000000000000e+03 4.686290000000000155e-05
3.241500000000000000e+03 4.977619999999999956e-05
3.245500000000000000e+03 5.355900000000000000e-05
3.249500000000000000e+03 5.769190000000000239e-05
3.253500000000000000e+03 6.170260000000000111e-05
3.257500000000000000e+03 6.666109999999999776e-05
3.261500000000000000e+03 7.308300000000000484e-05
3.265500000000000000e+03 7.945859999999999848e-05
3.269500000000000000e+03 8.620659999999999554e-05
3.273500000000000000e+03 9.540550000000000668e-05
3.277500000000000000e+03 1.050959999999999980e-04
3.281500000000000000e+03 1.147689999999999984e-04
3.285500000000000000e+03 1.269119999999999938e-04
3.289500000000000000e+03 1.403889999999999869e-04
3.293500000000000000e+03 1.539710000000000069e-04
3.297500000000000000e+03 1.689989999999999993e-04
3.301500000000000000e+03 1.864980000000000023e-04
3.305500000000000000e+03 2.041669999999999987e-04
3.309500000000000000e+03 2.220509999999999921e-04
3.313500000000000000e+03 2.413390000000000012e-04
3.317500000000000000e+03 2.610199999999999912e-04
3.321500000000000000e+03 2.806199999999999797e-04
3.325500000000000000e+03 2.992509999999999983e-04
3.329500000000000000e+03 3.177620000000000249e-04
3.333500000000000000e+03 3.362740000000000130e-04
3.337500000000000000e+03 3.522129999999999836e-04
3.341500000000000000e+03 3.657730000000000096e-04
3.345500000000000000e+03 3.792760000000000055e-04
3.349500000000000000e+03 3.910179999999999754e-04
3.353500000000000000e+03 3.969609999999999827e-04
3.357500000000000000e+03 4.021839999999999834e-04
3.361500000000000000e+03 4.068620000000000222e-04
3.365500000000000000e+03 4.053680000000000260e-04
3.369500000000000000e+03 4.011539999999999746e-04
3.373500000000000000e+03 3.968910000000000190e-04
3.377500000000000000e+03 3.891869999999999856e-04
3.381500000000000000e+03 3.772250000000000212e-04
3.385500000000000000e+03 3.651959999999999777e-04
3.389500000000000000e+03 3.523619999999999986e-04
3.393500000000000000e+03 3.361360000000000086e-04
3.397500000000000000e+03 3.193860000000000080e-04
3.401500000000000000e+03 3.026130000000000248e-04
3.405500000000000000e+03 2.851080000000000086e-04
3.409500000000000000e+03 2.669419999999999931e-04
3.413500000000000000e+03 2.487139999999999772e-04
3.417500000000000000e+03 2.314209999999999922e-04
3.421500000000000000e+03 2.146740000000000117e-04
3.425500000000000000e+03 1.979510000000000026e-04
3.429500000000000000e+03 1.820480000000000026e-04
3.433500000000000000e+03 1.678809999999999873e-04
3.437500000000000000e+03 1.537920000000000075e-04
3.441500000000000000e+03 1.400329999999999923e-04
3.445500000000000000e+03 1.285269999999999978e-04
3.449500000000000000e+03 1.176400000000000053e-04
3.453500000000000000e+03 1.068079999999999979e-04
3.457500000000000000e+03 9.781519999999999820e-05
3.461500000000000000e+03 9.046550000000000316e-05
3.465500000000000000e+03 8.320939999999999652e-05
3.469500000000000000e+03 7.683719999999999678e-05
3.473500000000000000e+03 7.229939999999999425e-05
3.477500000000000000e+03 6.799680000000000600e-05
3.481500000000000000e+03 6.398059999999999522e-05
3.485500000000000000e+03 6.150999999999999892e-05
3.489500000000000000e+03 5.954679999999999712e-05
3.493500000000000000e+03 5.771050000000000252e-05
3.497500000000000000e+03 5.669980000000000218e-05
3.501500000000000000e+03 5.643769999999999668e-05
3.505500000000000000e+03 5.610390000000000337e-05
3.509500000000000000e+03 5.609330000000000045e-05
3.513500000000000000e+03 5.672080000000000080e-05
3.517500000000000000e+03 5.746779999999999890e-05
3.521500000000000000e+03 5.821370000000000136e-05
3.525500000000000000e+03 5.917899999999999701e-05
3.529500000000000000e+03 6.033380000000000161e-05
3.533500000000000000e+03 6.163399999999999977e-05
3.537500000000000000e+03 6.295510000000000309e-05
3.541500000000000000e+03 6.423629999999999347e-05
3.545500000000000000e+03 6.547810000000000587e-05
3.549500000000000000e+03 6.650049999999999798e-05
3.553500000000000000e+03 6.733320000000000104e-05
3.557500000000000000e+03 6.813920000000000653e-05
3.561500000000000000e+03 6.874679999999999712e-05
3.565500000000000000e+03 6.894269999999999977e-05
3.569500000000000000e+03 6.908240000000000116e-05
3.573500000000000000e+03 6.926110000000000675e-05
3.577500000000000000e+03 6.910970000000000004e-05
3.581500000000000000e+03 6.880279999999999794e-05
3.585500000000000000e+03 6.856940000000000116e-05
3.589500000000000000e+03 6.845180000000000080e-05
3.593500000000000000e+03 6.816430000000000058e-05
3.597500000000000000e+03 6.775899999999999957e-05
3.601500000000000000e+03 6.739640000000000409e-05
3.605500000000000000e+03 6.734459999999999893e-05
3.609500000000000000e+03 6.746090000000000322e-05
3.613500000000000000e+03 6.759969999999999586e-05
3.617500000000000000e+03 6.798860000000000157e-05
3.621500000000000000e+03 6.840150000000000570e-05
3.625500000000000000e+03 6.884579999999999736e-05
3.629500000000000000e+03 6.988919999999999486e-05
3.633500000000000000e+03 7.140660000000000171e-05
3.637500000000000000e+03 7.302919999999999529e-05
3.641500000000000000e+03 7.499789999999999560e-05
3.645500000000000000e+03 7.778319999999999755e-05
3.649500000000000000e+03 8.078349999999999659e-05
3.653500000000000000e+03 8.390659999999999384e-05
3.657500000000000000e+03 8.736080000000000559e-05
3.661500000000000000e+03 9.097529999999999614e-05
3.665500000000000000e+03 9.353239999999999916e-05
3.669500000000000000e+03 8.670349999999999412e-05
3.673500000000000000e+03 7.805499999999999721e-05
3.677500000000000000e+03 6.955630000000000352e-05
3.681500000000000000e+03 6.699549999999999917e-05
3.685500000000000000e+03 5.991950000000000119e-05
3.689500000000000000e+03 4.974380000000000305e-05
3.693500000000000000e+03 3.952050000000000219e-05
3.697500000000000000e+03 3.413040000000000106e-05
3.701500000000000000e+03 3.435799999999999868e-05
3.705500000000000000e+03 3.453369999999999769e-05
3.709500000000000000e+03 3.474600000000000242e-05
3.713500000000000000e+03 3.498449999999999683e-05
3.717500000000000000e+03 3.519030000000000085e-05
3.721500000000000000e+03 3.532519999999999850e-05
3.725500000000000000e+03 3.548130000000000196e-05
3.729500000000000000e+03 3.577140000000000110e-05
3.733500000000000000e+03 3.615389999999999956e-05
3.737500000000000000e+03 3.658959999999999947e-05
3.741500000000000000e+03 3.699969999999999746e-05
3.745500000000000000e+03 3.741210000000000049e-05
3.749500000000000000e+03 3.784900000000000303e-05
3.753500000000000000e+03 3.830580000000000177e-05
3.757500000000000000e+03 3.872910000000000160e-05
3.761500000000000000e+03 3.913849999999999805e-05
3.765500000000000000e+03 3.955440000000000198e-05
3.769500000000000000e+03 3.996429999999999953e-05
3.773500000000000000e+03 4.034449999999999972e-05
3.777500000000000000e+03 4.073919999999999782e-05
3.781500000000000000e+03 4.111009999999999795e-05
3.785500000000000000e+03 4.148190000000000004e-05
3.789500000000000000e+03 4.187560000000000273e-05
3.793500000000000000e+03 4.232789999999999838e-05
3.797500000000000000e+03 4.281859999999999692e-05
3.801500000000000000e+03 4.336689999999999978e-05
3.805500000000000000e+03 4.391879999999999699e-05
3.809500000000000000e+03 4.443430000000000247e-05
3.813500000000000000e+03 4.483789999999999976e-05
3.817500000000000000e+03 4.520149999999999743e-05
3.821500000000000000e+03 4.558060000000000198e-05
3.825500000000000000e+03 4.601129999999999771e-05
3.829500000000000000e+03 4.647640000000000110e-05
3.833500000000000000e+03 4.698199999999999843e-05
3.837500000000000000e+03 4.749419999999999667e-05
3.841500000000000000e+03 4.805970000000000337e-05
3.845500000000000000e+03 4.868119999999999734e-05
3.849500000000000000e+03 4.928089999999999771e-05
3.853500000000000000e+03 4.985269999999999789e-05
3.857500000000000000e+03 5.042240000000000025e-05
3.861500000000000000e+03 5.102590000000000218e-05
3.865500000000000000e+03 5.172249999999999819e-05
3.869500000000000000e+03 5.244609999999999919e-05
3.873500000000000000e+03 5.312549999999999814e-05
3.877500000000000000e+03 5.377230000000000014e-05
3.881500000000000000e+03 5.441030000000000318e-05
3.885500000000000000e+03 5.504890000000000076e-05
3.889500000000000000e+03 5.559660000000000231e-05
3.893500000000000000e+03 5.493939999999999783e-05
3.897500000000000000e+03 5.307110000000000083e-05
3.901500000000000000e+03 5.175860000000000280e-05
3.905500000000000000e+03 5.247279999999999675e-05
3.909500000000000000e+03 5.382749999999999921e-05
3.913500000000000000e+03 5.479000000000000227e-05
3.917500000000000000e+03 5.480450000000000019e-05
3.921500000000000000e+03 5.480049999999999819e-05
3.925500000000000000e+03 5.596120000000000217e-05
3.929500000000000000e+03 5.793950000000000321e-05
3.933500000000000000e+03 5.880450000000000255e-05
3.937500000000000000e+03 5.754570000000000030e-05
3.941500000000000000e+03 5.592159999999999666e-05
3.945500000000000000e+03 5.467399999999999864e-05
3.949500000000000000e+03 5.477370000000000041e-05
3.953500000000000000e+03 5.570420000000000108e-05
3.957500000000000000e+03 5.648910000000000097e-05
3.961500000000000000e+03 5.672380000000000060e-05
3.965500000000000000e+03 5.304169999999999735e-05
3.969500000000000000e+03 4.602659999999999738e-05
3.973500000000000000e+03 4.104469999999999684e-05
3.977500000000000000e+03 4.191699999999999864e-05
3.981500000000000000e+03 4.432820000000000022e-05
3.985500000000000000e+03 4.602769999999999979e-05
3.989500000000000000e+03 4.520459999999999745e-05
3.993500000000000000e+03 4.337499999999999722e-05
3.997500000000000000e+03 4.155380000000000185e-05
4.001500000000000000e+03 4.089449999999999954e-05
4.005500000000000000e+03 3.754180000000000028e-05
4.009500000000000000e+03 2.780629999999999837e-05
4.013500000000000000e+03 1.673950000000000126e-05
4.017500000000000000e+03 7.086650000000000158e-06
4.021500000000000000e+03 2.252019999999999912e-06
4.025500000000000000e+03 2.923740000000000080e-08
